date,network,real,local,delta
2020-03-27 15:08:40,mainnet,9753870,9718272,35598
2020-03-27 15:20:58,mainnet,9753919,9718335,35584
2020-03-27 15:22:19,mainnet,9753927,9718344,35583
2020-03-27 15:23:42,mainnet,9753935,9718352,35583
2020-03-27 15:25:04,mainnet,9753941,9718359,35582
2020-03-27 15:26:26,mainnet,9753945,9718367,35578
2020-03-27 15:27:48,mainnet,9753952,9718375,35577
2020-03-27 15:29:10,mainnet,9753953,9718386,35567
2020-03-27 15:30:32,mainnet,9753960,9718393,35567
2020-03-27 15:31:54,mainnet,9753964,9718405,35559
2020-03-27 15:33:16,mainnet,9753969,9718414,35555
2020-03-27 15:34:38,mainnet,9753980,9718422,35558
2020-03-27 15:36:00,mainnet,9753985,9718429,35556
2020-03-27 15:37:22,mainnet,9753990,9718436,35554
2020-03-27 15:38:44,mainnet,9753999,9718447,35552
2020-03-27 15:40:06,mainnet,9754002,9718456,35546
2020-03-27 15:41:28,mainnet,9754008,9718461,35547
2020-03-27 15:42:50,mainnet,9754010,9718471,35539
2020-03-27 15:44:12,mainnet,9754014,9718478,35536
2020-03-27 15:45:34,mainnet,9754022,9718484,35538
2020-03-27 15:46:56,mainnet,9754028,9718490,35538
2020-03-27 15:48:18,mainnet,9754036,9718496,35540
2020-03-27 15:49:40,mainnet,9754042,9718502,35540
2020-03-27 15:51:02,mainnet,9754045,9718510,35535
2020-03-27 15:52:24,mainnet,9754051,9718518,35533
2020-03-27 15:53:46,mainnet,9754057,9718524,35533
2020-03-27 15:55:08,mainnet,9754063,9718533,35530
2020-03-27 15:56:30,mainnet,9754064,9718544,35520
2020-03-27 15:57:52,mainnet,9754070,9718550,35520
2020-03-27 15:59:15,mainnet,9754078,9718554,35524
2020-03-27 16:00:37,mainnet,9754085,9718561,35524
2020-03-27 16:01:59,mainnet,9754086,9718566,35520
2020-03-27 16:03:21,mainnet,9754090,9718573,35517
2020-03-27 16:04:43,mainnet,9754100,9718583,35517
2020-03-27 16:06:06,mainnet,9754106,9718590,35516
2020-03-27 16:07:28,mainnet,9754111,9718598,35513
2020-03-27 16:08:50,mainnet,9754115,9718611,35504
2020-03-27 16:10:12,mainnet,9754125,9718619,35506
2020-03-27 16:11:34,mainnet,9754133,9718629,35504
2020-03-27 16:12:57,mainnet,9754142,9718639,35503
2020-03-27 16:14:19,mainnet,9754150,9718648,35502
2020-03-27 16:15:41,mainnet,9754154,9718657,35497
2020-03-27 16:17:03,mainnet,9754159,9718668,35491
2020-03-27 16:18:25,mainnet,9754162,9718677,35485
2020-03-27 16:19:47,mainnet,9754171,9718684,35487
2020-03-27 16:21:09,mainnet,9754179,9718696,35483
2020-03-27 16:22:31,mainnet,9754183,9718706,35477
2020-03-27 16:23:54,mainnet,9754191,9718720,35471
2020-03-27 16:25:16,mainnet,9754196,9718733,35463
2020-03-27 16:26:38,mainnet,9754201,9718744,35457
2020-03-27 16:28:01,mainnet,9754205,9718757,35448
2020-03-27 16:29:23,mainnet,9754214,9718764,35450
2020-03-27 16:30:45,mainnet,9754222,9718770,35452
2020-03-27 16:32:07,mainnet,9754227,9718779,35448
2020-03-27 16:33:29,mainnet,9754235,9718787,35448
2020-03-27 16:34:51,mainnet,9754244,9718794,35450
2020-03-27 16:36:13,mainnet,9754251,9718802,35449
2020-03-27 16:37:36,mainnet,9754259,9718812,35447
2020-03-27 16:38:59,mainnet,9754263,9718824,35439
2020-03-27 16:40:20,mainnet,9754271,9718835,35436
2020-03-27 16:41:43,mainnet,9754278,9718845,35433
2020-03-27 16:43:05,mainnet,9754286,9718857,35429
2020-03-27 16:44:27,mainnet,9754291,9718867,35424
2020-03-27 16:45:49,mainnet,9754294,9718875,35419
2020-03-27 16:47:11,mainnet,9754300,9718885,35415
2020-03-27 16:48:33,mainnet,9754307,9718899,35408
2020-03-27 16:49:55,mainnet,9754311,9718910,35401
2020-03-27 16:51:17,mainnet,9754317,9718919,35398
2020-03-27 16:52:39,mainnet,9754324,9718926,35398
2020-03-27 16:54:01,mainnet,9754328,9718938,35390
2020-03-27 16:55:23,mainnet,9754333,9718949,35384
2020-03-27 16:56:45,mainnet,9754339,9718960,35379
2020-03-27 16:58:07,mainnet,9754347,9718971,35376
2020-03-27 16:59:30,mainnet,9754351,9718982,35369
2020-03-27 17:00:52,mainnet,9754359,9718994,35365
2020-03-27 17:02:14,mainnet,9754366,9719007,35359
2020-03-27 17:03:36,mainnet,9754375,9719015,35360
2020-03-27 17:04:58,mainnet,9754386,9719028,35358
2020-03-27 17:06:20,mainnet,9754393,9719039,35354
2020-03-27 17:07:42,mainnet,9754397,9719050,35347
2020-03-27 17:09:04,mainnet,9754405,9719061,35344
2020-03-27 17:10:26,mainnet,9754410,9719071,35339
2020-03-27 17:11:48,mainnet,9754414,9719082,35332
2020-03-27 17:13:10,mainnet,9754423,9719092,35331
2020-03-27 17:14:32,mainnet,9754430,9719101,35329
2020-03-27 17:15:54,mainnet,9754435,9719116,35319
2020-03-27 17:17:16,mainnet,9754440,9719130,35310
2020-03-27 17:18:38,mainnet,9754447,9719140,35307
2020-03-27 17:20:00,mainnet,9754453,9719149,35304
2020-03-27 17:21:22,mainnet,9754461,9719159,35302
2020-03-27 17:22:44,mainnet,9754471,9719169,35302
2020-03-27 17:24:06,mainnet,9754480,9719181,35299
2020-03-27 17:25:29,mainnet,9754489,9719192,35297
2020-03-27 17:26:51,mainnet,9754496,9719202,35294
2020-03-27 17:28:13,mainnet,9754503,9719211,35292
2020-03-27 17:29:35,mainnet,9754505,9719224,35281
2020-03-27 17:30:57,mainnet,9754509,9719234,35275
2020-03-27 17:32:19,mainnet,9754515,9719246,35269
2020-03-27 17:33:41,mainnet,9754522,9719255,35267
2020-03-27 17:35:03,mainnet,9754533,9719269,35264
2020-03-27 17:36:25,mainnet,9754538,9719279,35259
2020-03-27 17:37:48,mainnet,9754545,9719290,35255
2020-03-27 17:39:10,mainnet,9754553,9719305,35248
2020-03-27 17:40:32,mainnet,9754558,9719315,35243
2020-03-27 17:41:54,mainnet,9754564,9719322,35242
2020-03-27 17:43:17,mainnet,9754572,9719328,35244
2020-03-27 17:44:39,mainnet,9754579,9719333,35246
2020-03-27 17:46:01,mainnet,9754584,9719343,35241
2020-03-27 17:47:23,mainnet,9754590,9719354,35236
2020-03-27 17:48:45,mainnet,9754599,9719368,35231
2020-03-27 17:50:07,mainnet,9754606,9719378,35228
2020-03-27 17:51:29,mainnet,9754614,9719389,35225
2020-03-27 17:52:51,mainnet,9754623,9719398,35225
2020-03-27 17:54:13,mainnet,9754629,9719411,35218
2020-03-27 17:55:35,mainnet,9754634,9719420,35214
2020-03-27 17:56:57,mainnet,9754641,9719431,35210
2020-03-27 17:58:20,mainnet,9754651,9719444,35207
2020-03-27 17:59:42,mainnet,9754654,9719455,35199
2020-03-27 18:01:04,mainnet,9754666,9719466,35200
2020-03-27 18:02:26,mainnet,9754677,9719475,35202
2020-03-27 18:03:48,mainnet,9754682,9719484,35198
2020-03-27 18:05:10,mainnet,9754690,9719492,35198
2020-03-27 18:06:32,mainnet,9754699,9719504,35195
2020-03-27 18:07:54,mainnet,9754701,9719512,35189
2020-03-27 18:09:16,mainnet,9754711,9719523,35188
2020-03-27 18:10:39,mainnet,9754722,9719532,35190
2020-03-27 18:12:01,mainnet,9754734,9719547,35187
2020-03-27 18:13:23,mainnet,9754744,9719558,35186
2020-03-27 18:14:44,mainnet,9754753,9719568,35185
2020-03-27 18:16:07,mainnet,9754758,9719580,35178
2020-03-27 18:17:28,mainnet,9754767,9719591,35176
2020-03-27 18:18:51,mainnet,9754770,9719603,35167
2020-03-27 18:20:13,mainnet,9754780,9719613,35167
2020-03-27 18:21:35,mainnet,9754785,9719624,35161
2020-03-27 18:22:57,mainnet,9754790,9719634,35156
2020-03-27 18:24:20,mainnet,9754796,9719646,35150
2020-03-27 18:25:42,mainnet,9754801,9719654,35147
2020-03-27 18:27:04,mainnet,9754808,9719669,35139
2020-03-27 18:28:26,mainnet,9754817,9719681,35136
2020-03-27 18:29:48,mainnet,9754822,9719693,35129
2020-03-27 18:31:10,mainnet,9754831,9719706,35125
2020-03-27 18:32:32,mainnet,9754838,9719714,35124
2020-03-27 18:33:54,mainnet,9754841,9719726,35115
2020-03-27 18:35:16,mainnet,9754846,9719737,35109
2020-03-27 18:36:39,mainnet,9754851,9719749,35102
2020-03-27 18:38:01,mainnet,9754858,9719758,35100
2020-03-27 18:39:23,mainnet,9754865,9719770,35095
2020-03-27 18:40:45,mainnet,9754869,9719780,35089
2020-03-27 18:42:07,mainnet,9754877,9719790,35087
2020-03-27 18:43:29,mainnet,9754881,9719797,35084
2020-03-27 18:44:51,mainnet,9754883,9719806,35077
2020-03-27 18:46:13,mainnet,9754891,9719813,35078
2020-03-27 18:47:35,mainnet,9754898,9719821,35077
2020-03-27 18:48:58,mainnet,9754905,9719829,35076
2020-03-27 18:50:20,mainnet,9754911,9719837,35074
2020-03-27 18:51:42,mainnet,9754918,9719846,35072
2020-03-27 18:53:04,mainnet,9754931,9719854,35077
2020-03-27 18:54:26,mainnet,9754937,9719865,35072
2020-03-27 18:55:48,mainnet,9754944,9719876,35068
2020-03-27 18:57:10,mainnet,9754952,9719886,35066
2020-03-27 18:58:32,mainnet,9754960,9719894,35066
2020-03-27 18:59:54,mainnet,9754965,9719904,35061
2020-03-27 19:01:16,mainnet,9754972,9719912,35060
2020-03-27 19:02:38,mainnet,9754979,9719920,35059
2020-03-27 19:04:00,mainnet,9754984,9719927,35057
2020-03-27 19:05:22,mainnet,9754987,9719937,35050
2020-03-27 19:06:44,mainnet,9754993,9719946,35047
2020-03-27 19:08:06,mainnet,9755004,9719955,35049
2020-03-27 19:09:28,mainnet,9755011,9719963,35048
2020-03-27 19:10:50,mainnet,9755014,9719971,35043
2020-03-27 19:12:12,mainnet,9755019,9719982,35037
2020-03-27 19:13:34,mainnet,9755023,9719990,35033
2020-03-27 19:14:56,mainnet,9755032,9720000,35032
2020-03-27 19:16:19,mainnet,9755039,9720010,35029
2020-03-27 19:17:41,mainnet,9755045,9720018,35027
2020-03-27 19:19:03,mainnet,9755049,9720028,35021
2020-03-27 19:20:25,mainnet,9755056,9720039,35017
2020-03-27 19:21:47,mainnet,9755063,9720046,35017
2020-03-27 19:23:09,mainnet,9755072,9720054,35018
2020-03-27 19:24:31,mainnet,9755076,9720062,35014
2020-03-27 19:25:53,mainnet,9755076,9720070,35006
2020-03-27 19:27:16,mainnet,9755081,9720078,35003
2020-03-27 19:28:38,mainnet,9755082,9720086,34996
2020-03-27 19:29:59,mainnet,9755088,9720097,34991
2020-03-27 19:31:21,mainnet,9755089,9720105,34984
2020-03-27 19:32:44,mainnet,9755096,9720113,34983
2020-03-27 19:34:06,mainnet,9755099,9720124,34975
2020-03-27 19:35:28,mainnet,9755101,9720135,34966
2020-03-27 19:36:50,mainnet,9755108,9720145,34963
2020-03-27 19:38:12,mainnet,9755114,9720154,34960
2020-03-27 19:39:34,mainnet,9755120,9720165,34955
2020-03-27 19:40:56,mainnet,9755127,9720174,34953
2020-03-27 19:42:18,mainnet,9755130,9720183,34947
2020-03-27 19:43:40,mainnet,9755138,9720196,34942
2020-03-27 19:45:02,mainnet,9755142,9720208,34934
2020-03-27 19:46:24,mainnet,9755148,9720216,34932
2020-03-27 19:47:46,mainnet,9755159,9720227,34932
2020-03-27 19:49:08,mainnet,9755164,9720235,34929
2020-03-27 19:50:30,mainnet,9755172,9720245,34927
2020-03-27 19:51:52,mainnet,9755174,9720255,34919
2020-03-27 19:53:14,mainnet,9755178,9720265,34913
2020-03-27 19:54:36,mainnet,9755186,9720276,34910
2020-03-27 19:55:58,mainnet,9755190,9720285,34905
2020-03-27 19:57:20,mainnet,9755198,9720294,34904
2020-03-27 19:58:43,mainnet,9755202,9720305,34897
2020-03-27 20:00:05,mainnet,9755213,9720317,34896
2020-03-27 20:01:27,mainnet,9755220,9720327,34893
2020-03-27 20:02:49,mainnet,9755226,9720334,34892
2020-03-27 20:04:11,mainnet,9755234,9720343,34891
2020-03-27 20:05:33,mainnet,9755237,9720354,34883
2020-03-27 20:06:55,mainnet,9755242,9720364,34878
2020-03-27 20:08:17,mainnet,9755247,9720374,34873
2020-03-27 20:09:39,mainnet,9755250,9720383,34867
2020-03-27 20:11:01,mainnet,9755253,9720393,34860
2020-03-27 20:12:23,mainnet,9755261,9720401,34860
2020-03-27 20:13:45,mainnet,9755272,9720412,34860
2020-03-27 20:15:07,mainnet,9755277,9720421,34856
2020-03-27 20:16:30,mainnet,9755282,9720433,34849
2020-03-27 20:17:52,mainnet,9755284,9720443,34841
2020-03-27 20:19:14,mainnet,9755290,9720453,34837
2020-03-27 20:20:36,mainnet,9755300,9720462,34838
2020-03-27 20:21:58,mainnet,9755309,9720473,34836
2020-03-27 20:23:20,mainnet,9755318,9720483,34835
2020-03-27 20:24:43,mainnet,9755321,9720494,34827
2020-03-27 20:26:06,mainnet,9755327,9720503,34824
2020-03-27 20:27:29,mainnet,9755335,9720513,34822
2020-03-27 20:28:51,mainnet,9755338,9720523,34815
2020-03-27 20:30:13,mainnet,9755344,9720534,34810
2020-03-27 20:31:35,mainnet,9755357,9720542,34815
2020-03-27 20:32:57,mainnet,9755363,9720554,34809
2020-03-27 20:34:19,mainnet,9755371,9720566,34805
2020-03-27 20:35:42,mainnet,9755375,9720574,34801
2020-03-27 20:37:04,mainnet,9755382,9720586,34796
2020-03-27 20:38:26,mainnet,9755391,9720596,34795
2020-03-27 20:39:48,mainnet,9755398,9720610,34788
2020-03-27 20:41:10,mainnet,9755405,9720622,34783
2020-03-27 20:42:33,mainnet,9755411,9720635,34776
2020-03-27 20:43:55,mainnet,9755413,9720646,34767
2020-03-27 20:45:17,mainnet,9755417,9720658,34759
2020-03-27 20:46:39,mainnet,9755420,9720668,34752
2020-03-27 20:48:01,mainnet,9755426,9720683,34743
2020-03-27 20:49:23,mainnet,9755433,9720695,34738
2020-03-27 20:50:45,mainnet,9755440,9720708,34732
2020-03-27 20:52:07,mainnet,9755448,9720721,34727
2020-03-27 20:53:29,mainnet,9755455,9720729,34726
2020-03-27 20:54:52,mainnet,9755464,9720740,34724
2020-03-27 20:56:14,mainnet,9755468,9720750,34718
2020-03-27 20:57:36,mainnet,9755473,9720760,34713
2020-03-27 20:58:58,mainnet,9755477,9720770,34707
2020-03-27 21:00:20,mainnet,9755485,9720781,34704
2020-03-27 21:01:43,mainnet,9755492,9720791,34701
2020-03-27 21:03:05,mainnet,9755497,9720800,34697
2020-03-27 21:04:27,mainnet,9755505,9720812,34693
2020-03-27 21:05:49,mainnet,9755511,9720820,34691
2020-03-27 21:07:11,mainnet,9755520,9720825,34695
2020-03-27 21:08:35,mainnet,9755527,9720833,34694
2020-03-27 21:09:57,mainnet,9755534,9720840,34694
2020-03-27 21:11:19,mainnet,9755543,9720854,34689
2020-03-27 21:12:41,mainnet,9755547,9720866,34681
2020-03-27 21:14:03,mainnet,9755554,9720882,34672
2020-03-27 21:15:25,mainnet,9755562,9720893,34669
2020-03-27 21:16:47,mainnet,9755566,9720909,34657
2020-03-27 21:18:10,mainnet,9755572,9720923,34649
2020-03-27 21:19:32,mainnet,9755577,9720939,34638
2020-03-27 21:20:54,mainnet,9755583,9720952,34631
2020-03-27 21:22:16,mainnet,9755589,9720963,34626
2020-03-27 21:23:39,mainnet,9755597,9720975,34622
2020-03-27 21:25:01,mainnet,9755604,9720985,34619
2020-03-27 21:26:23,mainnet,9755608,9720996,34612
2020-03-27 21:27:46,mainnet,9755619,9721006,34613
2020-03-27 21:29:08,mainnet,9755627,9721018,34609
2020-03-27 21:30:30,mainnet,9755630,9721032,34598
2020-03-27 21:31:52,mainnet,9755634,9721048,34586
2020-03-27 21:33:14,mainnet,9755641,9721064,34577
2020-03-27 21:34:36,mainnet,9755652,9721074,34578
2020-03-27 21:35:59,mainnet,9755657,9721086,34571
2020-03-27 21:37:21,mainnet,9755667,9721100,34567
2020-03-27 21:38:43,mainnet,9755672,9721113,34559
2020-03-27 21:40:05,mainnet,9755679,9721130,34549
2020-03-27 21:41:27,mainnet,9755682,9721143,34539
2020-03-27 21:42:49,mainnet,9755688,9721156,34532
2020-03-27 21:44:12,mainnet,9755692,9721170,34522
2020-03-27 21:45:34,mainnet,9755697,9721183,34514
2020-03-27 21:46:56,mainnet,9755707,9721201,34506
2020-03-27 21:48:18,mainnet,9755712,9721211,34501
2020-03-27 21:49:40,mainnet,9755714,9721224,34490
2020-03-27 21:51:02,mainnet,9755726,9721233,34493
2020-03-27 21:52:24,mainnet,9755733,9721243,34490
2020-03-27 21:53:46,mainnet,9755741,9721252,34489
2020-03-27 21:55:08,mainnet,9755748,9721260,34488
2020-03-27 21:56:30,mainnet,9755757,9721272,34485
2020-03-27 21:57:52,mainnet,9755761,9721282,34479
2020-03-27 21:59:14,mainnet,9755768,9721292,34476
2020-03-27 22:00:36,mainnet,9755774,9721302,34472
2020-03-27 22:01:59,mainnet,9755785,9721313,34472
2020-03-27 22:03:21,mainnet,9755791,9721322,34469
2020-03-27 22:04:43,mainnet,9755792,9721331,34461
2020-03-27 22:06:05,mainnet,9755795,9721342,34453
2020-03-27 22:07:27,mainnet,9755798,9721351,34447
2020-03-27 22:08:49,mainnet,9755807,9721358,34449
2020-03-27 22:10:11,mainnet,9755812,9721368,34444
2020-03-27 22:11:33,mainnet,9755812,9721373,34439
2020-03-27 22:12:55,mainnet,9755816,9721381,34435
2020-03-27 22:14:17,mainnet,9755822,9721391,34431
2020-03-27 22:15:39,mainnet,9755827,9721402,34425
2020-03-27 22:17:01,mainnet,9755832,9721412,34420
2020-03-27 22:18:23,mainnet,9755840,9721424,34416
2020-03-27 22:19:45,mainnet,9755848,9721434,34414
2020-03-27 22:21:08,mainnet,9755857,9721441,34416
2020-03-27 22:22:30,mainnet,9755862,9721448,34414
2020-03-27 22:23:56,mainnet,9755868,9721457,34411
2020-03-27 22:25:19,mainnet,9755875,9721471,34404
2020-03-27 22:26:41,mainnet,9755882,9721479,34403
2020-03-27 22:28:03,mainnet,9755889,9721488,34401
2020-03-27 22:29:25,mainnet,9755894,9721497,34397
2020-03-27 22:30:47,mainnet,9755898,9721506,34392
2020-03-27 22:32:09,mainnet,9755904,9721513,34391
2020-03-27 22:33:32,mainnet,9755909,9721520,34389
2020-03-27 22:34:54,mainnet,9755921,9721529,34392
2020-03-27 22:36:16,mainnet,9755929,9721539,34390
2020-03-27 22:37:38,mainnet,9755936,9721549,34387
2020-03-27 22:39:00,mainnet,9755941,9721561,34380
2020-03-27 22:40:22,mainnet,9755943,9721570,34373
2020-03-27 22:41:44,mainnet,9755948,9721581,34367
2020-03-27 22:43:06,mainnet,9755951,9721588,34363
2020-03-27 22:44:30,mainnet,9755963,9721598,34365
2020-03-27 22:45:52,mainnet,9755967,9721612,34355
2020-03-27 22:47:14,mainnet,9755976,9721622,34354
2020-03-27 22:48:36,mainnet,9755987,9721632,34355
2020-03-27 22:49:59,mainnet,9755990,9721644,34346
2020-03-27 22:51:20,mainnet,9755998,9721653,34345
2020-03-27 22:52:42,mainnet,9756006,9721662,34344
2020-03-27 22:54:04,mainnet,9756017,9721672,34345
2020-03-27 22:55:26,mainnet,9756022,9721683,34339
2020-03-27 22:56:48,mainnet,9756029,9721695,34334
2020-03-27 22:58:10,mainnet,9756033,9721706,34327
2020-03-27 22:59:32,mainnet,9756041,9721718,34323
2020-03-27 23:00:54,mainnet,9756047,9721730,34317
2020-03-27 23:02:16,mainnet,9756056,9721739,34317
2020-03-27 23:03:39,mainnet,9756064,9721748,34316
2020-03-27 23:05:01,mainnet,9756071,9721757,34314
2020-03-27 23:06:23,mainnet,9756078,9721768,34310
2020-03-27 23:07:46,mainnet,9756085,9721781,34304
2020-03-27 23:09:08,mainnet,9756090,9721790,34300
2020-03-27 23:10:30,mainnet,9756096,9721800,34296
2020-03-27 23:11:52,mainnet,9756103,9721809,34294
2020-03-27 23:13:14,mainnet,9756112,9721816,34296
2020-03-27 23:14:36,mainnet,9756116,9721828,34288
2020-03-27 23:15:58,mainnet,9756122,9721841,34281
2020-03-27 23:17:20,mainnet,9756134,9721849,34285
2020-03-27 23:18:42,mainnet,9756138,9721862,34276
2020-03-27 23:20:04,mainnet,9756143,9721873,34270
2020-03-27 23:21:26,mainnet,9756148,9721885,34263
2020-03-27 23:22:48,mainnet,9756153,9721894,34259
2020-03-27 23:24:10,mainnet,9756161,9721902,34259
2020-03-27 23:25:32,mainnet,9756165,9721909,34256
2020-03-27 23:26:54,mainnet,9756179,9721920,34259
2020-03-27 23:28:16,mainnet,9756187,9721930,34257
2020-03-27 23:29:38,mainnet,9756193,9721938,34255
2020-03-27 23:31:01,mainnet,9756203,9721949,34254
2020-03-27 23:32:23,mainnet,9756206,9721959,34247
2020-03-27 23:33:45,mainnet,9756211,9721968,34243
2020-03-27 23:35:07,mainnet,9756220,9721974,34246
2020-03-27 23:36:30,mainnet,9756222,9721983,34239
2020-03-27 23:37:52,mainnet,9756228,9721992,34236
2020-03-27 23:39:14,mainnet,9756233,9722003,34230
2020-03-27 23:40:36,mainnet,9756240,9722012,34228
2020-03-27 23:41:58,mainnet,9756245,9722018,34227
2020-03-27 23:43:20,mainnet,9756250,9722026,34224
2020-03-27 23:44:42,mainnet,9756254,9722037,34217
2020-03-27 23:46:04,mainnet,9756262,9722051,34211
2020-03-27 23:47:26,mainnet,9756266,9722060,34206
2020-03-27 23:48:49,mainnet,9756276,9722071,34205
2020-03-27 23:50:10,mainnet,9756282,9722080,34202
2020-03-27 23:51:32,mainnet,9756285,9722091,34194
2020-03-27 23:52:54,mainnet,9756291,9722102,34189
2020-03-27 23:54:16,mainnet,9756297,9722111,34186
2020-03-27 23:55:38,mainnet,9756303,9722121,34182
2020-03-27 23:57:01,mainnet,9756313,9722132,34181
2020-03-27 23:58:23,mainnet,9756320,9722142,34178
2020-03-27 23:59:45,mainnet,9756324,9722153,34171
2020-03-28 00:01:07,mainnet,9756332,9722165,34167
2020-03-28 00:02:29,mainnet,9756335,9722177,34158
2020-03-28 00:03:51,mainnet,9756342,9722189,34153
2020-03-28 00:05:13,mainnet,9756350,9722204,34146
2020-03-28 00:06:35,mainnet,9756356,9722212,34144
2020-03-28 00:07:57,mainnet,9756365,9722223,34142
2020-03-28 00:09:19,mainnet,9756371,9722228,34143
2020-03-28 00:10:41,mainnet,9756374,9722236,34138
2020-03-28 00:12:03,mainnet,9756380,9722243,34137
2020-03-28 00:13:25,mainnet,9756384,9722250,34134
2020-03-28 00:14:47,mainnet,9756393,9722264,34129
2020-03-28 00:16:09,mainnet,9756398,9722272,34126
2020-03-28 00:17:31,mainnet,9756403,9722283,34120
2020-03-28 00:18:52,mainnet,9756407,9722292,34115
2020-03-28 00:20:15,mainnet,9756414,9722302,34112
2020-03-28 00:21:37,mainnet,9756426,9722308,34118
2020-03-28 00:22:59,mainnet,9756438,9722316,34122
2020-03-28 00:24:21,mainnet,9756443,9722328,34115
2020-03-28 00:25:43,mainnet,9756447,9722335,34112
2020-03-28 00:27:05,mainnet,9756454,9722342,34112
2020-03-28 00:28:27,mainnet,9756461,9722349,34112
2020-03-28 00:29:49,mainnet,9756468,9722361,34107
2020-03-28 00:31:11,mainnet,9756476,9722371,34105
2020-03-28 00:32:33,mainnet,9756483,9722383,34100
2020-03-28 00:33:55,mainnet,9756490,9722397,34093
2020-03-28 00:35:17,mainnet,9756495,9722409,34086
2020-03-28 00:36:39,mainnet,9756501,9722420,34081
2020-03-28 00:38:01,mainnet,9756509,9722432,34077
2020-03-28 00:39:23,mainnet,9756517,9722444,34073
2020-03-28 00:40:45,mainnet,9756523,9722456,34067
2020-03-28 00:42:07,mainnet,9756531,9722469,34062
2020-03-28 00:43:29,mainnet,9756536,9722489,34047
2020-03-28 00:44:51,mainnet,9756538,9722501,34037
2020-03-28 00:46:13,mainnet,9756543,9722511,34032
2020-03-28 00:47:36,mainnet,9756551,9722522,34029
2020-03-28 00:48:58,mainnet,9756560,9722532,34028
2020-03-28 00:50:20,mainnet,9756563,9722541,34022
2020-03-28 00:51:42,mainnet,9756566,9722553,34013
2020-03-28 00:53:10,mainnet,9756574,9722563,34011
2020-03-28 00:54:33,mainnet,9756583,9722572,34011
2020-03-28 00:55:55,mainnet,9756587,9722584,34003
2020-03-28 00:57:18,mainnet,9756594,9722596,33998
2020-03-28 00:58:40,mainnet,9756601,9722603,33998
2020-03-28 01:00:06,mainnet,9756609,9722613,33996
2020-03-28 01:01:34,mainnet,9756613,9722624,33989
2020-03-28 01:03:04,mainnet,9756619,9722635,33984
2020-03-28 01:04:28,mainnet,9756629,9722645,33984
2020-03-28 01:05:50,mainnet,9756632,9722658,33974
2020-03-28 01:07:13,mainnet,9756638,9722665,33973
2020-03-28 01:08:43,mainnet,9756639,9722676,33963
2020-03-28 01:10:18,mainnet,9756648,9722685,33963
2020-03-28 01:11:49,mainnet,9756656,9722697,33959
2020-03-28 01:13:22,mainnet,9756661,9722706,33955
2020-03-28 01:14:44,mainnet,9756669,9722717,33952
2020-03-28 01:16:11,mainnet,9756674,9722726,33948
2020-03-28 01:17:41,mainnet,9756680,9722735,33945
2020-03-28 01:19:03,mainnet,9756684,9722743,33941
2020-03-28 01:20:25,mainnet,9756689,9722754,33935
2020-03-28 01:21:47,mainnet,9756691,9722762,33929
2020-03-28 01:23:10,mainnet,9756697,9722772,33925
2020-03-28 01:24:32,mainnet,9756704,9722782,33922
2020-03-28 01:25:55,mainnet,9756709,9722792,33917
2020-03-28 01:27:17,mainnet,9756714,9722802,33912
2020-03-28 01:28:39,mainnet,9756719,9722810,33909
2020-03-28 01:30:01,mainnet,9756731,9722820,33911
2020-03-28 01:31:23,mainnet,9756736,9722830,33906
2020-03-28 01:32:45,mainnet,9756744,9722841,33903
2020-03-28 01:34:07,mainnet,9756749,9722850,33899
2020-03-28 01:35:29,mainnet,9756756,9722863,33893
2020-03-28 01:36:51,mainnet,9756763,9722873,33890
2020-03-28 01:38:13,mainnet,9756772,9722882,33890
2020-03-28 01:39:35,mainnet,9756776,9722892,33884
2020-03-28 01:40:57,mainnet,9756782,9722899,33883
2020-03-28 01:42:19,mainnet,9756793,9722912,33881
2020-03-28 01:43:42,mainnet,9756801,9722924,33877
2020-03-28 01:45:04,mainnet,9756805,9722933,33872
2020-03-28 01:46:26,mainnet,9756814,9722945,33869
2020-03-28 01:47:50,mainnet,9756815,9722955,33860
2020-03-28 01:49:12,mainnet,9756820,9722967,33853
2020-03-28 01:50:34,mainnet,9756826,9722977,33849
2020-03-28 01:51:57,mainnet,9756830,9722985,33845
2020-03-28 01:53:19,mainnet,9756837,9722994,33843
2020-03-28 01:54:41,mainnet,9756844,9723006,33838
2020-03-28 01:56:03,mainnet,9756853,9723018,33835
2020-03-28 01:57:25,mainnet,9756860,9723026,33834
2020-03-28 01:58:47,mainnet,9756869,9723035,33834
2020-03-28 02:00:09,mainnet,9756873,9723047,33826
2020-03-28 02:01:32,mainnet,9756878,9723063,33815
2020-03-28 02:02:54,mainnet,9756887,9723076,33811
2020-03-28 02:04:17,mainnet,9756891,9723090,33801
2020-03-28 02:05:39,mainnet,9756899,9723103,33796
2020-03-28 02:07:02,mainnet,9756907,9723112,33795
2020-03-28 02:08:25,mainnet,9756916,9723121,33795
2020-03-28 02:09:47,mainnet,9756922,9723128,33794
2020-03-28 02:11:09,mainnet,9756927,9723136,33791
2020-03-28 02:12:31,mainnet,9756934,9723148,33786
2020-03-28 02:13:54,mainnet,9756940,9723158,33782
2020-03-28 02:15:16,mainnet,9756945,9723168,33777
2020-03-28 02:16:38,mainnet,9756951,9723181,33770
2020-03-28 02:18:00,mainnet,9756955,9723193,33762
2020-03-28 02:19:22,mainnet,9756961,9723204,33757
2020-03-28 02:20:44,mainnet,9756970,9723218,33752
2020-03-28 02:22:06,mainnet,9756974,9723226,33748
2020-03-28 02:23:28,mainnet,9756978,9723232,33746
2020-03-28 02:24:51,mainnet,9756990,9723241,33749
2020-03-28 02:26:13,mainnet,9756996,9723250,33746
2020-03-28 02:27:35,mainnet,9757003,9723257,33746
2020-03-28 02:28:57,mainnet,9757009,9723265,33744
2020-03-28 02:30:19,mainnet,9757022,9723279,33743
2020-03-28 02:31:42,mainnet,9757027,9723289,33738
2020-03-28 02:33:04,mainnet,9757036,9723296,33740
2020-03-28 02:34:27,mainnet,9757044,9723305,33739
2020-03-28 02:35:49,mainnet,9757052,9723314,33738
2020-03-28 02:37:11,mainnet,9757056,9723327,33729
2020-03-28 02:38:33,mainnet,9757058,9723339,33719
2020-03-28 02:39:55,mainnet,9757065,9723348,33717
2020-03-28 02:41:18,mainnet,9757071,9723359,33712
2020-03-28 02:42:40,mainnet,9757079,9723370,33709
2020-03-28 02:44:02,mainnet,9757085,9723380,33705
2020-03-28 02:45:24,mainnet,9757090,9723389,33701
2020-03-28 02:46:46,mainnet,9757091,9723400,33691
2020-03-28 02:48:08,mainnet,9757096,9723415,33681
2020-03-28 02:49:31,mainnet,9757098,9723424,33674
2020-03-28 02:50:53,mainnet,9757103,9723432,33671
2020-03-28 02:52:15,mainnet,9757108,9723440,33668
2020-03-28 02:53:37,mainnet,9757117,9723453,33664
2020-03-28 02:55:00,mainnet,9757119,9723465,33654
2020-03-28 02:56:22,mainnet,9757127,9723471,33656
2020-03-28 02:57:44,mainnet,9757134,9723480,33654
2020-03-28 02:59:06,mainnet,9757145,9723488,33657
2020-03-28 03:00:28,mainnet,9757152,9723504,33648
2020-03-28 03:01:50,mainnet,9757161,9723510,33651
2020-03-28 03:03:14,mainnet,9757170,9723522,33648
2020-03-28 03:04:36,mainnet,9757173,9723534,33639
2020-03-28 03:05:58,mainnet,9757179,9723543,33636
2020-03-28 03:07:21,mainnet,9757183,9723549,33634
2020-03-28 03:08:43,mainnet,9757188,9723562,33626
2020-03-28 03:10:06,mainnet,9757198,9723580,33618
2020-03-28 03:11:29,mainnet,9757204,9723590,33614
2020-03-28 03:12:51,mainnet,9757210,9723606,33604
2020-03-28 03:14:13,mainnet,9757214,9723617,33597
2020-03-28 03:15:35,mainnet,9757220,9723632,33588
2020-03-28 03:16:57,mainnet,9757227,9723640,33587
2020-03-28 03:18:20,mainnet,9757231,9723649,33582
2020-03-28 03:19:43,mainnet,9757242,9723661,33581
2020-03-28 03:21:05,mainnet,9757250,9723671,33579
2020-03-28 03:22:27,mainnet,9757257,9723682,33575
2020-03-28 03:23:49,mainnet,9757265,9723691,33574
2020-03-28 03:25:12,mainnet,9757274,9723701,33573
2020-03-28 03:26:35,mainnet,9757278,9723710,33568
2020-03-28 03:27:59,mainnet,9757283,9723721,33562
2020-03-28 03:29:21,mainnet,9757291,9723737,33554
2020-03-28 03:30:43,mainnet,9757296,9723750,33546
2020-03-28 03:32:05,mainnet,9757304,9723764,33540
2020-03-28 03:33:27,mainnet,9757310,9723779,33531
2020-03-28 03:34:50,mainnet,9757315,9723790,33525
2020-03-28 03:36:12,mainnet,9757319,9723808,33511
2020-03-28 03:37:34,mainnet,9757327,9723822,33505
2020-03-28 03:38:56,mainnet,9757337,9723840,33497
2020-03-28 03:40:20,mainnet,9757345,9723852,33493
2020-03-28 03:41:42,mainnet,9757357,9723865,33492
2020-03-28 03:43:04,mainnet,9757364,9723879,33485
2020-03-28 03:44:26,mainnet,9757370,9723896,33474
2020-03-28 03:45:48,mainnet,9757377,9723909,33468
2020-03-28 03:47:10,mainnet,9757385,9723918,33467
2020-03-28 03:48:32,mainnet,9757389,9723930,33459
2020-03-28 03:49:54,mainnet,9757393,9723942,33451
2020-03-28 03:51:16,mainnet,9757398,9723959,33439
2020-03-28 03:52:38,mainnet,9757404,9723969,33435
2020-03-28 03:54:00,mainnet,9757408,9723983,33425
2020-03-28 03:55:22,mainnet,9757414,9723996,33418
2020-03-28 03:56:44,mainnet,9757419,9724005,33414
2020-03-28 03:58:06,mainnet,9757427,9724015,33412
2020-03-28 03:59:29,mainnet,9757432,9724028,33404
2020-03-28 04:00:51,mainnet,9757437,9724042,33395
2020-03-28 04:02:13,mainnet,9757440,9724058,33382
2020-03-28 04:03:35,mainnet,9757449,9724072,33377
2020-03-28 04:04:58,mainnet,9757455,9724078,33377
2020-03-28 04:06:21,mainnet,9757460,9724081,33379
2020-03-28 04:07:43,mainnet,9757465,9724089,33376
2020-03-28 04:09:05,mainnet,9757471,9724103,33368
2020-03-28 04:10:28,mainnet,9757475,9724119,33356
2020-03-28 04:11:50,mainnet,9757479,9724132,33347
2020-03-28 04:13:12,mainnet,9757482,9724143,33339
2020-03-28 04:14:34,mainnet,9757489,9724161,33328
2020-03-28 04:15:56,mainnet,9757499,9724173,33326
2020-03-28 04:17:20,mainnet,9757507,9724179,33328
2020-03-28 04:18:43,mainnet,9757515,9724187,33328
2020-03-28 04:20:06,mainnet,9757523,9724206,33317
2020-03-28 04:21:28,mainnet,9757530,9724219,33311
2020-03-28 04:22:51,mainnet,9757533,9724229,33304
2020-03-28 04:24:13,mainnet,9757539,9724239,33300
2020-03-28 04:25:35,mainnet,9757543,9724249,33294
2020-03-28 04:26:57,mainnet,9757551,9724264,33287
2020-03-28 04:28:19,mainnet,9757559,9724278,33281
2020-03-28 04:29:41,mainnet,9757566,9724290,33276
2020-03-28 04:31:04,mainnet,9757571,9724301,33270
2020-03-28 04:32:26,mainnet,9757576,9724318,33258
2020-03-28 04:33:48,mainnet,9757580,9724330,33250
2020-03-28 04:35:10,mainnet,9757585,9724344,33241
2020-03-28 04:36:33,mainnet,9757588,9724357,33231
2020-03-28 04:37:55,mainnet,9757595,9724365,33230
2020-03-28 04:39:17,mainnet,9757600,9724376,33224
2020-03-28 04:40:40,mainnet,9757606,9724387,33219
2020-03-28 04:42:02,mainnet,9757612,9724401,33211
2020-03-28 04:43:24,mainnet,9757619,9724414,33205
2020-03-28 04:44:46,mainnet,9757623,9724423,33200
2020-03-28 04:46:08,mainnet,9757630,9724436,33194
2020-03-28 04:47:30,mainnet,9757635,9724447,33188
2020-03-28 04:48:52,mainnet,9757640,9724458,33182
2020-03-28 04:50:14,mainnet,9757642,9724467,33175
2020-03-28 04:51:37,mainnet,9757644,9724476,33168
2020-03-28 04:52:59,mainnet,9757647,9724485,33162
2020-03-28 04:54:21,mainnet,9757651,9724496,33155
2020-03-28 04:55:44,mainnet,9757660,9724504,33156
2020-03-28 04:57:06,mainnet,9757666,9724510,33156
2020-03-28 04:58:28,mainnet,9757673,9724518,33155
2020-03-28 04:59:50,mainnet,9757680,9724529,33151
2020-03-28 05:01:12,mainnet,9757687,9724538,33149
2020-03-28 05:02:35,mainnet,9757695,9724546,33149
2020-03-28 05:03:57,mainnet,9757702,9724555,33147
2020-03-28 05:05:19,mainnet,9757710,9724567,33143
2020-03-28 05:06:41,mainnet,9757721,9724578,33143
2020-03-28 05:08:03,mainnet,9757727,9724588,33139
2020-03-28 05:09:26,mainnet,9757734,9724597,33137
2020-03-28 05:10:48,mainnet,9757741,9724604,33137
2020-03-28 05:12:10,mainnet,9757746,9724614,33132
2020-03-28 05:13:33,mainnet,9757751,9724626,33125
2020-03-28 05:14:56,mainnet,9757760,9724639,33121
2020-03-28 05:16:18,mainnet,9757763,9724651,33112
2020-03-28 05:17:40,mainnet,9757766,9724663,33103
2020-03-28 05:19:02,mainnet,9757776,9724672,33104
2020-03-28 05:20:24,mainnet,9757787,9724682,33105
2020-03-28 05:21:47,mainnet,9757796,9724690,33106
2020-03-28 05:23:09,mainnet,9757803,9724701,33102
2020-03-28 05:24:31,mainnet,9757808,9724718,33090
2020-03-28 05:25:54,mainnet,9757815,9724728,33087
2020-03-28 05:27:16,mainnet,9757821,9724740,33081
2020-03-28 05:28:38,mainnet,9757828,9724754,33074
2020-03-28 05:30:00,mainnet,9757837,9724764,33073
2020-03-28 05:31:23,mainnet,9757842,9724773,33069
2020-03-28 05:32:45,mainnet,9757848,9724782,33066
2020-03-28 05:34:07,mainnet,9757855,9724796,33059
2020-03-28 05:35:29,mainnet,9757861,9724808,33053
2020-03-28 05:36:51,mainnet,9757864,9724819,33045
2020-03-28 05:38:13,mainnet,9757871,9724829,33042
2020-03-28 05:39:35,mainnet,9757875,9724839,33036
2020-03-28 05:40:57,mainnet,9757882,9724846,33036
2020-03-28 05:42:19,mainnet,9757887,9724859,33028
2020-03-28 05:43:42,mainnet,9757892,9724866,33026
2020-03-28 05:45:04,mainnet,9757902,9724873,33029
2020-03-28 05:46:27,mainnet,9757907,9724884,33023
2020-03-28 05:47:51,mainnet,9757911,9724900,33011
2020-03-28 05:49:13,mainnet,9757919,9724909,33010
2020-03-28 05:50:35,mainnet,9757929,9724919,33010
2020-03-28 05:51:57,mainnet,9757932,9724931,33001
2020-03-28 05:53:19,mainnet,9757933,9724940,32993
2020-03-28 05:54:41,mainnet,9757936,9724954,32982
2020-03-28 05:56:03,mainnet,9757939,9724966,32973
2020-03-28 05:57:25,mainnet,9757948,9724975,32973
2020-03-28 05:58:47,mainnet,9757949,9724984,32965
2020-03-28 06:00:09,mainnet,9757954,9724994,32960
2020-03-28 06:01:32,mainnet,9757955,9725003,32952
2020-03-28 06:02:54,mainnet,9757963,9725012,32951
2020-03-28 06:04:16,mainnet,9757965,9725021,32944
2020-03-28 06:05:38,mainnet,9757968,9725030,32938
2020-03-28 06:07:00,mainnet,9757976,9725038,32938
2020-03-28 06:08:22,mainnet,9757981,9725046,32935
2020-03-28 06:09:44,mainnet,9757988,9725054,32934
2020-03-28 06:11:06,mainnet,9757997,9725063,32934
2020-03-28 06:12:29,mainnet,9758006,9725071,32935
2020-03-28 06:13:51,mainnet,9758012,9725079,32933
2020-03-28 06:15:13,mainnet,9758020,9725090,32930
2020-03-28 06:16:35,mainnet,9758023,9725102,32921
2020-03-28 06:17:57,mainnet,9758029,9725114,32915
2020-03-28 06:19:19,mainnet,9758040,9725127,32913
2020-03-28 06:20:42,mainnet,9758048,9725134,32914
2020-03-28 06:22:04,mainnet,9758052,9725147,32905
2020-03-28 06:23:26,mainnet,9758055,9725156,32899
2020-03-28 06:24:48,mainnet,9758061,9725165,32896
2020-03-28 06:26:10,mainnet,9758067,9725173,32894
2020-03-28 06:27:32,mainnet,9758075,9725184,32891
2020-03-28 06:28:54,mainnet,9758083,9725194,32889
2020-03-28 06:30:16,mainnet,9758090,9725204,32886
2020-03-28 06:31:38,mainnet,9758095,9725213,32882
2020-03-28 06:33:01,mainnet,9758101,9725222,32879
2020-03-28 06:34:23,mainnet,9758112,9725230,32882
2020-03-28 06:35:46,mainnet,9758117,9725238,32879
2020-03-28 06:37:08,mainnet,9758119,9725247,32872
2020-03-28 06:38:30,mainnet,9758124,9725256,32868
2020-03-28 06:39:53,mainnet,9758132,9725266,32866
2020-03-28 06:41:15,mainnet,9758137,9725277,32860
2020-03-28 06:42:37,mainnet,9758145,9725291,32854
2020-03-28 06:43:59,mainnet,9758154,9725300,32854
2020-03-28 06:45:22,mainnet,9758159,9725311,32848
2020-03-28 06:46:44,mainnet,9758165,9725321,32844
2020-03-28 06:48:06,mainnet,9758172,9725330,32842
2020-03-28 06:49:28,mainnet,9758178,9725341,32837
2020-03-28 06:50:50,mainnet,9758182,9725350,32832
2020-03-28 06:52:12,mainnet,9758189,9725361,32828
2020-03-28 06:53:34,mainnet,9758196,9725372,32824
2020-03-28 06:54:57,mainnet,9758200,9725382,32818
2020-03-28 06:56:19,mainnet,9758204,9725393,32811
2020-03-28 06:57:41,mainnet,9758210,9725403,32807
2020-03-28 06:59:04,mainnet,9758217,9725414,32803
2020-03-28 07:00:27,mainnet,9758221,9725424,32797
2020-03-28 07:01:49,mainnet,9758226,9725433,32793
2020-03-28 07:03:11,mainnet,9758233,9725444,32789
2020-03-28 07:04:33,mainnet,9758236,9725452,32784
2020-03-28 07:05:55,mainnet,9758238,9725462,32776
2020-03-28 07:07:17,mainnet,9758245,9725473,32772
2020-03-28 07:08:39,mainnet,9758253,9725484,32769
2020-03-28 07:10:01,mainnet,9758259,9725494,32765
2020-03-28 07:11:24,mainnet,9758265,9725504,32761
2020-03-28 07:12:46,mainnet,9758273,9725516,32757
2020-03-28 07:14:08,mainnet,9758278,9725525,32753
2020-03-28 07:15:30,mainnet,9758283,9725534,32749
2020-03-28 07:16:52,mainnet,9758286,9725544,32742
2020-03-28 07:18:15,mainnet,9758294,9725555,32739
2020-03-28 07:19:37,mainnet,9758299,9725564,32735
2020-03-28 07:21:00,mainnet,9758307,9725574,32733
2020-03-28 07:22:22,mainnet,9758312,9725584,32728
2020-03-28 07:23:44,mainnet,9758318,9725594,32724
2020-03-28 07:25:07,mainnet,9758321,9725606,32715
2020-03-28 07:26:29,mainnet,9758326,9725615,32711
2020-03-28 07:27:51,mainnet,9758335,9725623,32712
2020-03-28 07:29:14,mainnet,9758338,9725635,32703
2020-03-28 07:30:37,mainnet,9758344,9725645,32699
2020-03-28 07:31:59,mainnet,9758347,9725652,32695
2020-03-28 07:33:21,mainnet,9758356,9725659,32697
2020-03-28 07:34:43,mainnet,9758359,9725663,32696
2020-03-28 07:36:05,mainnet,9758361,9725667,32694
2020-03-28 07:37:27,mainnet,9758369,9725676,32693
2020-03-28 07:38:52,mainnet,9758379,9725687,32692
2020-03-28 07:40:14,mainnet,9758386,9725695,32691
2020-03-28 07:41:37,mainnet,9758395,9725704,32691
2020-03-28 07:42:59,mainnet,9758402,9725717,32685
2020-03-28 07:44:21,mainnet,9758408,9725727,32681
2020-03-28 07:45:43,mainnet,9758415,9725738,32677
2020-03-28 07:47:05,mainnet,9758423,9725750,32673
2020-03-28 07:48:27,mainnet,9758427,9725760,32667
2020-03-28 07:49:49,mainnet,9758431,9725771,32660
2020-03-28 07:51:11,mainnet,9758442,9725784,32658
2020-03-28 07:52:33,mainnet,9758451,9725795,32656
2020-03-28 07:53:55,mainnet,9758457,9725810,32647
2020-03-28 07:55:17,mainnet,9758465,9725821,32644
2020-03-28 07:56:39,mainnet,9758475,9725836,32639
2020-03-28 07:58:01,mainnet,9758479,9725852,32627
2020-03-28 07:59:23,mainnet,9758483,9725863,32620
2020-03-28 08:00:45,mainnet,9758490,9725870,32620
2020-03-28 08:02:07,mainnet,9758495,9725880,32615
2020-03-28 08:03:29,mainnet,9758497,9725892,32605
2020-03-28 08:04:51,mainnet,9758504,9725902,32602
2020-03-28 08:06:13,mainnet,9758511,9725911,32600
2020-03-28 08:07:36,mainnet,9758516,9725924,32592
2020-03-28 08:08:58,mainnet,9758526,9725934,32592
2020-03-28 08:10:20,mainnet,9758528,9725947,32581
2020-03-28 08:11:42,mainnet,9758538,9725957,32581
2020-03-28 08:13:04,mainnet,9758545,9725969,32576
2020-03-28 08:14:26,mainnet,9758550,9725981,32569
2020-03-28 08:15:49,mainnet,9758562,9725989,32573
2020-03-28 08:17:11,mainnet,9758570,9726001,32569
2020-03-28 08:18:33,mainnet,9758573,9726011,32562
2020-03-28 08:19:55,mainnet,9758577,9726019,32558
2020-03-28 08:21:17,mainnet,9758585,9726026,32559
2020-03-28 08:22:40,mainnet,9758592,9726037,32555
2020-03-28 08:24:02,mainnet,9758596,9726045,32551
2020-03-28 08:25:24,mainnet,9758599,9726051,32548
2020-03-28 08:26:46,mainnet,9758604,9726059,32545
2020-03-28 08:28:08,mainnet,9758611,9726066,32545
2020-03-28 08:29:30,mainnet,9758617,9726075,32542
2020-03-28 08:30:53,mainnet,9758625,9726082,32543
2020-03-28 08:32:15,mainnet,9758630,9726091,32539
2020-03-28 08:33:37,mainnet,9758631,9726098,32533
2020-03-28 08:34:59,mainnet,9758641,9726107,32534
2020-03-28 08:36:21,mainnet,9758650,9726114,32536
2020-03-28 08:37:43,mainnet,9758656,9726126,32530
2020-03-28 08:39:05,mainnet,9758663,9726134,32529
2020-03-28 08:40:28,mainnet,9758671,9726142,32529
2020-03-28 08:41:50,mainnet,9758673,9726151,32522
2020-03-28 08:43:12,mainnet,9758677,9726161,32516
2020-03-28 08:44:34,mainnet,9758685,9726170,32515
2020-03-28 08:45:56,mainnet,9758689,9726179,32510
2020-03-28 08:47:18,mainnet,9758695,9726191,32504
2020-03-28 08:48:40,mainnet,9758702,9726201,32501
2020-03-28 08:50:03,mainnet,9758708,9726211,32497
2020-03-28 08:51:25,mainnet,9758716,9726221,32495
2020-03-28 08:52:47,mainnet,9758726,9726230,32496
2020-03-28 08:54:09,mainnet,9758730,9726238,32492
2020-03-28 08:55:31,mainnet,9758738,9726252,32486
2020-03-28 08:56:53,mainnet,9758741,9726259,32482
2020-03-28 08:58:16,mainnet,9758747,9726268,32479
2020-03-28 08:59:38,mainnet,9758752,9726278,32474
2020-03-28 09:01:00,mainnet,9758760,9726286,32474
2020-03-28 09:02:22,mainnet,9758765,9726298,32467
2020-03-28 09:03:45,mainnet,9758767,9726306,32461
2020-03-28 09:05:07,mainnet,9758780,9726314,32466
2020-03-28 09:06:29,mainnet,9758786,9726322,32464
2020-03-28 09:07:51,mainnet,9758790,9726333,32457
2020-03-28 09:09:13,mainnet,9758795,9726341,32454
2020-03-28 09:10:35,mainnet,9758801,9726349,32452
2020-03-28 09:11:57,mainnet,9758806,9726358,32448
2020-03-28 09:13:19,mainnet,9758812,9726366,32446
2020-03-28 09:14:41,mainnet,9758816,9726375,32441
2020-03-28 09:16:03,mainnet,9758820,9726382,32438
2020-03-28 09:17:25,mainnet,9758825,9726390,32435
2020-03-28 09:18:48,mainnet,9758831,9726397,32434
2020-03-28 09:20:10,mainnet,9758836,9726404,32432
2020-03-28 09:21:32,mainnet,9758841,9726413,32428
2020-03-28 09:22:54,mainnet,9758843,9726420,32423
2020-03-28 09:24:16,mainnet,9758846,9726429,32417
2020-03-28 09:25:38,mainnet,9758851,9726438,32413
2020-03-28 09:27:00,mainnet,9758860,9726446,32414
2020-03-28 09:28:22,mainnet,9758870,9726457,32413
2020-03-28 09:29:45,mainnet,9758882,9726466,32416
2020-03-28 09:31:07,mainnet,9758892,9726474,32418
2020-03-28 09:32:30,mainnet,9758900,9726484,32416
2020-03-28 09:33:52,mainnet,9758904,9726494,32410
2020-03-28 09:35:14,mainnet,9758905,9726500,32405
2020-03-28 09:36:36,mainnet,9758915,9726511,32404
2020-03-28 09:37:58,mainnet,9758926,9726522,32404
2020-03-28 09:39:20,mainnet,9758931,9726532,32399
2020-03-28 09:40:43,mainnet,9758936,9726542,32394
2020-03-28 09:42:05,mainnet,9758940,9726553,32387
2020-03-28 09:43:27,mainnet,9758944,9726563,32381
2020-03-28 09:44:49,mainnet,9758951,9726571,32380
2020-03-28 09:46:11,mainnet,9758960,9726578,32382
2020-03-28 09:47:33,mainnet,9758966,9726586,32380
2020-03-28 09:48:55,mainnet,9758974,9726594,32380
2020-03-28 09:50:17,mainnet,9758982,9726604,32378
2020-03-28 09:51:39,mainnet,9758989,9726614,32375
2020-03-28 09:53:02,mainnet,9758995,9726623,32372
2020-03-28 09:54:24,mainnet,9759004,9726633,32371
2020-03-28 09:55:46,mainnet,9759010,9726646,32364
2020-03-28 09:57:08,mainnet,9759017,9726658,32359
2020-03-28 09:58:30,mainnet,9759022,9726668,32354
2020-03-28 09:59:52,mainnet,9759030,9726678,32352
2020-03-28 10:01:15,mainnet,9759038,9726686,32352
2020-03-28 10:02:37,mainnet,9759047,9726696,32351
2020-03-28 10:03:59,mainnet,9759052,9726706,32346
2020-03-28 10:05:21,mainnet,9759057,9726715,32342
2020-03-28 10:06:43,mainnet,9759065,9726726,32339
2020-03-28 10:08:05,mainnet,9759072,9726738,32334
2020-03-28 10:09:27,mainnet,9759079,9726747,32332
2020-03-28 10:10:50,mainnet,9759083,9726756,32327
2020-03-28 10:12:12,mainnet,9759091,9726766,32325
2020-03-28 10:13:34,mainnet,9759098,9726775,32323
2020-03-28 10:14:56,mainnet,9759104,9726787,32317
2020-03-28 10:16:18,mainnet,9759113,9726795,32318
2020-03-28 10:17:44,mainnet,9759123,9726802,32321
2020-03-28 10:19:06,mainnet,9759130,9726809,32321
2020-03-28 10:20:28,mainnet,9759140,9726820,32320
2020-03-28 10:21:50,mainnet,9759144,9726826,32318
2020-03-28 10:23:12,mainnet,9759148,9726836,32312
2020-03-28 10:24:34,mainnet,9759153,9726845,32308
2020-03-28 10:25:56,mainnet,9759158,9726854,32304
2020-03-28 10:27:18,mainnet,9759163,9726863,32300
2020-03-28 10:28:41,mainnet,9759171,9726869,32302
2020-03-28 10:30:03,mainnet,9759180,9726877,32303
2020-03-28 10:31:25,mainnet,9759186,9726884,32302
2020-03-28 10:32:47,mainnet,9759193,9726893,32300
2020-03-28 10:34:10,mainnet,9759195,9726907,32288
2020-03-28 10:35:32,mainnet,9759202,9726919,32283
2020-03-28 10:36:54,mainnet,9759210,9726930,32280
2020-03-28 10:38:16,mainnet,9759214,9726938,32276
2020-03-28 10:39:38,mainnet,9759219,9726945,32274
2020-03-28 10:41:00,mainnet,9759226,9726955,32271
2020-03-28 10:42:22,mainnet,9759233,9726963,32270
2020-03-28 10:43:45,mainnet,9759240,9726972,32268
2020-03-28 10:45:07,mainnet,9759245,9726980,32265
2020-03-28 10:46:29,mainnet,9759250,9726989,32261
2020-03-28 10:47:51,mainnet,9759257,9727001,32256
2020-03-28 10:49:13,mainnet,9759263,9727007,32256
2020-03-28 10:50:35,mainnet,9759272,9727013,32259
2020-03-28 10:51:57,mainnet,9759275,9727022,32253
2020-03-28 10:53:19,mainnet,9759281,9727027,32254
2020-03-28 10:54:41,mainnet,9759290,9727034,32256
2020-03-28 10:56:03,mainnet,9759298,9727045,32253
2020-03-28 10:57:25,mainnet,9759305,9727058,32247
2020-03-28 10:58:47,mainnet,9759309,9727069,32240
2020-03-28 11:00:10,mainnet,9759316,9727078,32238
2020-03-28 11:01:32,mainnet,9759320,9727088,32232
2020-03-28 11:02:54,mainnet,9759328,9727095,32233
2020-03-28 11:04:16,mainnet,9759334,9727102,32232
2020-03-28 11:05:38,mainnet,9759340,9727112,32228
2020-03-28 11:07:01,mainnet,9759344,9727124,32220
2020-03-28 11:08:42,mainnet,9759353,9727128,32225
2020-03-28 11:10:04,mainnet,9759363,9727136,32227
2020-03-28 11:11:26,mainnet,9759368,9727145,32223
2020-03-28 11:12:48,mainnet,9759372,9727156,32216
2020-03-28 11:14:10,mainnet,9759375,9727164,32211
2020-03-28 11:15:33,mainnet,9759381,9727176,32205
2020-03-28 11:16:55,mainnet,9759386,9727184,32202
2020-03-28 11:18:18,mainnet,9759390,9727195,32195
2020-03-28 11:19:40,mainnet,9759399,9727205,32194
2020-03-28 11:21:02,mainnet,9759404,9727216,32188
2020-03-28 11:22:24,mainnet,9759408,9727226,32182
2020-03-28 11:23:46,mainnet,9759412,9727234,32178
2020-03-28 11:25:08,mainnet,9759417,9727245,32172
2020-03-28 11:26:30,mainnet,9759422,9727252,32170
2020-03-28 11:27:52,mainnet,9759428,9727259,32169
2020-03-28 11:29:15,mainnet,9759437,9727267,32170
2020-03-28 11:30:39,mainnet,9759445,9727279,32166
2020-03-28 11:32:01,mainnet,9759450,9727292,32158
2020-03-28 11:33:23,mainnet,9759462,9727299,32163
2020-03-28 11:34:45,mainnet,9759468,9727307,32161
2020-03-28 11:36:07,mainnet,9759474,9727318,32156
2020-03-28 11:37:29,mainnet,9759478,9727326,32152
2020-03-28 11:38:51,mainnet,9759482,9727337,32145
2020-03-28 11:40:13,mainnet,9759492,9727347,32145
2020-03-28 11:41:36,mainnet,9759498,9727366,32132
2020-03-28 11:43:22,mainnet,9759505,9727377,32128
2020-03-28 11:44:45,mainnet,9759508,9727386,32122
2020-03-28 11:46:07,mainnet,9759514,9727393,32121
2020-03-28 11:47:30,mainnet,9759517,9727403,32114
2020-03-28 11:48:52,mainnet,9759521,9727413,32108
2020-03-28 11:50:15,mainnet,9759525,9727421,32104
2020-03-28 11:51:37,mainnet,9759530,9727430,32100
2020-03-28 11:52:59,mainnet,9759531,9727439,32092
2020-03-28 11:54:21,mainnet,9759538,9727447,32091
2020-03-28 11:55:44,mainnet,9759547,9727455,32092
2020-03-28 11:57:06,mainnet,9759553,9727461,32092
2020-03-28 11:58:30,mainnet,9759562,9727473,32089
2020-03-28 11:59:52,mainnet,9759566,9727480,32086
2020-03-28 12:01:15,mainnet,9759570,9727486,32084
2020-03-28 12:02:37,mainnet,9759576,9727494,32082
2020-03-28 12:03:59,mainnet,9759582,9727502,32080
2020-03-28 12:05:21,mainnet,9759588,9727507,32081
2020-03-28 12:06:43,mainnet,9759593,9727517,32076
2020-03-28 12:08:06,mainnet,9759603,9727525,32078
2020-03-28 12:09:28,mainnet,9759612,9727533,32079
2020-03-28 12:10:50,mainnet,9759621,9727542,32079
2020-03-28 12:12:12,mainnet,9759626,9727550,32076
2020-03-28 12:13:34,mainnet,9759631,9727556,32075
2020-03-28 12:14:56,mainnet,9759637,9727562,32075
2020-03-28 12:16:18,mainnet,9759645,9727569,32076
2020-03-28 12:17:40,mainnet,9759651,9727575,32076
2020-03-28 12:19:03,mainnet,9759658,9727587,32071
2020-03-28 12:20:25,mainnet,9759664,9727593,32071
2020-03-28 12:21:49,mainnet,9759669,9727601,32068
2020-03-28 12:23:12,mainnet,9759673,9727611,32062
2020-03-28 12:24:34,mainnet,9759678,9727621,32057
2020-03-28 12:25:57,mainnet,9759684,9727632,32052
2020-03-28 12:27:19,mainnet,9759687,9727642,32045
2020-03-28 12:28:41,mainnet,9759697,9727650,32047
2020-03-28 12:30:04,mainnet,9759702,9727660,32042
2020-03-28 12:31:27,mainnet,9759705,9727667,32038
2020-03-28 12:32:50,mainnet,9759712,9727676,32036
2020-03-28 12:34:14,mainnet,9759716,9727687,32029
2020-03-28 12:35:36,mainnet,9759721,9727698,32023
2020-03-28 12:36:59,mainnet,9759732,9727710,32022
2020-03-28 12:38:21,mainnet,9759737,9727720,32017
2020-03-28 12:39:44,mainnet,9759742,9727730,32012
2020-03-28 12:41:06,mainnet,9759747,9727742,32005
2020-03-28 12:42:28,mainnet,9759754,9727753,32001
2020-03-28 12:43:50,mainnet,9759765,9727763,32002
2020-03-28 12:45:12,mainnet,9759769,9727770,31999
2020-03-28 12:46:35,mainnet,9759776,9727779,31997
2020-03-28 12:47:57,mainnet,9759783,9727790,31993
2020-03-28 12:49:20,mainnet,9759793,9727798,31995
2020-03-28 12:50:43,mainnet,9759799,9727808,31991
2020-03-28 12:52:05,mainnet,9759806,9727818,31988
2020-03-28 12:53:28,mainnet,9759810,9727828,31982
2020-03-28 12:54:51,mainnet,9759817,9727838,31979
2020-03-28 12:56:13,mainnet,9759820,9727847,31973
2020-03-28 12:57:36,mainnet,9759823,9727854,31969
2020-03-28 12:58:59,mainnet,9759833,9727864,31969
2020-03-28 13:00:23,mainnet,9759840,9727875,31965
2020-03-28 13:01:46,mainnet,9759845,9727887,31958
2020-03-28 13:03:08,mainnet,9759849,9727895,31954
2020-03-28 13:04:32,mainnet,9759853,9727906,31947
2020-03-28 13:05:54,mainnet,9759857,9727920,31937
2020-03-28 13:07:17,mainnet,9759866,9727930,31936
2020-03-28 13:08:40,mainnet,9759870,9727941,31929
2020-03-28 13:10:02,mainnet,9759877,9727954,31923
2020-03-28 13:11:24,mainnet,9759883,9727967,31916
2020-03-28 13:12:47,mainnet,9759893,9727981,31912
2020-03-28 13:14:09,mainnet,9759899,9727992,31907
2020-03-28 13:15:32,mainnet,9759903,9728003,31900
2020-03-28 13:16:54,mainnet,9759912,9728015,31897
2020-03-28 13:18:19,mainnet,9759916,9728023,31893
2020-03-28 13:19:43,mainnet,9759920,9728034,31886
2020-03-28 13:21:05,mainnet,9759927,9728043,31884
2020-03-28 13:22:27,mainnet,9759933,9728050,31883
2020-03-28 13:23:51,mainnet,9759939,9728062,31877
2020-03-28 13:25:14,mainnet,9759944,9728067,31877
2020-03-28 13:26:37,mainnet,9759955,9728073,31882
2020-03-28 13:27:59,mainnet,9759957,9728081,31876
2020-03-28 13:29:23,mainnet,9759963,9728088,31875
2020-03-28 13:30:46,mainnet,9759968,9728096,31872
2020-03-28 13:32:08,mainnet,9759975,9728103,31872
2020-03-28 13:33:32,mainnet,9759979,9728112,31867
2020-03-28 13:34:54,mainnet,9759988,9728118,31870
2020-03-28 13:36:17,mainnet,9759993,9728126,31867
2020-03-28 13:37:39,mainnet,9759997,9728136,31861
2020-03-28 13:39:02,mainnet,9760003,9728145,31858
2020-03-28 13:40:26,mainnet,9760010,9728153,31857
2020-03-28 13:41:49,mainnet,9760022,9728157,31865
2020-03-28 13:43:12,mainnet,9760028,9728162,31866
2020-03-28 13:44:34,mainnet,9760040,9728171,31869
2020-03-28 13:45:57,mainnet,9760047,9728180,31867
2020-03-28 13:47:19,mainnet,9760051,9728186,31865
2020-03-28 13:48:41,mainnet,9760058,9728195,31863
2020-03-28 13:50:05,mainnet,9760064,9728201,31863
2020-03-28 13:51:27,mainnet,9760069,9728208,31861
2020-03-28 13:52:50,mainnet,9760072,9728217,31855
2020-03-28 13:54:13,mainnet,9760078,9728224,31854
2020-03-28 13:55:35,mainnet,9760082,9728233,31849
2020-03-28 13:56:57,mainnet,9760085,9728241,31844
2020-03-28 13:58:20,mainnet,9760090,9728253,31837
2020-03-28 13:59:45,mainnet,9760097,9728262,31835
2020-03-28 14:01:08,mainnet,9760101,9728272,31829
2020-03-28 14:02:30,mainnet,9760105,9728281,31824
2020-03-28 14:03:53,mainnet,9760111,9728288,31823
2020-03-28 14:05:18,mainnet,9760117,9728295,31822
2020-03-28 14:06:40,mainnet,9760126,9728305,31821
2020-03-28 14:08:07,mainnet,9760132,9728314,31818
2020-03-28 14:09:29,mainnet,9760139,9728322,31817
2020-03-28 14:10:51,mainnet,9760145,9728331,31814
2020-03-28 14:12:14,mainnet,9760146,9728339,31807
2020-03-28 14:13:36,mainnet,9760149,9728348,31801
2020-03-28 14:14:59,mainnet,9760158,9728353,31805
2020-03-28 14:16:22,mainnet,9760164,9728363,31801
2020-03-28 14:17:45,mainnet,9760167,9728372,31795
2020-03-28 14:19:08,mainnet,9760176,9728383,31793
2020-03-28 14:20:35,mainnet,9760184,9728390,31794
2020-03-28 14:21:57,mainnet,9760190,9728396,31794
2020-03-28 14:23:35,mainnet,9760199,9728404,31795
2020-03-28 14:24:58,mainnet,9760205,9728412,31793
2020-03-28 14:26:26,mainnet,9760210,9728422,31788
2020-03-28 14:27:49,mainnet,9760218,9728430,31788
2020-03-28 14:29:18,mainnet,9760223,9728439,31784
2020-03-28 14:30:40,mainnet,9760232,9728448,31784
2020-03-28 14:32:02,mainnet,9760240,9728455,31785
2020-03-28 14:33:24,mainnet,9760248,9728461,31787
2020-03-28 14:34:47,mainnet,9760256,9728471,31785
2020-03-28 14:36:09,mainnet,9760262,9728478,31784
2020-03-28 14:37:31,mainnet,9760267,9728485,31782
2020-03-28 14:38:53,mainnet,9760275,9728493,31782
2020-03-28 14:40:15,mainnet,9760283,9728502,31781
2020-03-28 14:41:38,mainnet,9760289,9728508,31781
2020-03-28 14:43:00,mainnet,9760295,9728514,31781
2020-03-28 14:44:23,mainnet,9760304,9728518,31786
2020-03-28 14:45:47,mainnet,9760312,9728523,31789
2020-03-28 14:47:11,mainnet,9760317,9728526,31791
2020-03-28 14:48:36,mainnet,9760324,9728531,31793
2020-03-28 14:50:00,mainnet,9760327,9728541,31786
2020-03-28 14:51:22,mainnet,9760337,9728548,31789
2020-03-28 14:52:44,mainnet,9760341,9728556,31785
2020-03-28 14:54:06,mainnet,9760348,9728563,31785
2020-03-28 14:55:28,mainnet,9760355,9728571,31784
2020-03-28 14:56:51,mainnet,9760363,9728580,31783
2020-03-28 14:58:13,mainnet,9760369,9728588,31781
2020-03-28 14:59:34,mainnet,9760378,9728599,31779
2020-03-28 15:00:57,mainnet,9760383,9728607,31776
2020-03-28 15:02:19,mainnet,9760388,9728615,31773
2020-03-28 15:03:42,mainnet,9760395,9728624,31771
2020-03-28 15:05:05,mainnet,9760398,9728632,31766
2020-03-28 15:06:27,mainnet,9760401,9728647,31754
2020-03-28 15:07:51,mainnet,9760405,9728654,31751
2020-03-28 15:09:13,mainnet,9760410,9728664,31746
2020-03-28 15:10:35,mainnet,9760418,9728673,31745
2020-03-28 15:11:58,mainnet,9760427,9728684,31743
2020-03-28 15:13:21,mainnet,9760432,9728692,31740
2020-03-28 15:14:43,mainnet,9760434,9728705,31729
2020-03-28 15:16:05,mainnet,9760438,9728714,31724
2020-03-28 15:17:27,mainnet,9760445,9728722,31723
2020-03-28 15:18:49,mainnet,9760453,9728730,31723
2020-03-28 15:20:11,mainnet,9760458,9728740,31718
2020-03-28 15:21:35,mainnet,9760466,9728748,31718
2020-03-28 15:22:57,mainnet,9760468,9728760,31708
2020-03-28 15:24:19,mainnet,9760474,9728765,31709
2020-03-28 15:25:41,mainnet,9760483,9728772,31711
2020-03-28 15:27:03,mainnet,9760489,9728780,31709
2020-03-28 15:28:25,mainnet,9760495,9728787,31708
2020-03-28 15:29:47,mainnet,9760504,9728796,31708
2020-03-28 15:31:09,mainnet,9760509,9728802,31707
2020-03-28 15:32:32,mainnet,9760517,9728811,31706
2020-03-28 15:33:55,mainnet,9760524,9728819,31705
2020-03-28 15:35:18,mainnet,9760535,9728829,31706
2020-03-28 15:36:42,mainnet,9760543,9728837,31706
2020-03-28 15:38:04,mainnet,9760547,9728845,31702
2020-03-28 15:39:26,mainnet,9760555,9728852,31703
2020-03-28 15:40:48,mainnet,9760558,9728862,31696
2020-03-28 15:42:10,mainnet,9760566,9728871,31695
2020-03-28 15:43:33,mainnet,9760573,9728880,31693
2020-03-28 15:44:56,mainnet,9760579,9728890,31689
2020-03-28 15:46:19,mainnet,9760583,9728900,31683
2020-03-28 15:47:41,mainnet,9760590,9728910,31680
2020-03-28 15:49:04,mainnet,9760599,9728918,31681
2020-03-28 15:50:26,mainnet,9760606,9728925,31681
2020-03-28 15:51:49,mainnet,9760614,9728935,31679
2020-03-28 15:53:11,mainnet,9760618,9728944,31674
2020-03-28 15:54:34,mainnet,9760625,9728953,31672
2020-03-28 15:55:57,mainnet,9760633,9728965,31668
2020-03-28 15:57:20,mainnet,9760641,9728975,31666
2020-03-28 15:58:43,mainnet,9760647,9728985,31662
2020-03-28 16:00:05,mainnet,9760655,9728996,31659
2020-03-28 16:01:27,mainnet,9760662,9729006,31656
2020-03-28 16:02:49,mainnet,9760672,9729018,31654
2020-03-28 16:04:12,mainnet,9760678,9729026,31652
2020-03-28 16:05:34,mainnet,9760690,9729037,31653
2020-03-28 16:06:56,mainnet,9760696,9729044,31652
2020-03-28 16:08:18,mainnet,9760700,9729052,31648
2020-03-28 16:09:40,mainnet,9760710,9729063,31647
2020-03-28 16:11:02,mainnet,9760717,9729075,31642
2020-03-28 16:12:27,mainnet,9760725,9729087,31638
2020-03-28 16:13:49,mainnet,9760729,9729097,31632
2020-03-28 16:15:11,mainnet,9760739,9729106,31633
2020-03-28 16:16:34,mainnet,9760745,9729115,31630
2020-03-28 16:17:56,mainnet,9760753,9729125,31628
2020-03-28 16:19:18,mainnet,9760757,9729137,31620
2020-03-28 16:20:40,mainnet,9760766,9729149,31617
2020-03-28 16:22:03,mainnet,9760777,9729161,31616
2020-03-28 16:23:25,mainnet,9760787,9729169,31618
2020-03-28 16:24:47,mainnet,9760796,9729182,31614
2020-03-28 16:26:10,mainnet,9760804,9729187,31617
2020-03-28 16:27:34,mainnet,9760812,9729198,31614
2020-03-28 16:28:56,mainnet,9760816,9729209,31607
2020-03-28 16:30:18,mainnet,9760821,9729216,31605
2020-03-28 16:31:42,mainnet,9760826,9729224,31602
2020-03-28 16:33:04,mainnet,9760829,9729237,31592
2020-03-28 16:34:26,mainnet,9760836,9729247,31589
2020-03-28 16:35:48,mainnet,9760844,9729254,31590
2020-03-28 16:37:11,mainnet,9760846,9729265,31581
2020-03-28 16:38:33,mainnet,9760851,9729271,31580
2020-03-28 16:39:55,mainnet,9760857,9729282,31575
2020-03-28 16:41:17,mainnet,9760862,9729290,31572
2020-03-28 16:42:39,mainnet,9760869,9729299,31570
2020-03-28 16:44:02,mainnet,9760873,9729310,31563
2020-03-28 16:45:24,mainnet,9760881,9729318,31563
2020-03-28 16:46:46,mainnet,9760886,9729327,31559
2020-03-28 16:48:08,mainnet,9760892,9729337,31555
2020-03-28 16:49:31,mainnet,9760896,9729347,31549
2020-03-28 16:50:53,mainnet,9760899,9729356,31543
2020-03-28 16:52:16,mainnet,9760908,9729365,31543
2020-03-28 16:53:38,mainnet,9760914,9729375,31539
2020-03-28 16:55:00,mainnet,9760917,9729386,31531
2020-03-28 16:56:24,mainnet,9760926,9729401,31525
2020-03-28 16:57:46,mainnet,9760933,9729415,31518
2020-03-28 16:59:08,mainnet,9760940,9729427,31513
2020-03-28 17:00:30,mainnet,9760948,9729439,31509
2020-03-28 17:02:00,mainnet,9760956,9729452,31504
2020-03-28 17:03:25,mainnet,9760961,9729468,31493
2020-03-28 17:04:47,mainnet,9760966,9729481,31485
2020-03-28 17:06:10,mainnet,9760973,9729492,31481
2020-03-28 17:07:33,mainnet,9760980,9729503,31477
2020-03-28 17:08:56,mainnet,9760983,9729516,31467
2020-03-28 17:10:18,mainnet,9760988,9729526,31462
2020-03-28 17:11:40,mainnet,9760995,9729537,31458
2020-03-28 17:13:03,mainnet,9761005,9729548,31457
2020-03-28 17:14:25,mainnet,9761011,9729558,31453
2020-03-28 17:15:48,mainnet,9761019,9729570,31449
2020-03-28 17:17:10,mainnet,9761027,9729575,31452
2020-03-28 17:18:33,mainnet,9761035,9729587,31448
2020-03-28 17:19:55,mainnet,9761039,9729597,31442
2020-03-28 17:21:17,mainnet,9761043,9729605,31438
2020-03-28 17:22:39,mainnet,9761046,9729610,31436
2020-03-28 17:24:01,mainnet,9761048,9729620,31428
2020-03-28 17:25:23,mainnet,9761053,9729628,31425
2020-03-28 17:26:50,mainnet,9761061,9729637,31424
2020-03-28 17:28:13,mainnet,9761068,9729656,31412
2020-03-28 17:30:11,mainnet,9761076,9729664,31412
2020-03-28 17:31:33,mainnet,9761086,9729674,31412
2020-03-28 17:32:55,mainnet,9761092,9729686,31406
2020-03-28 17:34:17,mainnet,9761100,9729701,31399
2020-03-28 17:35:39,mainnet,9761105,9729712,31393
2020-03-28 17:37:01,mainnet,9761112,9729724,31388
2020-03-28 17:38:25,mainnet,9761119,9729735,31384
2020-03-28 17:39:48,mainnet,9761123,9729747,31376
2020-03-28 17:41:21,mainnet,9761130,9729758,31372
2020-03-28 17:42:44,mainnet,9761138,9729767,31371
2020-03-28 17:44:10,mainnet,9761144,9729775,31369
2020-03-28 17:45:32,mainnet,9761151,9729791,31360
2020-03-28 17:46:56,mainnet,9761159,9729803,31356
2020-03-28 17:48:19,mainnet,9761164,9729816,31348
2020-03-28 17:49:41,mainnet,9761169,9729825,31344
2020-03-28 17:51:03,mainnet,9761179,9729838,31341
2020-03-28 17:52:28,mainnet,9761188,9729853,31335
2020-03-28 17:53:50,mainnet,9761193,9729867,31326
2020-03-28 17:55:12,mainnet,9761199,9729882,31317
2020-03-28 17:56:34,mainnet,9761202,9729894,31308
2020-03-28 17:57:56,mainnet,9761216,9729901,31315
2020-03-28 17:59:19,mainnet,9761221,9729912,31309
2020-03-28 18:00:41,mainnet,9761225,9729926,31299
2020-03-28 18:02:03,mainnet,9761231,9729940,31291
2020-03-28 18:03:25,mainnet,9761239,9729953,31286
2020-03-28 18:04:47,mainnet,9761245,9729963,31282
2020-03-28 18:06:10,mainnet,9761252,9729977,31275
2020-03-28 18:07:32,mainnet,9761259,9729988,31271
2020-03-28 18:08:54,mainnet,9761267,9730010,31257
2020-03-28 18:10:16,mainnet,9761273,9730021,31252
2020-03-28 18:11:38,mainnet,9761275,9730036,31239
2020-03-28 18:13:00,mainnet,9761282,9730049,31233
2020-03-28 18:14:22,mainnet,9761290,9730055,31235
2020-03-28 18:15:45,mainnet,9761294,9730066,31228
2020-03-28 18:17:07,mainnet,9761300,9730076,31224
2020-03-28 18:18:29,mainnet,9761307,9730088,31219
2020-03-28 18:19:52,mainnet,9761315,9730102,31213
2020-03-28 18:21:14,mainnet,9761320,9730110,31210
2020-03-28 18:22:36,mainnet,9761328,9730118,31210
2020-03-28 18:23:59,mainnet,9761335,9730128,31207
2020-03-28 18:25:21,mainnet,9761341,9730139,31202
2020-03-28 18:26:43,mainnet,9761350,9730149,31201
2020-03-28 18:28:05,mainnet,9761353,9730159,31194
2020-03-28 18:29:27,mainnet,9761359,9730172,31187
2020-03-28 18:30:49,mainnet,9761366,9730184,31182
2020-03-28 18:32:11,mainnet,9761373,9730198,31175
2020-03-28 18:33:34,mainnet,9761380,9730208,31172
2020-03-28 18:34:56,mainnet,9761384,9730219,31165
2020-03-28 18:36:18,mainnet,9761392,9730230,31162
2020-03-28 18:37:40,mainnet,9761396,9730240,31156
2020-03-28 18:39:03,mainnet,9761403,9730250,31153
2020-03-28 18:40:25,mainnet,9761406,9730269,31137
2020-03-28 18:41:48,mainnet,9761414,9730277,31137
2020-03-28 18:43:11,mainnet,9761419,9730284,31135
2020-03-28 18:44:34,mainnet,9761421,9730292,31129
2020-03-28 18:45:57,mainnet,9761426,9730297,31129
2020-03-28 18:47:19,mainnet,9761433,9730310,31123
2020-03-28 18:48:42,mainnet,9761440,9730325,31115
2020-03-28 18:50:04,mainnet,9761442,9730334,31108
2020-03-28 18:51:27,mainnet,9761449,9730352,31097
2020-03-28 18:52:49,mainnet,9761457,9730368,31089
2020-03-28 18:54:11,mainnet,9761461,9730377,31084
2020-03-28 18:55:34,mainnet,9761467,9730386,31081
2020-03-28 18:56:56,mainnet,9761470,9730394,31076
2020-03-28 18:58:18,mainnet,9761477,9730404,31073
2020-03-28 18:59:41,mainnet,9761484,9730415,31069
2020-03-28 19:01:03,mainnet,9761495,9730426,31069
2020-03-28 19:02:27,mainnet,9761499,9730436,31063
2020-03-28 19:03:49,mainnet,9761507,9730452,31055
2020-03-28 19:05:12,mainnet,9761512,9730468,31044
2020-03-28 19:06:34,mainnet,9761520,9730482,31038
2020-03-28 19:07:57,mainnet,9761528,9730493,31035
2020-03-28 19:09:19,mainnet,9761535,9730506,31029
2020-03-28 19:10:41,mainnet,9761537,9730520,31017
2020-03-28 19:12:03,mainnet,9761545,9730534,31011
2020-03-28 19:13:25,mainnet,9761555,9730547,31008
2020-03-28 19:14:47,mainnet,9761557,9730558,30999
2020-03-28 19:16:09,mainnet,9761561,9730571,30990
2020-03-28 19:17:31,mainnet,9761568,9730583,30985
2020-03-28 19:18:53,mainnet,9761574,9730598,30976
2020-03-28 19:20:16,mainnet,9761579,9730607,30972
2020-03-28 19:21:42,mainnet,9761587,9730617,30970
2020-03-28 19:23:04,mainnet,9761598,9730630,30968
2020-03-28 19:24:26,mainnet,9761604,9730639,30965
2020-03-28 19:25:48,mainnet,9761614,9730654,30960
2020-03-28 19:27:10,mainnet,9761619,9730665,30954
2020-03-28 19:28:32,mainnet,9761624,9730672,30952
2020-03-28 19:29:54,mainnet,9761631,9730685,30946
2020-03-28 19:31:16,mainnet,9761640,9730694,30946
2020-03-28 19:32:39,mainnet,9761645,9730705,30940
2020-03-28 19:34:01,mainnet,9761652,9730711,30941
2020-03-28 19:35:23,mainnet,9761659,9730720,30939
2020-03-28 19:36:45,mainnet,9761661,9730731,30930
2020-03-28 19:38:07,mainnet,9761667,9730742,30925
2020-03-28 19:39:29,mainnet,9761674,9730750,30924
2020-03-28 19:40:51,mainnet,9761683,9730765,30918
2020-03-28 19:42:14,mainnet,9761685,9730778,30907
2020-03-28 19:43:36,mainnet,9761688,9730787,30901
2020-03-28 19:44:58,mainnet,9761696,9730797,30899
2020-03-28 19:46:20,mainnet,9761700,9730805,30895
2020-03-28 19:47:43,mainnet,9761709,9730815,30894
2020-03-28 19:49:05,mainnet,9761713,9730821,30892
2020-03-28 19:50:27,mainnet,9761719,9730835,30884
2020-03-28 19:51:49,mainnet,9761723,9730848,30875
2020-03-28 19:53:12,mainnet,9761726,9730857,30869
2020-03-28 19:54:35,mainnet,9761733,9730870,30863
2020-03-28 19:55:57,mainnet,9761739,9730880,30859
2020-03-28 19:57:19,mainnet,9761741,9730889,30852
2020-03-28 19:58:41,mainnet,9761750,9730894,30856
2020-03-28 20:00:04,mainnet,9761754,9730910,30844
2020-03-28 20:01:28,mainnet,9761763,9730919,30844
2020-03-28 20:02:50,mainnet,9761768,9730933,30835
2020-03-28 20:04:12,mainnet,9761775,9730945,30830
2020-03-28 20:05:34,mainnet,9761788,9730956,30832
2020-03-28 20:06:56,mainnet,9761795,9730965,30830
2020-03-28 20:08:18,mainnet,9761801,9730977,30824
2020-03-28 20:09:40,mainnet,9761807,9730987,30820
2020-03-28 20:11:02,mainnet,9761815,9730996,30819
2020-03-28 20:12:24,mainnet,9761820,9731005,30815
2020-03-28 20:13:46,mainnet,9761825,9731015,30810
2020-03-28 20:15:09,mainnet,9761835,9731023,30812
2020-03-28 20:16:31,mainnet,9761841,9731034,30807
2020-03-28 20:17:53,mainnet,9761848,9731041,30807
2020-03-28 20:19:15,mainnet,9761858,9731051,30807
2020-03-28 20:20:37,mainnet,9761861,9731061,30800
2020-03-28 20:22:00,mainnet,9761869,9731069,30800
2020-03-28 20:23:22,mainnet,9761875,9731078,30797
2020-03-28 20:24:44,mainnet,9761879,9731087,30792
2020-03-28 20:26:06,mainnet,9761887,9731095,30792
2020-03-28 20:27:28,mainnet,9761892,9731103,30789
2020-03-28 20:28:50,mainnet,9761900,9731112,30788
2020-03-28 20:30:12,mainnet,9761907,9731120,30787
2020-03-28 20:31:35,mainnet,9761913,9731133,30780
2020-03-28 20:32:57,mainnet,9761921,9731142,30779
2020-03-28 20:34:19,mainnet,9761933,9731149,30784
2020-03-28 20:35:42,mainnet,9761936,9731158,30778
2020-03-28 20:37:04,mainnet,9761942,9731168,30774
2020-03-28 20:38:26,mainnet,9761952,9731178,30774
2020-03-28 20:39:49,mainnet,9761958,9731189,30769
2020-03-28 20:41:11,mainnet,9761963,9731198,30765
2020-03-28 20:42:33,mainnet,9761969,9731209,30760
2020-03-28 20:43:55,mainnet,9761971,9731217,30754
2020-03-28 20:45:17,mainnet,9761979,9731226,30753
2020-03-28 20:46:40,mainnet,9761984,9731233,30751
2020-03-28 20:48:03,mainnet,9761992,9731241,30751
2020-03-28 20:49:25,mainnet,9761999,9731250,30749
2020-03-28 20:50:49,mainnet,9762012,9731261,30751
2020-03-28 20:52:12,mainnet,9762022,9731270,30752
2020-03-28 20:53:36,mainnet,9762026,9731279,30747
2020-03-28 20:54:58,mainnet,9762029,9731290,30739
2020-03-28 20:56:20,mainnet,9762032,9731301,30731
2020-03-28 20:57:44,mainnet,9762034,9731312,30722
2020-03-28 20:59:07,mainnet,9762043,9731326,30717
2020-03-28 21:00:29,mainnet,9762048,9731338,30710
2020-03-28 21:01:52,mainnet,9762053,9731349,30704
2020-03-28 21:03:15,mainnet,9762056,9731361,30695
2020-03-28 21:04:37,mainnet,9762062,9731374,30688
2020-03-28 21:06:01,mainnet,9762069,9731383,30686
2020-03-28 21:07:23,mainnet,9762073,9731393,30680
2020-03-28 21:08:48,mainnet,9762077,9731405,30672
2020-03-28 21:10:10,mainnet,9762082,9731414,30668
2020-03-28 21:11:32,mainnet,9762093,9731426,30667
2020-03-28 21:12:54,mainnet,9762095,9731439,30656
2020-03-28 21:14:17,mainnet,9762102,9731451,30651
2020-03-28 21:15:38,mainnet,9762107,9731462,30645
2020-03-28 21:17:00,mainnet,9762115,9731473,30642
2020-03-28 21:18:22,mainnet,9762124,9731482,30642
2020-03-28 21:19:44,mainnet,9762127,9731492,30635
2020-03-28 21:21:07,mainnet,9762134,9731502,30632
2020-03-28 21:22:29,mainnet,9762140,9731511,30629
2020-03-28 21:23:51,mainnet,9762144,9731522,30622
2020-03-28 21:25:13,mainnet,9762151,9731533,30618
2020-03-28 21:26:35,mainnet,9762154,9731542,30612
2020-03-28 21:27:58,mainnet,9762160,9731552,30608
2020-03-28 21:29:21,mainnet,9762164,9731560,30604
2020-03-28 21:30:43,mainnet,9762170,9731567,30603
2020-03-28 21:32:05,mainnet,9762174,9731574,30600
2020-03-28 21:33:27,mainnet,9762182,9731585,30597
2020-03-28 21:34:49,mainnet,9762191,9731596,30595
2020-03-28 21:36:12,mainnet,9762195,9731607,30588
2020-03-28 21:37:34,mainnet,9762202,9731615,30587
2020-03-28 21:38:56,mainnet,9762206,9731625,30581
2020-03-28 21:40:18,mainnet,9762208,9731636,30572
2020-03-28 21:41:40,mainnet,9762215,9731645,30570
2020-03-28 21:43:02,mainnet,9762219,9731656,30563
2020-03-28 21:44:25,mainnet,9762225,9731667,30558
2020-03-28 21:45:50,mainnet,9762229,9731676,30553
2020-03-28 21:47:13,mainnet,9762233,9731683,30550
2020-03-28 21:48:37,mainnet,9762237,9731697,30540
2020-03-28 21:49:59,mainnet,9762240,9731707,30533
2020-03-28 21:51:21,mainnet,9762248,9731720,30528
2020-03-28 21:52:43,mainnet,9762253,9731734,30519
2020-03-28 21:54:05,mainnet,9762262,9731745,30517
2020-03-28 21:55:28,mainnet,9762269,9731752,30517
2020-03-28 21:56:50,mainnet,9762280,9731760,30520
2020-03-28 21:58:12,mainnet,9762286,9731771,30515
2020-03-28 21:59:34,mainnet,9762296,9731784,30512
2020-03-28 22:00:56,mainnet,9762299,9731791,30508
2020-03-28 22:02:18,mainnet,9762305,9731802,30503
2020-03-28 22:03:44,mainnet,9762312,9731813,30499
2020-03-28 22:05:06,mainnet,9762319,9731825,30494
2020-03-28 22:06:28,mainnet,9762328,9731835,30493
2020-03-28 22:07:51,mainnet,9762334,9731847,30487
2020-03-28 22:09:13,mainnet,9762341,9731858,30483
2020-03-28 22:10:35,mainnet,9762344,9731866,30478
2020-03-28 22:11:57,mainnet,9762349,9731875,30474
2020-03-28 22:13:19,mainnet,9762358,9731884,30474
2020-03-28 22:14:41,mainnet,9762363,9731897,30466
2020-03-28 22:16:03,mainnet,9762368,9731909,30459
2020-03-28 22:17:26,mainnet,9762372,9731922,30450
2020-03-28 22:18:48,mainnet,9762378,9731932,30446
2020-03-28 22:20:11,mainnet,9762384,9731935,30449
2020-03-28 22:21:34,mainnet,9762394,9731939,30455
2020-03-28 22:22:56,mainnet,9762402,9731944,30458
2020-03-28 22:24:18,mainnet,9762405,9731947,30458
2020-03-28 22:25:41,mainnet,9762410,9731955,30455
2020-03-28 22:27:03,mainnet,9762416,9731968,30448
2020-03-28 22:28:25,mainnet,9762421,9731977,30444
2020-03-28 22:29:47,mainnet,9762428,9731986,30442
2020-03-28 22:31:10,mainnet,9762436,9731994,30442
2020-03-28 22:32:32,mainnet,9762444,9732009,30435
2020-03-28 22:33:54,mainnet,9762451,9732022,30429
2020-03-28 22:35:16,mainnet,9762458,9732036,30422
2020-03-28 22:36:38,mainnet,9762464,9732047,30417
2020-03-28 22:38:00,mainnet,9762467,9732058,30409
2020-03-28 22:39:22,mainnet,9762471,9732068,30403
2020-03-28 22:40:44,mainnet,9762477,9732081,30396
2020-03-28 22:42:07,mainnet,9762478,9732092,30386
2020-03-28 22:43:29,mainnet,9762488,9732101,30387
2020-03-28 22:44:52,mainnet,9762497,9732113,30384
2020-03-28 22:46:14,mainnet,9762504,9732126,30378
2020-03-28 22:47:37,mainnet,9762512,9732137,30375
2020-03-28 22:48:59,mainnet,9762516,9732152,30364
2020-03-28 22:50:21,mainnet,9762521,9732165,30356
2020-03-28 22:51:43,mainnet,9762526,9732179,30347
2020-03-28 22:53:05,mainnet,9762531,9732192,30339
2020-03-28 22:54:27,mainnet,9762540,9732205,30335
2020-03-28 22:55:49,mainnet,9762547,9732214,30333
2020-03-28 22:57:11,mainnet,9762556,9732221,30335
2020-03-28 22:58:33,mainnet,9762565,9732230,30335
2020-03-28 22:59:55,mainnet,9762570,9732238,30332
2020-03-28 23:01:17,mainnet,9762578,9732248,30330
2020-03-28 23:02:40,mainnet,9762583,9732258,30325
2020-03-28 23:04:02,mainnet,9762589,9732266,30323
2020-03-28 23:05:24,mainnet,9762591,9732276,30315
2020-03-28 23:06:46,mainnet,9762595,9732285,30310
2020-03-28 23:08:09,mainnet,9762604,9732294,30310
2020-03-28 23:09:31,mainnet,9762610,9732304,30306
2020-03-28 23:10:53,mainnet,9762614,9732313,30301
2020-03-28 23:12:16,mainnet,9762622,9732320,30302
2020-03-28 23:13:38,mainnet,9762628,9732330,30298
2020-03-28 23:15:00,mainnet,9762636,9732344,30292
2020-03-28 23:16:22,mainnet,9762640,9732354,30286
2020-03-28 23:17:44,mainnet,9762647,9732361,30286
2020-03-28 23:19:06,mainnet,9762652,9732370,30282
2020-03-28 23:20:28,mainnet,9762658,9732380,30278
2020-03-28 23:21:50,mainnet,9762666,9732389,30277
2020-03-28 23:23:12,mainnet,9762675,9732397,30278
2020-03-28 23:24:34,mainnet,9762681,9732410,30271
2020-03-28 23:25:56,mainnet,9762686,9732418,30268
2020-03-28 23:27:18,mainnet,9762693,9732429,30264
2020-03-28 23:28:40,mainnet,9762701,9732440,30261
2020-03-28 23:30:07,mainnet,9762707,9732449,30258
2020-03-28 23:31:29,mainnet,9762714,9732457,30257
2020-03-28 23:32:51,mainnet,9762717,9732468,30249
2020-03-28 23:34:14,mainnet,9762721,9732482,30239
2020-03-28 23:35:36,mainnet,9762726,9732495,30231
2020-03-28 23:36:58,mainnet,9762729,9732507,30222
2020-03-28 23:38:20,mainnet,9762738,9732518,30220
2020-03-28 23:39:42,mainnet,9762744,9732526,30218
2020-03-28 23:41:04,mainnet,9762752,9732534,30218
2020-03-28 23:42:27,mainnet,9762756,9732544,30212
2020-03-28 23:43:49,mainnet,9762762,9732555,30207
2020-03-28 23:45:12,mainnet,9762776,9732567,30209
2020-03-28 23:46:34,mainnet,9762786,9732576,30210
2020-03-28 23:47:56,mainnet,9762789,9732589,30200
2020-03-28 23:49:19,mainnet,9762797,9732598,30199
2020-03-28 23:50:41,mainnet,9762804,9732610,30194
2020-03-28 23:52:03,mainnet,9762808,9732619,30189
2020-03-28 23:53:26,mainnet,9762816,9732629,30187
2020-03-28 23:54:48,mainnet,9762820,9732637,30183
2020-03-28 23:56:10,mainnet,9762828,9732647,30181
2020-03-28 23:57:32,mainnet,9762835,9732658,30177
2020-03-28 23:58:54,mainnet,9762842,9732667,30175
2020-03-29 00:00:16,mainnet,9762849,9732678,30171
2020-03-29 00:01:40,mainnet,9762857,9732688,30169
2020-03-29 00:03:02,mainnet,9762863,9732695,30168
2020-03-29 00:04:24,mainnet,9762875,9732704,30171
2020-03-29 00:05:46,mainnet,9762883,9732713,30170
2020-03-29 00:07:12,mainnet,9762896,9732722,30174
2020-03-29 00:08:34,mainnet,9762902,9732731,30171
2020-03-29 00:09:56,mainnet,9762907,9732740,30167
2020-03-29 00:11:18,mainnet,9762911,9732747,30164
2020-03-29 00:12:40,mainnet,9762919,9732752,30167
2020-03-29 00:14:02,mainnet,9762927,9732757,30170
2020-03-29 00:15:24,mainnet,9762933,9732765,30168
2020-03-29 00:16:46,mainnet,9762936,9732774,30162
2020-03-29 00:18:08,mainnet,9762938,9732785,30153
2020-03-29 00:19:30,mainnet,9762942,9732795,30147
2020-03-29 00:20:52,mainnet,9762945,9732806,30139
2020-03-29 00:22:14,mainnet,9762951,9732815,30136
2020-03-29 00:23:37,mainnet,9762958,9732824,30134
2020-03-29 00:24:59,mainnet,9762963,9732833,30130
2020-03-29 00:26:21,mainnet,9762965,9732844,30121
2020-03-29 00:27:43,mainnet,9762968,9732851,30117
2020-03-29 00:29:05,mainnet,9762972,9732861,30111
2020-03-29 00:30:28,mainnet,9762983,9732870,30113
2020-03-29 00:31:50,mainnet,9762987,9732882,30105
2020-03-29 00:33:13,mainnet,9762990,9732892,30098
2020-03-29 00:34:35,mainnet,9762996,9732901,30095
2020-03-29 00:35:57,mainnet,9763005,9732910,30095
2020-03-29 00:37:19,mainnet,9763012,9732920,30092
2020-03-29 00:38:41,mainnet,9763019,9732928,30091
2020-03-29 00:40:03,mainnet,9763022,9732938,30084
2020-03-29 00:41:25,mainnet,9763026,9732949,30077
2020-03-29 00:42:47,mainnet,9763030,9732960,30070
2020-03-29 00:44:09,mainnet,9763036,9732972,30064
2020-03-29 00:45:31,mainnet,9763041,9732984,30057
2020-03-29 00:46:53,mainnet,9763043,9732993,30050
2020-03-29 00:48:15,mainnet,9763045,9733003,30042
2020-03-29 00:49:38,mainnet,9763055,9733016,30039
2020-03-29 00:50:59,mainnet,9763058,9733024,30034
2020-03-29 00:52:21,mainnet,9763061,9733032,30029
2020-03-29 00:53:44,mainnet,9763067,9733040,30027
2020-03-29 00:55:06,mainnet,9763071,9733048,30023
2020-03-29 00:56:28,mainnet,9763078,9733057,30021
2020-03-29 00:57:50,mainnet,9763085,9733067,30018
2020-03-29 00:59:12,mainnet,9763093,9733076,30017
2020-03-29 01:00:34,mainnet,9763099,9733086,30013
2020-03-29 01:01:57,mainnet,9763103,9733095,30008
2020-03-29 01:03:19,mainnet,9763107,9733105,30002
2020-03-29 01:04:41,mainnet,9763110,9733114,29996
2020-03-29 01:06:04,mainnet,9763115,9733124,29991
2020-03-29 01:07:26,mainnet,9763126,9733132,29994
2020-03-29 01:08:49,mainnet,9763131,9733142,29989
2020-03-29 01:10:11,mainnet,9763137,9733153,29984
2020-03-29 01:11:34,mainnet,9763145,9733161,29984
2020-03-29 01:12:56,mainnet,9763151,9733170,29981
2020-03-29 01:14:19,mainnet,9763157,9733182,29975
2020-03-29 01:15:41,mainnet,9763170,9733191,29979
2020-03-29 01:17:05,mainnet,9763175,9733200,29975
2020-03-29 01:18:27,mainnet,9763182,9733211,29971
2020-03-29 01:19:49,mainnet,9763186,9733221,29965
2020-03-29 01:21:11,mainnet,9763192,9733235,29957
2020-03-29 01:22:33,mainnet,9763199,9733244,29955
2020-03-29 01:23:55,mainnet,9763203,9733254,29949
2020-03-29 01:25:17,mainnet,9763205,9733264,29941
2020-03-29 01:26:40,mainnet,9763209,9733272,29937
2020-03-29 01:28:02,mainnet,9763211,9733280,29931
2020-03-29 01:29:24,mainnet,9763218,9733287,29931
2020-03-29 01:30:46,mainnet,9763223,9733297,29926
2020-03-29 01:32:08,mainnet,9763226,9733305,29921
2020-03-29 01:33:30,mainnet,9763234,9733313,29921
2020-03-29 01:34:53,mainnet,9763240,9733320,29920
2020-03-29 01:36:15,mainnet,9763247,9733328,29919
2020-03-29 01:37:37,mainnet,9763253,9733337,29916
2020-03-29 01:38:59,mainnet,9763256,9733348,29908
2020-03-29 01:40:21,mainnet,9763263,9733359,29904
2020-03-29 01:41:44,mainnet,9763268,9733366,29902
2020-03-29 01:43:06,mainnet,9763278,9733373,29905
2020-03-29 01:44:28,mainnet,9763286,9733382,29904
2020-03-29 01:45:50,mainnet,9763295,9733390,29905
2020-03-29 01:47:12,mainnet,9763301,9733400,29901
2020-03-29 01:48:34,mainnet,9763304,9733407,29897
2020-03-29 01:49:56,mainnet,9763314,9733410,29904
2020-03-29 01:51:18,mainnet,9763320,9733414,29906
2020-03-29 01:52:40,mainnet,9763329,9733416,29913
2020-03-29 01:54:02,mainnet,9763336,9733421,29915
2020-03-29 01:56:03,mainnet,9763340,9733431,29909
2020-03-29 01:57:26,mainnet,9763346,9733442,29904
2020-03-29 01:58:48,mainnet,9763351,9733451,29900
2020-03-29 03:00:10,mainnet,9763357,9733460,29897
2020-03-29 03:01:32,mainnet,9763362,9733469,29893
2020-03-29 03:02:55,mainnet,9763371,9733478,29893
2020-03-29 03:04:17,mainnet,9763377,9733488,29889
2020-03-29 03:05:38,mainnet,9763380,9733497,29883
2020-03-29 03:07:01,mainnet,9763387,9733510,29877
2020-03-29 03:08:23,mainnet,9763391,9733520,29871
2020-03-29 03:09:45,mainnet,9763400,9733532,29868
2020-03-29 03:11:07,mainnet,9763407,9733541,29866
2020-03-29 03:12:29,mainnet,9763411,9733551,29860
2020-03-29 03:13:51,mainnet,9763414,9733555,29859
2020-03-29 03:15:13,mainnet,9763421,9733565,29856
2020-03-29 03:16:35,mainnet,9763428,9733573,29855
2020-03-29 03:17:57,mainnet,9763435,9733582,29853
2020-03-29 03:19:19,mainnet,9763441,9733592,29849
2020-03-29 03:20:41,mainnet,9763447,9733598,29849
2020-03-29 03:22:03,mainnet,9763456,9733607,29849
2020-03-29 03:23:25,mainnet,9763463,9733616,29847
2020-03-29 03:24:47,mainnet,9763470,9733626,29844
2020-03-29 03:26:09,mainnet,9763476,9733636,29840
2020-03-29 03:27:31,mainnet,9763485,9733647,29838
2020-03-29 03:28:53,mainnet,9763491,9733658,29833
2020-03-29 03:30:15,mainnet,9763499,9733670,29829
2020-03-29 03:31:37,mainnet,9763505,9733678,29827
2020-03-29 03:32:59,mainnet,9763512,9733685,29827
2020-03-29 03:34:21,mainnet,9763520,9733693,29827
2020-03-29 03:35:43,mainnet,9763525,9733699,29826
2020-03-29 03:37:05,mainnet,9763532,9733706,29826
2020-03-29 03:38:27,mainnet,9763536,9733711,29825
2020-03-29 03:39:50,mainnet,9763539,9733715,29824
2020-03-29 03:41:11,mainnet,9763544,9733721,29823
2020-03-29 03:42:33,mainnet,9763553,9733727,29826
2020-03-29 03:43:55,mainnet,9763558,9733732,29826
2020-03-29 03:45:17,mainnet,9763567,9733738,29829
2020-03-29 03:46:40,mainnet,9763574,9733746,29828
2020-03-29 03:48:02,mainnet,9763582,9733755,29827
2020-03-29 03:49:24,mainnet,9763587,9733763,29824
2020-03-29 03:50:46,mainnet,9763597,9733770,29827
2020-03-29 03:52:08,mainnet,9763607,9733777,29830
2020-03-29 03:53:30,mainnet,9763615,9733785,29830
2020-03-29 03:54:53,mainnet,9763621,9733792,29829
2020-03-29 03:56:15,mainnet,9763625,9733797,29828
2020-03-29 03:57:37,mainnet,9763632,9733802,29830
2020-03-29 03:58:59,mainnet,9763636,9733810,29826
2020-03-29 04:00:21,mainnet,9763643,9733817,29826
2020-03-29 04:01:44,mainnet,9763652,9733825,29827
2020-03-29 04:03:06,mainnet,9763657,9733833,29824
2020-03-29 04:04:28,mainnet,9763665,9733841,29824
2020-03-29 04:05:50,mainnet,9763673,9733848,29825
2020-03-29 04:07:12,mainnet,9763680,9733857,29823
2020-03-29 04:08:34,mainnet,9763683,9733864,29819
2020-03-29 04:09:56,mainnet,9763692,9733869,29823
2020-03-29 04:11:18,mainnet,9763698,9733877,29821
2020-03-29 04:12:40,mainnet,9763703,9733884,29819
2020-03-29 04:14:03,mainnet,9763707,9733890,29817
2020-03-29 04:15:25,mainnet,9763713,9733898,29815
2020-03-29 04:16:47,mainnet,9763719,9733907,29812
2020-03-29 04:18:09,mainnet,9763726,9733916,29810
2020-03-29 04:19:31,mainnet,9763734,9733924,29810
2020-03-29 04:23:42,mainnet,9763759,9733950,29809
2020-03-29 04:25:39,mainnet,9763770,9733959,29811
2020-03-29 04:27:03,mainnet,9763778,9733967,29811
2020-03-29 04:28:25,mainnet,9763782,9733974,29808
2020-03-29 04:29:47,mainnet,9763785,9733982,29803
2020-03-29 04:31:09,mainnet,9763790,9733993,29797
2020-03-29 04:32:31,mainnet,9763795,9734000,29795
2020-03-29 04:33:53,mainnet,9763796,9734008,29788
2020-03-29 04:35:16,mainnet,9763801,9734018,29783
2020-03-29 04:36:38,mainnet,9763807,9734026,29781
2020-03-29 04:38:00,mainnet,9763815,9734035,29780
2020-03-29 04:39:22,mainnet,9763819,9734044,29775
2020-03-29 04:40:44,mainnet,9763826,9734052,29774
2020-03-29 04:42:07,mainnet,9763835,9734065,29770
2020-03-29 04:43:29,mainnet,9763840,9734075,29765
2020-03-29 04:44:51,mainnet,9763847,9734082,29765
2020-03-29 04:46:13,mainnet,9763853,9734092,29761
2020-03-29 04:47:35,mainnet,9763857,9734102,29755
2020-03-29 04:48:58,mainnet,9763868,9734110,29758
2020-03-29 04:50:21,mainnet,9763872,9734118,29754
2020-03-29 04:51:43,mainnet,9763877,9734126,29751
2020-03-29 04:53:06,mainnet,9763885,9734133,29752
2020-03-29 04:54:28,mainnet,9763888,9734143,29745
2020-03-29 04:55:50,mainnet,9763894,9734151,29743
2020-03-29 04:57:12,mainnet,9763898,9734158,29740
2020-03-29 04:58:34,mainnet,9763910,9734169,29741
2020-03-29 04:59:56,mainnet,9763917,9734177,29740
2020-03-29 05:01:18,mainnet,9763922,9734187,29735
2020-03-29 05:02:40,mainnet,9763930,9734196,29734
2020-03-29 05:04:02,mainnet,9763936,9734205,29731
2020-03-29 05:05:25,mainnet,9763946,9734215,29731
2020-03-29 05:06:47,mainnet,9763949,9734222,29727
2020-03-29 05:08:09,mainnet,9763956,9734231,29725
2020-03-29 05:09:31,mainnet,9763964,9734241,29723
2020-03-29 05:10:53,mainnet,9763970,9734248,29722
2020-03-29 05:12:15,mainnet,9763978,9734258,29720
2020-03-29 05:13:37,mainnet,9763981,9734267,29714
2020-03-29 05:14:59,mainnet,9763988,9734278,29710
2020-03-29 05:16:21,mainnet,9763991,9734288,29703
2020-03-29 05:17:43,mainnet,9763997,9734296,29701
2020-03-29 05:19:05,mainnet,9764002,9734302,29700
2020-03-29 05:20:27,mainnet,9764011,9734312,29699
2020-03-29 05:21:49,mainnet,9764015,9734319,29696
2020-03-29 05:23:11,mainnet,9764022,9734328,29694
2020-03-29 05:24:33,mainnet,9764025,9734339,29686
2020-03-29 05:25:55,mainnet,9764029,9734345,29684
2020-03-29 05:27:18,mainnet,9764032,9734355,29677
2020-03-29 05:28:40,mainnet,9764037,9734363,29674
2020-03-29 05:30:02,mainnet,9764044,9734369,29675
2020-03-29 05:31:24,mainnet,9764051,9734377,29674
2020-03-29 05:32:46,mainnet,9764060,9734385,29675
2020-03-29 05:34:08,mainnet,9764067,9734396,29671
2020-03-29 05:35:30,mainnet,9764074,9734403,29671
2020-03-29 05:36:52,mainnet,9764079,9734410,29669
2020-03-29 05:38:14,mainnet,9764086,9734420,29666
2020-03-29 05:39:36,mainnet,9764089,9734429,29660
2020-03-29 05:40:58,mainnet,9764091,9734436,29655
2020-03-29 05:42:20,mainnet,9764096,9734444,29652
2020-03-29 05:43:42,mainnet,9764101,9734454,29647
2020-03-29 05:45:04,mainnet,9764107,9734463,29644
2020-03-29 05:46:27,mainnet,9764109,9734470,29639
2020-03-29 05:47:49,mainnet,9764114,9734478,29636
2020-03-29 05:49:11,mainnet,9764122,9734485,29637
2020-03-29 05:50:33,mainnet,9764132,9734492,29640
2020-03-29 05:51:55,mainnet,9764139,9734500,29639
2020-03-29 05:53:17,mainnet,9764143,9734507,29636
2020-03-29 05:54:39,mainnet,9764150,9734513,29637
2020-03-29 05:56:01,mainnet,9764153,9734520,29633
2020-03-29 05:57:23,mainnet,9764159,9734528,29631
2020-03-29 05:58:45,mainnet,9764163,9734536,29627
2020-03-29 06:00:07,mainnet,9764167,9734544,29623
2020-03-29 06:01:29,mainnet,9764168,9734554,29614
2020-03-29 06:02:54,mainnet,9764173,9734563,29610
2020-03-29 06:04:16,mainnet,9764177,9734570,29607
2020-03-29 06:05:38,mainnet,9764183,9734579,29604
2020-03-29 06:07:00,mainnet,9764185,9734587,29598
2020-03-29 06:08:23,mainnet,9764194,9734597,29597
2020-03-29 06:09:45,mainnet,9764205,9734600,29605
2020-03-29 06:11:07,mainnet,9764212,9734608,29604
2020-03-29 06:12:29,mainnet,9764213,9734616,29597
2020-03-29 06:13:52,mainnet,9764222,9734626,29596
2020-03-29 06:15:15,mainnet,9764227,9734635,29592
2020-03-29 06:16:37,mainnet,9764230,9734643,29587
2020-03-29 06:17:59,mainnet,9764237,9734652,29585
2020-03-29 06:19:21,mainnet,9764248,9734658,29590
2020-03-29 06:20:43,mainnet,9764257,9734666,29591
2020-03-29 06:22:05,mainnet,9764266,9734674,29592
2020-03-29 06:23:27,mainnet,9764272,9734683,29589
2020-03-29 06:24:50,mainnet,9764281,9734690,29591
2020-03-29 06:26:12,mainnet,9764288,9734698,29590
2020-03-29 06:27:34,mainnet,9764293,9734707,29586
2020-03-29 06:28:56,mainnet,9764299,9734716,29583
2020-03-29 06:30:18,mainnet,9764307,9734723,29584
2020-03-29 06:31:40,mainnet,9764315,9734730,29585
2020-03-29 06:33:02,mainnet,9764321,9734739,29582
2020-03-29 06:34:24,mainnet,9764327,9734747,29580
2020-03-29 06:35:46,mainnet,9764332,9734756,29576
2020-03-29 06:37:09,mainnet,9764338,9734766,29572
2020-03-29 06:38:31,mainnet,9764344,9734775,29569
2020-03-29 06:39:53,mainnet,9764353,9734782,29571
2020-03-29 06:41:15,mainnet,9764359,9734790,29569
2020-03-29 06:42:37,mainnet,9764366,9734796,29570
2020-03-29 06:43:59,mainnet,9764369,9734803,29566
2020-03-29 06:45:21,mainnet,9764375,9734808,29567
2020-03-29 06:46:44,mainnet,9764384,9734813,29571
2020-03-29 06:48:06,mainnet,9764389,9734816,29573
2020-03-29 06:49:28,mainnet,9764395,9734819,29576
2020-03-29 06:50:51,mainnet,9764404,9734823,29581
2020-03-29 06:52:13,mainnet,9764411,9734828,29583
2020-03-29 06:53:35,mainnet,9764415,9734835,29580
2020-03-29 06:54:58,mainnet,9764420,9734845,29575
2020-03-29 06:56:20,mainnet,9764429,9734853,29576
2020-03-29 06:57:43,mainnet,9764439,9734860,29579
2020-03-29 06:59:05,mainnet,9764444,9734870,29574
2020-03-29 07:00:27,mainnet,9764450,9734877,29573
2020-03-29 07:01:49,mainnet,9764457,9734885,29572
2020-03-29 07:03:11,mainnet,9764461,9734893,29568
2020-03-29 07:04:33,mainnet,9764470,9734903,29567
2020-03-29 07:05:55,mainnet,9764475,9734912,29563
2020-03-29 07:07:17,mainnet,9764479,9734920,29559
2020-03-29 07:08:39,mainnet,9764486,9734930,29556
2020-03-29 07:10:01,mainnet,9764495,9734936,29559
2020-03-29 07:11:23,mainnet,9764503,9734944,29559
2020-03-29 07:12:45,mainnet,9764509,9734954,29555
2020-03-29 07:14:07,mainnet,9764517,9734960,29557
2020-03-29 07:15:29,mainnet,9764524,9734967,29557
2020-03-29 07:16:52,mainnet,9764530,9734973,29557
2020-03-29 07:18:14,mainnet,9764539,9734979,29560
2020-03-29 07:19:36,mainnet,9764546,9734986,29560
2020-03-29 07:20:58,mainnet,9764554,9734993,29561
2020-03-29 07:22:20,mainnet,9764561,9735000,29561
2020-03-29 07:23:43,mainnet,9764570,9735005,29565
2020-03-29 07:25:05,mainnet,9764580,9735011,29569
2020-03-29 07:26:27,mainnet,9764584,9735019,29565
2020-03-29 07:27:50,mainnet,9764591,9735025,29566
2020-03-29 07:29:12,mainnet,9764595,9735035,29560
2020-03-29 07:30:34,mainnet,9764600,9735042,29558
2020-03-29 07:31:56,mainnet,9764606,9735050,29556
2020-03-29 07:33:18,mainnet,9764612,9735057,29555
2020-03-29 07:34:41,mainnet,9764616,9735066,29550
2020-03-29 07:36:03,mainnet,9764623,9735072,29551
2020-03-29 07:37:25,mainnet,9764629,9735082,29547
2020-03-29 07:38:47,mainnet,9764639,9735090,29549
2020-03-29 07:40:09,mainnet,9764647,9735097,29550
2020-03-29 07:41:31,mainnet,9764651,9735105,29546
2020-03-29 07:42:53,mainnet,9764658,9735112,29546
2020-03-29 07:44:15,mainnet,9764662,9735119,29543
2020-03-29 07:45:38,mainnet,9764670,9735124,29546
2020-03-29 07:47:00,mainnet,9764678,9735132,29546
2020-03-29 07:48:22,mainnet,9764687,9735138,29549
2020-03-29 07:49:44,mainnet,9764692,9735145,29547
2020-03-29 07:51:06,mainnet,9764697,9735151,29546
2020-03-29 07:52:30,mainnet,9764705,9735158,29547
2020-03-29 07:53:52,mainnet,9764712,9735166,29546
2020-03-29 07:55:14,mainnet,9764716,9735176,29540
2020-03-29 07:56:36,mainnet,9764723,9735184,29539
2020-03-29 07:57:58,mainnet,9764729,9735191,29538
2020-03-29 07:59:21,mainnet,9764735,9735200,29535
2020-03-29 08:00:43,mainnet,9764747,9735205,29542
2020-03-29 08:02:05,mainnet,9764751,9735211,29540
2020-03-29 08:03:27,mainnet,9764757,9735220,29537
2020-03-29 08:04:50,mainnet,9764764,9735229,29535
2020-03-29 08:06:12,mainnet,9764774,9735236,29538
2020-03-29 08:07:35,mainnet,9764779,9735247,29532
2020-03-29 08:08:57,mainnet,9764786,9735256,29530
2020-03-29 08:10:19,mainnet,9764792,9735263,29529
2020-03-29 08:11:41,mainnet,9764793,9735270,29523
2020-03-29 08:13:04,mainnet,9764800,9735279,29521
2020-03-29 08:14:26,mainnet,9764805,9735285,29520
2020-03-29 08:15:48,mainnet,9764811,9735296,29515
2020-03-29 08:17:10,mainnet,9764819,9735306,29513
2020-03-29 08:18:32,mainnet,9764825,9735316,29509
2020-03-29 08:19:55,mainnet,9764833,9735326,29507
2020-03-29 08:21:17,mainnet,9764841,9735336,29505
2020-03-29 08:22:39,mainnet,9764847,9735346,29501
2020-03-29 08:24:01,mainnet,9764852,9735354,29498
2020-03-29 08:25:24,mainnet,9764862,9735363,29499
2020-03-29 08:26:46,mainnet,9764865,9735374,29491
2020-03-29 08:28:08,mainnet,9764871,9735380,29491
2020-03-29 08:29:31,mainnet,9764875,9735390,29485
2020-03-29 08:30:53,mainnet,9764883,9735399,29484
2020-03-29 08:32:15,mainnet,9764887,9735408,29479
2020-03-29 08:33:37,mainnet,9764893,9735418,29475
2020-03-29 08:34:59,mainnet,9764898,9735426,29472
2020-03-29 08:36:21,mainnet,9764906,9735436,29470
2020-03-29 08:37:44,mainnet,9764911,9735443,29468
2020-03-29 08:39:06,mainnet,9764919,9735451,29468
2020-03-29 08:40:28,mainnet,9764922,9735461,29461
2020-03-29 08:41:51,mainnet,9764939,9735470,29469
2020-03-29 08:43:15,mainnet,9764942,9735473,29469
2020-03-29 08:44:37,mainnet,9764949,9735482,29467
2020-03-29 08:45:59,mainnet,9764952,9735489,29463
2020-03-29 08:47:21,mainnet,9764963,9735496,29467
2020-03-29 08:48:43,mainnet,9764974,9735504,29470
2020-03-29 08:50:05,mainnet,9764978,9735515,29463
2020-03-29 08:51:27,mainnet,9764985,9735524,29461
2020-03-29 08:52:49,mainnet,9764989,9735536,29453
2020-03-29 08:54:11,mainnet,9764994,9735545,29449
2020-03-29 08:55:33,mainnet,9765003,9735553,29450
2020-03-29 08:56:55,mainnet,9765012,9735563,29449
2020-03-29 08:58:17,mainnet,9765017,9735570,29447
2020-03-29 08:59:39,mainnet,9765025,9735577,29448
2020-03-29 09:01:01,mainnet,9765034,9735585,29449
2020-03-29 09:02:25,mainnet,9765044,9735593,29451
2020-03-29 09:03:47,mainnet,9765053,9735604,29449
2020-03-29 09:05:09,mainnet,9765057,9735611,29446
2020-03-29 09:06:31,mainnet,9765062,9735620,29442
2020-03-29 09:07:53,mainnet,9765065,9735627,29438
2020-03-29 09:09:15,mainnet,9765072,9735635,29437
2020-03-29 09:10:38,mainnet,9765080,9735647,29433
2020-03-29 09:12:00,mainnet,9765088,9735656,29432
2020-03-29 09:13:22,mainnet,9765094,9735664,29430
2020-03-29 09:14:44,mainnet,9765102,9735675,29427
2020-03-29 09:16:07,mainnet,9765106,9735684,29422
2020-03-29 09:17:29,mainnet,9765117,9735694,29423
2020-03-29 09:18:51,mainnet,9765123,9735711,29412
2020-03-29 09:20:13,mainnet,9765129,9735718,29411
2020-03-29 09:21:35,mainnet,9765134,9735729,29405
2020-03-29 09:22:57,mainnet,9765138,9735741,29397
2020-03-29 09:24:19,mainnet,9765144,9735753,29391
2020-03-29 09:25:41,mainnet,9765150,9735761,29389
2020-03-29 09:27:04,mainnet,9765154,9735770,29384
2020-03-29 09:28:26,mainnet,9765161,9735780,29381
2020-03-29 09:29:48,mainnet,9765166,9735792,29374
2020-03-29 09:31:10,mainnet,9765175,9735803,29372
2020-03-29 09:32:33,mainnet,9765183,9735813,29370
2020-03-29 09:33:55,mainnet,9765189,9735820,29369
2020-03-29 09:35:18,mainnet,9765195,9735834,29361
2020-03-29 09:36:40,mainnet,9765198,9735846,29352
2020-03-29 09:38:02,mainnet,9765204,9735854,29350
2020-03-29 09:39:25,mainnet,9765212,9735861,29351
2020-03-29 09:40:48,mainnet,9765216,9735872,29344
2020-03-29 09:42:10,mainnet,9765225,9735882,29343
2020-03-29 09:43:33,mainnet,9765232,9735890,29342
2020-03-29 09:44:55,mainnet,9765238,9735900,29338
2020-03-29 09:46:17,mainnet,9765244,9735908,29336
2020-03-29 09:47:40,mainnet,9765247,9735917,29330
2020-03-29 09:49:02,mainnet,9765251,9735925,29326
2020-03-29 09:50:24,mainnet,9765260,9735935,29325
2020-03-29 09:51:46,mainnet,9765270,9735945,29325
2020-03-29 09:53:08,mainnet,9765278,9735955,29323
2020-03-29 09:54:30,mainnet,9765280,9735962,29318
2020-03-29 09:55:52,mainnet,9765288,9735969,29319
2020-03-29 09:57:14,mainnet,9765296,9735975,29321
2020-03-29 09:58:37,mainnet,9765300,9735988,29312
2020-03-29 09:59:59,mainnet,9765303,9735996,29307
2020-03-29 10:01:22,mainnet,9765310,9736007,29303
2020-03-29 10:02:44,mainnet,9765320,9736014,29306
2020-03-29 10:04:07,mainnet,9765326,9736022,29304
2020-03-29 10:05:29,mainnet,9765333,9736031,29302
2020-03-29 10:06:51,mainnet,9765335,9736040,29295
2020-03-29 10:08:13,mainnet,9765337,9736050,29287
2020-03-29 10:09:35,mainnet,9765344,9736060,29284
2020-03-29 10:10:57,mainnet,9765348,9736066,29282
2020-03-29 10:12:19,mainnet,9765359,9736075,29284
2020-03-29 10:13:41,mainnet,9765367,9736086,29281
2020-03-29 10:15:04,mainnet,9765374,9736094,29280
2020-03-29 10:16:26,mainnet,9765378,9736106,29272
2020-03-29 10:17:49,mainnet,9765383,9736114,29269
2020-03-29 10:19:11,mainnet,9765390,9736123,29267
2020-03-29 10:20:33,mainnet,9765399,9736134,29265
2020-03-29 10:21:56,mainnet,9765406,9736145,29261
2020-03-29 10:23:18,mainnet,9765409,9736154,29255
2020-03-29 10:24:40,mainnet,9765414,9736169,29245
2020-03-29 10:26:03,mainnet,9765421,9736183,29238
2020-03-29 10:27:25,mainnet,9765425,9736195,29230
2020-03-29 10:28:47,mainnet,9765431,9736206,29225
2020-03-29 10:30:09,mainnet,9765433,9736219,29214
2020-03-29 10:31:33,mainnet,9765438,9736230,29208
2020-03-29 10:32:55,mainnet,9765442,9736243,29199
2020-03-29 10:34:17,mainnet,9765444,9736252,29192
2020-03-29 10:35:39,mainnet,9765448,9736261,29187
2020-03-29 10:37:01,mainnet,9765455,9736276,29179
2020-03-29 10:38:24,mainnet,9765465,9736288,29177
2020-03-29 10:39:47,mainnet,9765474,9736304,29170
2020-03-29 10:41:09,mainnet,9765478,9736315,29163
2020-03-29 10:42:31,mainnet,9765482,9736326,29156
2020-03-29 10:43:54,mainnet,9765489,9736336,29153
2020-03-29 10:45:16,mainnet,9765497,9736344,29153
2020-03-29 10:46:38,mainnet,9765505,9736354,29151
2020-03-29 10:48:00,mainnet,9765512,9736368,29144
2020-03-29 10:49:22,mainnet,9765521,9736380,29141
2020-03-29 10:50:45,mainnet,9765525,9736392,29133
2020-03-29 10:52:07,mainnet,9765533,9736403,29130
2020-03-29 10:53:29,mainnet,9765542,9736413,29129
2020-03-29 10:54:52,mainnet,9765546,9736429,29117
2020-03-29 10:56:15,mainnet,9765552,9736445,29107
2020-03-29 10:57:38,mainnet,9765553,9736453,29100
2020-03-29 10:59:00,mainnet,9765560,9736462,29098
2020-03-29 11:00:23,mainnet,9765566,9736469,29097
2020-03-29 11:01:46,mainnet,9765572,9736483,29089
2020-03-29 11:03:08,mainnet,9765579,9736495,29084
2020-03-29 11:04:31,mainnet,9765586,9736510,29076
2020-03-29 11:05:54,mainnet,9765596,9736524,29072
2020-03-29 11:07:16,mainnet,9765601,9736536,29065
2020-03-29 11:08:38,mainnet,9765607,9736546,29061
2020-03-29 11:10:00,mainnet,9765612,9736557,29055
2020-03-29 11:11:22,mainnet,9765618,9736574,29044
2020-03-29 11:12:44,mainnet,9765622,9736585,29037
2020-03-29 11:14:06,mainnet,9765628,9736593,29035
2020-03-29 11:15:29,mainnet,9765639,9736606,29033
2020-03-29 11:16:51,mainnet,9765649,9736627,29022
2020-03-29 11:18:14,mainnet,9765660,9736635,29025
2020-03-29 11:19:36,mainnet,9765667,9736649,29018
2020-03-29 11:20:58,mainnet,9765677,9736663,29014
2020-03-29 11:22:20,mainnet,9765691,9736681,29010
2020-03-29 11:23:42,mainnet,9765699,9736691,29008
2020-03-29 11:25:05,mainnet,9765704,9736704,29000
2020-03-29 11:26:27,mainnet,9765710,9736724,28986
2020-03-29 11:27:49,mainnet,9765713,9736739,28974
2020-03-29 11:29:11,mainnet,9765719,9736756,28963
2020-03-29 11:30:33,mainnet,9765725,9736770,28955
2020-03-29 11:31:55,mainnet,9765732,9736783,28949
2020-03-29 11:33:17,mainnet,9765739,9736801,28938
2020-03-29 11:34:40,mainnet,9765744,9736819,28925
2020-03-29 11:36:02,mainnet,9765748,9736834,28914
2020-03-29 11:37:25,mainnet,9765753,9736848,28905
2020-03-29 11:38:47,mainnet,9765758,9736867,28891
2020-03-29 11:40:09,mainnet,9765763,9736880,28883
2020-03-29 11:41:31,mainnet,9765768,9736894,28874
2020-03-29 11:42:53,mainnet,9765771,9736910,28861
2020-03-29 11:44:15,mainnet,9765777,9736927,28850
2020-03-29 11:45:37,mainnet,9765786,9736938,28848
2020-03-29 11:47:00,mainnet,9765790,9736949,28841
2020-03-29 11:48:23,mainnet,9765794,9736962,28832
2020-03-29 11:49:45,mainnet,9765798,9736971,28827
2020-03-29 11:51:07,mainnet,9765803,9736985,28818
2020-03-29 11:52:29,mainnet,9765810,9737000,28810
2020-03-29 11:53:52,mainnet,9765816,9737011,28805
2020-03-29 11:55:14,mainnet,9765820,9737021,28799
2020-03-29 11:56:37,mainnet,9765824,9737029,28795
2020-03-29 11:57:59,mainnet,9765835,9737038,28797
2020-03-29 11:59:21,mainnet,9765849,9737045,28804
2020-03-29 12:00:43,mainnet,9765858,9737055,28803
2020-03-29 12:02:06,mainnet,9765868,9737064,28804
2020-03-29 12:03:28,mainnet,9765875,9737073,28802
2020-03-29 12:04:51,mainnet,9765881,9737083,28798
2020-03-29 12:06:13,mainnet,9765884,9737092,28792
2020-03-29 12:07:35,mainnet,9765891,9737101,28790
2020-03-29 12:08:59,mainnet,9765894,9737110,28784
2020-03-29 12:10:22,mainnet,9765901,9737117,28784
2020-03-29 12:11:47,mainnet,9765910,9737125,28785
2020-03-29 12:13:09,mainnet,9765916,9737132,28784
2020-03-29 12:14:32,mainnet,9765928,9737142,28786
2020-03-29 12:15:55,mainnet,9765935,9737153,28782
2020-03-29 12:17:17,mainnet,9765937,9737163,28774
2020-03-29 12:18:39,mainnet,9765942,9737178,28764
2020-03-29 12:20:03,mainnet,9765946,9737187,28759
2020-03-29 12:21:25,mainnet,9765948,9737198,28750
2020-03-29 12:22:47,mainnet,9765954,9737211,28743
2020-03-29 12:24:11,mainnet,9765959,9737221,28738
2020-03-29 12:25:35,mainnet,9765968,9737230,28738
2020-03-29 12:26:57,mainnet,9765976,9737241,28735
2020-03-29 12:28:19,mainnet,9765982,9737251,28731
2020-03-29 12:29:42,mainnet,9765988,9737261,28727
2020-03-29 12:31:05,mainnet,9765996,9737270,28726
2020-03-29 12:32:27,mainnet,9766004,9737278,28726
2020-03-29 12:33:49,mainnet,9766010,9737288,28722
2020-03-29 12:35:11,mainnet,9766014,9737298,28716
2020-03-29 12:36:33,mainnet,9766025,9737314,28711
2020-03-29 12:37:55,mainnet,9766026,9737323,28703
2020-03-29 12:39:18,mainnet,9766033,9737335,28698
2020-03-29 12:40:40,mainnet,9766039,9737349,28690
2020-03-29 12:42:02,mainnet,9766044,9737356,28688
2020-03-29 12:43:25,mainnet,9766053,9737367,28686
2020-03-29 12:44:49,mainnet,9766062,9737376,28686
2020-03-29 12:46:11,mainnet,9766069,9737390,28679
2020-03-29 12:47:33,mainnet,9766079,9737405,28674
2020-03-29 12:48:56,mainnet,9766087,9737415,28672
2020-03-29 12:50:19,mainnet,9766093,9737424,28669
2020-03-29 12:51:41,mainnet,9766099,9737434,28665
2020-03-29 12:53:03,mainnet,9766105,9737445,28660
2020-03-29 12:54:25,mainnet,9766115,9737457,28658
2020-03-29 12:55:49,mainnet,9766120,9737465,28655
2020-03-29 12:57:11,mainnet,9766123,9737475,28648
2020-03-29 12:58:37,mainnet,9766132,9737484,28648
2020-03-29 12:59:59,mainnet,9766137,9737493,28644
2020-03-29 13:01:24,mainnet,9766144,9737504,28640
2020-03-29 13:02:48,mainnet,9766147,9737513,28634
2020-03-29 13:04:13,mainnet,9766150,9737525,28625
2020-03-29 13:05:37,mainnet,9766157,9737538,28619
2020-03-29 13:07:00,mainnet,9766165,9737548,28617
2020-03-29 13:08:25,mainnet,9766167,9737560,28607
2020-03-29 13:09:47,mainnet,9766169,9737571,28598
2020-03-29 13:11:10,mainnet,9766178,9737578,28600
2020-03-29 13:12:32,mainnet,9766184,9737590,28594
2020-03-29 13:13:54,mainnet,9766187,9737603,28584
2020-03-29 13:15:16,mainnet,9766193,9737613,28580
2020-03-29 13:16:39,mainnet,9766196,9737624,28572
2020-03-29 13:18:02,mainnet,9766209,9737633,28576
2020-03-29 13:19:26,mainnet,9766211,9737645,28566
2020-03-29 13:20:48,mainnet,9766218,9737653,28565
2020-03-29 13:22:10,mainnet,9766223,9737663,28560
2020-03-29 13:23:33,mainnet,9766227,9737674,28553
2020-03-29 13:24:55,mainnet,9766231,9737682,28549
2020-03-29 13:26:18,mainnet,9766236,9737692,28544
2020-03-29 13:27:40,mainnet,9766239,9737702,28537
2020-03-29 13:29:02,mainnet,9766246,9737711,28535
2020-03-29 13:30:25,mainnet,9766253,9737724,28529
2020-03-29 13:31:49,mainnet,9766262,9737734,28528
2020-03-29 14:43:41,mainnet,9766585,9737751,28834
2020-03-29 14:45:10,mainnet,9766590,9737760,28830
2020-03-29 14:46:33,mainnet,9766597,9737769,28828
2020-03-29 14:47:56,mainnet,9766599,9737776,28823
2020-03-29 14:49:18,mainnet,9766606,9737786,28820
2020-03-29 14:50:40,mainnet,9766611,9737794,28817
2020-03-29 14:52:02,mainnet,9766618,9737803,28815
2020-03-29 14:53:24,mainnet,9766622,9737812,28810
2020-03-29 14:54:47,mainnet,9766626,9737821,28805
2020-03-29 14:56:09,mainnet,9766631,9737832,28799
2020-03-29 14:57:33,mainnet,9766638,9737841,28797
2020-03-29 14:58:55,mainnet,9766643,9737848,28795
2020-03-29 15:00:18,mainnet,9766653,9737856,28797
2020-03-29 15:01:40,mainnet,9766661,9737870,28791
2020-03-29 15:03:03,mainnet,9766666,9737880,28786
2020-03-29 15:04:25,mainnet,9766674,9737887,28787
2020-03-29 15:05:47,mainnet,9766681,9737897,28784
2020-03-29 15:07:09,mainnet,9766686,9737905,28781
2020-03-29 15:08:32,mainnet,9766693,9737913,28780
2020-03-29 15:09:55,mainnet,9766698,9737919,28779
2020-03-29 15:11:17,mainnet,9766703,9737928,28775
2020-03-29 15:12:39,mainnet,9766705,9737935,28770
2020-03-29 15:14:02,mainnet,9766711,9737943,28768
2020-03-29 15:15:24,mainnet,9766714,9737950,28764
2020-03-29 15:16:47,mainnet,9766718,9737957,28761
2020-03-29 15:18:12,mainnet,9766723,9737970,28753
2020-03-29 15:19:35,mainnet,9766728,9737978,28750
2020-03-29 15:20:58,mainnet,9766734,9737988,28746
2020-03-29 15:22:21,mainnet,9766740,9737996,28744
2020-03-29 15:23:43,mainnet,9766746,9738004,28742
2020-03-29 15:25:05,mainnet,9766748,9738011,28737
2020-03-29 15:26:27,mainnet,9766753,9738018,28735
2020-03-29 15:27:55,mainnet,9766758,9738028,28730
2020-03-29 15:29:18,mainnet,9766769,9738035,28734
2020-03-29 15:30:42,mainnet,9766773,9738043,28730
2020-03-29 15:32:07,mainnet,9766775,9738052,28723
2020-03-29 15:33:30,mainnet,9766781,9738059,28722
2020-03-29 15:34:55,mainnet,9766789,9738070,28719
2020-03-29 15:36:19,mainnet,9766795,9738081,28714
2020-03-29 15:37:42,mainnet,9766803,9738091,28712
2020-03-29 15:39:05,mainnet,9766813,9738100,28713
2020-03-29 15:40:32,mainnet,9766818,9738109,28709
2020-03-29 15:41:55,mainnet,9766826,9738117,28709
2020-03-29 15:43:17,mainnet,9766833,9738129,28704
2020-03-29 15:44:39,mainnet,9766843,9738136,28707
2020-03-29 15:46:06,mainnet,9766851,9738146,28705
2020-03-29 15:47:31,mainnet,9766854,9738157,28697
2020-03-29 15:48:55,mainnet,9766864,9738167,28697
2020-03-29 15:50:17,mainnet,9766868,9738177,28691
2020-03-29 15:51:41,mainnet,9766878,9738189,28689
2020-03-29 15:53:04,mainnet,9766882,9738197,28685
2020-03-29 15:54:29,mainnet,9766889,9738200,28689
2020-03-29 15:55:51,mainnet,9766894,9738204,28690
2020-03-29 15:57:14,mainnet,9766898,9738210,28688
2020-03-29 15:58:36,mainnet,9766908,9738219,28689
2020-03-29 16:00:00,mainnet,9766914,9738229,28685
2020-03-29 16:01:25,mainnet,9766921,9738240,28681
2020-03-29 16:02:48,mainnet,9766926,9738250,28676
2020-03-29 16:04:13,mainnet,9766932,9738270,28662
2020-03-29 16:05:40,mainnet,9766942,9738286,28656
2020-03-29 16:07:05,mainnet,9766954,9738299,28655
2020-03-29 16:08:30,mainnet,9766960,9738313,28647
2020-03-29 16:09:52,mainnet,9766972,9738327,28645
2020-03-29 16:11:15,mainnet,9766977,9738335,28642
2020-03-29 16:12:37,mainnet,9766981,9738350,28631
2020-03-29 16:13:59,mainnet,9766985,9738369,28616
2020-03-29 16:15:21,mainnet,9766993,9738383,28610
2020-03-29 16:16:44,mainnet,9766995,9738396,28599
2020-03-29 16:18:06,mainnet,9767004,9738409,28595
2020-03-29 16:19:28,mainnet,9767006,9738421,28585
2020-03-29 16:20:51,mainnet,9767014,9738430,28584
2020-03-29 16:22:13,mainnet,9767021,9738440,28581
2020-03-29 16:23:35,mainnet,9767025,9738450,28575
2020-03-29 16:24:58,mainnet,9767031,9738466,28565
2020-03-29 16:26:20,mainnet,9767036,9738477,28559
2020-03-29 16:27:42,mainnet,9767043,9738489,28554
2020-03-29 16:29:04,mainnet,9767048,9738502,28546
2020-03-29 16:30:27,mainnet,9767061,9738511,28550
2020-03-29 16:31:49,mainnet,9767065,9738525,28540
2020-03-29 16:33:11,mainnet,9767068,9738540,28528
2020-03-29 16:34:33,mainnet,9767074,9738547,28527
2020-03-29 16:35:55,mainnet,9767076,9738557,28519
2020-03-29 16:37:17,mainnet,9767083,9738568,28515
2020-03-29 16:38:39,mainnet,9767086,9738576,28510
2020-03-29 16:40:01,mainnet,9767091,9738584,28507
2020-03-29 16:41:23,mainnet,9767101,9738593,28508
2020-03-29 16:42:46,mainnet,9767106,9738605,28501
2020-03-29 16:44:08,mainnet,9767113,9738614,28499
2020-03-29 16:45:30,mainnet,9767119,9738622,28497
2020-03-29 16:46:52,mainnet,9767125,9738631,28494
2020-03-29 16:48:14,mainnet,9767138,9738639,28499
2020-03-29 16:49:37,mainnet,9767143,9738646,28497
2020-03-29 16:50:59,mainnet,9767151,9738655,28496
2020-03-29 16:52:21,mainnet,9767156,9738661,28495
2020-03-29 16:53:44,mainnet,9767161,9738670,28491
2020-03-29 16:55:06,mainnet,9767166,9738679,28487
2020-03-29 16:56:30,mainnet,9767175,9738689,28486
2020-03-29 16:57:52,mainnet,9767181,9738699,28482
2020-03-29 16:59:14,mainnet,9767183,9738708,28475
2020-03-29 17:00:36,mainnet,9767187,9738720,28467
2020-03-29 17:01:58,mainnet,9767195,9738730,28465
2020-03-29 17:03:20,mainnet,9767205,9738740,28465
2020-03-29 17:04:42,mainnet,9767209,9738751,28458
2020-03-29 17:06:05,mainnet,9767218,9738760,28458
2020-03-29 17:07:27,mainnet,9767224,9738773,28451
2020-03-29 17:08:49,mainnet,9767230,9738784,28446
2020-03-29 17:10:11,mainnet,9767238,9738794,28444
2020-03-29 17:11:33,mainnet,9767245,9738804,28441
2020-03-29 17:12:55,mainnet,9767254,9738813,28441
2020-03-29 17:14:18,mainnet,9767260,9738825,28435
2020-03-29 17:15:40,mainnet,9767263,9738833,28430
2020-03-29 17:17:02,mainnet,9767271,9738842,28429
2020-03-29 17:18:24,mainnet,9767281,9738853,28428
2020-03-29 17:19:46,mainnet,9767289,9738863,28426
2020-03-29 17:21:08,mainnet,9767300,9738873,28427
2020-03-29 17:22:30,mainnet,9767310,9738881,28429
2020-03-29 17:23:52,mainnet,9767311,9738888,28423
2020-03-29 17:25:14,mainnet,9767314,9738897,28417
2020-03-29 17:26:36,mainnet,9767320,9738906,28414
2020-03-29 17:27:59,mainnet,9767325,9738919,28406
2020-03-29 17:29:21,mainnet,9767333,9738928,28405
2020-03-29 17:30:44,mainnet,9767337,9738940,28397
2020-03-29 17:32:06,mainnet,9767340,9738947,28393
2020-03-29 17:33:28,mainnet,9767346,9738956,28390
2020-03-29 17:34:51,mainnet,9767351,9738967,28384
2020-03-29 17:36:14,mainnet,9767353,9738975,28378
2020-03-29 17:37:36,mainnet,9767359,9738987,28372
2020-03-29 17:38:58,mainnet,9767367,9738995,28372
2020-03-29 17:40:20,mainnet,9767371,9739005,28366
2020-03-29 17:41:42,mainnet,9767380,9739014,28366
2020-03-29 17:43:05,mainnet,9767384,9739024,28360
2020-03-29 17:44:27,mainnet,9767390,9739033,28357
2020-03-29 17:45:50,mainnet,9767397,9739041,28356
2020-03-29 17:47:12,mainnet,9767405,9739053,28352
2020-03-29 17:48:34,mainnet,9767411,9739061,28350
2020-03-29 17:49:56,mainnet,9767412,9739071,28341
2020-03-29 17:51:18,mainnet,9767417,9739080,28337
2020-03-29 17:52:40,mainnet,9767426,9739087,28339
2020-03-29 17:54:02,mainnet,9767428,9739094,28334
2020-03-29 17:55:25,mainnet,9767436,9739104,28332
2020-03-29 17:56:48,mainnet,9767444,9739113,28331
2020-03-29 17:58:10,mainnet,9767451,9739122,28329
2020-03-29 17:59:32,mainnet,9767457,9739134,28323
2020-03-29 18:00:54,mainnet,9767461,9739144,28317
2020-03-29 18:02:33,mainnet,9767472,9739157,28315
2020-03-29 18:04:46,mainnet,9767489,9739170,28319
2020-03-29 18:06:13,mainnet,9767493,9739181,28312
2020-03-29 18:07:36,mainnet,9767499,9739191,28308
2020-03-29 18:08:58,mainnet,9767508,9739203,28305
2020-03-29 18:10:21,mainnet,9767512,9739214,28298
2020-03-29 18:11:43,mainnet,9767520,9739223,28297
2020-03-29 18:13:05,mainnet,9767523,9739234,28289
2020-03-29 18:14:28,mainnet,9767532,9739244,28288
2020-03-29 18:15:50,mainnet,9767537,9739256,28281
2020-03-29 18:17:12,mainnet,9767545,9739265,28280
2020-03-29 18:18:34,mainnet,9767552,9739273,28279
2020-03-29 18:19:57,mainnet,9767559,9739284,28275
2020-03-29 18:21:19,mainnet,9767565,9739293,28272
2020-03-29 18:22:41,mainnet,9767574,9739301,28273
2020-03-29 18:24:03,mainnet,9767582,9739310,28272
2020-03-29 18:25:26,mainnet,9767589,9739323,28266
2020-03-29 18:26:48,mainnet,9767595,9739332,28263
2020-03-29 18:28:10,mainnet,9767606,9739342,28264
2020-03-29 18:29:32,mainnet,9767608,9739351,28257
2020-03-29 18:30:54,mainnet,9767615,9739361,28254
2020-03-29 18:32:16,mainnet,9767621,9739373,28248
2020-03-29 18:33:38,mainnet,9767628,9739383,28245
2020-03-29 18:35:01,mainnet,9767639,9739396,28243
2020-03-29 18:36:29,mainnet,9767649,9739408,28241
2020-03-29 18:38:07,mainnet,9767655,9739417,28238
2020-03-29 18:39:29,mainnet,9767663,9739427,28236
2020-03-29 18:40:51,mainnet,9767669,9739436,28233
2020-03-29 18:42:13,mainnet,9767674,9739444,28230
2020-03-29 18:43:35,mainnet,9767679,9739453,28226
2020-03-29 18:44:57,mainnet,9767684,9739463,28221
2020-03-29 18:46:21,mainnet,9767689,9739471,28218
2020-03-29 18:47:43,mainnet,9767692,9739481,28211
2020-03-29 18:49:05,mainnet,9767698,9739491,28207
2020-03-29 18:50:28,mainnet,9767709,9739502,28207
2020-03-29 18:51:50,mainnet,9767717,9739513,28204
2020-03-29 18:53:12,mainnet,9767723,9739525,28198
2020-03-29 18:54:34,mainnet,9767728,9739536,28192
2020-03-29 18:55:56,mainnet,9767732,9739546,28186
2020-03-29 18:57:18,mainnet,9767743,9739560,28183
2020-03-29 18:58:49,mainnet,9767753,9739573,28180
2020-03-29 19:00:11,mainnet,9767763,9739581,28182
2020-03-29 19:01:34,mainnet,9767770,9739588,28182
2020-03-29 19:02:58,mainnet,9767773,9739595,28178
2020-03-29 19:04:20,mainnet,9767784,9739603,28181
2020-03-29 19:05:42,mainnet,9767789,9739613,28176
2020-03-29 19:07:04,mainnet,9767794,9739622,28172
2020-03-29 19:08:27,mainnet,9767797,9739631,28166
2020-03-29 19:09:49,mainnet,9767805,9739641,28164
2020-03-29 19:11:11,mainnet,9767818,9739651,28167
2020-03-29 19:12:33,mainnet,9767822,9739659,28163
2020-03-29 19:13:55,mainnet,9767826,9739671,28155
2020-03-29 19:15:17,mainnet,9767829,9739680,28149
2020-03-29 19:16:39,mainnet,9767838,9739690,28148
2020-03-29 19:18:01,mainnet,9767843,9739698,28145
2020-03-29 19:19:23,mainnet,9767845,9739709,28136
2020-03-29 19:20:45,mainnet,9767857,9739720,28137
2020-03-29 19:22:07,mainnet,9767861,9739728,28133
2020-03-29 19:23:29,mainnet,9767869,9739739,28130
2020-03-29 19:24:52,mainnet,9767876,9739749,28127
2020-03-29 19:26:14,mainnet,9767885,9739758,28127
2020-03-29 19:27:37,mainnet,9767890,9739761,28129
2020-03-29 19:28:58,mainnet,9767896,9739765,28131
2020-03-29 19:30:26,mainnet,9767902,9739768,28134
2020-03-29 19:31:49,mainnet,9767905,9739774,28131
2020-03-29 19:33:11,mainnet,9767909,9739781,28128
2020-03-29 19:34:33,mainnet,9767917,9739791,28126
2020-03-29 19:35:56,mainnet,9767925,9739801,28124
2020-03-29 19:37:18,mainnet,9767937,9739811,28126
2020-03-29 19:38:40,mainnet,9767945,9739823,28122
2020-03-29 19:40:02,mainnet,9767952,9739834,28118
2020-03-29 19:41:25,mainnet,9767958,9739847,28111
2020-03-29 19:42:47,mainnet,9767965,9739859,28106
2020-03-29 19:44:09,mainnet,9767972,9739868,28104
2020-03-29 19:45:31,mainnet,9767981,9739877,28104
2020-03-29 19:46:53,mainnet,9767984,9739887,28097
2020-03-29 19:48:15,mainnet,9767994,9739894,28100
2020-03-29 19:49:38,mainnet,9768001,9739904,28097
2020-03-29 19:51:00,mainnet,9768007,9739910,28097
2020-03-29 19:52:24,mainnet,9768012,9739920,28092
2020-03-29 19:53:46,mainnet,9768018,9739930,28088
2020-03-29 19:55:08,mainnet,9768022,9739942,28080
2020-03-29 19:56:30,mainnet,9768028,9739953,28075
2020-03-29 19:57:52,mainnet,9768033,9739962,28071
2020-03-29 19:59:15,mainnet,9768038,9739975,28063
2020-03-29 20:00:37,mainnet,9768042,9739985,28057
2020-03-29 20:01:59,mainnet,9768050,9739994,28056
2020-03-29 20:03:21,mainnet,9768058,9740004,28054
2020-03-29 20:04:43,mainnet,9768067,9740014,28053
2020-03-29 20:06:05,mainnet,9768077,9740025,28052
2020-03-29 20:07:27,mainnet,9768080,9740032,28048
2020-03-29 20:08:49,mainnet,9768083,9740040,28043
2020-03-29 20:10:11,mainnet,9768091,9740050,28041
2020-03-29 20:11:33,mainnet,9768098,9740058,28040
2020-03-29 20:12:55,mainnet,9768103,9740066,28037
2020-03-29 20:14:17,mainnet,9768108,9740075,28033
2020-03-29 20:15:40,mainnet,9768119,9740086,28033
2020-03-29 20:17:01,mainnet,9768125,9740096,28029
2020-03-29 20:18:24,mainnet,9768129,9740103,28026
2020-03-29 20:19:46,mainnet,9768136,9740111,28025
2020-03-29 20:21:08,mainnet,9768141,9740120,28021
2020-03-29 20:22:32,mainnet,9768151,9740126,28025
2020-03-29 20:23:54,mainnet,9768157,9740135,28022
2020-03-29 20:25:15,mainnet,9768160,9740144,28016
2020-03-29 20:26:39,mainnet,9768165,9740154,28011
2020-03-29 20:28:01,mainnet,9768173,9740162,28011
2020-03-29 20:29:23,mainnet,9768180,9740169,28011
2020-03-29 20:30:45,mainnet,9768188,9740180,28008
2020-03-29 20:32:07,mainnet,9768191,9740189,28002
2020-03-29 20:33:30,mainnet,9768198,9740198,28000
2020-03-29 20:34:52,mainnet,9768201,9740206,27995
2020-03-29 20:36:14,mainnet,9768207,9740216,27991
2020-03-29 20:37:36,mainnet,9768214,9740225,27989
2020-03-29 20:38:58,mainnet,9768220,9740231,27989
2020-03-29 20:40:20,mainnet,9768225,9740239,27986
2020-03-29 20:41:42,mainnet,9768235,9740246,27989
2020-03-29 20:43:04,mainnet,9768240,9740256,27984
2020-03-29 20:44:26,mainnet,9768245,9740263,27982
2020-03-29 20:45:48,mainnet,9768251,9740273,27978
2020-03-29 20:47:10,mainnet,9768257,9740282,27975
2020-03-29 20:48:32,mainnet,9768261,9740291,27970
2020-03-29 20:49:54,mainnet,9768266,9740300,27966
2020-03-29 20:51:16,mainnet,9768274,9740309,27965
2020-03-29 20:52:38,mainnet,9768277,9740317,27960
2020-03-29 20:54:03,mainnet,9768283,9740325,27958
2020-03-29 20:55:25,mainnet,9768288,9740335,27953
2020-03-29 20:56:48,mainnet,9768292,9740348,27944
2020-03-29 20:58:10,mainnet,9768297,9740356,27941
2020-03-29 20:59:32,mainnet,9768302,9740365,27937
2020-03-29 21:00:55,mainnet,9768308,9740373,27935
2020-03-29 21:02:17,mainnet,9768314,9740382,27932
2020-03-29 21:03:39,mainnet,9768319,9740393,27926
2020-03-29 21:05:01,mainnet,9768329,9740402,27927
2020-03-29 21:06:24,mainnet,9768338,9740413,27925
2020-03-29 21:07:46,mainnet,9768349,9740422,27927
2020-03-29 21:09:08,mainnet,9768352,9740433,27919
2020-03-29 21:10:30,mainnet,9768360,9740441,27919
2020-03-29 21:11:52,mainnet,9768364,9740452,27912
2020-03-29 21:13:15,mainnet,9768368,9740460,27908
2020-03-29 21:14:37,mainnet,9768370,9740478,27892
2020-03-29 21:15:59,mainnet,9768379,9740490,27889
2020-03-29 21:17:21,mainnet,9768387,9740500,27887
2020-03-29 21:18:43,mainnet,9768396,9740511,27885
2020-03-29 21:20:05,mainnet,9768401,9740518,27883
2020-03-29 21:21:27,mainnet,9768410,9740529,27881
2020-03-29 21:22:49,mainnet,9768416,9740539,27877
2020-03-29 21:24:11,mainnet,9768422,9740547,27875
2020-03-29 21:25:36,mainnet,9768429,9740556,27873
2020-03-29 21:26:58,mainnet,9768436,9740568,27868
2020-03-29 21:28:20,mainnet,9768446,9740576,27870
2020-03-29 21:29:43,mainnet,9768450,9740584,27866
2020-03-29 21:31:05,mainnet,9768454,9740596,27858
2020-03-29 21:32:27,mainnet,9768462,9740607,27855
2020-03-29 21:33:49,mainnet,9768468,9740619,27849
2020-03-29 21:35:12,mainnet,9768474,9740626,27848
2020-03-29 21:36:35,mainnet,9768477,9740635,27842
2020-03-29 21:37:58,mainnet,9768482,9740646,27836
2020-03-29 21:39:26,mainnet,9768492,9740657,27835
2020-03-29 21:40:57,mainnet,9768500,9740667,27833
2020-03-29 21:42:20,mainnet,9768509,9740677,27832
2020-03-29 21:43:42,mainnet,9768514,9740686,27828
2020-03-29 21:45:04,mainnet,9768519,9740695,27824
2020-03-29 21:46:27,mainnet,9768524,9740703,27821
2020-03-29 21:47:49,mainnet,9768532,9740712,27820
2020-03-29 21:49:11,mainnet,9768539,9740720,27819
2020-03-29 21:50:33,mainnet,9768544,9740730,27814
2020-03-29 21:51:55,mainnet,9768550,9740738,27812
2020-03-29 21:53:17,mainnet,9768555,9740748,27807
2020-03-29 21:54:39,mainnet,9768557,9740757,27800
2020-03-29 21:56:01,mainnet,9768567,9740767,27800
2020-03-29 21:57:24,mainnet,9768570,9740777,27793
2020-03-29 21:58:46,mainnet,9768576,9740786,27790
2020-03-29 22:00:08,mainnet,9768579,9740797,27782
2020-03-29 22:01:30,mainnet,9768582,9740806,27776
2020-03-29 22:02:53,mainnet,9768583,9740816,27767
2020-03-29 22:04:15,mainnet,9768588,9740824,27764
2020-03-29 22:05:37,mainnet,9768595,9740834,27761
2020-03-29 22:06:59,mainnet,9768601,9740843,27758
2020-03-29 22:08:22,mainnet,9768607,9740855,27752
2020-03-29 22:09:45,mainnet,9768613,9740864,27749
2020-03-29 22:11:07,mainnet,9768616,9740873,27743
2020-03-29 22:12:29,mainnet,9768618,9740882,27736
2020-03-29 22:13:51,mainnet,9768628,9740893,27735
2020-03-29 22:15:14,mainnet,9768637,9740899,27738
2020-03-29 22:16:36,mainnet,9768645,9740907,27738
2020-03-29 22:17:58,mainnet,9768650,9740917,27733
2020-03-29 22:19:20,mainnet,9768656,9740928,27728
2020-03-29 22:20:42,mainnet,9768659,9740938,27721
2020-03-29 22:22:04,mainnet,9768666,9740947,27719
2020-03-29 22:23:26,mainnet,9768675,9740955,27720
2020-03-29 22:24:48,mainnet,9768684,9740963,27721
2020-03-29 22:26:10,mainnet,9768693,9740970,27723
2020-03-29 22:27:32,mainnet,9768703,9740979,27724
2020-03-29 22:28:56,mainnet,9768711,9740990,27721
2020-03-29 22:30:18,mainnet,9768715,9740998,27717
2020-03-29 22:31:40,mainnet,9768721,9741008,27713
2020-03-29 22:33:23,mainnet,9768729,9741016,27713
2020-03-29 22:34:45,mainnet,9768740,9741024,27716
2020-03-29 22:36:07,mainnet,9768746,9741034,27712
2020-03-29 22:37:29,mainnet,9768751,9741043,27708
2020-03-29 22:38:52,mainnet,9768756,9741053,27703
2020-03-29 22:40:14,mainnet,9768759,9741062,27697
2020-03-29 22:41:36,mainnet,9768763,9741071,27692
2020-03-29 22:42:58,mainnet,9768767,9741082,27685
2020-03-29 22:44:20,mainnet,9768771,9741091,27680
2020-03-29 22:45:42,mainnet,9768780,9741099,27681
2020-03-29 22:47:04,mainnet,9768786,9741107,27679
2020-03-29 22:48:26,mainnet,9768795,9741118,27677
2020-03-29 22:49:49,mainnet,9768803,9741125,27678
2020-03-29 22:51:12,mainnet,9768811,9741134,27677
2020-03-29 22:52:34,mainnet,9768816,9741140,27676
2020-03-29 22:53:57,mainnet,9768819,9741149,27670
2020-03-29 22:55:19,mainnet,9768829,9741157,27672
2020-03-29 22:56:41,mainnet,9768837,9741163,27674
2020-03-29 22:58:03,mainnet,9768842,9741171,27671
2020-03-29 22:59:25,mainnet,9768849,9741181,27668
2020-03-29 23:00:47,mainnet,9768856,9741189,27667
2020-03-29 23:02:09,mainnet,9768862,9741198,27664
2020-03-29 23:03:31,mainnet,9768864,9741200,27664
2020-03-29 23:04:54,mainnet,9768868,9741204,27664
2020-03-29 23:06:16,mainnet,9768873,9741208,27665
2020-03-29 23:07:38,mainnet,9768879,9741216,27663
2020-03-29 23:09:00,mainnet,9768886,9741226,27660
2020-03-29 23:10:22,mainnet,9768894,9741234,27660
2020-03-29 23:11:44,mainnet,9768898,9741247,27651
2020-03-29 23:13:05,mainnet,9768901,9741259,27642
2020-03-29 23:14:28,mainnet,9768902,9741266,27636
2020-03-29 23:15:49,mainnet,9768904,9741278,27626
2020-03-29 23:17:12,mainnet,9768911,9741287,27624
2020-03-29 23:18:34,mainnet,9768916,9741294,27622
2020-03-29 23:19:55,mainnet,9768920,9741304,27616
2020-03-29 23:21:17,mainnet,9768924,9741313,27611
2020-03-29 23:22:39,mainnet,9768932,9741326,27606
2020-03-29 23:24:01,mainnet,9768938,9741334,27604
2020-03-29 23:25:23,mainnet,9768946,9741342,27604
2020-03-29 23:26:45,mainnet,9768952,9741352,27600
2020-03-29 23:28:08,mainnet,9768960,9741363,27597
2020-03-29 23:29:30,mainnet,9768966,9741369,27597
2020-03-29 23:30:52,mainnet,9768972,9741380,27592
2020-03-29 23:32:14,mainnet,9768980,9741391,27589
2020-03-29 23:33:36,mainnet,9768983,9741400,27583
2020-03-29 23:34:58,mainnet,9768989,9741409,27580
2020-03-29 23:36:20,mainnet,9768992,9741414,27578
2020-03-29 23:37:42,mainnet,9769001,9741425,27576
2020-03-29 23:39:04,mainnet,9769009,9741437,27572
2020-03-29 23:40:26,mainnet,9769013,9741448,27565
2020-03-29 23:41:48,mainnet,9769017,9741459,27558
2020-03-29 23:43:11,mainnet,9769027,9741471,27556
2020-03-29 23:44:33,mainnet,9769034,9741481,27553
2020-03-29 23:45:55,mainnet,9769042,9741494,27548
2020-03-29 23:47:17,mainnet,9769049,9741503,27546
2020-03-29 23:48:39,mainnet,9769057,9741513,27544
2020-03-29 23:50:01,mainnet,9769061,9741521,27540
2020-03-29 23:51:24,mainnet,9769066,9741529,27537
2020-03-29 23:52:46,mainnet,9769073,9741539,27534
2020-03-29 23:54:09,mainnet,9769075,9741546,27529
2020-03-29 23:55:31,mainnet,9769081,9741558,27523
2020-03-29 23:56:53,mainnet,9769085,9741565,27520
2020-03-29 23:58:15,mainnet,9769089,9741573,27516
2020-03-29 23:59:37,mainnet,9769098,9741586,27512
2020-03-30 00:00:59,mainnet,9769105,9741595,27510
2020-03-30 00:02:22,mainnet,9769112,9741603,27509
2020-03-30 00:03:44,mainnet,9769117,9741611,27506
2020-03-30 00:05:06,mainnet,9769124,9741622,27502
2020-03-30 00:06:28,mainnet,9769130,9741630,27500
2020-03-30 00:07:50,mainnet,9769135,9741638,27497
2020-03-30 00:09:12,mainnet,9769142,9741647,27495
2020-03-30 00:10:35,mainnet,9769146,9741652,27494
2020-03-30 00:11:57,mainnet,9769149,9741658,27491
2020-03-30 00:13:20,mainnet,9769156,9741664,27492
2020-03-30 00:14:43,mainnet,9769162,9741673,27489
2020-03-30 00:16:05,mainnet,9769171,9741681,27490
2020-03-30 00:17:28,mainnet,9769177,9741686,27491
2020-03-30 00:18:50,mainnet,9769184,9741698,27486
2020-03-30 00:20:12,mainnet,9769186,9741706,27480
2020-03-30 00:21:34,mainnet,9769193,9741715,27478
2020-03-30 00:22:56,mainnet,9769202,9741724,27478
2020-03-30 00:24:18,mainnet,9769209,9741735,27474
2020-03-30 00:25:40,mainnet,9769219,9741744,27475
2020-03-30 00:27:02,mainnet,9769226,9741757,27469
2020-03-30 00:28:24,mainnet,9769232,9741765,27467
2020-03-30 00:29:46,mainnet,9769235,9741775,27460
2020-03-30 00:31:09,mainnet,9769240,9741784,27456
2020-03-30 00:32:32,mainnet,9769245,9741795,27450
2020-03-30 00:33:54,mainnet,9769250,9741804,27446
2020-03-30 00:35:16,mainnet,9769257,9741816,27441
2020-03-30 00:36:38,mainnet,9769265,9741824,27441
2020-03-30 00:38:00,mainnet,9769274,9741834,27440
2020-03-30 00:39:23,mainnet,9769283,9741845,27438
2020-03-30 00:40:45,mainnet,9769287,9741854,27433
2020-03-30 00:42:07,mainnet,9769292,9741860,27432
2020-03-30 00:43:29,mainnet,9769299,9741870,27429
2020-03-30 00:44:52,mainnet,9769305,9741880,27425
2020-03-30 00:46:14,mainnet,9769307,9741891,27416
2020-03-30 00:47:36,mainnet,9769316,9741902,27414
2020-03-30 00:48:58,mainnet,9769320,9741911,27409
2020-03-30 00:50:20,mainnet,9769324,9741925,27399
2020-03-30 00:51:42,mainnet,9769329,9741935,27394
2020-03-30 00:53:05,mainnet,9769335,9741945,27390
2020-03-30 00:54:27,mainnet,9769349,9741958,27391
2020-03-30 00:55:49,mainnet,9769355,9741969,27386
2020-03-30 00:57:11,mainnet,9769363,9741979,27384
2020-03-30 00:58:33,mainnet,9769370,9741988,27382
2020-03-30 00:59:55,mainnet,9769378,9741998,27380
2020-03-30 01:01:17,mainnet,9769383,9742008,27375
2020-03-30 01:02:39,mainnet,9769390,9742019,27371
2020-03-30 01:04:01,mainnet,9769397,9742024,27373
2020-03-30 01:05:23,mainnet,9769402,9742034,27368
2020-03-30 01:06:45,mainnet,9769405,9742049,27356
2020-03-30 01:08:07,mainnet,9769410,9742061,27349
2020-03-30 01:09:29,mainnet,9769415,9742071,27344
2020-03-30 01:10:51,mainnet,9769419,9742080,27339
2020-03-30 01:12:13,mainnet,9769423,9742089,27334
2020-03-30 01:13:35,mainnet,9769428,9742100,27328
2020-03-30 01:14:58,mainnet,9769439,9742113,27326
2020-03-30 01:16:20,mainnet,9769448,9742125,27323
2020-03-30 01:17:42,mainnet,9769453,9742133,27320
2020-03-30 01:19:04,mainnet,9769461,9742145,27316
2020-03-30 01:20:26,mainnet,9769471,9742152,27319
2020-03-30 01:21:48,mainnet,9769477,9742162,27315
2020-03-30 01:23:10,mainnet,9769486,9742170,27316
2020-03-30 01:24:32,mainnet,9769492,9742181,27311
2020-03-30 01:25:54,mainnet,9769500,9742192,27308
2020-03-30 01:27:16,mainnet,9769504,9742203,27301
2020-03-30 01:28:39,mainnet,9769507,9742213,27294
2020-03-30 01:30:01,mainnet,9769512,9742228,27284
2020-03-30 01:31:23,mainnet,9769518,9742239,27279
2020-03-30 01:32:45,mainnet,9769524,9742251,27273
2020-03-30 01:34:07,mainnet,9769529,9742262,27267
2020-03-30 01:35:30,mainnet,9769537,9742277,27260
2020-03-30 01:36:52,mainnet,9769547,9742287,27260
2020-03-30 01:38:14,mainnet,9769557,9742296,27261
2020-03-30 01:39:36,mainnet,9769561,9742312,27249
2020-03-30 01:41:00,mainnet,9769570,9742325,27245
2020-03-30 01:42:22,mainnet,9769575,9742337,27238
2020-03-30 01:43:44,mainnet,9769585,9742348,27237
2020-03-30 01:45:06,mainnet,9769595,9742356,27239
2020-03-30 01:46:28,mainnet,9769601,9742365,27236
2020-03-30 01:47:50,mainnet,9769604,9742377,27227
2020-03-30 01:49:12,mainnet,9769612,9742388,27224
2020-03-30 01:50:34,mainnet,9769619,9742400,27219
2020-03-30 01:51:56,mainnet,9769627,9742412,27215
2020-03-30 01:53:18,mainnet,9769630,9742421,27209
2020-03-30 01:54:40,mainnet,9769640,9742432,27208
2020-03-30 01:56:02,mainnet,9769646,9742447,27199
2020-03-30 01:57:24,mainnet,9769655,9742460,27195
2020-03-30 01:58:46,mainnet,9769660,9742470,27190
2020-03-30 02:00:08,mainnet,9769668,9742479,27189
2020-03-30 02:01:30,mainnet,9769676,9742492,27184
2020-03-30 02:02:52,mainnet,9769683,9742500,27183
2020-03-30 02:04:13,mainnet,9769687,9742507,27180
2020-03-30 02:05:36,mainnet,9769695,9742520,27175
2020-03-30 02:06:58,mainnet,9769703,9742533,27170
2020-03-30 02:08:20,mainnet,9769710,9742546,27164
2020-03-30 02:09:42,mainnet,9769716,9742557,27159
2020-03-30 02:11:04,mainnet,9769724,9742568,27156
2020-03-30 02:12:26,mainnet,9769729,9742580,27149
2020-03-30 02:13:48,mainnet,9769740,9742588,27152
2020-03-30 02:15:10,mainnet,9769746,9742601,27145
2020-03-30 02:16:33,mainnet,9769757,9742611,27146
2020-03-30 02:17:55,mainnet,9769769,9742625,27144
2020-03-30 02:19:17,mainnet,9769776,9742636,27140
2020-03-30 02:20:39,mainnet,9769779,9742651,27128
2020-03-30 02:22:01,mainnet,9769785,9742661,27124
2020-03-30 02:23:23,mainnet,9769789,9742675,27114
2020-03-30 02:24:46,mainnet,9769794,9742689,27105
2020-03-30 02:26:08,mainnet,9769798,9742698,27100
2020-03-30 02:27:30,mainnet,9769801,9742718,27083
2020-03-30 02:28:52,mainnet,9769809,9742731,27078
2020-03-30 02:30:14,mainnet,9769813,9742748,27065
2020-03-30 02:31:37,mainnet,9769817,9742756,27061
2020-03-30 02:32:59,mainnet,9769822,9742768,27054
2020-03-30 02:34:20,mainnet,9769829,9742779,27050
2020-03-30 02:35:43,mainnet,9769835,9742792,27043
2020-03-30 02:37:04,mainnet,9769842,9742803,27039
2020-03-30 02:38:27,mainnet,9769849,9742816,27033
2020-03-30 02:39:49,mainnet,9769856,9742827,27029
2020-03-30 02:41:11,mainnet,9769863,9742838,27025
2020-03-30 02:42:33,mainnet,9769866,9742848,27018
2020-03-30 02:43:55,mainnet,9769872,9742857,27015
2020-03-30 02:45:17,mainnet,9769882,9742867,27015
2020-03-30 02:46:39,mainnet,9769891,9742876,27015
2020-03-30 02:48:02,mainnet,9769894,9742885,27009
2020-03-30 02:49:24,mainnet,9769901,9742892,27009
2020-03-30 02:50:46,mainnet,9769906,9742902,27004
2020-03-30 02:52:09,mainnet,9769909,9742913,26996
2020-03-30 02:53:31,mainnet,9769917,9742922,26995
2020-03-30 02:54:53,mainnet,9769927,9742930,26997
2020-03-30 02:56:15,mainnet,9769932,9742938,26994
2020-03-30 02:57:37,mainnet,9769939,9742945,26994
2020-03-30 02:58:59,mainnet,9769947,9742951,26996
2020-03-30 03:00:21,mainnet,9769952,9742956,26996
2020-03-30 03:01:43,mainnet,9769955,9742965,26990
2020-03-30 03:03:05,mainnet,9769957,9742972,26985
2020-03-30 03:04:28,mainnet,9769961,9742984,26977
2020-03-30 03:05:50,mainnet,9769964,9742991,26973
2020-03-30 03:07:12,mainnet,9769969,9743003,26966
2020-03-30 03:08:34,mainnet,9769978,9743016,26962
2020-03-30 03:09:56,mainnet,9769981,9743026,26955
2020-03-30 03:11:18,mainnet,9769981,9743035,26946
2020-03-30 03:12:39,mainnet,9769987,9743046,26941
2020-03-30 03:14:02,mainnet,9769993,9743055,26938
2020-03-30 03:15:24,mainnet,9769995,9743068,26927
2020-03-30 03:16:46,mainnet,9770003,9743080,26923
2020-03-30 03:18:08,mainnet,9770011,9743094,26917
2020-03-30 03:19:30,mainnet,9770017,9743108,26909
2020-03-30 03:20:52,mainnet,9770024,9743117,26907
2020-03-30 03:22:14,mainnet,9770031,9743130,26901
2020-03-30 03:23:35,mainnet,9770036,9743144,26892
2020-03-30 03:24:57,mainnet,9770042,9743153,26889
2020-03-30 03:26:19,mainnet,9770044,9743161,26883
2020-03-30 03:27:41,mainnet,9770051,9743172,26879
2020-03-30 03:29:03,mainnet,9770055,9743189,26866
2020-03-30 03:30:26,mainnet,9770059,9743203,26856
2020-03-30 03:31:48,mainnet,9770068,9743212,26856
2020-03-30 03:33:10,mainnet,9770075,9743223,26852
2020-03-30 03:34:32,mainnet,9770079,9743235,26844
2020-03-30 03:35:54,mainnet,9770085,9743247,26838
2020-03-30 03:37:16,mainnet,9770089,9743261,26828
2020-03-30 03:38:38,mainnet,9770096,9743272,26824
2020-03-30 03:40:00,mainnet,9770099,9743284,26815
2020-03-30 03:41:22,mainnet,9770105,9743290,26815
2020-03-30 03:42:44,mainnet,9770111,9743298,26813
2020-03-30 03:44:06,mainnet,9770121,9743306,26815
2020-03-30 03:45:28,mainnet,9770128,9743317,26811
2020-03-30 03:46:50,mainnet,9770131,9743325,26806
2020-03-30 03:48:12,mainnet,9770135,9743336,26799
2020-03-30 03:49:34,mainnet,9770140,9743346,26794
2020-03-30 03:50:56,mainnet,9770146,9743355,26791
2020-03-30 03:52:18,mainnet,9770157,9743364,26793
2020-03-30 03:53:41,mainnet,9770164,9743373,26791
2020-03-30 03:55:03,mainnet,9770168,9743387,26781
2020-03-30 03:56:25,mainnet,9770174,9743398,26776
2020-03-30 03:57:47,mainnet,9770183,9743411,26772
2020-03-30 03:59:10,mainnet,9770191,9743430,26761
2020-03-30 04:00:32,mainnet,9770195,9743446,26749
2020-03-30 04:01:54,mainnet,9770199,9743460,26739
2020-03-30 04:03:17,mainnet,9770206,9743473,26733
2020-03-30 04:04:40,mainnet,9770211,9743489,26722
2020-03-30 04:06:02,mainnet,9770218,9743499,26719
2020-03-30 04:07:24,mainnet,9770222,9743507,26715
2020-03-30 04:08:46,mainnet,9770230,9743519,26711
2020-03-30 04:10:08,mainnet,9770236,9743531,26705
2020-03-30 04:11:31,mainnet,9770245,9743541,26704
2020-03-30 04:12:53,mainnet,9770251,9743557,26694
2020-03-30 04:14:15,mainnet,9770256,9743565,26691
2020-03-30 04:15:37,mainnet,9770261,9743573,26688
2020-03-30 04:16:59,mainnet,9770266,9743584,26682
2020-03-30 04:18:21,mainnet,9770275,9743596,26679
2020-03-30 04:19:44,mainnet,9770280,9743604,26676
2020-03-30 04:21:06,mainnet,9770287,9743617,26670
2020-03-30 04:22:28,mainnet,9770291,9743629,26662
2020-03-30 04:23:50,mainnet,9770297,9743639,26658
2020-03-30 04:25:12,mainnet,9770303,9743647,26656
2020-03-30 04:26:34,mainnet,9770308,9743657,26651
2020-03-30 04:27:57,mainnet,9770320,9743669,26651
2020-03-30 04:29:20,mainnet,9770325,9743681,26644
2020-03-30 04:30:43,mainnet,9770335,9743694,26641
2020-03-30 04:32:05,mainnet,9770344,9743706,26638
2020-03-30 04:33:28,mainnet,9770352,9743715,26637
2020-03-30 04:34:50,mainnet,9770362,9743724,26638
2020-03-30 04:36:12,mainnet,9770367,9743733,26634
2020-03-30 04:37:34,mainnet,9770372,9743741,26631
2020-03-30 04:38:56,mainnet,9770379,9743751,26628
2020-03-30 04:40:18,mainnet,9770384,9743763,26621
2020-03-30 04:41:42,mainnet,9770395,9743771,26624
2020-03-30 04:43:04,mainnet,9770404,9743784,26620
2020-03-30 04:44:26,mainnet,9770409,9743795,26614
2020-03-30 04:45:49,mainnet,9770412,9743807,26605
2020-03-30 04:47:11,mainnet,9770415,9743817,26598
2020-03-30 04:48:33,mainnet,9770424,9743829,26595
2020-03-30 04:49:55,mainnet,9770434,9743842,26592
2020-03-30 04:51:17,mainnet,9770439,9743850,26589
2020-03-30 04:52:39,mainnet,9770445,9743864,26581
2020-03-30 04:54:01,mainnet,9770452,9743873,26579
2020-03-30 04:55:24,mainnet,9770457,9743881,26576
2020-03-30 04:56:46,mainnet,9770460,9743894,26566
2020-03-30 04:58:08,mainnet,9770466,9743907,26559
2020-03-30 04:59:30,mainnet,9770470,9743917,26553
2020-03-30 05:00:52,mainnet,9770475,9743928,26547
2020-03-30 05:02:14,mainnet,9770481,9743942,26539
2020-03-30 05:03:36,mainnet,9770487,9743952,26535
2020-03-30 05:04:58,mainnet,9770493,9743964,26529
2020-03-30 05:06:20,mainnet,9770502,9743975,26527
2020-03-30 05:07:42,mainnet,9770507,9743987,26520
2020-03-30 05:09:04,mainnet,9770513,9743997,26516
2020-03-30 05:10:27,mainnet,9770519,9744008,26511
2020-03-30 05:11:48,mainnet,9770528,9744019,26509
2020-03-30 05:13:11,mainnet,9770535,9744030,26505
2020-03-30 05:14:33,mainnet,9770538,9744041,26497
2020-03-30 05:15:55,mainnet,9770542,9744053,26489
2020-03-30 05:17:17,mainnet,9770546,9744065,26481
2020-03-30 05:18:39,mainnet,9770552,9744078,26474
2020-03-30 05:20:01,mainnet,9770556,9744089,26467
2020-03-30 05:21:23,mainnet,9770562,9744099,26463
2020-03-30 05:22:46,mainnet,9770567,9744111,26456
2020-03-30 05:24:08,mainnet,9770577,9744120,26457
2020-03-30 05:25:30,mainnet,9770582,9744128,26454
2020-03-30 05:26:52,mainnet,9770589,9744138,26451
2020-03-30 05:28:15,mainnet,9770595,9744147,26448
2020-03-30 05:29:38,mainnet,9770609,9744159,26450
2020-03-30 05:31:00,mainnet,9770617,9744169,26448
2020-03-30 05:32:23,mainnet,9770623,9744177,26446
2020-03-30 05:33:45,mainnet,9770628,9744188,26440
2020-03-30 05:35:07,mainnet,9770632,9744196,26436
2020-03-30 05:36:29,mainnet,9770640,9744208,26432
2020-03-30 05:37:52,mainnet,9770650,9744219,26431
2020-03-30 05:39:14,mainnet,9770655,9744229,26426
2020-03-30 05:40:36,mainnet,9770659,9744239,26420
2020-03-30 05:41:58,mainnet,9770665,9744248,26417
2020-03-30 05:43:21,mainnet,9770668,9744259,26409
2020-03-30 05:44:43,mainnet,9770671,9744267,26404
2020-03-30 05:46:05,mainnet,9770679,9744281,26398
2020-03-30 05:47:27,mainnet,9770683,9744293,26390
2020-03-30 05:48:50,mainnet,9770689,9744302,26387
2020-03-30 05:50:12,mainnet,9770694,9744311,26383
2020-03-30 05:51:34,mainnet,9770704,9744322,26382
2020-03-30 05:52:56,mainnet,9770710,9744332,26378
2020-03-30 05:54:18,mainnet,9770719,9744343,26376
2020-03-30 05:55:40,mainnet,9770723,9744352,26371
2020-03-30 05:57:03,mainnet,9770732,9744365,26367
2020-03-30 05:58:25,mainnet,9770742,9744376,26366
2020-03-30 05:59:48,mainnet,9770747,9744387,26360
2020-03-30 06:01:10,mainnet,9770751,9744398,26353
2020-03-30 06:02:32,mainnet,9770758,9744405,26353
2020-03-30 06:03:54,mainnet,9770762,9744415,26347
2020-03-30 06:05:16,mainnet,9770765,9744425,26340
2020-03-30 06:06:39,mainnet,9770768,9744440,26328
2020-03-30 06:08:01,mainnet,9770777,9744452,26325
2020-03-30 06:09:23,mainnet,9770782,9744462,26320
2020-03-30 06:10:46,mainnet,9770790,9744470,26320
2020-03-30 06:12:08,mainnet,9770796,9744480,26316
2020-03-30 06:13:30,mainnet,9770803,9744491,26312
2020-03-30 06:14:52,mainnet,9770810,9744503,26307
2020-03-30 06:16:14,mainnet,9770820,9744516,26304
2020-03-30 06:17:36,mainnet,9770828,9744524,26304
2020-03-30 06:18:58,mainnet,9770835,9744538,26297
2020-03-30 06:20:20,mainnet,9770843,9744552,26291
2020-03-30 06:21:42,mainnet,9770854,9744564,26290
2020-03-30 06:23:05,mainnet,9770862,9744577,26285
2020-03-30 06:24:27,mainnet,9770866,9744586,26280
2020-03-30 06:25:49,mainnet,9770873,9744599,26274
2020-03-30 06:27:12,mainnet,9770879,9744605,26274
2020-03-30 06:28:34,mainnet,9770886,9744619,26267
2020-03-30 06:29:56,mainnet,9770895,9744628,26267
2020-03-30 06:31:19,mainnet,9770904,9744638,26266
2020-03-30 06:32:41,mainnet,9770911,9744649,26262
2020-03-30 06:34:03,mainnet,9770920,9744655,26265
2020-03-30 06:35:25,mainnet,9770927,9744659,26268
2020-03-30 06:36:47,mainnet,9770932,9744662,26270
2020-03-30 06:38:09,mainnet,9770939,9744670,26269
2020-03-30 06:39:32,mainnet,9770944,9744686,26258
2020-03-30 06:40:54,mainnet,9770949,9744696,26253
2020-03-30 06:42:16,mainnet,9770954,9744708,26246
2020-03-30 06:43:40,mainnet,9770961,9744720,26241
2020-03-30 06:45:02,mainnet,9770968,9744732,26236
2020-03-30 06:46:24,mainnet,9770979,9744743,26236
2020-03-30 06:47:47,mainnet,9770991,9744751,26240
2020-03-30 06:49:09,mainnet,9770993,9744761,26232
2020-03-30 06:50:32,mainnet,9770998,9744772,26226
2020-03-30 06:51:54,mainnet,9771003,9744781,26222
2020-03-30 06:53:16,mainnet,9771010,9744793,26217
2020-03-30 06:54:39,mainnet,9771016,9744806,26210
2020-03-30 06:56:01,mainnet,9771019,9744818,26201
2020-03-30 06:57:23,mainnet,9771024,9744829,26195
2020-03-30 06:58:45,mainnet,9771031,9744842,26189
2020-03-30 07:00:07,mainnet,9771036,9744852,26184
2020-03-30 07:01:30,mainnet,9771038,9744864,26174
2020-03-30 07:02:55,mainnet,9771043,9744881,26162
2020-03-30 07:04:31,mainnet,9771050,9744892,26158
2020-03-30 07:05:54,mainnet,9771053,9744903,26150
2020-03-30 07:07:16,mainnet,9771058,9744917,26141
2020-03-30 07:08:39,mainnet,9771064,9744927,26137
2020-03-30 07:10:01,mainnet,9771071,9744940,26131
2020-03-30 07:11:24,mainnet,9771075,9744949,26126
2020-03-30 07:12:46,mainnet,9771083,9744960,26123
2020-03-30 07:14:08,mainnet,9771088,9744971,26117
2020-03-30 07:15:30,mainnet,9771091,9744985,26106
2020-03-30 07:16:53,mainnet,9771097,9744994,26103
2020-03-30 07:18:15,mainnet,9771104,9745002,26102
2020-03-30 07:19:37,mainnet,9771113,9745012,26101
2020-03-30 07:20:59,mainnet,9771118,9745022,26096
2020-03-30 07:22:22,mainnet,9771128,9745030,26098
2020-03-30 07:23:44,mainnet,9771134,9745039,26095
2020-03-30 07:25:06,mainnet,9771142,9745050,26092
2020-03-30 07:26:28,mainnet,9771148,9745060,26088
2020-03-30 07:27:50,mainnet,9771156,9745072,26084
2020-03-30 07:29:12,mainnet,9771159,9745083,26076
2020-03-30 07:30:35,mainnet,9771163,9745094,26069
2020-03-30 07:31:57,mainnet,9771168,9745102,26066
2020-03-30 07:33:19,mainnet,9771172,9745111,26061
2020-03-30 07:34:41,mainnet,9771178,9745123,26055
2020-03-30 07:36:04,mainnet,9771183,9745134,26049
2020-03-30 07:37:32,mainnet,9771192,9745145,26047
2020-03-30 07:38:54,mainnet,9771197,9745155,26042
2020-03-30 07:40:17,mainnet,9771200,9745166,26034
2020-03-30 07:41:39,mainnet,9771205,9745174,26031
2020-03-30 07:43:01,mainnet,9771209,9745184,26025
2020-03-30 07:44:23,mainnet,9771217,9745197,26020
2020-03-30 07:45:45,mainnet,9771223,9745210,26013
2020-03-30 07:47:07,mainnet,9771231,9745220,26011
2020-03-30 07:48:29,mainnet,9771237,9745229,26008
2020-03-30 07:49:52,mainnet,9771243,9745240,26003
2020-03-30 07:51:13,mainnet,9771246,9745257,25989
2020-03-30 07:52:36,mainnet,9771253,9745268,25985
2020-03-30 07:53:58,mainnet,9771259,9745278,25981
2020-03-30 07:55:20,mainnet,9771267,9745288,25979
2020-03-30 07:56:42,mainnet,9771272,9745299,25973
2020-03-30 07:58:04,mainnet,9771279,9745312,25967
2020-03-30 07:59:27,mainnet,9771284,9745325,25959
2020-03-30 08:00:49,mainnet,9771294,9745335,25959
2020-03-30 08:02:12,mainnet,9771300,9745344,25956
2020-03-30 08:03:34,mainnet,9771311,9745354,25957
2020-03-30 08:04:56,mainnet,9771314,9745363,25951
2020-03-30 08:06:18,mainnet,9771317,9745373,25944
2020-03-30 08:07:40,mainnet,9771323,9745384,25939
2020-03-30 08:09:02,mainnet,9771329,9745395,25934
2020-03-30 08:10:25,mainnet,9771336,9745409,25927
2020-03-30 08:11:48,mainnet,9771341,9745420,25921
2020-03-30 08:13:10,mainnet,9771345,9745431,25914
2020-03-30 08:14:32,mainnet,9771349,9745440,25909
2020-03-30 08:15:54,mainnet,9771352,9745456,25896
2020-03-30 08:17:16,mainnet,9771356,9745466,25890
2020-03-30 08:18:40,mainnet,9771362,9745480,25882
2020-03-30 08:20:05,mainnet,9771370,9745489,25881
2020-03-30 08:21:28,mainnet,9771376,9745502,25874
2020-03-30 08:22:50,mainnet,9771384,9745515,25869
2020-03-30 08:24:13,mainnet,9771389,9745528,25861
2020-03-30 08:25:37,mainnet,9771400,9745538,25862
2020-03-30 08:26:59,mainnet,9771407,9745548,25859
2020-03-30 08:28:21,mainnet,9771413,9745558,25855
2020-03-30 08:29:43,mainnet,9771420,9745565,25855
2020-03-30 08:31:05,mainnet,9771427,9745572,25855
2020-03-30 08:32:28,mainnet,9771430,9745581,25849
2020-03-30 08:33:50,mainnet,9771436,9745593,25843
2020-03-30 08:35:13,mainnet,9771443,9745605,25838
2020-03-30 08:36:35,mainnet,9771450,9745619,25831
2020-03-30 08:37:58,mainnet,9771458,9745628,25830
2020-03-30 08:39:20,mainnet,9771466,9745640,25826
2020-03-30 08:40:42,mainnet,9771473,9745649,25824
2020-03-30 08:42:04,mainnet,9771485,9745660,25825
2020-03-30 08:43:26,mainnet,9771490,9745672,25818
2020-03-30 08:44:50,mainnet,9771495,9745683,25812
2020-03-30 08:46:12,mainnet,9771501,9745697,25804
2020-03-30 08:47:34,mainnet,9771506,9745710,25796
2020-03-30 08:48:56,mainnet,9771510,9745720,25790
2020-03-30 08:50:18,mainnet,9771513,9745730,25783
2020-03-30 08:51:40,mainnet,9771519,9745740,25779
2020-03-30 08:53:02,mainnet,9771523,9745750,25773
2020-03-30 08:54:25,mainnet,9771536,9745762,25774
2020-03-30 08:55:48,mainnet,9771545,9745774,25771
2020-03-30 08:57:10,mainnet,9771553,9745784,25769
2020-03-30 08:58:32,mainnet,9771561,9745796,25765
2020-03-30 08:59:55,mainnet,9771566,9745806,25760
2020-03-30 09:01:17,mainnet,9771573,9745818,25755
2020-03-30 09:02:39,mainnet,9771576,9745831,25745
2020-03-30 09:04:01,mainnet,9771581,9745840,25741
2020-03-30 09:05:24,mainnet,9771589,9745851,25738
2020-03-30 09:06:48,mainnet,9771598,9745860,25738
2020-03-30 09:08:11,mainnet,9771602,9745870,25732
2020-03-30 09:09:33,mainnet,9771608,9745878,25730
2020-03-30 09:10:55,mainnet,9771615,9745885,25730
2020-03-30 09:12:18,mainnet,9771621,9745898,25723
2020-03-30 09:13:40,mainnet,9771630,9745906,25724
2020-03-30 09:15:03,mainnet,9771640,9745914,25726
2020-03-30 09:16:27,mainnet,9771648,9745925,25723
2020-03-30 09:17:51,mainnet,9771655,9745935,25720
2020-03-30 09:19:13,mainnet,9771657,9745945,25712
2020-03-30 09:20:35,mainnet,9771661,9745956,25705
2020-03-30 09:21:57,mainnet,9771669,9745967,25702
2020-03-30 09:23:20,mainnet,9771676,9745975,25701
2020-03-30 09:24:42,mainnet,9771681,9745983,25698
2020-03-30 09:26:04,mainnet,9771686,9745996,25690
2020-03-30 09:27:27,mainnet,9771692,9746007,25685
2020-03-30 09:28:49,mainnet,9771701,9746018,25683
2020-03-30 09:30:11,mainnet,9771705,9746029,25676
2020-03-30 09:31:34,mainnet,9771708,9746043,25665
2020-03-30 09:32:56,mainnet,9771712,9746053,25659
2020-03-30 09:34:18,mainnet,9771720,9746060,25660
2020-03-30 09:35:40,mainnet,9771728,9746073,25655
2020-03-30 09:37:03,mainnet,9771733,9746081,25652
2020-03-30 09:38:26,mainnet,9771738,9746087,25651
2020-03-30 09:39:49,mainnet,9771744,9746096,25648
2020-03-30 09:41:11,mainnet,9771748,9746104,25644
2020-03-30 09:42:33,mainnet,9771753,9746116,25637
2020-03-30 09:43:55,mainnet,9771761,9746122,25639
2020-03-30 09:45:18,mainnet,9771766,9746125,25641
2020-03-30 09:46:40,mainnet,9771769,9746139,25630
2020-03-30 09:48:03,mainnet,9771776,9746148,25628
2020-03-30 09:49:28,mainnet,9771782,9746160,25622
2020-03-30 09:50:50,mainnet,9771784,9746172,25612
2020-03-30 09:52:13,mainnet,9771790,9746182,25608
2020-03-30 09:53:35,mainnet,9771798,9746188,25610
2020-03-30 09:54:59,mainnet,9771804,9746191,25613
2020-03-30 09:56:21,mainnet,9771809,9746196,25613
2020-03-30 09:57:47,mainnet,9771816,9746200,25616
2020-03-30 09:59:09,mainnet,9771821,9746209,25612
2020-03-30 10:00:32,mainnet,9771826,9746220,25606
2020-03-30 10:02:05,mainnet,9771839,9746230,25609
2020-03-30 10:03:29,mainnet,9771844,9746241,25603
2020-03-30 10:04:51,mainnet,9771850,9746247,25603
2020-03-30 10:06:20,mainnet,9771860,9746255,25605
2020-03-30 10:07:44,mainnet,9771865,9746258,25607
2020-03-30 10:09:09,mainnet,9771866,9746263,25603
2020-03-30 10:09:09,kovan,17633177,17579253,53924
2020-03-30 10:10:40,mainnet,9771872,9746267,25605
2020-03-30 10:10:40,kovan,17633195,17579382,53813
2020-03-30 10:12:03,mainnet,9771882,9746273,25609
2020-03-30 10:12:03,kovan,17633222,17579631,53591
2020-03-30 10:14:12,mainnet,9771885,9746275,25610
2020-03-30 10:14:12,kovan,17633242,17579901,53341
2020-03-30 10:17:59,mainnet,9771895,9746283,25612
2020-03-30 10:17:59,kovan,17633304,17581760,51544
2020-03-30 10:21:02,mainnet,9771903,9746287,25616
2020-03-30 10:21:02,kovan,17633323,17582479,50844
2020-03-30 10:22:35,mainnet,9771908,9746291,25617
2020-03-30 10:22:35,kovan,17633339,17583948,49391
2020-03-30 10:24:04,mainnet,9771916,9746294,25622
2020-03-30 10:24:04,kovan,17633361,17586030,47331
2020-03-30 10:25:58,mainnet,9771923,9746297,25626
2020-03-30 10:25:58,kovan,17633383,17587555,45828
2020-03-30 10:27:42,mainnet,9771935,9746302,25633
2020-03-30 10:27:42,kovan,17633405,17589222,44183
2020-03-30 10:29:45,mainnet,9771941,9746306,25635
2020-03-30 10:29:45,kovan,17633422,17590277,43145
2020-03-30 10:31:11,mainnet,9771946,9746311,25635
2020-03-30 10:31:11,kovan,17633451,17592028,41423
2020-03-30 10:33:32,mainnet,9771955,9746315,25640
2020-03-30 10:33:32,kovan,17633471,17593354,40117
2020-03-30 10:35:04,mainnet,9771963,9746319,25644
2020-03-30 10:35:04,kovan,17633489,17595252,38237
2020-03-30 10:36:38,mainnet,9771973,9746322,25651
2020-03-30 10:36:38,kovan,17633506,17597194,36312
2020-03-30 10:38:04,mainnet,9771981,9746324,25657
2020-03-30 10:38:04,kovan,17633522,17598646,34876
2020-03-30 10:39:27,mainnet,9771990,9746327,25663
2020-03-30 10:39:27,kovan,17633539,17600932,32607
2020-03-30 10:40:52,mainnet,9771996,9746332,25664
2020-03-30 10:40:52,kovan,17633557,17603199,30358
2020-03-30 10:42:22,mainnet,9772000,9746335,25665
2020-03-30 10:42:22,kovan,17633574,17605171,28403
2020-03-30 10:43:45,mainnet,9772006,9746338,25668
2020-03-30 10:43:45,kovan,17633592,17607269,26323
2020-03-30 10:45:10,mainnet,9772014,9746342,25672
2020-03-30 10:47:30,mainnet,9772026,9746348,25678
2020-03-30 10:47:30,kovan,17633641,17611979,21662
2020-03-30 10:49:11,mainnet,9772034,9746354,25680
2020-03-30 10:49:11,kovan,17633660,17612506,21154
2020-03-30 10:50:49,mainnet,9772044,9746358,25686
2020-03-30 10:50:49,kovan,17633682,17612523,21159
2020-03-30 10:52:21,mainnet,9772050,9746361,25689
2020-03-30 10:52:21,kovan,17633705,17612538,21167
2020-03-30 10:53:50,mainnet,9772058,9746366,25692
2020-03-30 10:53:50,kovan,17633735,17612561,21174
2020-03-30 10:58:02,mainnet,9772078,9746377,25701
2020-03-30 10:58:02,kovan,17633786,17613158,20628
2020-03-30 10:59:29,mainnet,9772085,9746381,25704
2020-03-30 10:59:29,kovan,17633807,17613174,20633
2020-03-30 11:01:01,mainnet,9772091,9746384,25707
2020-03-30 11:01:01,kovan,17633833,17613379,20454
2020-03-30 11:02:44,mainnet,9772098,9746389,25709
2020-03-30 11:02:44,kovan,17633850,17616140,17710
2020-03-30 11:04:09,mainnet,9772101,9746393,25708
2020-03-30 11:04:09,kovan,17633868,17618462,15406
2020-03-30 11:05:32,mainnet,9772107,9746397,25710
2020-03-30 11:05:32,kovan,17633889,17620473,13416
2020-03-30 11:06:56,mainnet,9772113,9746401,25712
2020-03-30 11:06:56,kovan,17633908,17621393,12515
2020-03-30 11:08:22,mainnet,9772123,9746404,25719
2020-03-30 11:08:22,kovan,17633925,17622051,11874
2020-03-30 11:09:47,mainnet,9772128,9746408,25720
2020-03-30 11:09:47,kovan,17633944,17622066,11878
2020-03-30 11:11:10,mainnet,9772138,9746412,25726
2020-03-30 11:11:10,kovan,17633961,17622084,11877
2020-03-30 11:12:38,mainnet,9772145,9746416,25729
2020-03-30 11:12:38,kovan,17633985,17622102,11883
2020-03-30 11:14:21,mainnet,9772154,9746421,25733
2020-03-30 11:14:21,kovan,17634004,17622576,11428
2020-03-30 11:15:51,mainnet,9772157,9746426,25731
2020-03-30 11:15:51,kovan,17634022,17624409,9613
2020-03-30 11:17:18,mainnet,9772168,9746430,25738
2020-03-30 11:17:18,kovan,17634048,17627153,6895
2020-03-30 11:19:06,mainnet,9772176,9746433,25743
2020-03-30 11:19:06,kovan,17634068,17629515,4553
2020-03-30 11:20:32,mainnet,9772182,9746437,25745
2020-03-30 11:20:32,kovan,17634086,17631333,2753
2020-03-30 11:21:56,mainnet,9772190,9746442,25748
2020-03-30 11:21:56,kovan,17634115,17634116,-1
2020-03-30 11:24:16,mainnet,9772200,9746449,25751
2020-03-30 11:24:16,kovan,17634139,17634126,13
2020-03-30 11:25:54,mainnet,9772207,9746455,25752
2020-03-30 11:25:54,kovan,17634160,17634160,0
2020-03-30 11:27:26,mainnet,9772219,9746460,25759
2020-03-30 11:27:26,kovan,17634180,17634161,19
2020-03-30 11:28:59,mainnet,9772227,9746466,25761
2020-03-30 11:28:59,kovan,17634202,17634161,41
2020-03-30 11:30:30,mainnet,9772231,9746472,25759
2020-03-30 11:30:30,kovan,17634222,17634209,13
2020-03-30 11:31:55,mainnet,9772234,9746480,25754
2020-03-30 11:31:55,kovan,17634238,17634209,29
2020-03-30 11:33:18,mainnet,9772239,9746486,25753
2020-03-30 11:33:18,kovan,17634256,17634209,47
2020-03-30 11:34:44,mainnet,9772247,9746496,25751
2020-03-30 11:34:44,kovan,17634272,17634270,2
2020-03-30 11:36:08,mainnet,9772253,9746502,25751
2020-03-30 11:36:08,kovan,17634290,17634290,0
2020-03-30 11:37:36,mainnet,9772255,9746509,25746
2020-03-30 11:37:36,kovan,17634308,17634308,0
2020-03-30 11:39:03,mainnet,9772259,9746518,25741
2020-03-30 11:39:03,kovan,17634324,17634311,13
2020-03-30 11:40:29,mainnet,9772267,9746527,25740
2020-03-30 11:40:29,kovan,17634342,17634337,5
2020-03-30 11:41:59,mainnet,9772272,9746534,25738
2020-03-30 11:41:59,kovan,17634360,17634337,23
2020-03-30 11:43:26,mainnet,9772280,9746540,25740
2020-03-30 11:43:26,kovan,17634377,17634337,40
2020-03-30 11:44:50,mainnet,9772286,9746550,25736
2020-03-30 11:44:50,kovan,17634396,17634337,59
2020-03-30 11:46:13,mainnet,9772293,9746557,25736
2020-03-30 11:46:13,kovan,17634417,17634337,80
2020-03-30 11:47:40,mainnet,9772298,9746564,25734
2020-03-30 11:47:40,kovan,17634437,17634433,4
2020-03-30 11:49:06,mainnet,9772302,9746571,25731
2020-03-30 11:49:06,kovan,17634456,17634449,7
2020-03-30 11:50:32,mainnet,9772305,9746577,25728
2020-03-30 11:50:32,kovan,17634474,17634449,25
2020-03-30 11:51:54,mainnet,9772310,9746585,25725
2020-03-30 11:51:54,kovan,17634494,17634449,45
2020-03-30 11:53:17,mainnet,9772320,9746592,25728
2020-03-30 11:53:17,kovan,17634519,17634449,70
2020-03-30 11:54:54,mainnet,9772326,9746600,25726
2020-03-30 11:54:54,kovan,17634537,17634449,88
2020-03-30 11:56:17,mainnet,9772331,9746605,25726
2020-03-30 11:56:17,kovan,17634558,17634449,109
2020-03-30 11:57:57,mainnet,9772337,9746613,25724
2020-03-30 11:57:57,kovan,17634580,17634449,131
2020-03-30 11:59:26,mainnet,9772342,9746622,25720
2020-03-30 11:59:26,kovan,17634601,17634449,152
2020-03-30 12:00:48,mainnet,9772352,9746630,25722
2020-03-30 12:00:48,kovan,17634621,17634449,172
2020-03-30 12:02:12,mainnet,9772356,9746637,25719
2020-03-30 12:02:12,kovan,17634639,17634632,7
2020-03-30 12:03:39,mainnet,9772362,9746645,25717
2020-03-30 12:03:39,kovan,17634659,17634632,27
2020-03-30 12:05:22,mainnet,9772368,9746652,25716
2020-03-30 12:05:22,kovan,17634676,17634632,44
2020-03-30 12:06:44,mainnet,9772373,9746659,25714
2020-03-30 12:06:44,kovan,17634691,17634683,8
2020-03-30 12:08:07,mainnet,9772381,9746666,25715
2020-03-30 12:08:07,kovan,17634706,17634683,23
2020-03-30 12:09:33,mainnet,9772386,9746673,25713
2020-03-30 12:09:33,kovan,17634724,17634683,41
2020-03-30 12:10:57,mainnet,9772394,9746680,25714
2020-03-30 12:10:57,kovan,17634746,17634683,63
2020-03-30 12:12:26,mainnet,9772403,9746686,25717
2020-03-30 12:12:26,kovan,17634768,17634683,85
2020-03-30 12:13:55,mainnet,9772408,9746692,25716
2020-03-30 12:13:55,kovan,17634788,17634683,105
2020-03-30 12:15:25,mainnet,9772413,9746702,25711
2020-03-30 12:15:25,kovan,17634805,17634683,122
2020-03-30 12:16:52,mainnet,9772416,9746710,25706
2020-03-30 12:16:52,kovan,17634821,17634683,138
2020-03-30 12:18:17,mainnet,9772423,9746718,25705
2020-03-30 12:18:17,kovan,17634838,17634683,155
2020-03-30 12:19:41,mainnet,9772428,9746729,25699
2020-03-30 12:19:41,kovan,17634857,17634683,174
2020-03-30 12:21:03,mainnet,9772431,9746735,25696
2020-03-30 12:21:03,kovan,17634876,17634683,193
2020-03-30 12:22:27,mainnet,9772438,9746741,25697
2020-03-30 12:22:27,kovan,17634894,17634683,211
2020-03-30 12:23:55,mainnet,9772445,9746749,25696
2020-03-30 12:23:55,kovan,17634915,17634683,232
2020-03-30 12:25:31,mainnet,9772451,9746755,25696
2020-03-30 12:25:31,kovan,17634932,17634683,249
2020-03-30 12:26:56,mainnet,9772455,9746762,25693
2020-03-30 12:26:56,kovan,17634949,17634683,266
2020-03-30 12:28:22,mainnet,9772461,9746769,25692
2020-03-30 12:28:22,kovan,17634966,17634683,283
2020-03-30 12:29:50,mainnet,9772463,9746776,25687
2020-03-30 12:29:50,kovan,17634983,17634683,300
2020-03-30 12:31:13,mainnet,9772469,9746783,25686
2020-03-30 12:31:13,kovan,17635000,17634683,317
2020-03-30 12:32:36,mainnet,9772478,9746790,25688
2020-03-30 12:32:36,kovan,17635017,17634683,334
2020-03-30 12:34:00,mainnet,9772487,9746798,25689
2020-03-30 12:34:00,kovan,17635035,17634683,352
2020-03-30 12:35:27,mainnet,9772493,9746804,25689
2020-03-30 12:35:27,kovan,17635052,17634683,369
2020-03-30 12:36:49,mainnet,9772502,9746817,25685
2020-03-30 12:36:49,kovan,17635081,17634683,398
2020-03-30 12:39:06,mainnet,9772508,9746827,25681
2020-03-30 12:39:06,kovan,17635097,17634683,414
2020-03-30 12:40:28,mainnet,9772517,9746833,25684
2020-03-30 12:40:28,kovan,17635114,17634683,431
2020-03-30 12:41:53,mainnet,9772529,9746838,25691
2020-03-30 12:41:53,kovan,17635132,17634683,449
2020-03-30 12:43:22,mainnet,9772534,9746843,25691
2020-03-30 12:43:22,kovan,17635149,17634683,466
2020-03-30 12:44:47,mainnet,9772540,9746848,25692
2020-03-30 12:44:47,kovan,17635165,17634683,482
2020-03-30 12:46:27,mainnet,9772545,9746856,25689
2020-03-30 12:46:27,kovan,17635186,17634683,503
2020-03-30 12:47:54,mainnet,9772552,9746862,25690
2020-03-30 12:47:54,kovan,17635204,17634683,521
2020-03-30 12:49:25,mainnet,9772557,9746869,25688
2020-03-30 12:49:25,kovan,17635221,17634683,538
2020-03-30 12:50:47,mainnet,9772562,9746877,25685
2020-03-30 12:50:47,kovan,17635238,17634683,555
2020-03-30 12:52:12,mainnet,9772570,9746884,25686
2020-03-30 12:52:12,kovan,17635263,17634683,580
2020-03-30 12:54:11,mainnet,9772583,9746890,25693
2020-03-30 12:54:11,kovan,17635282,17634683,599
2020-03-30 12:55:33,mainnet,9772591,9746898,25693
2020-03-30 12:55:33,kovan,17635314,17634683,631
2020-03-30 12:58:01,mainnet,9772607,9746911,25696
2020-03-30 12:58:01,kovan,17635335,17634683,652
2020-03-30 12:59:25,mainnet,9772615,9746917,25698
2020-03-30 12:59:25,kovan,17635356,17634683,673
2020-03-30 13:00:48,mainnet,9772620,9746924,25696
2020-03-30 13:00:48,kovan,17635377,17634683,694
2020-03-30 13:02:11,mainnet,9772621,9746932,25689
2020-03-30 13:02:11,kovan,17635395,17634683,712
2020-03-30 13:03:38,mainnet,9772628,9746943,25685
2020-03-30 13:03:38,kovan,17635415,17634683,732
2020-03-30 13:05:02,mainnet,9772634,9746953,25681
2020-03-30 13:05:02,kovan,17635434,17634935,499
2020-03-30 13:06:34,mainnet,9772638,9746964,25674
2020-03-30 13:06:34,kovan,17635453,17634935,518
2020-03-30 13:08:00,mainnet,9772646,9746972,25674
2020-03-30 13:08:00,kovan,17635470,17634935,535
2020-03-30 13:09:27,mainnet,9772652,9746981,25671
2020-03-30 13:09:27,kovan,17635487,17634935,552
2020-03-30 13:10:55,mainnet,9772662,9746990,25672
2020-03-30 13:10:55,kovan,17635511,17634935,576
2020-03-30 13:12:33,mainnet,9772667,9747006,25661
2020-03-30 13:12:33,kovan,17635530,17634935,595
2020-03-30 13:13:57,mainnet,9772674,9747025,25649
2020-03-30 13:13:57,kovan,17635549,17634935,614
2020-03-30 13:15:22,mainnet,9772677,9747037,25640
2020-03-30 13:15:22,kovan,17635567,17634935,632
2020-03-30 13:16:54,mainnet,9772683,9747046,25637
2020-03-30 13:16:54,kovan,17635586,17634935,651
2020-03-30 13:18:19,mainnet,9772689,9747053,25636
2020-03-30 13:18:19,kovan,17635606,17634935,671
2020-03-30 13:19:43,mainnet,9772698,9747062,25636
2020-03-30 13:19:43,kovan,17635624,17634935,689
2020-03-30 13:21:09,mainnet,9772706,9747070,25636
2020-03-30 13:21:09,kovan,17635641,17634935,706
2020-03-30 13:22:38,mainnet,9772711,9747079,25632
2020-03-30 13:22:38,kovan,17635661,17634935,726
2020-03-30 13:24:02,mainnet,9772715,9747087,25628
2020-03-30 13:24:02,kovan,17635679,17634935,744
2020-03-30 13:25:30,mainnet,9772722,9747094,25628
2020-03-30 13:25:30,kovan,17635699,17634935,764
2020-03-30 13:26:57,mainnet,9772732,9747104,25628
2020-03-30 13:26:57,kovan,17635719,17634935,784
2020-03-30 13:28:33,mainnet,9772737,9747111,25626
2020-03-30 13:28:33,kovan,17635736,17634935,801
2020-03-30 13:29:57,mainnet,9772743,9747118,25625
2020-03-30 13:29:57,kovan,17635755,17634935,820
2020-03-30 13:31:19,mainnet,9772750,9747127,25623
2020-03-30 13:31:19,kovan,17635771,17634935,836
2020-03-30 13:32:49,mainnet,9772757,9747136,25621
2020-03-30 13:32:49,kovan,17635794,17634935,859
2020-03-30 13:34:27,mainnet,9772764,9747144,25620
2020-03-30 13:34:27,kovan,17635812,17634935,877
2020-03-30 13:35:49,mainnet,9772770,9747150,25620
2020-03-30 13:35:49,kovan,17635832,17634935,897
2020-03-30 13:37:22,mainnet,9772779,9747157,25622
2020-03-30 13:37:22,kovan,17635854,17634935,919
2020-03-30 13:38:49,mainnet,9772787,9747164,25623
2020-03-30 13:38:49,kovan,17635877,17634935,942
2020-03-30 13:40:18,mainnet,9772796,9747172,25624
2020-03-30 13:40:18,kovan,17635894,17634935,959
2020-03-30 13:41:42,mainnet,9772804,9747180,25624
2020-03-30 13:41:42,kovan,17635915,17634935,980
2020-03-30 13:43:09,mainnet,9772807,9747187,25620
2020-03-30 13:43:09,kovan,17635933,17634935,998
2020-03-30 13:44:37,mainnet,9772810,9747196,25614
2020-03-30 13:44:37,kovan,17635950,17634935,1015
2020-03-30 13:46:05,mainnet,9772818,9747203,25615
2020-03-30 13:46:05,kovan,17635970,17634935,1035
2020-03-30 13:47:32,mainnet,9772824,9747213,25611
2020-03-30 13:47:32,kovan,17635987,17634935,1052
2020-03-30 13:48:58,mainnet,9772829,9747223,25606
2020-03-30 13:48:58,kovan,17636005,17634935,1070
2020-03-30 13:50:26,mainnet,9772836,9747232,25604
2020-03-30 13:50:26,kovan,17636022,17634935,1087
2020-03-30 13:51:49,mainnet,9772841,9747248,25593
2020-03-30 13:51:49,kovan,17636054,17634935,1119
2020-03-30 13:54:26,mainnet,9772848,9747256,25592
2020-03-30 13:54:26,kovan,17636070,17634935,1135
2020-03-30 13:58:07,mainnet,9772875,9747280,25595
2020-03-30 13:58:07,kovan,17636116,17634935,1181
2020-03-30 13:59:35,mainnet,9772881,9747288,25593
2020-03-30 13:59:35,kovan,17636133,17634935,1198
2020-03-30 14:01:01,mainnet,9772889,9747298,25591
2020-03-30 14:01:01,kovan,17636150,17634935,1215
2020-03-30 14:02:24,mainnet,9772895,9747306,25589
2020-03-30 14:02:24,kovan,17636166,17634935,1231
2020-03-30 14:03:49,mainnet,9772902,9747313,25589
2020-03-30 14:03:49,kovan,17636184,17634935,1249
2020-03-30 14:05:18,mainnet,9772911,9747321,25590
2020-03-30 14:05:18,kovan,17636201,17634935,1266
2020-03-30 14:06:40,mainnet,9772915,9747332,25583
2020-03-30 14:06:40,kovan,17636218,17634935,1283
2020-03-30 14:08:05,mainnet,9772923,9747341,25582
2020-03-30 14:08:05,kovan,17636234,17634935,1299
2020-03-30 14:09:31,mainnet,9772930,9747348,25582
2020-03-30 14:09:31,kovan,17636251,17634935,1316
2020-03-30 14:10:53,mainnet,9772936,9747357,25579
2020-03-30 14:10:53,kovan,17636267,17634935,1332
2020-03-30 14:12:16,mainnet,9772945,9747362,25583
2020-03-30 14:12:16,kovan,17636284,17634935,1349
2020-03-30 14:13:40,mainnet,9772952,9747370,25582
2020-03-30 14:13:40,kovan,17636301,17634935,1366
2020-03-30 14:15:07,mainnet,9772954,9747378,25576
2020-03-30 14:15:07,kovan,17636317,17634935,1382
2020-03-30 14:16:29,mainnet,9772962,9747387,25575
2020-03-30 14:16:29,kovan,17636335,17634935,1400
2020-03-30 14:17:57,mainnet,9772966,9747394,25572
2020-03-30 14:17:57,kovan,17636353,17634935,1418
2020-03-30 14:19:25,mainnet,9772972,9747402,25570
2020-03-30 14:19:25,kovan,17636369,17634935,1434
2020-03-30 14:20:48,mainnet,9772975,9747411,25564
2020-03-30 14:20:48,kovan,17636385,17634935,1450
2020-03-30 14:22:11,mainnet,9772981,9747420,25561
2020-03-30 14:22:11,kovan,17636403,17634935,1468
2020-03-30 14:23:36,mainnet,9772990,9747426,25564
2020-03-30 14:23:36,kovan,17636420,17634935,1485
2020-03-30 14:25:03,mainnet,9772998,9747434,25564
2020-03-30 14:25:03,kovan,17636437,17634935,1502
2020-03-30 14:26:29,mainnet,9773003,9747442,25561
2020-03-30 14:26:29,kovan,17636454,17634935,1519
2020-03-30 14:27:54,mainnet,9773017,9747449,25568
2020-03-30 14:27:54,kovan,17636471,17634935,1536
2020-03-30 14:29:18,mainnet,9773026,9747457,25569
2020-03-30 14:29:18,kovan,17636488,17634935,1553
2020-03-30 14:30:40,mainnet,9773029,9747466,25563
2020-03-30 14:30:40,kovan,17636505,17634935,1570
2020-03-30 14:32:03,mainnet,9773034,9747472,25562
2020-03-30 14:32:03,kovan,17636521,17634935,1586
2020-03-30 14:33:29,mainnet,9773047,9747480,25567
2020-03-30 14:33:29,kovan,17636539,17634935,1604
2020-03-30 14:34:58,mainnet,9773054,9747489,25565
2020-03-30 14:34:58,kovan,17636556,17634935,1621
2020-03-30 14:36:20,mainnet,9773066,9747496,25570
2020-03-30 14:36:20,kovan,17636572,17634935,1637
2020-03-30 14:37:42,mainnet,9773073,9747505,25568
2020-03-30 14:37:42,kovan,17636589,17634935,1654
2020-03-30 14:39:06,mainnet,9773079,9747512,25567
2020-03-30 14:39:06,kovan,17636607,17634935,1672
2020-03-30 14:40:34,mainnet,9773087,9747520,25567
2020-03-30 14:40:34,kovan,17636624,17634935,1689
2020-03-30 14:42:02,mainnet,9773093,9747523,25570
2020-03-30 14:42:02,kovan,17636641,17634935,1706
2020-03-30 15:11:17,mainnet,9773234,9747645,25589
2020-03-30 15:11:17,kovan,17637003,17634935,2068
2020-03-30 15:13:01,mainnet,9773239,9747649,25590
2020-03-30 15:13:01,kovan,17637020,17634935,2085
2020-03-30 15:14:35,mainnet,9773246,9747651,25595
2020-03-30 15:14:35,kovan,17637040,17634935,2105
2020-03-30 15:16:07,mainnet,9773251,9747652,25599
2020-03-30 15:16:07,kovan,17637057,17634935,2122
2020-03-30 15:17:34,mainnet,9773255,9747656,25599
2020-03-30 15:17:34,kovan,17637075,17634935,2140
2020-03-30 15:19:00,mainnet,9773266,9747663,25603
2020-03-30 15:19:00,kovan,17637093,17634935,2158
2020-03-30 15:20:42,mainnet,9773272,9747670,25602
2020-03-30 15:20:42,kovan,17637113,17634935,2178
2020-03-30 15:22:06,mainnet,9773279,9747675,25604
2020-03-30 15:22:06,kovan,17637130,17634935,2195
2020-03-30 15:23:35,mainnet,9773288,9747682,25606
2020-03-30 15:23:35,kovan,17637150,17634935,2215
2020-03-30 15:25:13,mainnet,9773293,9747687,25606
2020-03-30 15:25:13,kovan,17637167,17634935,2232
2020-03-30 15:26:38,mainnet,9773301,9747693,25608
2020-03-30 15:26:38,kovan,17637185,17634935,2250
2020-03-30 15:28:05,mainnet,9773310,9747697,25613
2020-03-30 15:28:05,kovan,17637205,17634935,2270
2020-03-30 15:29:41,mainnet,9773319,9747702,25617
2020-03-30 15:29:41,kovan,17637224,17634935,2289
2020-03-30 15:31:21,mainnet,9773324,9747706,25618
2020-03-30 15:31:21,kovan,17637243,17634935,2308
2020-03-30 15:32:48,mainnet,9773331,9747712,25619
2020-03-30 15:32:48,kovan,17637261,17634935,2326
2020-03-30 15:34:17,mainnet,9773333,9747715,25618
2020-03-30 15:34:17,kovan,17637279,17634935,2344
2020-03-30 15:35:46,mainnet,9773341,9747720,25621
2020-03-30 15:35:46,kovan,17637297,17634935,2362
2020-03-30 15:37:17,mainnet,9773344,9747724,25620
2020-03-30 15:37:17,kovan,17637315,17634935,2380
2020-03-30 15:38:47,mainnet,9773351,9747728,25623
2020-03-30 15:38:47,kovan,17637333,17634935,2398
2020-03-30 15:40:17,mainnet,9773361,9747733,25628
2020-03-30 15:40:17,kovan,17637351,17634935,2416
2020-03-30 15:41:42,mainnet,9773368,9747742,25626
2020-03-30 15:41:42,kovan,17637367,17634935,2432
2020-03-30 15:43:09,mainnet,9773376,9747748,25628
2020-03-30 15:43:09,kovan,17637386,17634935,2451
2020-03-30 15:44:41,mainnet,9773383,9747756,25627
2020-03-30 15:44:41,kovan,17637404,17634935,2469
2020-03-30 15:46:11,mainnet,9773387,9747763,25624
2020-03-30 15:46:11,kovan,17637421,17634935,2486
2020-03-30 15:47:39,mainnet,9773393,9747770,25623
2020-03-30 15:47:39,kovan,17637439,17634935,2504
2020-03-30 15:49:06,mainnet,9773399,9747777,25622
2020-03-30 15:49:06,kovan,17637459,17634935,2524
2020-03-30 15:50:51,mainnet,9773406,9747785,25621
2020-03-30 15:50:51,kovan,17637479,17634935,2544
2020-03-30 15:52:24,mainnet,9773417,9747793,25624
2020-03-30 15:52:24,kovan,17637504,17634935,2569
2020-03-30 15:54:29,mainnet,9773423,9747800,25623
2020-03-30 15:54:29,kovan,17637521,17634935,2586
2020-03-30 15:55:53,mainnet,9773429,9747806,25623
2020-03-30 15:55:53,kovan,17637540,17634935,2605
2020-03-30 15:57:25,mainnet,9773440,9747812,25628
2020-03-30 15:57:25,kovan,17637560,17634935,2625
2020-03-30 15:59:00,mainnet,9773442,9747821,25621
2020-03-30 15:59:00,kovan,17637581,17634935,2646
2020-03-30 16:00:51,kovan,17637600,17634935,2665
2020-03-30 16:02:16,kovan,17637617,17634935,2682
2020-03-30 16:03:43,kovan,17637636,17634935,2701
2020-03-30 16:05:09,kovan,17637654,17634935,2719
2020-03-30 16:06:31,kovan,17637671,17634935,2736
2020-03-30 16:07:54,kovan,17637688,17634935,2753
2020-03-30 16:09:22,kovan,17637706,17634935,2771
2020-03-30 16:10:50,kovan,17637726,17634935,2791
2020-03-30 16:12:15,kovan,17637746,17634935,2811
2020-03-30 16:13:43,kovan,17637762,17634935,2827
2020-03-30 16:15:07,kovan,17637778,17634935,2843
2020-03-30 16:16:30,kovan,17637795,17634935,2860
2020-03-30 16:17:55,kovan,17637812,17634935,2877
2020-03-30 16:19:21,kovan,17637830,17634935,2895
2020-03-30 16:20:43,kovan,17637846,17634935,2911
2020-03-30 16:22:10,kovan,17637864,17634935,2929
2020-03-30 16:23:36,kovan,17637881,17634935,2946
2020-03-30 16:25:00,kovan,17637898,17634935,2963
2020-03-30 16:26:25,kovan,17637914,17634935,2979
2020-03-30 16:27:48,kovan,17637931,17634935,2996
2020-03-30 16:29:12,kovan,17637948,17634935,3013
2020-03-30 16:30:36,kovan,17637965,17634935,3030
2020-03-30 16:32:02,kovan,17637982,17634935,3047
2020-03-30 16:33:28,kovan,17637998,17634935,3063
2020-03-30 16:34:51,kovan,17638019,17634935,3084
2020-03-30 16:36:14,kovan,17638037,17634935,3102
2020-03-30 16:37:41,kovan,17638056,17634935,3121
2020-03-30 16:39:07,kovan,17638074,17634935,3139
2020-03-30 16:40:34,kovan,17638091,17634935,3156
2020-03-30 16:42:00,kovan,17638108,17634935,3173
2020-03-30 16:43:26,kovan,17638125,17634935,3190
2020-03-30 16:44:55,kovan,17638143,17634935,3208
2020-03-30 16:46:19,kovan,17638160,17634935,3225
2020-03-30 16:47:43,kovan,17638176,17634935,3241
2020-03-30 16:49:08,kovan,17638193,17634935,3258
2020-03-30 16:50:34,kovan,17638209,17634935,3274
2020-03-30 16:51:56,kovan,17638227,17634935,3292
2020-03-30 16:53:19,kovan,17638246,17634935,3311
2020-03-30 16:54:44,kovan,17638263,17634935,3328
2020-03-30 16:56:09,kovan,17638283,17634935,3348
2020-03-30 16:57:33,kovan,17638301,17634935,3366
2020-03-30 16:58:58,kovan,17638319,17634935,3384
2020-03-30 17:00:27,kovan,17638336,17634935,3401
2020-03-30 17:01:52,kovan,17638354,17634935,3419
2020-03-30 17:03:17,kovan,17638372,17634935,3437
2020-03-30 17:04:43,kovan,17638388,17634935,3453
2020-03-30 17:06:05,kovan,17638405,17634935,3470
2020-03-30 17:07:32,kovan,17638422,17634935,3487
2020-03-30 17:08:57,kovan,17638440,17634935,3505
2020-03-30 17:10:22,kovan,17638457,17634935,3522
2020-03-30 17:11:47,kovan,17638478,17634935,3543
2020-03-30 17:13:17,kovan,17638496,17634935,3561
2020-03-30 17:14:43,kovan,17638517,17634935,3582
2020-03-30 17:16:07,kovan,17638536,17634935,3601
2020-03-30 17:17:32,kovan,17638555,17634935,3620
2020-03-30 17:18:55,kovan,17638572,17634935,3637
2020-03-30 17:20:19,kovan,17638591,17634935,3656
2020-03-30 17:21:44,kovan,17638611,17634935,3676
2020-03-30 17:23:09,kovan,17638631,17634935,3696
2020-03-30 17:24:34,kovan,17638652,17634935,3717
2020-03-30 17:25:59,kovan,17638669,17634935,3734
2020-03-30 17:27:24,kovan,17638693,17634935,3758
2020-03-30 17:28:58,kovan,17638711,17634935,3776
2020-03-30 17:30:21,kovan,17638730,17634935,3795
2020-03-30 17:31:44,kovan,17638747,17634935,3812
2020-03-30 17:33:07,kovan,17638764,17634935,3829
2020-03-30 17:34:33,kovan,17638782,17634935,3847
2020-03-30 17:35:56,kovan,17638800,17634935,3865
2020-03-30 17:37:22,kovan,17638820,17634935,3885
2020-03-30 17:38:49,kovan,17638839,17634935,3904
2020-03-30 17:40:11,kovan,17638859,17634989,3870
2020-03-30 17:41:37,kovan,17638881,17635058,3823
2020-03-30 17:43:03,kovan,17638898,17635185,3713
2020-03-30 17:44:29,kovan,17638913,17635185,3728
2020-03-30 17:45:51,kovan,17638931,17635185,3746
2020-03-30 17:47:14,kovan,17638951,17635185,3766
2020-03-30 17:48:40,kovan,17638972,17635185,3787
2020-03-30 17:50:04,kovan,17638992,17635185,3807
2020-03-30 17:51:28,kovan,17639010,17635185,3825
2020-03-30 17:52:52,kovan,17639029,17635185,3844
2020-03-30 17:54:18,kovan,17639046,17635185,3861
2020-03-30 17:55:40,kovan,17639063,17635185,3878
2020-03-30 17:57:02,kovan,17639079,17635185,3894
2020-03-30 17:58:28,kovan,17639098,17635185,3913
2020-03-30 17:59:53,kovan,17639116,17635185,3931
2020-03-30 18:01:15,kovan,17639133,17635185,3948
2020-03-30 18:02:41,kovan,17639153,17635185,3968
2020-03-30 18:04:05,kovan,17639169,17635185,3984
2020-03-30 18:05:28,kovan,17639185,17635185,4000
2020-03-30 18:06:51,kovan,17639202,17635185,4017
2020-03-30 18:08:13,kovan,17639220,17635185,4035
2020-03-30 18:09:38,kovan,17639240,17635185,4055
2020-03-30 18:11:03,kovan,17639256,17635185,4071
2020-03-30 18:12:29,kovan,17639275,17635185,4090
2020-03-30 18:13:53,kovan,17639292,17635185,4107
2020-03-30 18:15:15,kovan,17639308,17635241,4067
2020-03-30 18:16:38,kovan,17639326,17635309,4017
2020-03-30 18:18:04,kovan,17639342,17635309,4033
2020-03-30 18:19:30,kovan,17639363,17635309,4054
2020-03-30 18:20:52,kovan,17639381,17635309,4072
2020-03-30 18:22:14,kovan,17639399,17635309,4090
2020-03-30 18:23:39,kovan,17639416,17635309,4107
2020-03-30 18:25:04,kovan,17639433,17635309,4124
2020-03-30 18:26:26,kovan,17639449,17635309,4140
2020-03-30 18:27:48,kovan,17639467,17635309,4158
2020-03-30 18:29:14,kovan,17639485,17635309,4176
2020-03-30 18:30:40,kovan,17639501,17635309,4192
2020-03-30 18:32:02,kovan,17639518,17635433,4085
2020-03-30 18:33:27,kovan,17639535,17635433,4102
2020-03-30 18:34:51,kovan,17639552,17635433,4119
2020-03-30 18:36:18,kovan,17639570,17635433,4137
2020-03-30 18:37:41,kovan,17639585,17635813,3772
2020-03-30 18:39:03,kovan,17639602,17635940,3662
2020-03-30 18:40:27,kovan,17639620,17635940,3680
2020-03-30 18:41:52,kovan,17639638,17635940,3698
2020-03-30 18:43:20,kovan,17639655,17635940,3715
2020-03-30 18:44:42,kovan,17639673,17635940,3733
2020-03-30 18:46:05,kovan,17639691,17635940,3751
2020-03-30 18:47:32,kovan,17639709,17635940,3769
2020-03-30 18:48:59,kovan,17639727,17635940,3787
2020-03-30 18:50:21,kovan,17639746,17635940,3806
2020-03-30 18:51:46,kovan,17639764,17635940,3824
2020-03-30 18:53:11,kovan,17639784,17635940,3844
2020-03-30 18:54:34,kovan,17639804,17636030,3774
2020-03-30 18:55:57,kovan,17639825,17636995,2830
2020-03-30 18:57:22,kovan,17639845,17638553,1292
2020-03-30 18:58:46,kovan,17639865,17639857,8
2020-03-30 19:00:09,kovan,17639886,17639857,29
2020-03-30 19:01:31,kovan,17639905,17639857,48
2020-03-30 19:02:59,kovan,17639926,17639857,69
2020-03-30 19:04:24,kovan,17639945,17639857,88
2020-03-30 19:05:46,kovan,17639965,17639857,108
2020-03-30 19:07:09,kovan,17639985,17639857,128
2020-03-30 19:08:35,kovan,17640007,17639857,150
2020-03-30 19:10:00,kovan,17640025,17639857,168
2020-03-30 19:11:26,kovan,17640042,17639857,185
2020-03-30 19:12:54,kovan,17640060,17639857,203
2020-03-30 19:14:16,kovan,17640079,17639857,222
2020-03-30 19:15:38,kovan,17640097,17639857,240
2020-03-30 19:17:04,kovan,17640117,17639857,260
2020-03-30 19:18:31,kovan,17640133,17639857,276
2020-03-30 19:19:55,kovan,17640150,17639857,293
2020-03-30 19:21:18,kovan,17640168,17639857,311
2020-03-30 19:22:45,kovan,17640184,17639857,327
2020-03-30 19:24:12,kovan,17640203,17639857,346
2020-03-30 19:25:34,kovan,17640221,17639857,364
2020-03-30 19:26:58,kovan,17640238,17639857,381
2020-03-30 19:28:20,kovan,17640255,17639983,272
2020-03-30 19:29:45,kovan,17640271,17639983,288
2020-03-30 19:31:08,kovan,17640289,17640110,179
2020-03-30 19:32:39,kovan,17640306,17640237,69
2020-03-30 19:34:01,kovan,17640324,17640237,87
2020-03-30 19:35:27,kovan,17640340,17640237,103
2020-03-30 19:36:50,kovan,17640358,17640237,121
2020-03-30 19:38:12,kovan,17640375,17640237,138
2020-03-30 19:39:37,kovan,17640393,17640237,156
2020-03-30 19:41:02,kovan,17640409,17640407,2
2020-03-30 19:42:27,kovan,17640427,17640407,20
2020-03-30 19:43:52,kovan,17640445,17640407,38
2020-03-30 19:45:17,kovan,17640462,17640407,55
2020-03-30 19:46:40,kovan,17640479,17640407,72
2020-03-30 19:48:02,kovan,17640496,17640407,89
2020-03-30 19:49:28,kovan,17640515,17640407,108
2020-03-30 19:50:54,kovan,17640532,17640407,125
2020-03-30 19:52:17,kovan,17640548,17640407,141
2020-03-30 19:53:40,kovan,17640565,17640407,158
2020-03-30 19:55:07,kovan,17640582,17640407,175
2020-03-30 19:56:32,kovan,17640599,17640407,192
2020-03-30 19:57:54,kovan,17640615,17640407,208
2020-03-30 19:59:18,kovan,17640632,17640407,225
2020-03-30 20:00:40,kovan,17640649,17640649,0
2020-03-30 20:02:06,kovan,17640665,17640653,12
2020-03-30 20:03:32,kovan,17640683,17640653,30
2020-03-30 20:04:56,kovan,17640705,17640697,8
2020-03-30 20:06:43,kovan,17640721,17640721,0
2020-03-30 20:08:06,kovan,17640738,17640722,16
2020-03-30 20:09:32,kovan,17640756,17640722,34
2020-03-30 20:10:59,kovan,17640773,17640722,51
2020-03-30 20:12:24,kovan,17640789,17640722,67
2020-03-30 20:13:46,kovan,17640805,17640722,83
2020-03-30 20:15:08,kovan,17640822,17640819,3
2020-03-30 20:16:30,kovan,17640838,17640828,10
2020-03-30 20:17:52,kovan,17640855,17640828,27
2020-03-30 20:19:16,kovan,17640872,17640828,44
2020-03-30 20:20:41,kovan,17640889,17640889,0
2020-03-30 20:22:05,kovan,17640905,17640905,0
2020-03-30 20:23:28,kovan,17640922,17640909,13
2020-03-30 20:24:52,kovan,17640938,17640909,29
2020-03-30 20:26:14,kovan,17640955,17640954,1
2020-03-30 20:27:37,kovan,17640973,17640965,8
2020-03-30 20:29:04,kovan,17640989,17640965,24
2020-03-30 20:30:27,kovan,17641005,17641003,2
2020-03-30 20:31:51,kovan,17641022,17641004,18
2020-03-30 20:33:14,kovan,17641039,17641004,35
2020-03-30 20:34:37,kovan,17641055,17641004,51
2020-03-30 20:35:59,kovan,17641073,17641004,69
2020-03-30 20:37:24,kovan,17641089,17641004,85
2020-03-30 20:38:46,kovan,17641106,17641100,6
2020-03-30 20:40:10,kovan,17641122,17641118,4
2020-03-30 20:41:33,kovan,17641139,17641118,21
2020-03-30 20:42:58,kovan,17641157,17641118,39
2020-03-30 20:44:24,kovan,17641173,17641118,55
2020-03-30 20:45:46,kovan,17641190,17641187,3
2020-03-30 20:47:11,kovan,17641207,17641204,3
2020-03-30 20:48:35,kovan,17641224,17641213,11
2020-03-30 20:49:58,kovan,17641240,17641213,27
2020-03-30 20:51:20,kovan,17641257,17641213,44
2020-03-30 20:52:46,kovan,17641275,17641213,62
2020-03-30 20:54:12,kovan,17641293,17641213,80
2020-03-30 21:04:39,kovan,17641418,17641307,111
2020-03-30 21:06:49,kovan,17641445,17641371,74
2020-03-30 21:27:39,kovan,17641710,17641710,0
2020-03-30 21:29:05,kovan,17641727,17641728,-1
2020-03-30 21:30:31,kovan,17641746,17641746,0
2020-03-30 21:31:56,kovan,17641765,17641762,3
2020-03-30 21:33:22,kovan,17641784,17641784,0
2020-03-30 21:34:49,kovan,17641800,17641786,14
2020-03-30 21:36:14,kovan,17641817,17641809,8
2020-03-30 21:37:37,kovan,17641835,17641809,26
2020-03-30 21:39:03,kovan,17641851,17641843,8
2020-03-30 21:40:29,kovan,17641868,17641869,-1
2020-03-30 21:41:53,kovan,17641885,17641870,15
2020-03-30 21:43:17,kovan,17641902,17641901,1
2020-03-30 21:44:43,kovan,17641919,17641919,0
2020-03-30 21:46:07,kovan,17641935,17641936,-1
2020-03-30 21:47:30,kovan,17641952,17641953,-1
2020-03-30 21:48:54,kovan,17641970,17641969,1
2020-03-30 21:50:19,kovan,17641987,17641987,0
2020-03-30 21:51:44,kovan,17642003,17642002,1
2020-03-30 21:53:09,kovan,17642020,17642020,0
2020-03-30 21:54:32,kovan,17642038,17642035,3
2020-03-30 21:55:55,kovan,17642055,17642055,0
2020-03-30 21:57:20,kovan,17642072,17642072,0
2020-03-30 21:58:44,kovan,17642088,17642088,0
2020-03-30 22:00:07,kovan,17642105,17642096,9
2020-03-30 22:01:32,kovan,17642122,17642123,-1
2020-03-30 22:02:58,kovan,17642139,17642130,9
2020-03-30 22:04:21,kovan,17642155,17642156,-1
2020-03-30 22:05:44,kovan,17642172,17642159,13
2020-03-30 22:07:07,kovan,17642190,17642159,31
2020-03-30 22:08:35,kovan,17642207,17642207,0
2020-03-30 22:10:01,kovan,17642224,17642222,2
2020-03-30 22:11:27,kovan,17642240,17642241,-1
2020-03-30 22:12:51,kovan,17642258,17642258,0
2020-03-30 22:14:16,kovan,17642275,17642275,0
2020-03-30 22:15:40,kovan,17642291,17642291,0
2020-03-30 22:17:06,kovan,17642307,17642305,2
2020-03-30 22:18:31,kovan,17642324,17642325,-1
2020-03-30 22:19:54,kovan,17642343,17642344,-1
2020-03-30 22:21:17,kovan,17642360,17642360,0
2020-03-30 22:22:41,kovan,17642377,17642372,5
2020-03-30 22:24:05,kovan,17642393,17642393,0
2020-03-30 22:25:28,kovan,17642409,17642410,-1
2020-03-30 22:26:52,kovan,17642427,17642427,0
2020-03-30 22:28:17,kovan,17642443,17642444,-1
2020-03-30 22:29:39,kovan,17642460,17642461,-1
2020-03-30 22:31:03,kovan,17642477,17642477,0
2020-03-30 22:32:27,kovan,17642493,17642493,0
2020-03-30 22:42:05,mainnet,9775242,9747832,27410
2020-03-30 22:43:28,mainnet,9775245,9747832,27413
2020-03-30 22:44:49,mainnet,9775251,9747834,27417
2020-03-30 22:46:11,mainnet,9775256,9747837,27419
2020-03-30 22:47:35,mainnet,9775264,9747840,27424
2020-03-30 22:48:57,mainnet,9775269,9747844,27425
2020-03-30 22:50:19,mainnet,9775279,9747849,27430
2020-03-30 22:51:41,mainnet,9775283,9747853,27430
2020-03-30 22:53:03,mainnet,9775288,9747857,27431
2020-03-30 22:54:25,mainnet,9775294,9747861,27433
2020-03-30 22:55:47,mainnet,9775303,9747866,27437
2020-03-30 22:57:09,mainnet,9775310,9747871,27439
2020-03-30 22:58:31,mainnet,9775318,9747877,27441
2020-03-30 22:59:53,mainnet,9775326,9747882,27444
2020-03-30 23:01:15,mainnet,9775336,9747887,27449
2020-03-30 23:02:37,mainnet,9775342,9747895,27447
2020-03-30 23:03:59,mainnet,9775349,9747900,27449
2020-03-30 23:05:21,mainnet,9775355,9747906,27449
2020-03-30 23:06:43,mainnet,9775361,9747910,27451
2020-03-30 23:08:05,mainnet,9775371,9747915,27456
2020-03-30 23:09:27,mainnet,9775376,9747922,27454
2020-03-30 23:10:49,mainnet,9775381,9747926,27455
2020-03-30 23:12:11,mainnet,9775387,9747932,27455
2020-03-30 23:13:33,mainnet,9775395,9747937,27458
2020-03-30 23:14:55,mainnet,9775403,9747942,27461
2020-03-30 23:16:17,mainnet,9775406,9747948,27458
2020-03-30 23:17:39,mainnet,9775412,9747955,27457
2020-03-30 23:19:01,mainnet,9775419,9747961,27458
2020-03-30 23:20:24,mainnet,9775423,9747966,27457
2020-03-30 23:21:53,mainnet,9775431,9747976,27455
2020-03-30 23:23:15,mainnet,9775437,9747981,27456
2020-03-30 23:24:37,mainnet,9775442,9747988,27454
2020-03-30 23:26:00,mainnet,9775446,9747993,27453
2020-03-30 23:27:22,mainnet,9775454,9748001,27453
2020-03-30 23:28:44,mainnet,9775461,9748010,27451
2020-03-30 23:30:06,mainnet,9775467,9748018,27449
2020-03-30 23:31:28,mainnet,9775469,9748025,27444
2020-03-30 23:32:50,mainnet,9775477,9748035,27442
2020-03-30 23:34:12,mainnet,9775485,9748042,27443
2020-03-30 23:35:34,mainnet,9775493,9748048,27445
2020-03-30 23:36:56,mainnet,9775496,9748055,27441
2020-03-30 23:38:18,mainnet,9775501,9748062,27439
2020-03-30 23:39:40,mainnet,9775503,9748069,27434
2020-03-30 23:41:02,mainnet,9775509,9748078,27431
2020-03-30 23:42:24,mainnet,9775512,9748086,27426
2020-03-30 23:43:47,mainnet,9775517,9748092,27425
2020-03-30 23:45:09,mainnet,9775524,9748100,27424
2020-03-30 23:46:42,mainnet,9775532,9748107,27425
2020-03-30 23:48:04,mainnet,9775535,9748116,27419
2020-03-30 23:49:26,mainnet,9775541,9748123,27418
2020-03-30 23:50:48,mainnet,9775543,9748131,27412
2020-03-30 23:52:10,mainnet,9775551,9748139,27412
2020-03-30 23:53:32,mainnet,9775559,9748149,27410
2020-03-30 23:54:55,mainnet,9775563,9748155,27408
2020-03-30 23:56:16,mainnet,9775568,9748163,27405
2020-03-30 23:57:38,mainnet,9775574,9748171,27403
2020-03-30 23:59:01,mainnet,9775582,9748181,27401
2020-03-31 00:00:24,mainnet,9775595,9748193,27402
2020-03-31 00:01:46,mainnet,9775604,9748202,27402
2020-03-31 00:03:08,mainnet,9775611,9748212,27399
2020-03-31 00:04:30,mainnet,9775614,9748219,27395
2020-03-31 00:05:52,mainnet,9775617,9748227,27390
2020-03-31 00:07:14,mainnet,9775622,9748235,27387
2020-03-31 00:08:36,mainnet,9775625,9748244,27381
2020-03-31 00:09:58,mainnet,9775632,9748252,27380
2020-03-31 00:11:20,mainnet,9775639,9748260,27379
2020-03-31 00:12:44,mainnet,9775643,9748267,27376
2020-03-31 00:14:06,mainnet,9775654,9748278,27376
2020-03-31 00:15:28,mainnet,9775666,9748286,27380
2020-03-31 00:16:50,mainnet,9775670,9748296,27374
2020-03-31 00:18:12,mainnet,9775680,9748303,27377
2020-03-31 00:19:34,mainnet,9775690,9748316,27374
2020-03-31 00:20:56,mainnet,9775697,9748322,27375
2020-03-31 00:22:18,mainnet,9775706,9748331,27375
2020-03-31 00:23:42,mainnet,9775711,9748341,27370
2020-03-31 00:25:04,mainnet,9775715,9748348,27367
2020-03-31 00:26:27,mainnet,9775722,9748358,27364
2020-03-31 00:27:49,mainnet,9775726,9748365,27361
2020-03-31 00:31:49,mainnet,9775752,9748386,27366
2020-03-31 00:33:11,mainnet,9775762,9748393,27369
2020-03-31 00:34:44,mainnet,9775765,9748400,27365
2020-03-31 00:36:06,mainnet,9775773,9748409,27364
2020-03-31 00:37:33,mainnet,9775778,9748419,27359
2020-03-31 00:38:55,mainnet,9775781,9748432,27349
2020-03-31 00:48:30,mainnet,9775822,9748433,27389
2020-03-31 00:49:53,mainnet,9775828,9748434,27394
2020-03-31 00:51:15,mainnet,9775831,9748438,27393
2020-03-31 00:52:37,mainnet,9775833,9748441,27392
2020-03-31 00:53:59,mainnet,9775839,9748455,27384
2020-03-31 00:55:21,mainnet,9775848,9748467,27381
2020-03-31 00:56:43,mainnet,9775855,9748475,27380
2020-03-31 00:58:05,mainnet,9775861,9748485,27376
2020-03-31 00:59:28,mainnet,9775869,9748493,27376
2020-03-31 01:00:50,mainnet,9775874,9748503,27371
2020-03-31 01:02:12,mainnet,9775881,9748512,27369
2020-03-31 01:03:34,mainnet,9775892,9748519,27373
2020-03-31 01:04:56,mainnet,9775898,9748534,27364
2020-03-31 01:06:18,mainnet,9775904,9748543,27361
2020-03-31 01:07:40,mainnet,9775909,9748553,27356
2020-03-31 01:09:02,mainnet,9775912,9748563,27349
2020-03-31 01:10:24,mainnet,9775918,9748575,27343
2020-03-31 01:11:46,mainnet,9775923,9748585,27338
2020-03-31 01:13:08,mainnet,9775929,9748594,27335
2020-03-31 01:14:30,mainnet,9775935,9748600,27335
2020-03-31 01:15:52,mainnet,9775943,9748611,27332
2020-03-31 01:17:14,mainnet,9775950,9748624,27326
2020-03-31 01:18:36,mainnet,9775954,9748634,27320
2020-03-31 01:19:58,mainnet,9775959,9748644,27315
2020-03-31 01:21:21,mainnet,9775961,9748653,27308
2020-03-31 01:22:43,mainnet,9775966,9748660,27306
2020-03-31 01:24:05,mainnet,9775972,9748671,27301
2020-03-31 01:25:27,mainnet,9775978,9748680,27298
2020-03-31 01:26:49,mainnet,9775984,9748688,27296
2020-03-31 01:28:11,mainnet,9775989,9748697,27292
2020-03-31 01:29:33,mainnet,9775991,9748708,27283
2020-03-31 01:30:55,mainnet,9775997,9748718,27279
2020-03-31 01:32:17,mainnet,9776007,9748732,27275
2020-03-31 01:33:39,mainnet,9776011,9748742,27269
2020-03-31 01:35:01,mainnet,9776017,9748750,27267
2020-03-31 01:36:23,mainnet,9776022,9748758,27264
2020-03-31 01:37:45,mainnet,9776026,9748768,27258
2020-03-31 01:39:08,mainnet,9776031,9748776,27255
2020-03-31 01:40:30,mainnet,9776036,9748786,27250
2020-03-31 01:41:52,mainnet,9776044,9748797,27247
2020-03-31 01:43:15,mainnet,9776050,9748805,27245
2020-03-31 01:44:37,mainnet,9776057,9748818,27239
2020-03-31 01:45:59,mainnet,9776062,9748830,27232
2020-03-31 01:47:22,mainnet,9776070,9748839,27231
2020-03-31 01:48:44,mainnet,9776075,9748847,27228
2020-03-31 01:50:06,mainnet,9776078,9748854,27224
2020-03-31 01:51:28,mainnet,9776085,9748861,27224
2020-03-31 01:52:50,mainnet,9776089,9748867,27222
2020-03-31 01:54:12,mainnet,9776098,9748870,27228
2020-03-31 01:55:34,mainnet,9776109,9748878,27231
2020-03-31 01:56:56,mainnet,9776119,9748891,27228
2020-03-31 01:58:18,mainnet,9776122,9748904,27218
2020-03-31 01:59:40,mainnet,9776127,9748915,27212
2020-03-31 02:01:02,mainnet,9776132,9748930,27202
2020-03-31 02:02:24,mainnet,9776139,9748937,27202
2020-03-31 02:03:46,mainnet,9776142,9748950,27192
2020-03-31 02:05:08,mainnet,9776146,9748963,27183
2020-03-31 02:06:30,mainnet,9776151,9748973,27178
2020-03-31 02:07:52,mainnet,9776157,9748981,27176
2020-03-31 02:09:15,mainnet,9776161,9748993,27168
2020-03-31 02:10:38,mainnet,9776167,9749007,27160
2020-03-31 02:12:18,mainnet,9776174,9749017,27157
2020-03-31 02:13:40,mainnet,9776179,9749025,27154
2020-03-31 02:15:03,mainnet,9776182,9749034,27148
2020-03-31 02:16:26,mainnet,9776187,9749042,27145
2020-03-31 02:17:48,mainnet,9776191,9749052,27139
2020-03-31 02:19:12,mainnet,9776201,9749064,27137
2020-03-31 02:20:35,mainnet,9776207,9749073,27134
2020-03-31 02:21:58,mainnet,9776211,9749083,27128
2020-03-31 02:23:20,mainnet,9776215,9749091,27124
2020-03-31 02:24:42,mainnet,9776223,9749101,27122
2020-03-31 02:26:04,mainnet,9776230,9749114,27116
2020-03-31 02:27:26,mainnet,9776236,9749127,27109
2020-03-31 02:28:48,mainnet,9776243,9749136,27107
2020-03-31 02:30:10,mainnet,9776251,9749148,27103
2020-03-31 02:31:32,mainnet,9776260,9749162,27098
2020-03-31 02:32:54,mainnet,9776270,9749173,27097
2020-03-31 02:34:17,mainnet,9776281,9749182,27099
2020-03-31 02:35:40,mainnet,9776288,9749194,27094
2020-03-31 02:37:02,mainnet,9776292,9749208,27084
2020-03-31 02:38:24,mainnet,9776301,9749218,27083
2020-03-31 02:39:45,mainnet,9776311,9749229,27082
2020-03-31 02:41:07,mainnet,9776318,9749241,27077
2020-03-31 02:42:30,mainnet,9776326,9749254,27072
2020-03-31 02:43:52,mainnet,9776332,9749264,27068
2020-03-31 02:45:14,mainnet,9776337,9749274,27063
2020-03-31 02:46:36,mainnet,9776344,9749281,27063
2020-03-31 02:47:58,mainnet,9776351,9749292,27059
2020-03-31 02:49:20,mainnet,9776354,9749302,27052
2020-03-31 02:50:42,mainnet,9776361,9749314,27047
2020-03-31 02:52:04,mainnet,9776367,9749321,27046
2020-03-31 02:53:26,mainnet,9776367,9749330,27037
2020-03-31 02:54:48,mainnet,9776377,9749341,27036
2020-03-31 02:56:10,mainnet,9776380,9749355,27025
2020-03-31 02:57:32,mainnet,9776382,9749365,27017
2020-03-31 02:58:54,mainnet,9776387,9749376,27011
2020-03-31 03:00:16,mainnet,9776394,9749385,27009
2020-03-31 03:01:38,mainnet,9776401,9749397,27004
2020-03-31 03:03:00,mainnet,9776406,9749407,26999
2020-03-31 03:04:22,mainnet,9776417,9749413,27004
2020-03-31 03:05:44,mainnet,9776419,9749424,26995
2020-03-31 03:07:06,mainnet,9776427,9749437,26990
2020-03-31 03:08:28,mainnet,9776437,9749449,26988
2020-03-31 03:09:55,mainnet,9776449,9749457,26992
2020-03-31 03:11:18,mainnet,9776455,9749472,26983
2020-03-31 03:12:40,mainnet,9776464,9749481,26983
2020-03-31 03:14:01,mainnet,9776469,9749491,26978
2020-03-31 03:15:24,mainnet,9776475,9749503,26972
2020-03-31 03:16:46,mainnet,9776483,9749507,26976
2020-03-31 03:18:08,mainnet,9776490,9749517,26973
2020-03-31 03:19:30,mainnet,9776498,9749527,26971
2020-03-31 03:20:52,mainnet,9776505,9749537,26968
2020-03-31 03:22:14,mainnet,9776515,9749544,26971
2020-03-31 03:23:36,mainnet,9776523,9749554,26969
2020-03-31 03:24:58,mainnet,9776529,9749563,26966
2020-03-31 03:26:20,mainnet,9776537,9749574,26963
2020-03-31 03:27:42,mainnet,9776543,9749583,26960
2020-03-31 03:29:04,mainnet,9776551,9749597,26954
2020-03-31 03:30:26,mainnet,9776555,9749609,26946
2020-03-31 03:31:48,mainnet,9776557,9749618,26939
2020-03-31 03:33:10,mainnet,9776563,9749633,26930
2020-03-31 03:34:32,mainnet,9776571,9749648,26923
2020-03-31 03:35:54,mainnet,9776580,9749656,26924
2020-03-31 03:37:16,mainnet,9776585,9749663,26922
2020-03-31 03:38:38,mainnet,9776589,9749676,26913
2020-03-31 03:40:00,mainnet,9776593,9749687,26906
2020-03-31 03:41:22,mainnet,9776601,9749701,26900
2020-03-31 03:42:44,mainnet,9776605,9749713,26892
2020-03-31 03:44:06,mainnet,9776612,9749726,26886
2020-03-31 03:45:28,mainnet,9776618,9749741,26877
2020-03-31 03:46:50,mainnet,9776626,9749755,26871
2020-03-31 03:48:12,mainnet,9776634,9749766,26868
2020-03-31 03:49:35,mainnet,9776641,9749776,26865
2020-03-31 03:50:57,mainnet,9776647,9749785,26862
2020-03-31 03:52:19,mainnet,9776654,9749795,26859
2020-03-31 03:53:41,mainnet,9776660,9749805,26855
2020-03-31 03:55:03,mainnet,9776664,9749823,26841
2020-03-31 03:56:25,mainnet,9776668,9749834,26834
2020-03-31 03:57:47,mainnet,9776673,9749844,26829
2020-03-31 03:59:09,mainnet,9776677,9749856,26821
2020-03-31 04:00:32,mainnet,9776682,9749876,26806
2020-03-31 04:01:54,mainnet,9776689,9749886,26803
2020-03-31 04:03:16,mainnet,9776694,9749894,26800
2020-03-31 04:04:38,mainnet,9776703,9749904,26799
2020-03-31 04:06:00,mainnet,9776708,9749910,26798
2020-03-31 04:07:23,mainnet,9776716,9749921,26795
2020-03-31 04:08:45,mainnet,9776723,9749929,26794
2020-03-31 04:10:07,mainnet,9776730,9749938,26792
2020-03-31 04:11:29,mainnet,9776733,9749948,26785
2020-03-31 04:12:51,mainnet,9776737,9749953,26784
2020-03-31 04:14:13,mainnet,9776743,9749967,26776
2020-03-31 04:15:35,mainnet,9776747,9749976,26771
2020-03-31 04:16:57,mainnet,9776749,9749989,26760
2020-03-31 04:18:19,mainnet,9776753,9750001,26752
2020-03-31 04:19:41,mainnet,9776762,9750012,26750
2020-03-31 04:21:03,mainnet,9776768,9750023,26745
2020-03-31 04:22:26,mainnet,9776778,9750033,26745
2020-03-31 04:23:48,mainnet,9776786,9750041,26745
2020-03-31 04:25:10,mainnet,9776793,9750059,26734
2020-03-31 04:26:32,mainnet,9776796,9750071,26725
2020-03-31 04:27:54,mainnet,9776801,9750078,26723
2020-03-31 04:29:16,mainnet,9776806,9750088,26718
2020-03-31 04:30:38,mainnet,9776811,9750099,26712
2020-03-31 04:32:00,mainnet,9776817,9750106,26711
2020-03-31 04:33:22,mainnet,9776826,9750111,26715
2020-03-31 04:34:44,mainnet,9776829,9750124,26705
2020-03-31 04:36:06,mainnet,9776837,9750134,26703
2020-03-31 04:37:28,mainnet,9776838,9750142,26696
2020-03-31 04:38:50,mainnet,9776847,9750157,26690
2020-03-31 04:40:12,mainnet,9776852,9750166,26686
2020-03-31 04:41:34,mainnet,9776857,9750173,26684
2020-03-31 04:42:56,mainnet,9776861,9750183,26678
2020-03-31 04:44:18,mainnet,9776866,9750190,26676
2020-03-31 04:45:41,mainnet,9776870,9750200,26670
2020-03-31 04:47:03,mainnet,9776878,9750208,26670
2020-03-31 04:48:25,mainnet,9776881,9750218,26663
2020-03-31 04:52:00,mainnet,9776901,9750244,26657
2020-03-31 04:53:22,mainnet,9776911,9750255,26656
2020-03-31 04:54:44,mainnet,9776921,9750265,26656
2020-03-31 04:56:06,mainnet,9776927,9750275,26652
2020-03-31 04:57:28,mainnet,9776933,9750285,26648
2020-03-31 04:58:50,mainnet,9776938,9750294,26644
2020-03-31 05:00:12,mainnet,9776945,9750299,26646
2020-03-31 05:01:35,mainnet,9776948,9750306,26642
2020-03-31 05:02:57,mainnet,9776957,9750308,26649
2020-03-31 05:04:19,mainnet,9776966,9750319,26647
2020-03-31 05:05:41,mainnet,9776971,9750330,26641
2020-03-31 05:07:04,mainnet,9776976,9750341,26635
2020-03-31 05:08:26,mainnet,9776984,9750348,26636
2020-03-31 05:09:49,mainnet,9776997,9750362,26635
2020-03-31 05:11:11,mainnet,9777002,9750373,26629
2020-03-31 05:12:33,mainnet,9777012,9750386,26626
2020-03-31 05:13:55,mainnet,9777017,9750399,26618
2020-03-31 05:15:17,mainnet,9777023,9750412,26611
2020-03-31 05:16:39,mainnet,9777032,9750421,26611
2020-03-31 05:18:01,mainnet,9777041,9750431,26610
2020-03-31 05:19:23,mainnet,9777045,9750445,26600
2020-03-31 05:20:45,mainnet,9777054,9750456,26598
2020-03-31 05:22:07,mainnet,9777062,9750469,26593
2020-03-31 05:23:29,mainnet,9777069,9750482,26587
2020-03-31 05:24:51,mainnet,9777076,9750494,26582
2020-03-31 05:26:14,mainnet,9777083,9750507,26576
2020-03-31 05:27:36,mainnet,9777088,9750518,26570
2020-03-31 05:28:58,mainnet,9777093,9750531,26562
2020-03-31 05:30:20,mainnet,9777100,9750539,26561
2020-03-31 05:31:43,mainnet,9777108,9750551,26557
2020-03-31 05:33:05,mainnet,9777113,9750563,26550
2020-03-31 05:34:27,mainnet,9777117,9750577,26540
2020-03-31 05:35:49,mainnet,9777121,9750586,26535
2020-03-31 05:37:11,mainnet,9777133,9750596,26537
2020-03-31 05:38:33,mainnet,9777141,9750605,26536
2020-03-31 05:39:55,mainnet,9777148,9750617,26531
2020-03-31 05:41:18,mainnet,9777156,9750628,26528
2020-03-31 05:42:40,mainnet,9777161,9750637,26524
2020-03-31 05:44:02,mainnet,9777168,9750650,26518
2020-03-31 05:45:24,mainnet,9777174,9750655,26519
2020-03-31 05:46:46,mainnet,9777181,9750662,26519
2020-03-31 05:48:08,mainnet,9777192,9750673,26519
2020-03-31 05:49:30,mainnet,9777200,9750683,26517
2020-03-31 05:50:52,mainnet,9777206,9750693,26513
2020-03-31 05:52:14,mainnet,9777212,9750704,26508
2020-03-31 05:53:36,mainnet,9777219,9750713,26506
2020-03-31 05:54:58,mainnet,9777223,9750722,26501
2020-03-31 05:56:20,mainnet,9777227,9750732,26495
2020-03-31 05:57:42,mainnet,9777230,9750739,26491
2020-03-31 05:59:04,mainnet,9777234,9750752,26482
2020-03-31 06:00:28,mainnet,9777241,9750759,26482
2020-03-31 06:01:50,mainnet,9777249,9750771,26478
2020-03-31 06:03:12,mainnet,9777261,9750779,26482
2020-03-31 06:04:33,mainnet,9777265,9750785,26480
2020-03-31 06:05:57,mainnet,9777272,9750794,26478
2020-03-31 06:07:19,mainnet,9777282,9750803,26479
2020-03-31 06:09:02,mainnet,9777289,9750814,26475
2020-03-31 06:10:53,mainnet,9777298,9750825,26473
2020-03-31 06:12:51,mainnet,9777310,9750835,26475
2020-03-31 06:14:27,mainnet,9777316,9750844,26472
2020-03-31 06:15:50,mainnet,9777322,9750851,26471
2020-03-31 06:17:13,mainnet,9777328,9750860,26468
2020-03-31 06:18:35,mainnet,9777337,9750870,26467
2020-03-31 06:19:57,mainnet,9777343,9750877,26466
2020-03-31 06:21:19,mainnet,9777350,9750887,26463
2020-03-31 06:22:41,mainnet,9777357,9750893,26464
2020-03-31 06:24:03,mainnet,9777362,9750902,26460
2020-03-31 06:25:25,mainnet,9777369,9750909,26460
2020-03-31 06:26:47,mainnet,9777373,9750915,26458
2020-03-31 06:28:09,mainnet,9777376,9750924,26452
2020-03-31 06:29:31,mainnet,9777386,9750930,26456
2020-03-31 06:30:53,mainnet,9777393,9750939,26454
2020-03-31 06:32:15,mainnet,9777403,9750948,26455
2020-03-31 06:33:37,mainnet,9777408,9750956,26452
2020-03-31 06:34:59,mainnet,9777416,9750967,26449
2020-03-31 06:36:22,mainnet,9777419,9750975,26444
2020-03-31 06:37:44,mainnet,9777423,9750986,26437
2020-03-31 06:39:06,mainnet,9777431,9750995,26436
2020-03-31 06:40:28,mainnet,9777436,9751007,26429
2020-03-31 06:41:51,mainnet,9777443,9751016,26427
2020-03-31 06:43:14,mainnet,9777450,9751024,26426
2020-03-31 06:44:38,mainnet,9777459,9751031,26428
2020-03-31 06:46:00,mainnet,9777464,9751037,26427
2020-03-31 06:47:22,mainnet,9777468,9751043,26425
2020-03-31 06:48:44,mainnet,9777474,9751049,26425
2020-03-31 06:50:06,mainnet,9777476,9751054,26422
2020-03-31 06:51:28,mainnet,9777483,9751061,26422
2020-03-31 06:52:50,mainnet,9777490,9751070,26420
2020-03-31 06:54:12,mainnet,9777498,9751083,26415
2020-03-31 06:55:35,mainnet,9777504,9751095,26409
2020-03-31 06:56:57,mainnet,9777510,9751103,26407
2020-03-31 06:58:20,mainnet,9777510,9751112,26398
2020-03-31 06:59:42,mainnet,9777517,9751121,26396
2020-03-31 07:01:04,mainnet,9777524,9751131,26393
2020-03-31 07:02:26,mainnet,9777530,9751141,26389
2020-03-31 07:03:48,mainnet,9777536,9751149,26387
2020-03-31 07:05:10,mainnet,9777543,9751161,26382
2020-03-31 07:06:32,mainnet,9777553,9751170,26383
2020-03-31 07:07:54,mainnet,9777554,9751178,26376
2020-03-31 07:09:16,mainnet,9777563,9751189,26374
2020-03-31 07:10:38,mainnet,9777567,9751198,26369
2020-03-31 07:12:01,mainnet,9777576,9751207,26369
2020-03-31 07:13:23,mainnet,9777586,9751214,26372
2020-03-31 07:14:45,mainnet,9777590,9751221,26369
2020-03-31 07:16:07,mainnet,9777593,9751233,26360
2020-03-31 07:17:29,mainnet,9777599,9751244,26355
2020-03-31 07:18:51,mainnet,9777604,9751252,26352
2020-03-31 07:20:13,mainnet,9777608,9751261,26347
2020-03-31 07:21:35,mainnet,9777613,9751271,26342
2020-03-31 07:22:57,mainnet,9777621,9751281,26340
2020-03-31 07:24:19,mainnet,9777627,9751291,26336
2020-03-31 07:25:41,mainnet,9777631,9751300,26331
2020-03-31 07:27:03,mainnet,9777638,9751309,26329
2020-03-31 07:28:25,mainnet,9777643,9751321,26322
2020-03-31 07:29:47,mainnet,9777651,9751329,26322
2020-03-31 07:31:09,mainnet,9777661,9751338,26323
2020-03-31 07:32:31,mainnet,9777665,9751348,26317
2020-03-31 07:33:53,mainnet,9777670,9751358,26312
2020-03-31 07:35:15,mainnet,9777678,9751369,26309
2020-03-31 07:36:37,mainnet,9777682,9751379,26303
2020-03-31 07:37:59,mainnet,9777687,9751390,26297
2020-03-31 07:39:21,mainnet,9777693,9751397,26296
2020-03-31 07:40:43,mainnet,9777700,9751406,26294
2020-03-31 07:42:05,mainnet,9777706,9751416,26290
2020-03-31 07:43:27,mainnet,9777715,9751427,26288
2020-03-31 07:44:49,mainnet,9777719,9751436,26283
2020-03-31 07:46:12,mainnet,9777725,9751449,26276
2020-03-31 07:47:34,mainnet,9777729,9751458,26271
2020-03-31 07:48:57,mainnet,9777738,9751466,26272
2020-03-31 07:50:19,mainnet,9777745,9751475,26270
2020-03-31 07:51:41,mainnet,9777754,9751484,26270
2020-03-31 07:53:03,mainnet,9777759,9751493,26266
2020-03-31 07:54:25,mainnet,9777765,9751502,26263
2020-03-31 07:55:47,mainnet,9777774,9751512,26262
2020-03-31 07:57:09,mainnet,9777779,9751521,26258
2020-03-31 07:58:31,mainnet,9777786,9751533,26253
2020-03-31 07:59:53,mainnet,9777791,9751540,26251
2020-03-31 08:01:15,mainnet,9777798,9751551,26247
2020-03-31 08:02:37,mainnet,9777802,9751561,26241
2020-03-31 08:03:59,mainnet,9777806,9751570,26236
2020-03-31 08:05:21,mainnet,9777812,9751579,26233
2020-03-31 08:06:43,mainnet,9777817,9751590,26227
2020-03-31 08:08:05,mainnet,9777823,9751603,26220
2020-03-31 08:09:27,mainnet,9777829,9751609,26220
2020-03-31 08:10:49,mainnet,9777839,9751618,26221
2020-03-31 08:12:11,mainnet,9777846,9751629,26217
2020-03-31 08:13:33,mainnet,9777851,9751639,26212
2020-03-31 08:14:55,mainnet,9777861,9751649,26212
2020-03-31 08:16:17,mainnet,9777869,9751659,26210
2020-03-31 08:17:39,mainnet,9777876,9751672,26204
2020-03-31 08:19:01,mainnet,9777885,9751684,26201
2020-03-31 08:20:24,mainnet,9777892,9751691,26201
2020-03-31 08:21:47,mainnet,9777897,9751701,26196
2020-03-31 08:23:10,mainnet,9777907,9751709,26198
2020-03-31 08:24:32,mainnet,9777918,9751718,26200
2020-03-31 08:25:54,mainnet,9777920,9751729,26191
2020-03-31 08:27:16,mainnet,9777925,9751737,26188
2020-03-31 08:28:38,mainnet,9777927,9751747,26180
2020-03-31 08:30:00,mainnet,9777931,9751758,26173
2020-03-31 08:31:22,mainnet,9777939,9751766,26173
2020-03-31 08:32:44,mainnet,9777944,9751775,26169
2020-03-31 08:34:07,mainnet,9777948,9751784,26164
2020-03-31 08:35:30,mainnet,9777957,9751795,26162
2020-03-31 08:36:53,mainnet,9777960,9751807,26153
2020-03-31 08:38:15,mainnet,9777970,9751821,26149
2020-03-31 08:39:37,mainnet,9777972,9751830,26142
2020-03-31 08:40:59,mainnet,9777976,9751841,26135
2020-03-31 08:42:21,mainnet,9777982,9751849,26133
2020-03-31 08:43:43,mainnet,9777984,9751861,26123
2020-03-31 08:45:05,mainnet,9777988,9751871,26117
2020-03-31 08:46:27,mainnet,9777993,9751878,26115
2020-03-31 08:47:49,mainnet,9777999,9751885,26114
2020-03-31 08:49:11,mainnet,9778009,9751891,26118
2020-03-31 08:50:33,mainnet,9778013,9751898,26115
2020-03-31 08:51:55,mainnet,9778018,9751906,26112
2020-03-31 08:53:18,mainnet,9778024,9751915,26109
2020-03-31 08:54:41,mainnet,9778030,9751918,26112
2020-03-31 08:56:03,mainnet,9778040,9751921,26119
2020-03-31 08:57:25,mainnet,9778048,9751928,26120
2020-03-31 08:58:47,mainnet,9778052,9751938,26114
2020-03-31 09:00:09,mainnet,9778056,9751949,26107
2020-03-31 09:01:31,mainnet,9778061,9751962,26099
2020-03-31 09:02:53,mainnet,9778071,9751970,26101
2020-03-31 09:04:15,mainnet,9778073,9751979,26094
2020-03-31 09:05:37,mainnet,9778080,9751992,26088
2020-03-31 09:06:59,mainnet,9778088,9752004,26084
2020-03-31 09:08:21,mainnet,9778096,9752014,26082
2020-03-31 09:09:43,mainnet,9778101,9752030,26071
2020-03-31 09:11:05,mainnet,9778109,9752041,26068
2020-03-31 09:12:27,mainnet,9778117,9752052,26065
2020-03-31 09:13:49,mainnet,9778122,9752063,26059
2020-03-31 09:15:11,mainnet,9778126,9752073,26053
2020-03-31 09:16:34,mainnet,9778129,9752081,26048
2020-03-31 09:17:56,mainnet,9778135,9752095,26040
2020-03-31 09:19:18,mainnet,9778142,9752104,26038
2020-03-31 09:20:40,mainnet,9778145,9752112,26033
2020-03-31 09:22:02,mainnet,9778148,9752124,26024
2020-03-31 09:23:24,mainnet,9778154,9752134,26020
2020-03-31 09:24:46,mainnet,9778159,9752145,26014
2020-03-31 09:26:08,mainnet,9778160,9752156,26004
2020-03-31 09:27:30,mainnet,9778162,9752167,25995
2020-03-31 09:28:52,mainnet,9778167,9752176,25991
2020-03-31 09:30:14,mainnet,9778172,9752186,25986
2020-03-31 09:31:36,mainnet,9778176,9752195,25981
2020-03-31 09:32:58,mainnet,9778182,9752203,25979
2020-03-31 09:34:20,mainnet,9778190,9752213,25977
2020-03-31 09:35:42,mainnet,9778201,9752223,25978
2020-03-31 09:37:04,mainnet,9778207,9752236,25971
2020-03-31 09:38:26,mainnet,9778215,9752245,25970
2020-03-31 09:39:48,mainnet,9778221,9752253,25968
2020-03-31 09:41:10,mainnet,9778227,9752265,25962
2020-03-31 09:42:32,mainnet,9778228,9752276,25952
2020-03-31 09:43:54,mainnet,9778232,9752287,25945
2020-03-31 09:45:16,mainnet,9778237,9752297,25940
2020-03-31 09:46:38,mainnet,9778244,9752305,25939
2020-03-31 09:48:00,mainnet,9778252,9752316,25936
2020-03-31 09:49:22,mainnet,9778259,9752324,25935
2020-03-31 09:50:44,mainnet,9778263,9752332,25931
2020-03-31 09:52:06,mainnet,9778273,9752342,25931
2020-03-31 09:53:28,mainnet,9778282,9752349,25933
2020-03-31 09:54:50,mainnet,9778287,9752359,25928
2020-03-31 09:56:12,mainnet,9778297,9752367,25930
2020-03-31 09:57:34,mainnet,9778303,9752377,25926
2020-03-31 09:58:56,mainnet,9778309,9752388,25921
2020-03-31 10:00:19,mainnet,9778313,9752396,25917
2020-03-31 10:01:41,mainnet,9778317,9752403,25914
2020-03-31 10:03:03,mainnet,9778326,9752410,25916
2020-03-31 10:04:25,mainnet,9778331,9752418,25913
2020-03-31 10:05:48,mainnet,9778334,9752426,25908
2020-03-31 10:07:11,mainnet,9778339,9752432,25907
2020-03-31 10:08:33,mainnet,9778346,9752439,25907
2020-03-31 10:09:55,mainnet,9778349,9752447,25902
2020-03-31 10:11:17,mainnet,9778356,9752459,25897
2020-03-31 10:12:39,mainnet,9778360,9752466,25894
2020-03-31 10:14:01,mainnet,9778367,9752475,25892
2020-03-31 10:15:23,mainnet,9778375,9752485,25890
2020-03-31 10:16:45,mainnet,9778381,9752495,25886
2020-03-31 10:18:07,mainnet,9778387,9752502,25885
2020-03-31 10:19:29,mainnet,9778394,9752510,25884
2020-03-31 10:20:51,mainnet,9778401,9752518,25883
2020-03-31 10:22:13,mainnet,9778406,9752527,25879
2020-03-31 10:23:35,mainnet,9778410,9752536,25874
2020-03-31 10:24:57,mainnet,9778415,9752544,25871
2020-03-31 10:26:19,mainnet,9778420,9752554,25866
2020-03-31 10:27:41,mainnet,9778423,9752564,25859
2020-03-31 10:29:03,mainnet,9778429,9752573,25856
2020-03-31 10:30:25,mainnet,9778437,9752579,25858
2020-03-31 10:31:47,mainnet,9778446,9752592,25854
2020-03-31 10:33:09,mainnet,9778453,9752600,25853
2020-03-31 10:34:32,mainnet,9778460,9752607,25853
2020-03-31 10:35:54,mainnet,9778475,9752615,25860
2020-03-31 10:37:16,mainnet,9778483,9752624,25859
2020-03-31 10:38:38,mainnet,9778488,9752634,25854
2020-03-31 10:40:01,mainnet,9778493,9752648,25845
2020-03-31 10:41:22,mainnet,9778499,9752654,25845
2020-03-31 10:42:44,mainnet,9778506,9752659,25847
2020-03-31 10:44:07,mainnet,9778510,9752666,25844
2020-03-31 10:45:29,mainnet,9778514,9752674,25840
2020-03-31 10:46:51,mainnet,9778517,9752683,25834
2020-03-31 10:48:13,mainnet,9778519,9752690,25829
2020-03-31 10:49:35,mainnet,9778526,9752699,25827
2020-03-31 10:50:57,mainnet,9778530,9752709,25821
2020-03-31 10:52:19,mainnet,9778536,9752717,25819
2020-03-31 10:53:42,mainnet,9778545,9752725,25820
2020-03-31 10:55:04,mainnet,9778549,9752733,25816
2020-03-31 10:56:26,mainnet,9778557,9752744,25813
2020-03-31 10:57:49,mainnet,9778567,9752754,25813
2020-03-31 10:59:11,mainnet,9778573,9752763,25810
2020-03-31 11:00:33,mainnet,9778581,9752771,25810
2020-03-31 11:01:55,mainnet,9778585,9752782,25803
2020-03-31 11:03:17,mainnet,9778591,9752792,25799
2020-03-31 11:04:39,mainnet,9778595,9752800,25795
2020-03-31 11:06:01,mainnet,9778601,9752809,25792
2020-03-31 11:07:23,mainnet,9778608,9752820,25788
2020-03-31 11:08:45,mainnet,9778614,9752830,25784
2020-03-31 11:10:07,mainnet,9778619,9752839,25780
2020-03-31 11:11:29,mainnet,9778625,9752849,25776
2020-03-31 11:12:51,mainnet,9778635,9752858,25777
2020-03-31 11:14:13,mainnet,9778642,9752866,25776
2020-03-31 11:15:35,mainnet,9778646,9752875,25771
2020-03-31 11:16:57,mainnet,9778647,9752884,25763
2020-03-31 11:18:19,mainnet,9778652,9752893,25759
2020-03-31 11:19:41,mainnet,9778657,9752906,25751
2020-03-31 11:21:04,mainnet,9778658,9752913,25745
2020-03-31 11:22:26,mainnet,9778661,9752925,25736
2020-03-31 11:23:48,mainnet,9778662,9752935,25727
2020-03-31 11:25:10,mainnet,9778668,9752944,25724
2020-03-31 11:26:32,mainnet,9778675,9752952,25723
2020-03-31 11:27:55,mainnet,9778682,9752961,25721
2020-03-31 11:29:17,mainnet,9778687,9752970,25717
2020-03-31 11:30:39,mainnet,9778697,9752977,25720
2020-03-31 11:32:01,mainnet,9778704,9752989,25715
2020-03-31 11:33:23,mainnet,9778707,9753000,25707
2020-03-31 11:34:45,mainnet,9778713,9753011,25702
2020-03-31 11:36:07,mainnet,9778719,9753023,25696
2020-03-31 11:37:30,mainnet,9778723,9753032,25691
2020-03-31 11:38:52,mainnet,9778732,9753040,25692
2020-03-31 11:40:14,mainnet,9778739,9753051,25688
2020-03-31 11:41:36,mainnet,9778741,9753058,25683
2020-03-31 11:42:58,mainnet,9778744,9753069,25675
2020-03-31 11:44:20,mainnet,9778751,9753078,25673
2020-03-31 11:45:42,mainnet,9778758,9753085,25673
2020-03-31 11:47:04,mainnet,9778760,9753094,25666
2020-03-31 11:48:27,mainnet,9778763,9753103,25660
2020-03-31 11:49:49,mainnet,9778772,9753111,25661
2020-03-31 11:51:11,mainnet,9778774,9753120,25654
2020-03-31 11:52:37,mainnet,9778782,9753128,25654
2020-03-31 11:54:00,mainnet,9778786,9753135,25651
2020-03-31 11:55:22,mainnet,9778789,9753143,25646
2020-03-31 11:56:44,mainnet,9778794,9753152,25642
2020-03-31 11:58:06,mainnet,9778801,9753164,25637
2020-03-31 11:59:40,mainnet,9778808,9753171,25637
2020-03-31 12:01:02,mainnet,9778816,9753182,25634
2020-03-31 12:02:24,mainnet,9778825,9753192,25633
2020-03-31 12:03:46,mainnet,9778834,9753204,25630
2020-03-31 12:05:08,mainnet,9778840,9753213,25627
2020-03-31 12:06:30,mainnet,9778849,9753226,25623
2020-03-31 12:07:52,mainnet,9778854,9753239,25615
2020-03-31 12:09:15,mainnet,9778862,9753247,25615
2020-03-31 12:10:37,mainnet,9778864,9753258,25606
2020-03-31 12:11:59,mainnet,9778868,9753269,25599
2020-03-31 12:13:21,mainnet,9778876,9753280,25596
2020-03-31 12:14:43,mainnet,9778877,9753287,25590
2020-03-31 12:16:05,mainnet,9778885,9753296,25589
2020-03-31 12:17:27,mainnet,9778895,9753304,25591
2020-03-31 12:18:49,mainnet,9778899,9753313,25586
2020-03-31 12:20:11,mainnet,9778908,9753322,25586
2020-03-31 12:21:33,mainnet,9778916,9753330,25586
2020-03-31 12:22:55,mainnet,9778923,9753342,25581
2020-03-31 12:24:17,mainnet,9778928,9753350,25578
2020-03-31 12:25:39,mainnet,9778933,9753359,25574
2020-03-31 12:27:01,mainnet,9778940,9753370,25570
2020-03-31 12:28:23,mainnet,9778945,9753377,25568
2020-03-31 12:29:45,mainnet,9778957,9753387,25570
2020-03-31 12:31:07,mainnet,9778966,9753394,25572
2020-03-31 12:32:29,mainnet,9778971,9753402,25569
2020-03-31 12:33:52,mainnet,9778974,9753405,25569
2020-03-31 12:35:14,mainnet,9778981,9753409,25572
2020-03-31 12:36:37,mainnet,9778988,9753412,25576
2020-03-31 12:37:59,mainnet,9778994,9753414,25580
2020-03-31 12:39:21,mainnet,9779002,9753417,25585
2020-03-31 12:40:44,mainnet,9779009,9753421,25588
2020-03-31 12:42:06,mainnet,9779013,9753427,25586
2020-03-31 12:43:28,mainnet,9779018,9753436,25582
2020-03-31 12:44:50,mainnet,9779026,9753445,25581
2020-03-31 12:46:12,mainnet,9779030,9753454,25576
2020-03-31 12:47:35,mainnet,9779035,9753463,25572
2020-03-31 12:48:57,mainnet,9779042,9753473,25569
2020-03-31 12:50:19,mainnet,9779048,9753491,25557
2020-03-31 12:51:41,mainnet,9779053,9753501,25552
2020-03-31 12:53:03,mainnet,9779062,9753511,25551
2020-03-31 12:54:26,mainnet,9779068,9753520,25548
2020-03-31 12:55:48,mainnet,9779072,9753535,25537
2020-03-31 12:57:11,mainnet,9779078,9753545,25533
2020-03-31 12:58:33,mainnet,9779088,9753555,25533
2020-03-31 12:59:55,mainnet,9779095,9753561,25534
2020-03-31 13:01:29,mainnet,9779106,9753573,25533
2020-03-31 13:02:51,mainnet,9779110,9753581,25529
2020-03-31 13:04:13,mainnet,9779118,9753587,25531
2020-03-31 13:05:35,mainnet,9779124,9753595,25529
2020-03-31 13:06:57,mainnet,9779134,9753604,25530
2020-03-31 13:08:19,mainnet,9779140,9753613,25527
2020-03-31 13:09:41,mainnet,9779143,9753620,25523
2020-03-31 13:11:03,mainnet,9779146,9753630,25516
2020-03-31 13:12:25,mainnet,9779152,9753640,25512
2020-03-31 13:13:48,mainnet,9779153,9753649,25504
2020-03-31 13:15:10,mainnet,9779158,9753657,25501
2020-03-31 13:16:32,mainnet,9779165,9753663,25502
2020-03-31 13:17:55,mainnet,9779168,9753672,25496
2020-03-31 13:19:17,mainnet,9779175,9753682,25493
2020-03-31 13:20:39,mainnet,9779181,9753690,25491
2020-03-31 13:22:01,mainnet,9779185,9753699,25486
2020-03-31 13:23:23,mainnet,9779189,9753709,25480
2020-03-31 13:24:45,mainnet,9779197,9753715,25482
2020-03-31 13:26:07,mainnet,9779202,9753722,25480
2020-03-31 13:27:29,mainnet,9779208,9753732,25476
2020-03-31 13:28:51,mainnet,9779214,9753739,25475
2020-03-31 13:30:13,mainnet,9779224,9753745,25479
2020-03-31 13:31:36,mainnet,9779229,9753752,25477
2020-03-31 13:32:58,mainnet,9779235,9753758,25477
2020-03-31 13:34:20,mainnet,9779242,9753765,25477
2020-03-31 13:35:43,mainnet,9779245,9753775,25470
2020-03-31 13:37:05,mainnet,9779251,9753782,25469
2020-03-31 13:38:27,mainnet,9779264,9753788,25476
2020-03-31 13:39:50,mainnet,9779272,9753795,25477
2020-03-31 13:41:12,mainnet,9779280,9753802,25478
2020-03-31 13:42:34,mainnet,9779288,9753809,25479
2020-03-31 13:43:56,mainnet,9779294,9753816,25478
2020-03-31 13:45:18,mainnet,9779297,9753824,25473
2020-03-31 13:46:40,mainnet,9779304,9753831,25473
2020-03-31 13:48:02,mainnet,9779308,9753837,25471
2020-03-31 13:49:24,mainnet,9779316,9753846,25470
2020-03-31 13:50:46,mainnet,9779317,9753856,25461
2020-03-31 13:52:08,mainnet,9779323,9753865,25458
2020-03-31 13:53:30,mainnet,9779332,9753874,25458
2020-03-31 13:54:53,mainnet,9779341,9753883,25458
2020-03-31 13:56:15,mainnet,9779347,9753891,25456
2020-03-31 13:57:37,mainnet,9779351,9753899,25452
2020-03-31 13:58:59,mainnet,9779354,9753907,25447
2020-03-31 14:00:23,mainnet,9779360,9753914,25446
2020-03-31 14:01:45,mainnet,9779365,9753921,25444
2020-03-31 14:03:07,mainnet,9779373,9753929,25444
2020-03-31 14:04:30,mainnet,9779381,9753938,25443
2020-03-31 14:05:52,mainnet,9779390,9753946,25444
2020-03-31 14:07:14,mainnet,9779391,9753955,25436
2020-03-31 14:08:36,mainnet,9779396,9753962,25434
2020-03-31 14:09:58,mainnet,9779400,9753970,25430
2020-03-31 14:11:20,mainnet,9779408,9753980,25428
2020-03-31 14:12:42,mainnet,9779409,9753988,25421
2020-03-31 14:14:04,mainnet,9779415,9753997,25418
2020-03-31 14:16:21,mainnet,9779428,9754011,25417
2020-03-31 14:17:47,mainnet,9779436,9754020,25416
2020-03-31 14:19:13,mainnet,9779443,9754028,25415
2020-03-31 14:20:47,mainnet,9779451,9754040,25411
2020-03-31 14:22:11,mainnet,9779456,9754048,25408
2020-03-31 14:23:34,mainnet,9779462,9754057,25405
2020-03-31 14:24:57,mainnet,9779466,9754064,25402
2020-03-31 14:26:22,mainnet,9779477,9754071,25406
2020-03-31 14:27:44,mainnet,9779483,9754078,25405
2020-03-31 14:29:08,mainnet,9779489,9754088,25401
2020-03-31 14:30:37,mainnet,9779498,9754099,25399
2020-03-31 14:32:30,mainnet,9779504,9754110,25394
2020-03-31 14:34:01,mainnet,9779513,9754117,25396
2020-03-31 14:35:36,mainnet,9779522,9754125,25397
2020-03-31 14:37:13,mainnet,9779528,9754136,25392
2020-03-31 14:38:40,mainnet,9779538,9754150,25388
2020-03-31 14:40:37,mainnet,9779543,9754160,25383
2020-03-31 14:42:00,mainnet,9779548,9754170,25378
2020-03-31 14:43:24,mainnet,9779552,9754180,25372
2020-03-31 14:45:13,mainnet,9779567,9754192,25375
2020-03-31 14:46:39,mainnet,9779576,9754199,25377
2020-03-31 14:48:02,mainnet,9779582,9754206,25376
2020-03-31 14:49:24,mainnet,9779588,9754216,25372
2020-03-31 14:50:47,mainnet,9779596,9754227,25369
2020-03-31 14:52:10,mainnet,9779605,9754236,25369
2020-03-31 14:53:35,mainnet,9779611,9754244,25367
2020-03-31 14:54:58,mainnet,9779622,9754250,25372
2020-03-31 14:56:20,mainnet,9779626,9754258,25368
2020-03-31 14:57:42,mainnet,9779635,9754269,25366
2020-03-31 14:59:05,mainnet,9779642,9754278,25364
2020-03-31 15:00:27,mainnet,9779648,9754287,25361
2020-03-31 15:01:54,mainnet,9779658,9754297,25361
2020-03-31 15:03:21,mainnet,9779662,9754307,25355
2020-03-31 15:04:50,mainnet,9779669,9754315,25354
2020-03-31 15:06:18,mainnet,9779674,9754323,25351
2020-03-31 15:07:42,mainnet,9779683,9754334,25349
2020-03-31 15:09:09,mainnet,9779690,9754344,25346
2020-03-31 15:10:36,mainnet,9779696,9754360,25336
2020-03-31 15:12:03,mainnet,9779704,9754371,25333
2020-03-31 15:13:30,mainnet,9779717,9754384,25333
2020-03-31 15:15:09,mainnet,9779722,9754395,25327
2020-03-31 15:38:33,mainnet,9779846,9754399,25447
2020-03-31 15:39:57,mainnet,9779850,9754399,25451
2020-03-31 15:41:20,mainnet,9779853,9754400,25453
2020-03-31 15:42:46,mainnet,9779856,9754405,25451
2020-03-31 15:44:09,mainnet,9779860,9754410,25450
2020-03-31 15:45:34,mainnet,9779865,9754415,25450
2020-03-31 15:46:59,mainnet,9779869,9754422,25447
2020-03-31 15:51:06,mainnet,9779884,0,9779884
2020-03-31 15:52:53,mainnet,9779892,0,9779892
2020-03-31 15:54:24,mainnet,9779902,0,9779902
2020-03-31 15:56:00,mainnet,9779912,0,9779912
2020-03-31 15:57:56,mainnet,9779919,0,9779919
2020-03-31 15:59:55,mainnet,9779926,0,9779926
2020-03-31 16:02:20,mainnet,9779943,0,9779943
2020-03-31 16:04:13,mainnet,9779949,0,9779949
2020-03-31 16:06:13,mainnet,9779962,0,9779962
2020-03-31 16:08:07,mainnet,9779971,0,9779971
2020-03-31 16:09:54,mainnet,9779985,0,9779985
2020-03-31 16:11:26,mainnet,9779990,0,9779990
2020-03-31 16:13:07,mainnet,9779999,0,9779999
2020-03-31 16:15:13,mainnet,9780010,0,9780010
2020-03-31 16:17:18,mainnet,9780019,0,9780019
2020-03-31 16:19:07,mainnet,9780025,0,9780025
2020-03-31 16:21:13,mainnet,9780039,0,9780039
2020-03-31 16:23:14,mainnet,9780046,0,9780046
2020-03-31 16:25:03,mainnet,9780049,0,9780049
2020-03-31 16:26:51,mainnet,9780061,0,9780061
2020-03-31 16:28:36,mainnet,9780067,0,9780067
2020-03-31 16:30:49,mainnet,9780072,0,9780072
2020-03-31 16:32:27,mainnet,9780077,0,9780077
2020-03-31 16:34:21,mainnet,9780086,0,9780086
2020-03-31 16:36:14,mainnet,9780096,0,9780096
2020-03-31 16:39:21,mainnet,9780110,0,9780110
2020-03-31 16:41:33,mainnet,9780120,0,9780120
2020-03-31 16:44:13,mainnet,9780129,0,9780129
2020-03-31 16:46:25,mainnet,9780132,0,9780132
2020-03-31 16:51:12,mainnet,9780161,0,9780161
2020-03-31 16:53:17,mainnet,9780172,0,9780172
2020-03-31 16:55:30,mainnet,9780177,0,9780177
2020-03-31 16:56:58,mainnet,9780183,0,9780183
2020-03-31 16:58:25,mainnet,9780188,0,9780188
2020-03-31 17:00:02,mainnet,9780194,0,9780194
2020-03-31 17:02:17,mainnet,9780200,0,9780200
2020-03-31 17:03:54,mainnet,9780208,0,9780208
2020-03-31 17:05:36,mainnet,9780212,0,9780212
2020-03-31 17:07:10,mainnet,9780220,0,9780220
2020-03-31 17:08:39,mainnet,9780227,0,9780227
2020-03-31 17:10:13,mainnet,9780232,0,9780232
2020-03-31 17:11:59,mainnet,9780237,0,9780237
2020-03-31 17:13:21,mainnet,9780246,0,9780246
2020-03-31 17:14:53,mainnet,9780252,0,9780252
2020-03-31 17:16:27,mainnet,9780258,0,9780258
2020-03-31 17:18:06,mainnet,9780274,0,9780274
2020-03-31 17:19:43,mainnet,9780281,0,9780281
2020-03-31 17:21:19,mainnet,9780288,0,9780288
2020-03-31 17:26:03,mainnet,9780312,0,9780312
2020-03-31 17:27:47,mainnet,9780319,0,9780319
2020-03-31 17:29:20,mainnet,9780330,0,9780330
2020-03-31 17:30:54,mainnet,9780338,0,9780338
2020-03-31 17:32:26,mainnet,9780349,0,9780349
2020-03-31 17:33:56,mainnet,9780354,0,9780354
2020-03-31 17:35:30,mainnet,9780362,0,9780362
2020-03-31 17:37:03,mainnet,9780366,0,9780366
2020-03-31 17:38:38,mainnet,9780373,0,9780373
2020-03-31 17:40:20,mainnet,9780378,0,9780378
2020-03-31 17:41:53,mainnet,9780387,0,9780387
2020-03-31 17:43:25,mainnet,9780392,0,9780392
2020-03-31 17:44:55,mainnet,9780396,0,9780396
2020-03-31 17:46:30,mainnet,9780401,0,9780401
2020-03-31 17:48:03,mainnet,9780406,0,9780406
2020-03-31 17:49:37,mainnet,9780415,0,9780415
2020-03-31 17:51:10,mainnet,9780425,0,9780425
2020-03-31 17:52:42,mainnet,9780432,0,9780432
2020-03-31 17:54:14,mainnet,9780436,0,9780436
2020-03-31 17:55:45,mainnet,9780443,0,9780443
2020-03-31 17:57:22,mainnet,9780451,0,9780451
2020-03-31 17:59:14,mainnet,9780459,0,9780459
2020-03-31 18:00:50,mainnet,9780469,0,9780469
2020-03-31 18:02:20,mainnet,9780473,0,9780473
2020-03-31 18:03:56,mainnet,9780483,0,9780483
2020-03-31 18:05:34,mainnet,9780488,0,9780488
2020-03-31 18:07:12,mainnet,9780490,0,9780490
2020-03-31 18:08:46,mainnet,9780493,0,9780493
2020-03-31 18:10:17,mainnet,9780500,0,9780500
2020-03-31 18:11:49,mainnet,9780505,0,9780505
2020-03-31 18:13:24,mainnet,9780509,0,9780509
2020-03-31 18:14:59,mainnet,9780516,0,9780516
2020-03-31 18:16:38,mainnet,9780521,0,9780521
2020-03-31 18:18:12,mainnet,9780528,0,9780528
2020-03-31 18:19:48,mainnet,9780537,0,9780537
2020-03-31 18:21:58,mainnet,9780548,0,9780548
2020-03-31 18:23:44,mainnet,9780559,0,9780559
2020-03-31 18:25:16,mainnet,9780564,0,9780564
2020-03-31 18:26:46,mainnet,9780575,0,9780575
2020-03-31 18:28:41,mainnet,9780586,0,9780586
2020-03-31 18:30:20,mainnet,9780589,0,9780589
2020-03-31 18:31:57,mainnet,9780593,0,9780593
2020-03-31 18:33:31,mainnet,9780600,0,9780600
2020-03-31 18:34:53,mainnet,9780604,0,9780604
2020-03-31 18:36:15,mainnet,9780616,0,9780616
2020-03-31 18:37:37,mainnet,9780623,0,9780623
2020-03-31 18:39:00,mainnet,9780628,0,9780628
2020-03-31 18:40:23,mainnet,9780634,0,9780634
2020-03-31 18:41:46,mainnet,9780639,0,9780639
2020-03-31 18:43:08,mainnet,9780643,0,9780643
2020-03-31 18:44:31,mainnet,9780648,0,9780648
2020-03-31 18:45:53,mainnet,9780653,0,9780653
2020-03-31 18:47:15,mainnet,9780657,0,9780657
2020-03-31 18:48:38,mainnet,9780660,0,9780660
2020-03-31 18:50:00,mainnet,9780669,0,9780669
2020-03-31 18:51:22,mainnet,9780676,0,9780676
2020-03-31 18:52:44,mainnet,9780686,0,9780686
2020-03-31 18:54:07,mainnet,9780692,0,9780692
2020-03-31 18:55:28,mainnet,9780694,0,9780694
2020-03-31 18:56:50,mainnet,9780705,0,9780705
2020-03-31 18:58:12,mainnet,9780709,0,9780709
2020-03-31 18:59:35,mainnet,9780717,0,9780717
2020-03-31 19:00:57,mainnet,9780724,0,9780724
2020-03-31 19:02:19,mainnet,9780728,0,9780728
2020-03-31 19:03:41,mainnet,9780731,0,9780731
2020-03-31 19:05:03,mainnet,9780739,0,9780739
2020-03-31 19:06:26,mainnet,9780748,0,9780748
2020-03-31 19:07:48,mainnet,9780756,0,9780756
2020-03-31 19:09:10,mainnet,9780764,0,9780764
2020-03-31 19:10:32,mainnet,9780772,0,9780772
2020-03-31 19:11:54,mainnet,9780781,0,9780781
2020-03-31 19:13:16,mainnet,9780787,0,9780787
2020-03-31 19:14:38,mainnet,9780792,0,9780792
2020-03-31 19:16:01,mainnet,9780802,0,9780802
2020-03-31 19:17:23,mainnet,9780806,0,9780806
2020-03-31 19:18:45,mainnet,9780808,0,9780808
2020-03-31 19:20:07,mainnet,9780810,0,9780810
2020-03-31 19:21:30,mainnet,9780817,0,9780817
2020-03-31 19:22:53,mainnet,9780824,0,9780824
2020-03-31 19:24:15,mainnet,9780830,0,9780830
2020-03-31 19:25:37,mainnet,9780835,0,9780835
2020-03-31 19:26:59,mainnet,9780842,0,9780842
2020-03-31 19:28:22,mainnet,9780851,0,9780851
2020-03-31 19:29:45,mainnet,9780858,0,9780858
2020-03-31 19:31:06,mainnet,9780866,0,9780866
2020-03-31 19:32:30,mainnet,9780872,0,9780872
2020-03-31 19:33:52,mainnet,9780879,0,9780879
2020-03-31 19:35:14,mainnet,9780890,0,9780890
2020-03-31 19:36:36,mainnet,9780895,0,9780895
2020-03-31 19:37:58,mainnet,9780903,0,9780903
2020-03-31 19:39:20,mainnet,9780906,0,9780906
2020-03-31 19:40:42,mainnet,9780909,0,9780909
2020-03-31 19:42:04,mainnet,9780914,0,9780914
2020-03-31 19:43:26,mainnet,9780920,0,9780920
2020-03-31 19:44:48,mainnet,9780925,0,9780925
2020-03-31 19:46:10,mainnet,9780931,0,9780931
2020-03-31 19:47:32,mainnet,9780938,0,9780938
2020-03-31 19:48:55,mainnet,9780941,0,9780941
2020-03-31 19:50:17,mainnet,9780946,0,9780946
2020-03-31 19:51:39,mainnet,9780954,0,9780954
2020-03-31 19:53:01,mainnet,9780965,0,9780965
2020-03-31 19:54:32,mainnet,9780971,0,9780971
2020-03-31 19:55:54,mainnet,9780976,0,9780976
2020-03-31 19:57:16,mainnet,9780981,0,9780981
2020-03-31 19:58:38,mainnet,9780986,0,9780986
2020-03-31 20:00:00,mainnet,9780990,0,9780990
2020-03-31 20:01:23,mainnet,9780994,0,9780994
2020-03-31 20:02:45,mainnet,9781001,0,9781001
2020-03-31 20:04:07,mainnet,9781007,0,9781007
2020-03-31 20:05:29,mainnet,9781010,0,9781010
2020-03-31 20:06:51,mainnet,9781014,0,9781014
2020-03-31 20:08:13,mainnet,9781022,0,9781022
2020-03-31 20:09:35,mainnet,9781030,0,9781030
2020-03-31 20:10:58,mainnet,9781037,0,9781037
2020-03-31 20:12:21,mainnet,9781047,0,9781047
2020-03-31 20:13:43,mainnet,9781053,0,9781053
2020-03-31 20:15:05,mainnet,9781055,0,9781055
2020-03-31 20:16:28,mainnet,9781055,0,9781055
2020-03-31 20:17:50,mainnet,9781059,0,9781059
2020-03-31 20:19:12,mainnet,9781066,0,9781066
2020-03-31 20:20:34,mainnet,9781072,0,9781072
2020-03-31 20:21:57,mainnet,9781076,0,9781076
2020-03-31 20:23:19,mainnet,9781081,0,9781081
2020-03-31 20:24:42,mainnet,9781088,0,9781088
2020-03-31 20:26:04,mainnet,9781094,0,9781094
2020-03-31 20:27:27,mainnet,9781106,0,9781106
2020-03-31 20:28:49,mainnet,9781111,0,9781111
2020-03-31 20:30:12,mainnet,9781115,0,9781115
2020-03-31 20:31:34,mainnet,9781122,0,9781122
2020-03-31 20:32:57,mainnet,9781125,0,9781125
2020-03-31 20:34:19,mainnet,9781128,0,9781128
2020-03-31 20:35:41,mainnet,9781132,0,9781132
2020-03-31 20:37:03,mainnet,9781137,0,9781137
2020-03-31 20:38:25,mainnet,9781144,0,9781144
2020-03-31 20:39:47,mainnet,9781145,0,9781145
2020-03-31 20:41:09,mainnet,9781150,0,9781150
2020-03-31 20:42:31,mainnet,9781156,0,9781156
2020-03-31 20:43:53,mainnet,9781167,0,9781167
2020-03-31 20:45:16,mainnet,9781171,0,9781171
2020-03-31 20:46:38,mainnet,9781176,0,9781176
2020-03-31 20:48:00,mainnet,9781185,0,9781185
2020-03-31 20:49:22,mainnet,9781192,0,9781192
2020-03-31 20:50:45,mainnet,9781200,0,9781200
2020-03-31 20:52:07,mainnet,9781207,0,9781207
2020-03-31 20:53:34,mainnet,9781212,0,9781212
2020-03-31 20:54:56,mainnet,9781219,0,9781219
2020-03-31 20:56:18,mainnet,9781225,0,9781225
2020-03-31 20:57:40,mainnet,9781231,0,9781231
2020-03-31 20:59:03,mainnet,9781235,0,9781235
2020-03-31 21:00:25,mainnet,9781241,0,9781241
2020-03-31 21:01:47,mainnet,9781247,0,9781247
2020-03-31 21:03:09,mainnet,9781257,0,9781257
2020-03-31 21:04:31,mainnet,9781261,0,9781261
2020-03-31 21:05:53,mainnet,9781266,0,9781266
2020-03-31 21:07:15,mainnet,9781271,0,9781271
2020-03-31 21:08:38,mainnet,9781276,0,9781276
2020-03-31 21:10:00,mainnet,9781281,0,9781281
2020-03-31 21:11:22,mainnet,9781283,0,9781283
2020-03-31 21:12:44,mainnet,9781291,0,9781291
2020-03-31 21:14:06,mainnet,9781296,0,9781296
2020-03-31 21:15:28,mainnet,9781302,0,9781302
2020-03-31 21:16:50,mainnet,9781304,0,9781304
2020-03-31 21:18:12,mainnet,9781308,0,9781308
2020-03-31 21:19:35,mainnet,9781313,0,9781313
2020-03-31 21:20:57,mainnet,9781318,0,9781318
2020-03-31 21:22:19,mainnet,9781326,0,9781326
2020-03-31 21:23:41,mainnet,9781330,0,9781330
2020-03-31 21:25:03,mainnet,9781338,0,9781338
2020-03-31 21:26:25,mainnet,9781346,0,9781346
2020-03-31 21:27:47,mainnet,9781349,0,9781349
2020-03-31 21:29:09,mainnet,9781357,0,9781357
2020-03-31 21:30:31,mainnet,9781360,0,9781360
2020-03-31 21:31:53,mainnet,9781372,0,9781372
2020-03-31 21:33:15,mainnet,9781377,0,9781377
2020-03-31 21:34:38,mainnet,9781381,0,9781381
2020-03-31 21:36:00,mainnet,9781389,0,9781389
2020-03-31 21:37:22,mainnet,9781394,0,9781394
2020-03-31 21:38:44,mainnet,9781398,0,9781398
2020-03-31 21:40:06,mainnet,9781404,0,9781404
2020-03-31 21:41:28,mainnet,9781413,0,9781413
2020-03-31 21:42:50,mainnet,9781420,0,9781420
2020-03-31 21:44:12,mainnet,9781425,0,9781425
2020-03-31 21:53:47,mainnet,9781475,0,9781475
2020-03-31 21:55:12,mainnet,9781482,0,9781482
2020-03-31 21:56:43,mainnet,9781492,0,9781492
2020-03-31 21:58:42,mainnet,9781498,0,9781498
2020-03-31 22:00:10,mainnet,9781509,0,9781509
2020-03-31 22:01:48,mainnet,9781516,0,9781516
2020-03-31 22:03:28,mainnet,9781526,0,9781526
2020-03-31 22:05:17,mainnet,9781535,0,9781535
2020-03-31 22:06:45,mainnet,9781537,0,9781537
2020-03-31 22:08:32,mainnet,9781544,0,9781544
2020-03-31 22:10:09,mainnet,9781549,0,9781549
2020-03-31 22:11:44,mainnet,9781552,0,9781552
2020-03-31 22:13:15,mainnet,9781562,0,9781562
2020-03-31 22:14:52,mainnet,9781566,0,9781566
2020-03-31 22:16:38,mainnet,9781575,0,9781575
2020-03-31 22:18:20,mainnet,9781581,0,9781581
2020-03-31 22:19:56,mainnet,9781588,0,9781588
2020-03-31 22:21:34,mainnet,9781593,0,9781593
2020-03-31 22:23:14,mainnet,9781597,0,9781597
2020-03-31 22:24:49,mainnet,9781602,0,9781602
2020-03-31 22:26:26,mainnet,9781607,0,9781607
2020-03-31 22:28:02,mainnet,9781611,0,9781611
2020-03-31 22:29:47,mainnet,9781622,0,9781622
2020-03-31 22:31:15,mainnet,9781629,0,9781629
2020-03-31 22:32:41,mainnet,9781640,0,9781640
2020-03-31 22:34:15,mainnet,9781644,0,9781644
2020-03-31 22:35:47,mainnet,9781652,0,9781652
2020-03-31 22:37:25,mainnet,9781662,0,9781662
2020-03-31 22:39:06,mainnet,9781668,0,9781668
2020-03-31 22:40:43,mainnet,9781675,0,9781675
2020-03-31 22:42:26,mainnet,9781686,0,9781686
2020-03-31 22:43:58,mainnet,9781693,0,9781693
2020-03-31 22:45:29,mainnet,9781703,0,9781703
2020-03-31 22:47:00,mainnet,9781715,0,9781715
2020-03-31 22:48:48,mainnet,9781721,0,9781721
2020-03-31 22:50:39,mainnet,9781732,0,9781732
2020-03-31 22:52:18,mainnet,9781735,0,9781735
2020-03-31 22:54:31,mainnet,9781746,0,9781746
2020-03-31 22:56:02,mainnet,9781755,0,9781755
2020-03-31 22:57:57,mainnet,9781767,0,9781767
2020-03-31 22:59:31,mainnet,9781778,0,9781778
2020-03-31 23:01:04,mainnet,9781786,0,9781786
2020-03-31 23:02:55,mainnet,9781799,0,9781799
2020-03-31 23:05:36,mainnet,9781802,0,9781802
2020-03-31 23:07:13,mainnet,9781809,0,9781809
2020-03-31 23:08:53,mainnet,9781819,0,9781819
2020-03-31 23:10:23,mainnet,9781825,0,9781825
2020-03-31 23:12:26,mainnet,9781837,0,9781837
2020-03-31 23:14:11,mainnet,9781843,0,9781843
2020-03-31 23:15:53,mainnet,9781848,0,9781848
2020-03-31 23:17:25,mainnet,9781854,0,9781854
2020-03-31 23:18:57,mainnet,9781860,0,9781860
2020-03-31 23:20:26,mainnet,9781866,0,9781866
2020-03-31 23:21:55,mainnet,9781877,0,9781877
2020-03-31 23:23:31,mainnet,9781883,0,9781883
2020-03-31 23:25:06,mainnet,9781888,0,9781888
2020-03-31 23:26:45,mainnet,9781894,0,9781894
2020-03-31 23:28:16,mainnet,9781901,0,9781901
2020-03-31 23:29:45,mainnet,9781910,0,9781910
2020-03-31 23:31:38,mainnet,9781915,0,9781915
2020-03-31 23:33:50,mainnet,9781920,0,9781920
2020-03-31 23:35:21,mainnet,9781927,0,9781927
2020-03-31 23:36:59,mainnet,9781934,0,9781934
2020-03-31 23:38:32,mainnet,9781942,0,9781942
2020-03-31 23:40:20,mainnet,9781950,0,9781950
2020-03-31 23:41:48,mainnet,9781954,0,9781954
2020-03-31 23:43:29,mainnet,9781968,0,9781968
2020-03-31 23:45:23,mainnet,9781977,0,9781977
2020-03-31 23:47:02,mainnet,9781985,0,9781985
2020-03-31 23:48:28,mainnet,9781991,0,9781991
2020-03-31 23:50:14,mainnet,9781996,0,9781996
2020-03-31 23:51:53,mainnet,9782004,0,9782004
2020-03-31 23:53:29,mainnet,9782007,0,9782007
2020-03-31 23:54:59,mainnet,9782014,0,9782014
2020-03-31 23:56:28,mainnet,9782020,0,9782020
2020-03-31 23:57:56,mainnet,9782022,0,9782022
2020-03-31 23:59:25,mainnet,9782034,0,9782034
2020-04-01 00:01:09,mainnet,9782041,0,9782041
2020-04-01 00:02:41,mainnet,9782048,0,9782048
2020-04-01 00:04:21,mainnet,9782052,0,9782052
2020-04-01 00:05:54,mainnet,9782058,0,9782058
2020-04-01 00:07:23,mainnet,9782066,0,9782066
2020-04-01 00:09:01,mainnet,9782070,0,9782070
2020-04-01 00:10:33,mainnet,9782076,0,9782076
2020-04-01 00:12:02,mainnet,9782085,0,9782085
2020-04-01 00:13:45,mainnet,9782094,0,9782094
2020-04-01 00:15:13,mainnet,9782100,0,9782100
2020-04-01 00:16:42,mainnet,9782107,0,9782107
2020-04-01 00:18:10,mainnet,9782112,0,9782112
2020-04-01 00:19:37,mainnet,9782119,0,9782119
2020-04-01 00:21:05,mainnet,9782126,0,9782126
2020-04-01 00:22:34,mainnet,9782131,0,9782131
2020-04-01 00:24:02,mainnet,9782137,0,9782137
2020-04-01 00:25:28,mainnet,9782149,0,9782149
2020-04-01 00:26:51,mainnet,9782158,0,9782158
2020-04-01 00:28:13,mainnet,9782166,0,9782166
2020-04-01 00:29:35,mainnet,9782176,0,9782176
2020-04-01 00:30:57,mainnet,9782183,0,9782183
2020-04-01 00:32:19,mainnet,9782193,0,9782193
2020-04-01 00:33:41,mainnet,9782201,0,9782201
2020-04-01 00:35:03,mainnet,9782207,0,9782207
2020-04-01 00:36:25,mainnet,9782214,0,9782214
2020-04-01 00:37:47,mainnet,9782223,0,9782223
2020-04-01 00:39:09,mainnet,9782231,0,9782231
2020-04-01 00:40:32,mainnet,9782233,0,9782233
2020-04-01 00:41:55,mainnet,9782238,0,9782238
2020-04-01 00:43:18,mainnet,9782245,0,9782245
2020-04-01 00:44:40,mainnet,9782250,0,9782250
2020-04-01 00:46:02,mainnet,9782252,0,9782252
2020-04-01 00:47:25,mainnet,9782261,0,9782261
2020-04-01 00:48:47,mainnet,9782263,0,9782263
2020-04-01 00:50:09,mainnet,9782266,0,9782266
2020-04-01 00:51:31,mainnet,9782272,0,9782272
2020-04-01 00:52:53,mainnet,9782278,0,9782278
2020-04-01 00:54:15,mainnet,9782283,0,9782283
2020-04-01 00:55:37,mainnet,9782289,0,9782289
2020-04-01 00:56:59,mainnet,9782296,0,9782296
2020-04-01 00:58:22,mainnet,9782303,0,9782303
2020-04-01 00:59:44,mainnet,9782314,0,9782314
2020-04-01 01:01:06,mainnet,9782318,0,9782318
2020-04-01 01:02:28,mainnet,9782323,0,9782323
2020-04-01 01:04:00,mainnet,9782330,0,9782330
2020-04-01 01:05:22,mainnet,9782338,0,9782338
2020-04-01 01:06:44,mainnet,9782350,0,9782350
2020-04-01 01:08:06,mainnet,9782362,0,9782362
2020-04-01 01:09:28,mainnet,9782364,0,9782364
2020-04-01 01:10:50,mainnet,9782369,0,9782369
2020-04-01 01:12:12,mainnet,9782377,0,9782377
2020-04-01 01:13:34,mainnet,9782380,0,9782380
2020-04-01 01:14:56,mainnet,9782381,0,9782381
2020-04-01 01:16:18,mainnet,9782385,0,9782385
2020-04-01 01:17:40,mainnet,9782393,0,9782393
2020-04-01 01:19:02,mainnet,9782402,0,9782402
2020-04-01 01:20:24,mainnet,9782411,0,9782411
2020-04-01 01:21:46,mainnet,9782420,0,9782420
2020-04-01 01:23:08,mainnet,9782427,0,9782427
2020-04-01 01:24:30,mainnet,9782435,0,9782435
2020-04-01 01:25:52,mainnet,9782439,0,9782439
2020-04-01 01:27:14,mainnet,9782444,0,9782444
2020-04-01 01:28:36,mainnet,9782447,0,9782447
2020-04-01 01:29:58,mainnet,9782451,0,9782451
2020-04-01 01:31:20,mainnet,9782458,0,9782458
2020-04-01 01:32:42,mainnet,9782465,0,9782465
2020-04-01 01:34:04,mainnet,9782473,0,9782473
2020-04-01 01:35:27,mainnet,9782484,0,9782484
2020-04-01 01:36:49,mainnet,9782493,0,9782493
2020-04-01 01:38:11,mainnet,9782502,0,9782502
2020-04-01 01:39:33,mainnet,9782508,0,9782508
2020-04-01 01:40:55,mainnet,9782515,0,9782515
2020-04-01 01:42:17,mainnet,9782521,0,9782521
2020-04-01 01:43:39,mainnet,9782526,0,9782526
2020-04-01 01:45:01,mainnet,9782528,0,9782528
2020-04-01 01:46:23,mainnet,9782534,0,9782534
2020-04-01 01:47:45,mainnet,9782543,0,9782543
2020-04-01 01:49:07,mainnet,9782550,0,9782550
2020-04-01 01:50:29,mainnet,9782556,0,9782556
2020-04-01 01:51:52,mainnet,9782561,0,9782561
2020-04-01 01:53:14,mainnet,9782568,0,9782568
2020-04-01 01:54:36,mainnet,9782574,0,9782574
2020-04-01 01:55:58,mainnet,9782581,0,9782581
2020-04-01 01:57:20,mainnet,9782586,0,9782586
2020-04-01 01:58:42,mainnet,9782593,0,9782593
2020-04-01 02:00:04,mainnet,9782600,0,9782600
2020-04-01 02:01:26,mainnet,9782605,0,9782605
2020-04-01 02:02:48,mainnet,9782612,0,9782612
2020-04-01 02:04:10,mainnet,9782624,0,9782624
2020-04-01 02:05:33,mainnet,9782630,0,9782630
2020-04-01 02:06:55,mainnet,9782635,0,9782635
2020-04-01 02:08:18,mainnet,9782644,0,9782644
2020-04-01 02:09:40,mainnet,9782650,0,9782650
2020-04-01 02:11:02,mainnet,9782658,0,9782658
2020-04-01 02:12:24,mainnet,9782665,0,9782665
2020-04-01 02:13:46,mainnet,9782672,0,9782672
2020-04-01 02:15:08,mainnet,9782676,0,9782676
2020-04-01 02:16:30,mainnet,9782685,0,9782685
2020-04-01 02:17:52,mainnet,9782689,0,9782689
2020-04-01 02:19:14,mainnet,9782697,0,9782697
2020-04-01 02:20:37,mainnet,9782702,0,9782702
2020-04-01 02:21:59,mainnet,9782706,0,9782706
2020-04-01 02:23:21,mainnet,9782710,0,9782710
2020-04-01 02:24:43,mainnet,9782720,0,9782720
2020-04-01 02:26:05,mainnet,9782725,0,9782725
2020-04-01 02:27:27,mainnet,9782729,0,9782729
2020-04-01 02:28:49,mainnet,9782732,0,9782732
2020-04-01 02:30:11,mainnet,9782738,0,9782738
2020-04-01 02:31:34,mainnet,9782744,0,9782744
2020-04-01 02:32:56,mainnet,9782750,0,9782750
2020-04-01 02:34:18,mainnet,9782758,0,9782758
2020-04-01 02:35:40,mainnet,9782764,0,9782764
2020-04-01 02:37:02,mainnet,9782767,0,9782767
2020-04-01 02:38:24,mainnet,9782774,0,9782774
2020-04-01 02:39:46,mainnet,9782784,0,9782784
2020-04-01 02:41:08,mainnet,9782785,0,9782785
2020-04-01 02:42:30,mainnet,9782793,0,9782793
2020-04-01 02:43:52,mainnet,9782801,0,9782801
2020-04-01 02:45:14,mainnet,9782808,0,9782808
2020-04-01 02:46:36,mainnet,9782817,0,9782817
2020-04-01 02:47:58,mainnet,9782824,0,9782824
2020-04-01 02:49:20,mainnet,9782828,0,9782828
2020-04-01 02:50:42,mainnet,9782835,0,9782835
2020-04-01 02:52:04,mainnet,9782843,0,9782843
2020-04-01 02:53:26,mainnet,9782850,0,9782850
2020-04-01 02:54:48,mainnet,9782853,0,9782853
2020-04-01 02:56:10,mainnet,9782862,0,9782862
2020-04-01 02:57:32,mainnet,9782871,0,9782871
2020-04-01 02:58:54,mainnet,9782875,0,9782875
2020-04-01 03:00:16,mainnet,9782887,0,9782887
2020-04-01 03:01:38,mainnet,9782893,0,9782893
2020-04-01 03:03:00,mainnet,9782898,0,9782898
2020-04-01 03:04:22,mainnet,9782903,0,9782903
2020-04-01 03:05:44,mainnet,9782907,0,9782907
2020-04-01 03:07:06,mainnet,9782917,0,9782917
2020-04-01 03:08:29,mainnet,9782926,0,9782926
2020-04-01 03:09:52,mainnet,9782931,0,9782931
2020-04-01 03:11:14,mainnet,9782938,0,9782938
2020-04-01 03:12:36,mainnet,9782950,0,9782950
2020-04-01 03:13:58,mainnet,9782954,0,9782954
2020-04-01 03:15:20,mainnet,9782955,0,9782955
2020-04-01 03:16:42,mainnet,9782959,0,9782959
2020-04-01 03:18:04,mainnet,9782965,0,9782965
2020-04-01 03:19:26,mainnet,9782971,0,9782971
2020-04-01 03:20:48,mainnet,9782977,0,9782977
2020-04-01 03:22:10,mainnet,9782985,0,9782985
2020-04-01 03:23:32,mainnet,9782996,0,9782996
2020-04-01 03:24:54,mainnet,9783001,0,9783001
2020-04-01 03:26:16,mainnet,9783005,0,9783005
2020-04-01 03:27:38,mainnet,9783012,0,9783012
2020-04-01 03:29:00,mainnet,9783014,0,9783014
2020-04-01 03:30:23,mainnet,9783022,0,9783022
2020-04-01 03:31:45,mainnet,9783030,0,9783030
2020-04-01 03:33:07,mainnet,9783040,0,9783040
2020-04-01 03:34:29,mainnet,9783046,0,9783046
2020-04-01 03:35:51,mainnet,9783056,0,9783056
2020-04-01 03:37:13,mainnet,9783060,0,9783060
2020-04-01 03:38:35,mainnet,9783063,0,9783063
2020-04-01 03:39:57,mainnet,9783067,0,9783067
2020-04-01 03:41:19,mainnet,9783074,0,9783074
2020-04-01 03:42:41,mainnet,9783085,0,9783085
2020-04-01 03:44:03,mainnet,9783092,0,9783092
2020-04-01 03:45:25,mainnet,9783101,0,9783101
2020-04-01 03:46:47,mainnet,9783107,0,9783107
2020-04-01 03:48:09,mainnet,9783111,0,9783111
2020-04-01 03:49:32,mainnet,9783118,0,9783118
2020-04-01 03:50:54,mainnet,9783129,0,9783129
2020-04-01 03:52:16,mainnet,9783136,0,9783136
2020-04-01 03:53:38,mainnet,9783142,0,9783142
2020-04-01 03:55:00,mainnet,9783143,0,9783143
2020-04-01 03:56:22,mainnet,9783153,0,9783153
2020-04-01 03:57:44,mainnet,9783159,0,9783159
2020-04-01 03:59:06,mainnet,9783172,0,9783172
2020-04-01 04:00:28,mainnet,9783177,0,9783177
2020-04-01 04:01:50,mainnet,9783181,0,9783181
2020-04-01 04:03:12,mainnet,9783185,0,9783185
2020-04-01 04:04:34,mainnet,9783188,0,9783188
2020-04-01 04:05:56,mainnet,9783191,0,9783191
2020-04-01 04:07:18,mainnet,9783200,0,9783200
2020-04-01 04:08:40,mainnet,9783205,0,9783205
2020-04-01 04:10:02,mainnet,9783219,0,9783219
2020-04-01 04:11:24,mainnet,9783224,0,9783224
2020-04-01 04:12:46,mainnet,9783229,0,9783229
2020-04-01 04:14:08,mainnet,9783234,0,9783234
2020-04-01 04:18:09,mainnet,9783250,0,9783250
2020-04-01 04:19:31,mainnet,9783256,0,9783256
2020-04-01 04:20:54,mainnet,9783262,0,9783262
2020-04-01 04:22:16,mainnet,9783268,0,9783268
2020-04-01 04:23:38,mainnet,9783274,0,9783274
2020-04-01 04:25:00,mainnet,9783281,0,9783281
2020-04-01 04:26:22,mainnet,9783286,0,9783286
2020-04-01 04:27:44,mainnet,9783290,0,9783290
2020-04-01 04:29:06,mainnet,9783296,0,9783296
2020-04-01 04:30:28,mainnet,9783298,0,9783298
2020-04-01 04:31:50,mainnet,9783306,0,9783306
2020-04-01 04:33:12,mainnet,9783312,0,9783312
2020-04-01 04:34:35,mainnet,9783320,0,9783320
2020-04-01 04:35:56,mainnet,9783324,0,9783324
2020-04-01 04:37:18,mainnet,9783332,0,9783332
2020-04-01 04:38:40,mainnet,9783338,0,9783338
2020-04-01 04:40:02,mainnet,9783340,0,9783340
2020-04-01 04:41:25,mainnet,9783347,0,9783347
2020-04-01 04:42:47,mainnet,9783355,0,9783355
2020-04-01 04:44:08,mainnet,9783366,0,9783366
2020-04-01 04:45:31,mainnet,9783371,0,9783371
2020-04-01 04:46:53,mainnet,9783378,0,9783378
2020-04-01 04:48:15,mainnet,9783386,0,9783386
2020-04-01 04:49:37,mainnet,9783392,0,9783392
2020-04-01 04:50:59,mainnet,9783398,0,9783398
2020-04-01 04:52:21,mainnet,9783402,0,9783402
2020-04-01 04:53:43,mainnet,9783407,0,9783407
2020-04-01 04:55:05,mainnet,9783414,0,9783414
2020-04-01 04:56:27,mainnet,9783425,0,9783425
2020-04-01 04:57:49,mainnet,9783429,0,9783429
2020-04-01 04:59:11,mainnet,9783432,0,9783432
2020-04-01 05:00:33,mainnet,9783437,0,9783437
2020-04-01 05:01:55,mainnet,9783443,0,9783443
2020-04-01 05:03:17,mainnet,9783451,0,9783451
2020-04-01 05:04:39,mainnet,9783457,0,9783457
2020-04-01 05:06:01,mainnet,9783463,0,9783463
2020-04-01 05:07:23,mainnet,9783467,0,9783467
2020-04-01 05:08:45,mainnet,9783471,0,9783471
2020-04-01 05:10:07,mainnet,9783479,0,9783479
2020-04-01 05:11:29,mainnet,9783484,0,9783484
2020-04-01 05:12:51,mainnet,9783488,0,9783488
2020-04-01 05:14:13,mainnet,9783492,0,9783492
2020-04-01 05:15:35,mainnet,9783505,0,9783505
2020-04-01 05:16:57,mainnet,9783507,0,9783507
2020-04-01 05:18:19,mainnet,9783510,0,9783510
2020-04-01 05:19:41,mainnet,9783515,0,9783515
2020-04-01 05:21:03,mainnet,9783516,0,9783516
2020-04-01 05:22:26,mainnet,9783525,0,9783525
2020-04-01 05:23:47,mainnet,9783537,0,9783537
2020-04-01 05:25:10,mainnet,9783544,0,9783544
2020-04-01 05:26:32,mainnet,9783551,0,9783551
2020-04-01 05:27:54,mainnet,9783557,0,9783557
2020-04-01 05:29:16,mainnet,9783560,0,9783560
2020-04-01 05:30:38,mainnet,9783564,0,9783564
2020-04-01 05:32:00,mainnet,9783574,0,9783574
2020-04-01 05:33:22,mainnet,9783579,0,9783579
2020-04-01 05:34:44,mainnet,9783585,0,9783585
2020-04-01 05:36:06,mainnet,9783594,0,9783594
2020-04-01 05:37:28,mainnet,9783601,0,9783601
2020-04-01 05:38:50,mainnet,9783605,0,9783605
2020-04-01 05:40:13,mainnet,9783610,0,9783610
2020-04-01 05:41:35,mainnet,9783614,0,9783614
2020-04-01 05:42:57,mainnet,9783624,0,9783624
2020-04-01 05:44:19,mainnet,9783627,0,9783627
2020-04-01 05:45:41,mainnet,9783635,0,9783635
2020-04-01 05:47:03,mainnet,9783640,0,9783640
2020-04-01 05:48:25,mainnet,9783644,0,9783644
2020-04-01 05:49:47,mainnet,9783652,0,9783652
2020-04-01 05:51:08,mainnet,9783660,0,9783660
2020-04-01 05:52:31,mainnet,9783667,0,9783667
2020-04-01 05:53:53,mainnet,9783676,0,9783676
2020-04-01 05:55:15,mainnet,9783682,0,9783682
2020-04-01 05:56:37,mainnet,9783688,0,9783688
2020-04-01 05:57:59,mainnet,9783693,0,9783693
2020-04-01 05:59:21,mainnet,9783698,0,9783698
2020-04-01 06:00:43,mainnet,9783704,0,9783704
2020-04-01 06:02:05,mainnet,9783711,0,9783711
2020-04-01 06:03:27,mainnet,9783712,0,9783712
2020-04-01 06:04:49,mainnet,9783716,0,9783716
2020-04-01 06:06:11,mainnet,9783728,0,9783728
2020-04-01 06:07:33,mainnet,9783735,0,9783735
2020-04-01 06:08:55,mainnet,9783741,0,9783741
2020-04-01 06:10:17,mainnet,9783747,0,9783747
2020-04-01 06:11:39,mainnet,9783752,0,9783752
2020-04-01 06:13:01,mainnet,9783760,0,9783760
2020-04-01 06:14:23,mainnet,9783766,0,9783766
2020-04-01 06:15:45,mainnet,9783772,0,9783772
2020-04-01 06:17:07,mainnet,9783778,0,9783778
2020-04-01 06:18:29,mainnet,9783783,0,9783783
2020-04-01 06:19:51,mainnet,9783789,0,9783789
2020-04-01 06:21:13,mainnet,9783793,0,9783793
2020-04-01 06:22:35,mainnet,9783798,0,9783798
2020-04-01 06:23:57,mainnet,9783805,0,9783805
2020-04-01 06:25:19,mainnet,9783810,0,9783810
2020-04-01 06:26:41,mainnet,9783813,0,9783813
2020-04-01 06:28:03,mainnet,9783819,0,9783819
2020-04-01 06:29:25,mainnet,9783822,0,9783822
2020-04-01 06:30:47,mainnet,9783828,0,9783828
2020-04-01 06:32:09,mainnet,9783835,0,9783835
2020-04-01 06:33:31,mainnet,9783844,0,9783844
2020-04-01 06:34:53,mainnet,9783853,0,9783853
2020-04-01 06:36:15,mainnet,9783860,0,9783860
2020-04-01 06:37:37,mainnet,9783863,0,9783863
2020-04-01 06:38:59,mainnet,9783866,0,9783866
2020-04-01 06:40:21,mainnet,9783871,0,9783871
2020-04-01 06:41:44,mainnet,9783880,0,9783880
2020-04-01 06:43:06,mainnet,9783883,0,9783883
2020-04-01 06:44:28,mainnet,9783893,0,9783893
2020-04-01 06:45:50,mainnet,9783899,0,9783899
2020-04-01 06:47:12,mainnet,9783906,0,9783906
2020-04-01 06:48:34,mainnet,9783909,0,9783909
2020-04-01 06:49:56,mainnet,9783914,0,9783914
2020-04-01 06:51:18,mainnet,9783916,0,9783916
2020-04-01 06:52:40,mainnet,9783920,0,9783920
2020-04-01 06:54:02,mainnet,9783924,0,9783924
2020-04-01 06:55:24,mainnet,9783933,0,9783933
2020-04-01 06:56:46,mainnet,9783937,0,9783937
2020-04-01 06:58:08,mainnet,9783944,0,9783944
2020-04-01 06:59:30,mainnet,9783951,0,9783951
2020-04-01 07:00:52,mainnet,9783952,0,9783952
2020-04-01 07:02:14,mainnet,9783959,0,9783959
2020-04-01 07:03:36,mainnet,9783969,0,9783969
2020-04-01 07:04:58,mainnet,9783973,0,9783973
2020-04-01 07:06:20,mainnet,9783976,0,9783976
2020-04-01 07:07:42,mainnet,9783986,0,9783986
2020-04-01 07:09:04,mainnet,9783993,0,9783993
2020-04-01 07:10:26,mainnet,9784001,0,9784001
2020-04-01 07:11:48,mainnet,9784005,0,9784005
2020-04-01 07:13:10,mainnet,9784012,0,9784012
2020-04-01 07:14:32,mainnet,9784021,0,9784021
2020-04-01 07:15:54,mainnet,9784024,0,9784024
2020-04-01 07:17:16,mainnet,9784031,0,9784031
2020-04-01 07:18:38,mainnet,9784037,0,9784037
2020-04-01 07:20:00,mainnet,9784045,0,9784045
2020-04-01 07:21:22,mainnet,9784056,0,9784056
2020-04-01 07:22:45,mainnet,9784059,0,9784059
2020-04-01 07:24:06,mainnet,9784065,0,9784065
2020-04-01 07:25:28,mainnet,9784070,0,9784070
2020-04-01 07:26:50,mainnet,9784076,0,9784076
2020-04-01 07:28:12,mainnet,9784086,0,9784086
2020-04-01 07:29:35,mainnet,9784096,0,9784096
2020-04-01 07:30:57,mainnet,9784099,0,9784099
2020-04-01 07:32:19,mainnet,9784108,0,9784108
2020-04-01 07:33:41,mainnet,9784110,0,9784110
2020-04-01 07:35:03,mainnet,9784112,0,9784112
2020-04-01 07:36:25,mainnet,9784120,0,9784120
2020-04-01 07:37:47,mainnet,9784129,0,9784129
2020-04-01 07:39:09,mainnet,9784133,0,9784133
2020-04-01 07:40:31,mainnet,9784143,0,9784143
2020-04-01 07:41:53,mainnet,9784149,0,9784149
2020-04-01 07:43:15,mainnet,9784155,0,9784155
2020-04-01 07:44:37,mainnet,9784161,0,9784161
2020-04-01 07:45:59,mainnet,9784165,0,9784165
2020-04-01 07:47:21,mainnet,9784171,0,9784171
2020-04-01 07:48:43,mainnet,9784179,0,9784179
2020-04-01 07:50:05,mainnet,9784182,0,9784182
2020-04-01 07:51:27,mainnet,9784193,0,9784193
2020-04-01 07:52:53,mainnet,9784200,0,9784200
2020-04-01 07:54:15,mainnet,9784206,0,9784206
2020-04-01 07:55:37,mainnet,9784213,0,9784213
2020-04-01 07:56:59,mainnet,9784221,0,9784221
2020-04-01 07:58:21,mainnet,9784232,0,9784232
2020-04-01 07:59:43,mainnet,9784237,0,9784237
2020-04-01 08:01:05,mainnet,9784243,0,9784243
2020-04-01 08:02:27,mainnet,9784243,0,9784243
2020-04-01 08:03:50,mainnet,9784247,0,9784247
2020-04-01 08:05:12,mainnet,9784253,0,9784253
2020-04-01 08:06:34,mainnet,9784260,0,9784260
2020-04-01 08:07:56,mainnet,9784264,0,9784264
2020-04-01 08:09:18,mainnet,9784271,0,9784271
2020-04-01 08:10:40,mainnet,9784279,0,9784279
2020-04-01 08:12:02,mainnet,9784284,0,9784284
2020-04-01 08:13:24,mainnet,9784291,0,9784291
2020-04-01 08:14:46,mainnet,9784300,0,9784300
2020-04-01 08:16:08,mainnet,9784309,0,9784309
2020-04-01 08:17:30,mainnet,9784315,0,9784315
2020-04-01 08:18:52,mainnet,9784319,0,9784319
2020-04-01 08:20:14,mainnet,9784325,0,9784325
2020-04-01 08:21:36,mainnet,9784331,0,9784331
2020-04-01 08:22:58,mainnet,9784335,0,9784335
2020-04-01 08:24:20,mainnet,9784340,0,9784340
2020-04-01 08:25:42,mainnet,9784347,0,9784347
2020-04-01 08:27:04,mainnet,9784355,0,9784355
2020-04-01 08:28:26,mainnet,9784360,0,9784360
2020-04-01 08:29:48,mainnet,9784364,0,9784364
2020-04-01 08:31:10,mainnet,9784370,0,9784370
2020-04-01 08:32:32,mainnet,9784372,0,9784372
2020-04-01 08:33:54,mainnet,9784379,0,9784379
2020-04-01 08:35:16,mainnet,9784383,0,9784383
2020-04-01 08:36:38,mainnet,9784391,0,9784391
2020-04-01 08:38:00,mainnet,9784394,0,9784394
2020-04-01 08:39:22,mainnet,9784402,0,9784402
2020-04-01 08:40:44,mainnet,9784408,0,9784408
2020-04-01 08:42:07,mainnet,9784414,0,9784414
2020-04-01 08:43:29,mainnet,9784418,0,9784418
2020-04-01 08:44:51,mainnet,9784424,0,9784424
2020-04-01 08:46:13,mainnet,9784432,0,9784432
2020-04-01 08:47:35,mainnet,9784444,0,9784444
2020-04-01 08:48:57,mainnet,9784450,0,9784450
2020-04-01 08:50:19,mainnet,9784458,0,9784458
2020-04-01 08:51:41,mainnet,9784466,0,9784466
2020-04-01 08:53:03,mainnet,9784477,0,9784477
2020-04-01 08:54:25,mainnet,9784482,0,9784482
2020-04-01 08:55:47,mainnet,9784486,0,9784486
2020-04-01 08:57:09,mainnet,9784493,0,9784493
2020-04-01 08:58:31,mainnet,9784497,0,9784497
2020-04-01 08:59:53,mainnet,9784505,0,9784505
2020-04-01 09:01:15,mainnet,9784511,0,9784511
2020-04-01 09:02:37,mainnet,9784518,0,9784518
2020-04-01 09:03:59,mainnet,9784528,0,9784528
2020-04-01 09:05:21,mainnet,9784532,0,9784532
2020-04-01 09:06:43,mainnet,9784535,0,9784535
2020-04-01 09:08:05,mainnet,9784540,0,9784540
2020-04-01 09:09:27,mainnet,9784543,0,9784543
2020-04-01 09:10:49,mainnet,9784550,0,9784550
2020-04-01 09:12:11,mainnet,9784554,0,9784554
2020-04-01 09:13:33,mainnet,9784565,0,9784565
2020-04-01 09:14:55,mainnet,9784572,0,9784572
2020-04-01 09:16:17,mainnet,9784579,0,9784579
2020-04-01 09:17:39,mainnet,9784587,0,9784587
2020-04-01 09:19:01,mainnet,9784596,0,9784596
2020-04-01 09:20:23,mainnet,9784601,0,9784601
2020-04-01 09:21:45,mainnet,9784608,0,9784608
2020-04-01 09:23:07,mainnet,9784619,0,9784619
2020-04-01 09:24:30,mainnet,9784622,0,9784622
2020-04-01 09:25:52,mainnet,9784630,0,9784630
2020-04-01 09:27:13,mainnet,9784633,0,9784633
2020-04-01 09:28:35,mainnet,9784638,0,9784638
2020-04-01 09:29:57,mainnet,9784643,0,9784643
2020-04-01 09:31:19,mainnet,9784647,0,9784647
2020-04-01 09:32:42,mainnet,9784651,0,9784651
2020-04-01 09:34:04,mainnet,9784665,0,9784665
2020-04-01 09:35:26,mainnet,9784676,0,9784676
2020-04-01 09:36:48,mainnet,9784684,0,9784684
2020-04-01 09:38:10,mainnet,9784685,0,9784685
2020-04-01 09:39:32,mainnet,9784690,0,9784690
2020-04-01 09:40:54,mainnet,9784697,0,9784697
2020-04-01 09:42:16,mainnet,9784705,0,9784705
2020-04-01 09:43:38,mainnet,9784714,0,9784714
2020-04-01 09:45:00,mainnet,9784722,0,9784722
2020-04-01 09:46:22,mainnet,9784732,0,9784732
2020-04-01 09:47:44,mainnet,9784743,0,9784743
2020-04-01 09:49:06,mainnet,9784747,0,9784747
2020-04-01 09:50:28,mainnet,9784755,0,9784755
2020-04-01 09:51:50,mainnet,9784759,0,9784759
2020-04-01 09:53:12,mainnet,9784768,0,9784768
2020-04-01 09:54:34,mainnet,9784775,0,9784775
2020-04-01 09:55:56,mainnet,9784783,0,9784783
2020-04-01 09:57:18,mainnet,9784788,0,9784788
2020-04-01 09:58:40,mainnet,9784797,0,9784797
2020-04-01 10:00:03,mainnet,9784806,0,9784806
2020-04-01 10:01:25,mainnet,9784811,0,9784811
2020-04-01 10:02:47,mainnet,9784820,0,9784820
2020-04-01 10:04:09,mainnet,9784826,0,9784826
2020-04-01 10:05:31,mainnet,9784835,0,9784835
2020-04-01 10:06:53,mainnet,9784845,0,9784845
2020-04-01 10:08:15,mainnet,9784849,0,9784849
2020-04-01 10:09:37,mainnet,9784855,0,9784855
2020-04-01 10:11:00,mainnet,9784861,0,9784861
2020-04-01 10:12:22,mainnet,9784864,0,9784864
2020-04-01 10:13:44,mainnet,9784869,0,9784869
2020-04-01 10:15:06,mainnet,9784875,0,9784875
2020-04-01 10:16:28,mainnet,9784882,0,9784882
2020-04-01 10:17:50,mainnet,9784887,0,9784887
2020-04-01 10:19:12,mainnet,9784892,0,9784892
2020-04-01 10:20:34,mainnet,9784896,0,9784896
2020-04-01 10:21:56,mainnet,9784903,0,9784903
2020-04-01 10:23:18,mainnet,9784906,0,9784906
2020-04-01 10:24:40,mainnet,9784907,0,9784907
2020-04-01 10:26:02,mainnet,9784912,0,9784912
2020-04-01 10:27:24,mainnet,9784917,0,9784917
2020-04-01 10:28:46,mainnet,9784923,0,9784923
2020-04-01 10:30:08,mainnet,9784934,0,9784934
2020-04-01 10:31:30,mainnet,9784944,0,9784944
2020-04-01 10:32:52,mainnet,9784949,0,9784949
2020-04-01 10:34:14,mainnet,9784959,0,9784959
2020-04-01 10:35:36,mainnet,9784963,0,9784963
2020-04-01 10:36:58,mainnet,9784965,0,9784965
2020-04-01 10:38:20,mainnet,9784968,0,9784968
2020-04-01 10:39:43,mainnet,9784973,0,9784973
2020-04-01 10:41:05,mainnet,9784979,0,9784979
2020-04-01 10:42:26,mainnet,9784984,0,9784984
2020-04-01 10:43:48,mainnet,9784988,0,9784988
2020-04-01 10:45:10,mainnet,9784994,0,9784994
2020-04-01 10:46:32,mainnet,9785000,0,9785000
2020-04-01 10:47:54,mainnet,9785008,0,9785008
2020-04-01 10:49:16,mainnet,9785015,0,9785015
2020-04-01 10:50:38,mainnet,9785024,0,9785024
2020-04-01 10:52:00,mainnet,9785030,0,9785030
2020-04-01 10:53:22,mainnet,9785037,0,9785037
2020-04-01 10:54:45,mainnet,9785043,0,9785043
2020-04-01 10:56:07,mainnet,9785046,0,9785046
2020-04-01 10:57:29,mainnet,9785055,0,9785055
2020-04-01 10:58:51,mainnet,9785064,0,9785064
2020-04-01 11:00:13,mainnet,9785070,0,9785070
2020-04-01 11:01:35,mainnet,9785079,0,9785079
2020-04-01 11:02:57,mainnet,9785085,0,9785085
2020-04-01 11:04:19,mainnet,9785091,0,9785091
2020-04-01 11:05:41,mainnet,9785095,0,9785095
2020-04-01 11:07:03,mainnet,9785101,0,9785101
2020-04-01 11:08:25,mainnet,9785103,0,9785103
2020-04-01 11:09:47,mainnet,9785110,0,9785110
2020-04-01 11:11:09,mainnet,9785119,0,9785119
2020-04-01 11:12:31,mainnet,9785126,0,9785126
2020-04-01 11:13:53,mainnet,9785133,0,9785133
2020-04-01 11:15:15,mainnet,9785140,0,9785140
2020-04-01 11:16:37,mainnet,9785146,0,9785146
2020-04-01 11:17:59,mainnet,9785153,0,9785153
2020-04-01 11:19:21,mainnet,9785162,0,9785162
2020-04-01 11:20:43,mainnet,9785167,0,9785167
2020-04-01 11:22:05,mainnet,9785172,0,9785172
2020-04-01 11:23:27,mainnet,9785178,0,9785178
2020-04-01 11:24:49,mainnet,9785181,0,9785181
2020-04-01 11:26:11,mainnet,9785187,0,9785187
2020-04-01 11:27:33,mainnet,9785193,0,9785193
2020-04-01 11:28:55,mainnet,9785199,0,9785199
2020-04-01 11:30:17,mainnet,9785204,0,9785204
2020-04-01 11:31:39,mainnet,9785209,0,9785209
2020-04-01 11:33:02,mainnet,9785215,0,9785215
2020-04-01 11:34:24,mainnet,9785218,0,9785218
2020-04-01 11:35:46,mainnet,9785225,0,9785225
2020-04-01 11:37:08,mainnet,9785228,0,9785228
2020-04-01 11:38:30,mainnet,9785234,0,9785234
2020-04-01 11:39:52,mainnet,9785247,0,9785247
2020-04-01 11:41:14,mainnet,9785254,0,9785254
2020-04-01 11:42:36,mainnet,9785259,0,9785259
2020-04-01 11:43:58,mainnet,9785268,0,9785268
2020-04-01 11:45:21,mainnet,9785277,0,9785277
2020-04-01 11:46:43,mainnet,9785285,0,9785285
2020-04-01 11:48:05,mainnet,9785290,0,9785290
2020-04-01 11:49:27,mainnet,9785298,0,9785298
2020-04-01 11:50:49,mainnet,9785304,0,9785304
2020-04-01 11:52:11,mainnet,9785309,0,9785309
2020-04-01 11:53:33,mainnet,9785316,0,9785316
2020-04-01 11:54:55,mainnet,9785323,0,9785323
2020-04-01 11:56:17,mainnet,9785326,0,9785326
2020-04-01 11:57:39,mainnet,9785334,0,9785334
2020-04-01 11:59:01,mainnet,9785337,0,9785337
2020-04-01 12:00:24,mainnet,9785343,0,9785343
2020-04-01 12:01:46,mainnet,9785347,0,9785347
2020-04-01 12:03:08,mainnet,9785353,0,9785353
2020-04-01 12:23:38,kovan,17670836,0,17670836
2020-04-01 12:25:05,kovan,17670856,0,17670856
2020-04-01 12:26:36,kovan,17670874,0,17670874
2020-04-01 12:28:04,kovan,17670896,0,17670896
2020-04-01 12:29:40,kovan,17670914,0,17670914
2020-04-01 12:31:09,kovan,17670931,0,17670931
2020-04-01 12:32:32,kovan,17670950,0,17670950
2020-04-01 12:34:11,kovan,17670970,0,17670970
2020-04-01 12:35:41,kovan,17670991,0,17670991
2020-04-01 12:37:26,kovan,17671009,0,17671009
2020-04-01 12:38:54,kovan,17671028,0,17671028
2020-04-01 12:40:24,kovan,17671045,0,17671045
2020-04-01 12:41:53,kovan,17671064,0,17671064
2020-04-01 12:43:22,kovan,17671083,0,17671083
2020-04-01 12:44:54,kovan,17671105,0,17671105
2020-04-01 12:46:37,kovan,17671124,0,17671124
2020-04-01 12:48:04,kovan,17671145,0,17671145
2020-04-01 12:49:40,kovan,17671166,0,17671166
2020-04-01 12:51:20,kovan,17671183,0,17671183
2020-04-01 12:52:51,kovan,17671204,0,17671204
2020-04-01 12:54:21,kovan,17671224,0,17671224
2020-04-01 12:55:49,kovan,17671244,0,17671244
2020-04-01 12:57:18,kovan,17671261,0,17671261
2020-04-01 12:58:48,kovan,17671280,0,17671280
2020-04-01 13:00:16,kovan,17671301,0,17671301
2020-04-01 13:01:44,kovan,17671322,0,17671322
2020-04-01 13:03:11,kovan,17671343,0,17671343
2020-04-01 13:04:42,kovan,17671362,0,17671362
2020-04-01 13:06:10,kovan,17671382,0,17671382
2020-04-01 13:07:49,kovan,17671403,0,17671403
2020-04-01 13:09:17,kovan,17671423,0,17671423
2020-04-01 13:10:47,kovan,17671442,0,17671442
2020-04-01 13:12:19,kovan,17671463,0,17671463
2020-04-01 13:13:49,kovan,17671482,0,17671482
2020-04-01 13:15:18,kovan,17671504,0,17671504
2020-04-01 13:16:51,kovan,17671521,0,17671521
2020-04-01 13:18:20,kovan,17671541,0,17671541
2020-04-01 13:19:48,kovan,17671558,0,17671558
2020-04-01 13:21:18,kovan,17671577,0,17671577
2020-04-01 13:22:44,kovan,17671596,0,17671596
2020-04-01 13:24:16,kovan,17671616,0,17671616
2020-04-01 13:25:38,kovan,17671634,0,17671634
2020-04-01 13:27:00,kovan,17671650,0,17671650
2020-04-01 13:28:22,kovan,17671667,0,17671667
2020-04-01 13:29:45,kovan,17671685,0,17671685
2020-04-01 13:31:07,kovan,17671702,0,17671702
2020-04-01 13:32:32,kovan,17671719,0,17671719
2020-04-01 13:34:00,kovan,17671738,0,17671738
2020-04-01 13:35:30,kovan,17671756,0,17671756
2020-04-01 13:37:01,kovan,17671773,0,17671773
2020-04-01 13:38:30,kovan,17671791,0,17671791
2020-04-01 13:39:58,kovan,17671809,15415000,2256809
2020-04-01 13:41:25,kovan,17671826,15415000,2256826
2020-04-01 13:42:55,kovan,17671844,15415000,2256844
2020-04-01 13:44:23,kovan,17671861,15415000,2256861
2020-04-01 13:45:49,kovan,17671879,15415000,2256879
2020-04-01 13:47:18,kovan,17671897,15415000,2256897
2020-04-01 13:48:46,kovan,17671915,15415000,2256915
2020-04-01 13:50:15,kovan,17671932,15415000,2256932
2020-04-01 13:51:41,kovan,17671950,15415000,2256950
2020-04-01 13:53:13,kovan,17671968,15415000,2256968
2020-04-01 13:54:41,kovan,17671985,15415000,2256985
2020-04-01 13:56:08,kovan,17672003,15415000,2257003
2020-04-01 13:57:40,kovan,17672019,15415000,2257019
2020-04-01 13:59:02,kovan,17672033,15416272,2255761
2020-04-01 14:00:24,kovan,17672047,15419957,2252090
2020-04-01 14:01:47,kovan,17672060,15426214,2245846
2020-04-01 14:03:09,kovan,17672073,15437095,2234978
2020-04-01 14:04:32,kovan,17672087,15446307,2225780
2020-04-01 14:05:55,kovan,17672101,15464466,2207635
2020-04-01 14:07:18,kovan,17672114,15488710,2183404
2020-04-01 14:08:43,kovan,17672129,15501837,2170292
2020-04-01 14:10:06,kovan,17672142,15520383,2151759
2020-04-01 14:11:29,kovan,17672157,15546161,2125996
2020-04-01 14:12:52,kovan,17672174,15577064,2095110
2020-04-01 14:14:16,kovan,17672191,15584274,2087917
2020-04-01 14:15:41,kovan,17672209,15584274,2087935
2020-04-01 14:17:03,kovan,17672228,15587068,2085160
2020-04-01 14:18:26,kovan,17672245,15591183,2081062
2020-04-01 14:19:48,kovan,17672263,15598371,2073892
2020-04-01 14:21:10,kovan,17672280,15608531,2063749
2020-04-01 14:22:32,kovan,17672296,15623058,2049238
2020-04-01 14:23:55,kovan,17672315,15633772,2038543
2020-04-01 14:25:18,kovan,17672334,15648382,2023952
2020-04-01 14:26:40,kovan,17672351,15663449,2008902
2020-04-01 14:28:03,kovan,17672369,15676796,1995573
2020-04-01 14:29:26,kovan,17672388,15681695,1990693
2020-04-01 14:30:48,kovan,17672407,15700942,1971465
2020-04-01 14:32:13,kovan,17672424,15720032,1952392
2020-04-01 14:33:36,kovan,17672443,15732292,1940151
2020-04-01 16:03:51,kovan,17673580,15735269,1938311
2020-04-01 16:05:13,kovan,17673600,15735269,1938331
2020-04-01 16:06:36,kovan,17673616,15739459,1934157
2020-04-01 16:07:58,kovan,17673634,15752413,1921221
2020-04-01 16:09:21,kovan,17673652,15765229,1908423
2020-04-01 16:10:43,kovan,17673669,15778321,1895348
2020-04-01 16:12:05,kovan,17673688,15793835,1879853
2020-04-01 16:13:28,kovan,17673707,15806184,1867523
2020-04-01 16:14:51,kovan,17673725,15817920,1855805
2020-04-01 16:16:13,kovan,17673742,15836944,1836798
2020-04-01 16:17:35,kovan,17673759,15851658,1822101
2020-04-01 16:18:57,kovan,17673777,15865193,1808584
2020-04-01 16:20:20,kovan,17673795,15877385,1796410
2020-04-01 16:21:54,kovan,17673818,15887541,1786277
2020-04-01 16:23:35,kovan,17673840,15893513,1780327
2020-04-01 16:25:20,kovan,17673862,15899733,1774129
2020-04-01 16:27:11,kovan,17673885,15909004,1764881
2020-04-01 16:29:03,kovan,17673908,15910147,1763761
2020-04-01 16:30:47,kovan,17673924,15910528,1763396
2020-04-01 16:32:09,kovan,17673941,15910528,1763413
2020-04-01 16:33:31,kovan,17673957,15910528,1763429
2020-04-01 16:34:54,kovan,17673977,15911927,1762050
2020-04-01 16:36:36,kovan,17673994,15917639,1756355
2020-04-01 16:37:58,kovan,17674009,15932628,1741381
2020-04-01 16:39:24,kovan,17674026,15948530,1725496
2020-04-01 16:40:46,kovan,17674042,15963542,1710500
2020-04-01 16:42:10,kovan,17674061,15975069,1698992
2020-04-01 16:43:33,kovan,17674082,15993747,1680335
2020-04-01 16:45:06,kovan,17674105,16015547,1658558
2020-04-01 16:46:56,kovan,17674127,16025073,1649054
2020-04-01 16:48:37,kovan,17674147,16042503,1631644
2020-04-01 17:10:57,kovan,17674436,17642498,31938
2020-04-01 17:12:22,kovan,17674454,17642498,31956
2020-04-01 17:13:44,kovan,17674473,17642660,31813
2020-04-01 17:15:07,kovan,17674490,17643332,31158
2020-04-01 17:16:32,kovan,17674505,17644519,29986
2020-04-01 17:18:00,kovan,17674525,17645538,28987
2020-04-01 17:19:27,kovan,17674545,17647853,26692
2020-04-01 17:20:56,kovan,17674564,17649107,25457
2020-04-01 17:22:21,kovan,17674588,17652248,22340
2020-04-01 17:24:02,kovan,17674611,17655574,19037
2020-04-01 17:25:59,kovan,17674634,17659580,15054
2020-04-01 17:27:36,kovan,17674661,17660602,14059
2020-04-01 17:29:40,kovan,17674679,17662405,12274
2020-04-01 17:31:08,kovan,17674704,17664450,10254
2020-04-01 17:33:01,kovan,17674723,17669833,4890
2020-04-01 17:34:31,kovan,17674744,17672902,1842
2020-04-01 17:35:56,kovan,17674765,17674764,1
2020-04-01 17:37:20,kovan,17674784,17674776,8
2020-04-01 17:38:45,kovan,17674802,17674802,0
2020-04-01 17:40:08,kovan,17674822,17674806,16
2020-04-01 17:41:30,kovan,17674837,17674806,31
2020-04-01 17:42:52,kovan,17674856,17674857,-1
2020-04-01 17:44:15,kovan,17674873,17674874,-1
2020-04-01 17:45:37,kovan,17674896,17674883,13
2020-04-01 17:47:23,kovan,17674913,17674883,30
2020-04-01 17:48:45,kovan,17674930,17674883,47
2020-04-01 17:50:09,kovan,17674948,17674946,2
2020-04-01 17:51:39,kovan,17674964,17674946,18
2020-04-01 17:53:01,kovan,17674981,17674946,35
2020-04-01 17:54:23,kovan,17674999,17674946,53
2020-04-01 17:55:45,kovan,17675016,17674946,70
2020-04-01 17:57:08,kovan,17675033,17674946,87
2020-04-01 17:58:30,kovan,17675051,17674946,105
2020-04-01 17:59:59,kovan,17675070,17674946,124
2020-04-01 18:01:31,kovan,17675089,17674946,143
2020-04-01 18:03:08,kovan,17675105,17674946,159
2020-04-01 18:04:30,kovan,17675124,17674946,178
2020-04-01 18:05:59,kovan,17675140,17674946,194
2020-04-01 18:07:25,kovan,17675157,17674946,211
2020-04-01 18:08:49,kovan,17675175,17674946,229
2020-04-01 18:10:20,kovan,17675193,17674946,247
2020-04-01 18:11:48,kovan,17675211,17674946,265
2020-04-01 18:13:12,kovan,17675229,17674946,283
2020-04-01 18:14:41,kovan,17675247,17674946,301
2020-04-01 18:16:09,kovan,17675264,17674946,318
2020-04-01 18:17:33,kovan,17675287,17675275,12
2020-04-01 18:19:24,kovan,17675304,17675275,29
2020-04-01 18:20:53,kovan,17675321,17675275,46
2020-04-01 18:22:18,kovan,17675340,17675275,65
2020-04-01 18:23:40,kovan,17675357,17675275,82
2020-04-01 18:25:04,kovan,17675373,17675275,98
2020-04-01 18:26:29,kovan,17675390,17675275,115
2020-04-01 18:27:51,kovan,17675407,17675275,132
2020-04-01 18:29:17,kovan,17675423,17675275,148
2020-04-01 18:30:41,kovan,17675441,17675275,166
2020-04-01 18:32:03,kovan,17675457,17675275,182
2020-04-01 18:33:25,kovan,17675474,17675474,0
2020-04-01 18:34:53,kovan,17675492,17675475,17
2020-04-01 18:36:18,kovan,17675508,17675475,33
2020-04-01 18:37:42,kovan,17675526,17675475,51
2020-04-01 18:39:07,kovan,17675542,17675475,67
2020-04-01 18:40:29,kovan,17675559,17675475,84
2020-04-01 18:41:54,kovan,17675577,17675475,102
2020-04-01 18:43:20,kovan,17675593,17675475,118
2020-04-01 18:44:44,kovan,17675610,17675475,135
2020-04-01 18:46:09,kovan,17675628,17675475,153
2020-04-01 18:47:35,kovan,17675644,17675645,-1
2020-04-01 18:49:01,kovan,17675662,17675646,16
2020-04-01 18:50:24,kovan,17675678,17675646,32
2020-04-01 18:51:50,kovan,17675695,17675646,49
2020-04-01 18:53:14,kovan,17675714,17675646,68
2020-04-01 18:54:39,kovan,17675730,17675646,84
2020-04-01 18:56:03,kovan,17675747,17675646,101
2020-04-01 18:57:30,kovan,17675764,17675646,118
2020-04-01 18:58:52,kovan,17675781,17675646,135
2020-04-01 19:00:15,kovan,17675803,17675646,157
2020-04-01 19:01:44,kovan,17675821,17675646,175
2020-04-01 19:03:10,kovan,17675838,17675825,13
2020-04-01 19:04:32,kovan,17675857,17675825,32
2020-04-01 19:05:56,kovan,17675874,17675825,49
2020-04-01 19:07:21,kovan,17675891,17675825,66
2020-04-01 19:08:43,kovan,17675908,17675825,83
2020-04-01 19:10:06,kovan,17675929,17675825,104
2020-04-01 19:11:29,kovan,17675945,17675825,120
2020-04-01 19:12:54,kovan,17675962,17675825,137
2020-04-01 19:14:16,kovan,17675980,17675825,155
2020-04-01 19:15:39,kovan,17675997,17675825,172
2020-04-01 19:17:05,kovan,17676015,17676010,5
2020-04-01 19:18:30,kovan,17676033,17676010,23
2020-04-01 19:19:54,kovan,17676050,17676044,6
2020-04-01 19:21:20,kovan,17676067,17676044,23
2020-04-01 19:22:45,kovan,17676083,17676083,0
2020-04-01 19:24:09,kovan,17676101,17676101,0
2020-04-01 19:25:36,kovan,17676118,17676101,17
2020-04-01 19:27:01,kovan,17676135,17676135,0
2020-04-01 19:28:27,kovan,17676152,17676149,3
2020-04-01 19:29:52,kovan,17676169,17676163,6
2020-04-01 19:31:19,kovan,17676187,17676168,19
2020-04-01 19:32:44,kovan,17676203,17676168,35
2020-04-01 19:34:07,kovan,17676220,17676216,4
2020-04-01 19:35:34,kovan,17676237,17676216,21
2020-04-01 19:36:56,kovan,17676254,17676216,38
2020-04-01 19:38:19,kovan,17676271,17676216,55
2020-04-01 19:39:45,kovan,17676287,17676279,8
2020-04-01 19:41:09,kovan,17676305,17676293,12
2020-04-01 19:42:38,kovan,17676322,17676293,29
2020-04-01 19:44:00,kovan,17676339,17676293,46
2020-04-01 19:45:27,kovan,17676355,17676324,31
2020-04-01 19:46:51,kovan,17676373,17676324,49
2020-04-01 19:48:15,kovan,17676390,17676324,66
2020-04-01 19:49:38,kovan,17676406,17676324,82
2020-04-01 19:51:02,kovan,17676423,17676324,99
2020-04-01 19:52:24,kovan,17676439,17676439,0
2020-04-01 19:53:47,kovan,17676456,17676451,5
2020-04-01 19:55:12,kovan,17676473,17676451,22
2020-04-01 19:56:39,kovan,17676491,17676491,0
2020-04-01 19:58:06,kovan,17676508,17676508,0
2020-04-01 19:59:33,kovan,17676525,17676523,2
2020-04-01 20:00:59,kovan,17676542,17676523,19
2020-04-01 20:02:22,kovan,17676559,17676523,36
2020-04-01 20:03:51,kovan,17676576,17676523,53
2020-04-01 20:05:13,kovan,17676595,17676523,72
2020-04-01 20:06:46,kovan,17676612,17676523,89
2020-04-01 20:08:11,kovan,17676629,17676616,13
2020-04-01 20:09:39,kovan,17676648,17676632,16
2020-04-01 20:11:06,kovan,17676666,17676632,34
2020-04-01 20:12:34,kovan,17676683,17676632,51
2020-04-01 20:13:57,kovan,17676699,17676632,67
2020-04-01 20:15:20,kovan,17676716,17676632,84
2020-04-01 20:16:49,kovan,17676733,17676632,101
2020-04-01 20:18:13,kovan,17676752,17676744,8
2020-04-01 20:19:42,kovan,17676768,17676744,24
2020-04-01 20:21:07,kovan,17676784,17676744,40
2020-04-01 20:22:30,kovan,17676803,17676744,59
2020-04-01 20:23:52,kovan,17676819,17676744,75
2020-04-01 20:25:14,kovan,17676841,17676805,36
2020-04-01 20:26:43,kovan,17676861,17676805,56
2020-04-01 20:28:05,kovan,17676880,17676805,75
2020-04-01 20:29:30,kovan,17676897,17676805,92
2020-04-01 20:30:54,kovan,17676914,17676805,109
2020-04-01 20:32:16,kovan,17676930,17676805,125
2020-04-01 20:33:38,kovan,17676949,17676945,4
2020-04-01 20:35:04,kovan,17676965,17676945,20
2020-04-01 20:36:29,kovan,17676981,17676979,2
2020-04-01 20:37:51,kovan,17676999,17676999,0
2020-04-01 20:39:16,kovan,17677015,17677006,9
2020-04-01 20:40:38,kovan,17677033,17677020,13
2020-04-01 20:42:03,kovan,17677049,17677039,10
2020-04-01 20:43:25,kovan,17677065,17677039,26
2020-04-01 20:44:48,kovan,17677081,17677039,42
2020-04-01 20:46:11,kovan,17677097,17677039,58
2020-04-01 20:47:34,kovan,17677115,17677107,8
2020-04-01 20:49:03,kovan,17677132,17677107,25
2020-04-01 20:50:26,kovan,17677149,17677107,42
2020-04-01 20:51:51,kovan,17677165,17677107,58
2020-04-01 20:53:15,kovan,17677182,17677177,5
2020-04-01 20:54:38,kovan,17677200,17677177,23
2020-04-01 20:56:05,kovan,17677219,17677177,42
2020-04-01 20:57:34,kovan,17677238,17677177,61
2020-04-01 20:58:57,kovan,17677256,17677254,2
2020-04-01 21:00:27,kovan,17677273,17677265,8
2020-04-01 21:01:51,kovan,17677289,17677265,24
2020-04-01 21:03:14,kovan,17677306,17677296,10
2020-04-01 21:04:39,kovan,17677325,17677317,8
2020-04-01 21:06:12,kovan,17677343,17677317,26
2020-04-01 21:07:38,kovan,17677359,17677317,42
2020-04-01 21:09:00,kovan,17677376,17677317,59
2020-04-01 21:10:22,kovan,17677392,17677389,3
2020-04-01 21:11:47,kovan,17677408,17677389,19
2020-04-01 21:13:12,kovan,17677426,17677389,37
2020-04-01 21:14:36,kovan,17677443,17677389,54
2020-04-01 21:16:02,kovan,17677460,17677389,71
2020-04-01 21:17:28,kovan,17677476,17677389,87
2020-04-01 21:18:50,kovan,17677494,17677482,12
2020-04-01 21:20:18,kovan,17677511,17677482,29
2020-04-01 21:21:41,kovan,17677528,17677503,25
2020-04-01 21:23:05,kovan,17677544,17677503,41
2020-04-01 21:24:27,kovan,17677560,17677503,57
2020-04-01 21:25:51,kovan,17677577,17677503,74
2020-04-01 21:27:13,kovan,17677594,17677503,91
2020-04-01 21:28:35,kovan,17677610,17677601,9
2020-04-01 21:29:58,kovan,17677629,17677629,0
2020-04-01 21:31:20,kovan,17677646,17677631,15
2020-04-01 21:32:45,kovan,17677665,17677631,34
2020-04-01 21:34:17,kovan,17677684,17677631,53
2020-04-01 21:35:39,kovan,17677703,17677631,72
2020-04-01 21:37:03,kovan,17677719,17677631,88
2020-04-01 21:38:25,kovan,17677737,17677736,1
2020-04-01 21:39:52,kovan,17677755,17677744,11
2020-04-01 21:41:17,kovan,17677770,17677744,26
2020-04-01 21:42:39,kovan,17677787,17677744,43
2020-04-01 21:44:05,kovan,17677804,17677744,60
2020-04-01 21:45:28,kovan,17677821,17677744,77
2020-04-01 21:46:53,kovan,17677837,17677744,93
2020-04-01 21:48:15,kovan,17677856,17677744,112
2020-04-01 21:49:39,kovan,17677873,17677744,129
2020-04-01 21:51:01,kovan,17677890,17677744,146
2020-04-01 21:52:24,kovan,17677907,17677744,163
2020-04-01 21:53:49,kovan,17677924,17677744,180
2020-04-01 21:55:13,kovan,17677943,17677744,199
2020-04-01 21:56:36,kovan,17677961,17677744,217
2020-04-01 21:57:59,kovan,17677981,17677744,237
2020-04-01 21:59:24,kovan,17678000,17677744,256
2020-04-01 22:00:50,kovan,17678017,17677744,273
2020-04-01 22:02:14,kovan,17678034,17677744,290
2020-04-01 22:03:36,kovan,17678052,17677744,308
2020-04-01 22:05:02,kovan,17678068,17677744,324
2020-04-01 22:06:25,kovan,17678085,17677744,341
2020-04-01 22:07:54,kovan,17678102,17677744,358
2020-04-01 22:09:17,kovan,17678120,17677744,376
2020-04-01 22:10:41,kovan,17678137,17677744,393
2020-04-01 22:12:04,kovan,17678153,17677744,409
2020-04-01 22:13:29,kovan,17678170,17678165,5
2020-04-01 22:14:55,kovan,17678187,17678165,22
2020-04-01 22:16:18,kovan,17678204,17678192,12
2020-04-01 22:17:41,kovan,17678221,17678192,29
2020-04-01 22:19:04,kovan,17678237,17678192,45
2020-04-01 22:20:28,kovan,17678253,17678192,61
2020-04-01 22:21:51,kovan,17678271,17678192,79
2020-04-01 22:23:16,kovan,17678288,17678192,96
2020-04-01 22:24:41,kovan,17678305,17678305,0
2020-04-01 22:26:07,kovan,17678322,17678307,15
2020-04-01 22:27:31,kovan,17678340,17678307,33
2020-04-01 22:28:55,kovan,17678357,17678307,50
2020-04-01 22:30:22,kovan,17678374,17678366,8
2020-04-01 22:31:46,kovan,17678390,17678371,19
2020-04-01 22:33:08,kovan,17678407,17678396,11
2020-04-01 22:34:31,kovan,17678424,17678422,2
2020-04-01 22:35:54,kovan,17678441,17678422,19
2020-04-01 22:37:20,kovan,17678458,17678422,36
2020-04-01 23:04:56,kovan,17678795,17678430,365
2020-04-01 23:06:45,kovan,17678814,17678810,4
2020-04-01 23:08:23,kovan,17678831,17678810,21
2020-04-01 23:09:49,kovan,17678851,17678847,4
2020-04-01 23:11:30,kovan,17678870,17678847,23
2020-04-01 23:12:54,kovan,17678886,17678847,39
2020-04-01 23:14:20,kovan,17678904,17678893,11
2020-04-01 23:15:46,kovan,17678921,17678893,28
2020-04-01 23:17:14,kovan,17678940,17678922,18
2020-04-01 23:18:45,kovan,17678956,17678947,9
2020-04-01 23:20:09,kovan,17678975,17678964,11
2020-04-01 23:21:40,kovan,17678992,17678964,28
2020-04-01 23:23:05,kovan,17679011,17678964,47
2020-04-01 23:24:28,kovan,17679028,17679020,8
2020-04-01 23:25:52,kovan,17679046,17679021,25
2020-04-01 23:27:19,kovan,17679062,17679021,41
2020-04-01 23:28:41,kovan,17679079,17679043,36
2020-04-01 23:30:04,kovan,17679096,17679072,24
2020-04-01 23:31:29,kovan,17679114,17679072,42
2020-04-01 23:32:54,kovan,17679130,17679072,58
2020-04-01 23:34:19,kovan,17679148,17679072,76
2020-04-01 23:35:44,kovan,17679164,17679072,92
2020-04-01 23:37:08,kovan,17679180,17679168,12
2020-04-01 23:38:30,kovan,17679197,17679193,4
2020-04-01 23:39:53,kovan,17679213,17679213,0
2020-04-01 23:41:15,kovan,17679230,17679221,9
2020-04-01 23:42:37,kovan,17679246,17679221,25
2020-04-01 23:43:59,kovan,17679264,17679262,2
2020-04-01 23:45:23,kovan,17679280,17679270,10
2020-04-01 23:46:50,kovan,17679298,17679270,28
2020-04-01 23:48:13,kovan,17679318,17679270,48
2020-04-01 23:49:41,kovan,17679337,17679270,67
2020-04-01 23:51:03,kovan,17679354,17679275,79
2020-04-01 23:52:32,kovan,17679373,17679275,98
2020-04-01 23:54:02,kovan,17679392,17679275,117
2020-04-01 23:55:25,kovan,17679408,17679275,133
2020-04-01 23:56:48,kovan,17679426,17679275,151
2020-04-01 23:58:11,kovan,17679442,17679275,167
2020-04-01 23:59:35,kovan,17679460,17679275,185
2020-04-02 00:01:02,kovan,17679480,17679275,205
2020-04-02 00:02:26,kovan,17679498,17679469,29
2020-04-02 00:03:52,kovan,17679515,17679469,46
2020-04-02 00:05:16,kovan,17679536,17679496,40
2020-04-02 00:06:40,kovan,17679553,17679496,57
2020-04-02 00:08:02,kovan,17679571,17679552,19
2020-04-02 00:09:27,kovan,17679589,17679552,37
2020-04-02 00:10:51,kovan,17679605,17679552,53
2020-04-02 00:12:17,kovan,17679622,17679622,0
2020-04-02 00:13:42,kovan,17679642,17679636,6
2020-04-02 00:15:06,kovan,17679659,17679660,-1
2020-04-02 00:16:31,kovan,17679680,17679680,0
2020-04-02 00:17:55,kovan,17679698,17679688,10
2020-04-02 00:19:26,kovan,17679715,17679688,27
2020-04-02 00:20:54,kovan,17679731,17679688,43
2020-04-02 00:22:20,kovan,17679750,17679688,62
2020-04-02 00:23:42,kovan,17679767,17679688,79
2020-04-02 00:25:08,kovan,17679783,17679783,0
2020-04-02 00:26:32,kovan,17679799,17679800,-1
2020-04-02 00:27:56,kovan,17679819,17679819,0
2020-04-02 00:29:19,kovan,17679836,17679836,0
2020-04-02 00:30:44,kovan,17679855,17679846,9
2020-04-02 00:32:06,kovan,17679876,17679877,-1
2020-04-02 00:33:30,kovan,17679897,17679894,3
2020-04-02 00:34:54,kovan,17679918,17679911,7
2020-04-02 00:36:18,kovan,17679938,17679939,-1
2020-04-02 00:37:42,kovan,17679956,17679956,0
2020-04-02 00:39:06,kovan,17679972,17679972,0
2020-04-02 00:40:28,kovan,17679989,17679990,-1
2020-04-02 00:41:50,kovan,17680009,17680009,0
2020-04-02 00:43:14,kovan,17680030,17680030,0
2020-04-02 00:44:38,kovan,17680050,17680051,-1
2020-04-02 00:46:02,kovan,17680070,17680065,5
2020-04-02 00:47:28,kovan,17680087,17680087,0
2020-04-02 00:48:50,kovan,17680107,17680106,1
2020-04-02 00:50:13,kovan,17680124,17680121,3
2020-04-02 00:51:35,kovan,17680141,17680141,0
2020-04-02 00:52:57,kovan,17680158,17680158,0
2020-04-02 00:54:19,kovan,17680173,17680174,-1
2020-04-02 00:55:41,kovan,17680190,17680180,10
2020-04-02 00:57:03,kovan,17680209,17680201,8
2020-04-02 00:58:27,kovan,17680227,17680226,1
2020-04-02 00:59:52,kovan,17680242,17680243,-1
2020-04-02 01:01:14,kovan,17680259,17680258,1
2020-04-02 01:02:36,kovan,17680276,17680269,7
2020-04-02 01:03:58,kovan,17680293,17680294,-1
2020-04-02 01:05:22,kovan,17680310,17680310,0
2020-04-02 01:06:45,kovan,17680326,17680326,0
2020-04-02 01:08:08,kovan,17680342,17680343,-1
2020-04-02 01:09:31,kovan,17680359,17680360,-1
2020-04-02 01:10:53,kovan,17680376,17680372,4
2020-04-02 01:12:16,kovan,17680392,17680391,1
2020-04-02 01:13:38,kovan,17680408,17680391,17
2020-04-02 01:15:02,kovan,17680426,17680422,4
2020-04-02 01:16:27,kovan,17680442,17680422,20
2020-04-02 01:17:49,kovan,17680459,17680459,0
2020-04-02 01:19:13,kovan,17680477,17680461,16
2020-04-02 01:20:39,kovan,17680493,17680461,32
2020-04-02 01:22:01,kovan,17680510,17680461,49
2020-04-02 01:23:24,kovan,17680526,17680461,65
2020-04-02 01:24:49,kovan,17680543,17680461,82
2020-04-02 01:26:14,kovan,17680560,17680461,99
2020-04-02 01:27:36,kovan,17680577,17680461,116
2020-04-02 01:29:00,kovan,17680593,17680461,132
2020-04-02 01:30:23,kovan,17680610,17680461,149
2020-04-02 01:31:45,kovan,17680627,17680461,166
2020-04-02 01:33:07,kovan,17680643,17680636,7
2020-04-02 01:34:31,kovan,17680661,17680636,25
2020-04-02 01:35:56,kovan,17680677,17680636,41
2020-04-02 01:37:18,kovan,17680694,17680636,58
2020-04-02 01:38:41,kovan,17680711,17680636,75
2020-04-02 01:40:05,kovan,17680727,17680636,91
2020-04-02 01:41:27,kovan,17680743,17680636,107
2020-04-02 01:42:50,kovan,17680761,17680751,10
2020-04-02 01:44:14,kovan,17680777,17680751,26
2020-04-02 01:45:38,kovan,17680795,17680751,44
2020-04-02 01:47:00,kovan,17680813,17680809,4
2020-04-02 01:48:23,kovan,17680830,17680830,0
2020-04-02 01:49:45,kovan,17680847,17680834,13
2020-04-02 01:51:10,kovan,17680863,17680834,29
2020-04-02 01:52:32,kovan,17680881,17680881,0
2020-04-02 01:53:55,kovan,17680901,17680881,20
2020-04-02 01:55:18,kovan,17680922,17680881,41
2020-04-02 01:56:42,kovan,17680941,17680936,5
2020-04-02 01:58:05,kovan,17680960,17680954,6
2020-04-02 01:59:29,kovan,17680978,17680954,24
2020-04-02 02:00:51,kovan,17680996,17680954,42
2020-04-02 02:02:13,kovan,17681014,17680954,60
2020-04-02 02:03:36,kovan,17681031,17680954,77
2020-04-02 02:05:00,kovan,17681047,17680954,93
2020-04-02 02:06:22,kovan,17681064,17680954,110
2020-04-02 02:07:46,kovan,17681080,17681076,4
2020-04-02 02:09:10,kovan,17681096,17681088,8
2020-04-02 02:10:32,kovan,17681113,17681088,25
2020-04-02 02:11:54,kovan,17681129,17681123,6
2020-04-02 02:13:20,kovan,17681146,17681134,12
2020-04-02 02:14:43,kovan,17681163,17681134,29
2020-04-02 02:16:06,kovan,17681180,17681134,46
2020-04-02 02:17:28,kovan,17681197,17681134,63
2020-04-02 02:18:51,kovan,17681216,17681134,82
2020-04-02 02:20:14,kovan,17681231,17681134,97
2020-04-02 02:21:36,kovan,17681248,17681134,114
2020-04-02 02:23:00,kovan,17681267,17681264,3
2020-04-02 02:24:22,kovan,17681287,17681271,16
2020-04-02 02:25:47,kovan,17681306,17681298,8
2020-04-02 02:27:10,kovan,17681322,17681322,0
2020-04-02 02:28:32,kovan,17681339,17681339,0
2020-04-02 02:29:56,kovan,17681356,17681357,-1
2020-04-02 02:31:18,kovan,17681374,17681364,10
2020-04-02 02:32:41,kovan,17681391,17681391,0
2020-04-02 02:34:04,kovan,17681412,17681394,18
2020-04-02 02:35:33,kovan,17681429,17681394,35
2020-04-02 02:36:55,kovan,17681447,17681394,53
2020-04-02 02:38:18,kovan,17681467,17681459,8
2020-04-02 02:39:40,kovan,17681486,17681459,27
2020-04-02 02:41:04,kovan,17681504,17681459,45
2020-04-02 02:42:28,kovan,17681524,17681522,2
2020-04-02 02:43:51,kovan,17681544,17681528,16
2020-04-02 02:45:15,kovan,17681563,17681528,35
2020-04-02 02:46:39,kovan,17681579,17681528,51
2020-04-02 02:48:01,kovan,17681598,17681528,70
2020-04-02 02:49:24,kovan,17681615,17681528,87
2020-04-02 02:50:48,kovan,17681631,17681528,103
2020-04-02 02:52:10,kovan,17681648,17681528,120
2020-04-02 02:53:32,kovan,17681665,17681528,137
2020-04-02 02:55:01,kovan,17681685,17681528,157
2020-04-02 02:56:27,kovan,17681704,17681528,176
2020-04-02 02:57:52,kovan,17681723,17681528,195
2020-04-02 02:59:18,kovan,17681743,17681528,215
2020-04-02 03:00:40,kovan,17681758,17681528,230
2020-04-02 03:02:02,kovan,17681775,17681528,247
2020-04-02 03:03:26,kovan,17681794,17681528,266
2020-04-02 03:04:51,kovan,17681810,17681528,282
2020-04-02 03:06:13,kovan,17681827,17681656,171
2020-04-02 03:07:37,kovan,17681844,17681837,7
2020-04-02 03:08:59,kovan,17681862,17681837,25
2020-04-02 03:10:24,kovan,17681878,17681875,3
2020-04-02 03:11:46,kovan,17681896,17681890,6
2020-04-02 03:13:10,kovan,17681914,17681913,1
2020-04-02 03:14:34,kovan,17681932,17681913,19
2020-04-02 03:15:56,kovan,17681949,17681913,36
2020-04-02 03:17:19,kovan,17681966,17681959,7
2020-04-02 03:18:43,kovan,17681982,17681959,23
2020-04-02 03:20:06,kovan,17681999,17681959,40
2020-04-02 03:21:28,kovan,17682015,17681959,56
2020-04-02 03:22:52,kovan,17682032,17682031,1
2020-04-02 03:24:14,kovan,17682049,17682037,12
2020-04-02 03:25:37,kovan,17682066,17682037,29
2020-04-02 03:27:01,kovan,17682082,17682076,6
2020-04-02 03:28:24,kovan,17682102,17682076,26
2020-04-02 03:29:46,kovan,17682123,17682076,47
2020-04-02 03:31:09,kovan,17682141,17682076,65
2020-04-02 03:32:34,kovan,17682160,17682155,5
2020-04-02 03:33:59,kovan,17682181,17682174,7
2020-04-02 03:35:21,kovan,17682201,17682174,27
2020-04-02 03:36:46,kovan,17682217,17682174,43
2020-04-02 03:38:09,kovan,17682235,17682235,0
2020-04-02 03:39:32,kovan,17682253,17682236,17
2020-04-02 03:40:56,kovan,17682271,17682236,35
2020-04-02 03:42:20,kovan,17682288,17682236,52
2020-04-02 03:43:42,kovan,17682308,17682236,72
2020-04-02 03:45:05,kovan,17682324,17682236,88
2020-04-02 03:46:28,kovan,17682343,17682236,107
2020-04-02 03:47:55,kovan,17682360,17682236,124
2020-04-02 03:49:17,kovan,17682377,17682377,0
2020-04-02 03:50:41,kovan,17682394,17682387,7
2020-04-02 03:52:03,kovan,17682410,17682387,23
2020-04-02 03:53:26,kovan,17682426,17682422,4
2020-04-02 03:54:49,kovan,17682443,17682422,21
2020-04-02 03:56:13,kovan,17682459,17682422,37
2020-04-02 03:57:35,kovan,17682475,17682422,53
2020-04-02 03:58:57,kovan,17682497,17682422,75
2020-04-02 04:00:19,kovan,17682515,17682422,93
2020-04-02 04:01:42,kovan,17682533,17682422,111
2020-04-02 04:03:07,kovan,17682550,17682422,128
2020-04-02 04:04:31,kovan,17682570,17682570,0
2020-04-02 04:05:53,kovan,17682588,17682588,0
2020-04-02 04:07:16,kovan,17682605,17682606,-1
2020-04-02 04:08:39,kovan,17682626,17682626,0
2020-04-02 04:10:05,kovan,17682643,17682635,8
2020-04-02 04:11:28,kovan,17682659,17682659,0
2020-04-02 04:12:52,kovan,17682676,17682660,16
2020-04-02 04:14:16,kovan,17682693,17682686,7
2020-04-02 04:15:40,kovan,17682710,17682686,24
2020-04-02 04:17:02,kovan,17682727,17682721,6
2020-04-02 04:18:25,kovan,17682742,17682721,21
2020-04-02 04:19:49,kovan,17682759,17682721,38
2020-04-02 04:21:13,kovan,17682776,17682721,55
2020-04-02 04:22:35,kovan,17682794,17682789,5
2020-04-02 04:23:58,kovan,17682811,17682800,11
2020-04-02 04:25:20,kovan,17682828,17682800,28
2020-04-02 04:26:45,kovan,17682844,17682800,44
2020-04-02 04:28:10,kovan,17682860,17682852,8
2020-04-02 04:29:32,kovan,17682877,17682852,25
2020-04-02 04:30:56,kovan,17682895,17682852,43
2020-04-02 04:32:20,kovan,17682911,17682852,59
2020-04-02 04:33:42,kovan,17682928,17682852,76
2020-04-02 04:35:04,kovan,17682946,17682852,94
2020-04-02 04:36:27,kovan,17682964,17682852,112
2020-04-02 04:37:52,kovan,17682983,17682852,131
2020-04-02 04:39:14,kovan,17683002,17682852,150
2020-04-02 04:40:38,kovan,17683017,17682852,165
2020-04-02 04:42:02,kovan,17683034,17682932,102
2020-04-02 04:43:25,kovan,17683052,17683052,0
2020-04-02 04:44:50,kovan,17683067,17683067,0
2020-04-02 04:46:14,kovan,17683083,17683067,16
2020-04-02 04:47:36,kovan,17683102,17683067,35
2020-04-02 04:49:01,kovan,17683118,17683108,10
2020-04-02 04:50:24,kovan,17683135,17683108,27
2020-04-02 04:51:47,kovan,17683149,17683145,4
2020-04-02 04:53:09,kovan,17683166,17683161,5
2020-04-02 04:54:35,kovan,17683182,17683161,21
2020-04-02 04:55:58,kovan,17683199,17683161,38
2020-04-02 04:57:21,kovan,17683217,17683204,13
2020-04-02 04:58:44,kovan,17683233,17683204,29
2020-04-02 05:00:06,kovan,17683249,17683204,45
2020-04-02 05:01:29,kovan,17683267,17683206,61
2020-04-02 05:02:59,kovan,17683286,17683286,0
2020-04-02 05:04:22,kovan,17683304,17683293,11
2020-04-02 05:05:44,kovan,17683322,17683293,29
2020-04-02 05:07:08,kovan,17683340,17683293,47
2020-04-02 05:08:32,kovan,17683357,17683293,64
2020-04-02 05:09:57,kovan,17683373,17683372,1
2020-04-02 05:11:21,kovan,17683393,17683374,19
2020-04-02 05:12:46,kovan,17683410,17683409,1
2020-04-02 05:14:12,kovan,17683428,17683415,13
2020-04-02 05:15:35,kovan,17683445,17683415,30
2020-04-02 05:16:57,kovan,17683463,17683415,48
2020-04-02 05:18:22,kovan,17683478,17683415,63
2020-04-02 05:19:44,kovan,17683494,17683415,79
2020-04-02 05:21:07,kovan,17683511,17683415,96
2020-04-02 05:22:29,kovan,17683529,17683527,2
2020-04-02 05:23:51,kovan,17683545,17683543,2
2020-04-02 05:25:13,kovan,17683563,17683548,15
2020-04-02 05:26:38,kovan,17683580,17683548,32
2020-04-02 05:28:00,kovan,17683597,17683595,2
2020-04-02 05:29:24,kovan,17683614,17683606,8
2020-04-02 05:30:49,kovan,17683633,17683606,27
2020-04-02 05:32:11,kovan,17683650,17683606,44
2020-04-02 05:33:33,kovan,17683666,17683606,60
2020-04-02 05:34:56,kovan,17683683,17683606,77
2020-04-02 05:36:18,kovan,17683700,17683606,94
2020-04-02 05:37:41,kovan,17683717,17683709,8
2020-04-02 05:39:05,kovan,17683733,17683709,24
2020-04-02 05:40:29,kovan,17683750,17683709,41
2020-04-02 05:41:51,kovan,17683766,17683709,57
2020-04-02 05:43:13,kovan,17683784,17683751,33
2020-04-02 05:44:38,kovan,17683799,17683792,7
2020-04-02 05:46:02,kovan,17683816,17683792,24
2020-04-02 05:47:24,kovan,17683833,17683792,41
2020-04-02 05:48:46,kovan,17683852,17683792,60
2020-04-02 05:50:14,kovan,17683867,17683843,24
2020-04-02 05:51:36,kovan,17683884,17683867,17
2020-04-02 05:52:58,kovan,17683900,17683899,1
2020-04-02 05:54:22,kovan,17683917,17683899,18
2020-04-02 05:55:46,kovan,17683938,17683930,8
2020-04-02 05:57:08,kovan,17683957,17683930,27
2020-04-02 05:58:30,kovan,17683976,17683976,0
2020-04-02 05:59:53,kovan,17683994,17683994,0
2020-04-02 06:01:15,kovan,17684010,17684011,-1
2020-04-02 06:02:37,kovan,17684029,17684030,-1
2020-04-02 06:04:02,kovan,17684047,17684048,-1
2020-04-02 06:05:25,kovan,17684066,17684067,-1
2020-04-02 06:06:47,kovan,17684088,17684085,3
2020-04-02 06:08:22,kovan,17684107,17684085,22
2020-04-02 06:09:45,kovan,17684123,17684085,38
2020-04-02 06:11:09,kovan,17684142,17684085,57
2020-04-02 06:12:31,kovan,17684160,17684085,75
2020-04-02 06:13:54,kovan,17684177,17684085,92
2020-04-02 06:15:17,kovan,17684194,17684085,109
2020-04-02 06:16:42,kovan,17684214,17684085,129
2020-04-02 06:18:04,kovan,17684234,17684085,149
2020-04-02 06:19:28,kovan,17684254,17684085,169
2020-04-02 06:20:52,kovan,17684274,17684275,-1
2020-04-02 06:22:14,kovan,17684295,17684285,10
2020-04-02 06:23:36,kovan,17684316,17684288,28
2020-04-02 06:24:59,kovan,17684336,17684288,48
2020-04-02 06:26:23,kovan,17684354,17684352,2
2020-04-02 06:27:48,kovan,17684370,17684352,18
2020-04-02 06:29:11,kovan,17684391,17684352,39
2020-04-02 06:30:36,kovan,17684411,17684352,59
2020-04-02 06:31:59,kovan,17684430,17684352,78
2020-04-02 06:33:21,kovan,17684446,17684352,94
2020-04-02 06:34:44,kovan,17684464,17684352,112
2020-04-02 06:36:10,kovan,17684484,17684352,132
2020-04-02 06:37:32,kovan,17684500,17684352,148
2020-04-02 06:38:54,kovan,17684519,17684352,167
2020-04-02 06:40:17,kovan,17684537,17684352,185
2020-04-02 06:41:40,kovan,17684554,17684352,202
2020-04-02 06:43:04,kovan,17684573,17684352,221
2020-04-02 06:44:27,kovan,17684591,17684352,239
2020-04-02 06:45:49,kovan,17684611,17684352,259
2020-04-02 06:47:12,kovan,17684629,17684352,277
2020-04-02 06:48:35,kovan,17684645,17684352,293
2020-04-02 06:49:58,kovan,17684662,17684656,6
2020-04-02 06:51:21,kovan,17684682,17684669,13
2020-04-02 06:52:44,kovan,17684698,17684669,29
2020-04-02 06:54:06,kovan,17684716,17684689,27
2020-04-02 06:55:29,kovan,17684735,17684689,46
2020-04-02 06:56:52,kovan,17684754,17684753,1
2020-04-02 06:58:14,kovan,17684771,17684753,18
2020-04-02 06:59:39,kovan,17684789,17684753,36
2020-04-02 07:01:01,kovan,17684807,17684753,54
2020-04-02 07:02:23,kovan,17684825,17684753,72
2020-04-02 07:03:45,kovan,17684844,17684830,14
2020-04-02 07:05:09,kovan,17684861,17684830,31
2020-04-02 07:06:31,kovan,17684880,17684857,23
2020-04-02 07:07:54,kovan,17684900,17684887,13
2020-04-02 07:09:20,kovan,17684919,17684909,10
2020-04-02 07:10:44,kovan,17684937,17684937,0
2020-04-02 07:12:07,kovan,17684953,17684954,-1
2020-04-02 07:13:30,kovan,17684971,17684972,-1
2020-04-02 07:14:53,kovan,17684987,17684974,13
2020-04-02 07:16:16,kovan,17685006,17684974,32
2020-04-02 07:17:38,kovan,17685023,17685023,0
2020-04-02 07:19:00,kovan,17685044,17685044,0
2020-04-02 07:20:25,kovan,17685062,17685062,0
2020-04-02 07:21:49,kovan,17685079,17685064,15
2020-04-02 07:23:11,kovan,17685095,17685064,31
2020-04-02 07:24:34,kovan,17685113,17685064,49
2020-04-02 07:25:59,kovan,17685129,17685064,65
2020-04-02 07:27:21,kovan,17685145,17685064,81
2020-04-02 07:28:43,kovan,17685162,17685064,98
2020-04-02 07:30:06,kovan,17685178,17685064,114
2020-04-02 07:31:30,kovan,17685196,17685064,132
2020-04-02 07:32:52,kovan,17685217,17685064,153
2020-04-02 07:34:20,kovan,17685238,17685191,47
2020-04-02 07:35:45,kovan,17685255,17685243,12
2020-04-02 07:37:08,kovan,17685271,17685243,28
2020-04-02 07:38:30,kovan,17685290,17685243,47
2020-04-02 07:39:54,kovan,17685308,17685243,65
2020-04-02 07:41:17,kovan,17685326,17685243,83
2020-04-02 07:42:39,kovan,17685344,17685322,22
2020-04-02 07:44:01,kovan,17685366,17685322,44
2020-04-02 07:45:39,kovan,17685387,17685322,65
2020-04-02 07:47:02,kovan,17685406,17685406,0
2020-04-02 07:48:24,kovan,17685422,17685423,-1
2020-04-02 07:49:46,kovan,17685439,17685439,0
2020-04-02 07:51:09,kovan,17685460,17685460,0
2020-04-02 07:52:32,kovan,17685479,17685479,0
2020-04-02 07:53:54,kovan,17685497,17685497,0
2020-04-02 07:55:17,kovan,17685516,17685516,0
2020-04-02 07:56:40,kovan,17685534,17685535,-1
2020-04-02 07:58:02,kovan,17685552,17685552,0
2020-04-02 07:59:25,kovan,17685570,17685571,-1
2020-04-02 08:00:47,kovan,17685587,17685587,0
2020-04-02 08:02:09,kovan,17685604,17685605,-1
2020-04-02 08:03:33,kovan,17685621,17685607,14
2020-04-02 08:04:56,kovan,17685637,17685607,30
2020-04-02 08:06:18,kovan,17685654,17685607,47
2020-04-02 08:07:40,kovan,17685669,17685670,-1
2020-04-02 08:09:02,kovan,17685686,17685686,0
2020-04-02 08:10:26,kovan,17685702,17685702,0
2020-04-02 08:11:48,kovan,17685718,17685719,-1
2020-04-02 08:13:11,kovan,17685735,17685736,-1
2020-04-02 08:14:33,kovan,17685752,17685752,0
2020-04-02 08:15:55,kovan,17685768,17685769,-1
2020-04-02 08:17:18,kovan,17685787,17685787,0
2020-04-02 08:18:40,kovan,17685803,17685802,1
2020-04-02 08:20:02,kovan,17685819,17685819,0
2020-04-02 08:21:24,kovan,17685835,17685835,0
2020-04-02 08:22:46,kovan,17685851,17685852,-1
2020-04-02 08:24:09,kovan,17685868,17685869,-1
2020-04-02 08:25:33,kovan,17685884,17685885,-1
2020-04-02 08:26:55,kovan,17685903,17685900,3
2020-04-02 08:28:17,kovan,17685919,17685900,19
2020-04-02 08:29:41,kovan,17685936,17685900,36
2020-04-02 08:31:05,kovan,17685952,17685952,0
2020-04-02 08:32:29,kovan,17685968,17685960,8
2020-04-02 08:33:51,kovan,17685985,17685960,25
2020-04-02 08:35:13,kovan,17686002,17685960,42
2020-04-02 08:36:37,kovan,17686019,17685960,59
2020-04-02 08:38:01,kovan,17686036,17685960,76
2020-04-02 08:39:23,kovan,17686052,17685960,92
2020-04-02 08:40:48,kovan,17686069,17685960,109
2020-04-02 08:42:11,kovan,17686086,17685960,126
2020-04-02 08:43:33,kovan,17686102,17685960,142
2020-04-02 08:44:59,kovan,17686120,17685960,160
2020-04-02 08:46:23,kovan,17686136,17685960,176
2020-04-02 08:47:46,kovan,17686152,17686144,8
2020-04-02 08:49:08,kovan,17686170,17686144,26
2020-04-02 08:50:34,kovan,17686186,17686144,42
2020-04-02 08:51:56,kovan,17686203,17686200,3
2020-04-02 08:53:20,kovan,17686219,17686220,-1
2020-04-02 08:54:43,kovan,17686236,17686236,0
2020-04-02 08:56:06,kovan,17686253,17686252,1
2020-04-02 08:57:30,kovan,17686268,17686263,5
2020-04-02 08:58:52,kovan,17686285,17686263,22
2020-04-02 09:00:14,kovan,17686303,17686263,40
2020-04-02 09:01:39,kovan,17686320,17686263,57
2020-04-02 09:03:01,kovan,17686336,17686263,73
2020-04-02 09:04:23,kovan,17686353,17686263,90
2020-04-02 09:05:47,kovan,17686369,17686263,106
2020-04-02 09:07:09,kovan,17686387,17686360,27
2020-04-02 09:08:33,kovan,17686405,17686385,20
2020-04-02 09:09:57,kovan,17686420,17686386,34
2020-04-02 09:11:19,kovan,17686438,17686439,-1
2020-04-02 09:12:42,kovan,17686455,17686450,5
2020-04-02 09:14:08,kovan,17686472,17686450,22
2020-04-02 09:15:30,kovan,17686488,17686450,38
2020-04-02 09:16:52,kovan,17686506,17686484,22
2020-04-02 09:18:14,kovan,17686522,17686522,0
2020-04-02 09:19:37,kovan,17686539,17686539,0
2020-04-02 09:21:00,kovan,17686555,17686545,10
2020-04-02 09:22:23,kovan,17686573,17686571,2
2020-04-02 09:23:46,kovan,17686589,17686587,2
2020-04-02 09:25:08,kovan,17686606,17686587,19
2020-04-02 09:26:33,kovan,17686623,17686587,36
2020-04-02 09:27:58,kovan,17686639,17686587,52
2020-04-02 09:29:20,kovan,17686655,17686587,68
2020-04-02 09:30:42,kovan,17686672,17686587,85
2020-04-02 09:32:08,kovan,17686690,17686587,103
2020-04-02 09:33:33,kovan,17686706,17686587,119
2020-04-02 09:34:55,kovan,17686722,17686702,20
2020-04-02 09:36:18,kovan,17686743,17686702,41
2020-04-02 09:37:44,kovan,17686760,17686702,58
2020-04-02 09:39:06,kovan,17686775,17686702,73
2020-04-02 09:40:33,kovan,17686793,17686702,91
2020-04-02 09:41:57,kovan,17686809,17686702,107
2020-04-02 09:43:19,kovan,17686826,17686702,124
2020-04-02 09:44:41,kovan,17686842,17686702,140
2020-04-02 09:46:06,kovan,17686859,17686702,157
2020-04-02 09:47:29,kovan,17686875,17686875,0
2020-04-02 09:48:51,kovan,17686891,17686892,-1
2020-04-02 09:50:13,kovan,17686909,17686909,0
2020-04-02 09:51:36,kovan,17686926,17686924,2
2020-04-02 09:52:59,kovan,17686943,17686942,1
2020-04-02 09:54:23,kovan,17686959,17686959,0
2020-04-02 09:55:46,kovan,17686975,17686975,0
2020-04-02 09:57:10,kovan,17686993,17686981,12
2020-04-02 09:58:35,kovan,17687009,17686981,28
2020-04-02 09:59:57,kovan,17687026,17686981,45
2020-04-02 10:01:19,kovan,17687042,17686981,61
2020-04-02 10:02:43,kovan,17687060,17686981,79
2020-04-02 10:04:11,kovan,17687077,17686981,96
2020-04-02 10:05:34,kovan,17687093,17686981,112
2020-04-02 10:06:56,kovan,17687111,17686981,130
2020-04-02 10:08:19,kovan,17687130,17686981,149
2020-04-02 10:09:44,kovan,17687146,17687108,38
2020-04-02 10:11:07,kovan,17687162,17687108,54
2020-04-02 10:12:29,kovan,17687178,17687108,70
2020-04-02 10:13:51,kovan,17687194,17687108,86
2020-04-02 10:15:13,kovan,17687211,17687108,103
2020-04-02 10:16:36,kovan,17687227,17687108,119
2020-04-02 10:18:00,kovan,17687244,17687108,136
2020-04-02 10:19:22,kovan,17687261,17687256,5
2020-04-02 10:20:44,kovan,17687277,17687256,21
2020-04-02 10:22:08,kovan,17687295,17687256,39
2020-04-02 10:23:32,kovan,17687311,17687256,55
2020-04-02 10:24:54,kovan,17687327,17687256,71
2020-04-02 10:26:17,kovan,17687344,17687340,4
2020-04-02 10:27:43,kovan,17687361,17687340,21
2020-04-02 10:29:05,kovan,17687376,17687374,2
2020-04-02 10:30:27,kovan,17687392,17687374,18
2020-04-02 10:31:49,kovan,17687409,17687374,35
2020-04-02 10:33:13,kovan,17687426,17687374,52
2020-04-02 10:34:38,kovan,17687443,17687374,69
2020-04-02 10:36:01,kovan,17687459,17687374,85
2020-04-02 10:37:23,kovan,17687476,17687374,102
2020-04-02 10:38:46,kovan,17687492,17687480,12
2020-04-02 10:40:08,kovan,17687509,17687509,0
2020-04-02 10:41:31,kovan,17687525,17687509,16
2020-04-02 10:42:53,kovan,17687542,17687509,33
2020-04-02 10:44:18,kovan,17687559,17687509,50
2020-04-02 10:45:42,kovan,17687576,17687509,67
2020-04-02 10:47:04,kovan,17687592,17687592,0
2020-04-02 10:48:28,kovan,17687609,17687608,1
2020-04-02 10:49:50,kovan,17687625,17687625,0
2020-04-02 10:51:12,kovan,17687642,17687641,1
2020-04-02 10:52:36,kovan,17687660,17687647,13
2020-04-02 10:54:03,kovan,17687679,17687647,32
2020-04-02 10:55:26,kovan,17687695,17687647,48
2020-04-02 10:56:48,kovan,17687712,17687712,0
2020-04-02 10:58:12,kovan,17687728,17687729,-1
2020-04-02 10:59:34,kovan,17687746,17687734,12
2020-04-02 11:00:58,kovan,17687762,17687734,28
2020-04-02 11:02:21,kovan,17687778,17687734,44
2020-04-02 11:03:43,kovan,17687795,17687734,61
2020-04-02 11:05:05,kovan,17687812,17687734,78
2020-04-02 11:06:29,kovan,17687830,17687734,96
2020-04-02 11:07:54,kovan,17687847,17687841,6
2020-04-02 11:09:19,kovan,17687863,17687855,8
2020-04-02 11:10:41,kovan,17687880,17687855,25
2020-04-02 11:12:03,kovan,17687896,17687855,41
2020-04-02 11:13:27,kovan,17687913,17687855,58
2020-04-02 11:14:53,kovan,17687929,17687924,5
2020-04-02 11:16:15,kovan,17687946,17687924,22
2020-04-02 11:17:37,kovan,17687963,17687924,39
2020-04-02 11:19:00,kovan,17687980,17687969,11
2020-04-02 11:20:25,kovan,17687996,17687984,12
2020-04-02 11:21:47,kovan,17688015,17687984,31
2020-04-02 11:23:09,kovan,17688031,17688030,1
2020-04-02 11:24:33,kovan,17688048,17688032,16
2020-04-02 11:25:57,kovan,17688065,17688032,33
2020-04-02 11:27:19,kovan,17688081,17688032,49
2020-04-02 11:28:41,kovan,17688098,17688032,66
2020-04-02 11:30:05,kovan,17688113,17688032,81
2020-04-02 11:31:29,kovan,17688131,17688032,99
2020-04-02 11:32:51,kovan,17688148,17688032,116
2020-04-02 11:34:13,kovan,17688165,17688032,133
2020-04-02 11:35:37,kovan,17688179,17688032,147
2020-04-02 11:37:02,kovan,17688200,17688032,168
2020-04-02 11:38:24,kovan,17688216,17688032,184
2020-04-02 11:39:46,kovan,17688231,17688032,199
2020-04-02 11:41:08,kovan,17688248,17688032,216
2020-04-02 11:42:30,kovan,17688264,17688032,232
2020-04-02 11:43:52,kovan,17688281,17688281,0
2020-04-02 11:45:14,kovan,17688298,17688297,1
2020-04-02 11:46:36,kovan,17688314,17688314,0
2020-04-02 11:48:00,kovan,17688330,17688316,14
2020-04-02 11:49:22,kovan,17688346,17688316,30
2020-04-02 11:50:44,kovan,17688365,17688316,49
2020-04-02 11:52:06,kovan,17688382,17688316,66
2020-04-02 11:53:28,kovan,17688399,17688316,83
2020-04-02 11:54:49,kovan,17688418,17688316,102
2020-04-02 11:56:12,kovan,17688434,17688316,118
2020-04-02 11:57:34,kovan,17688450,17688450,0
2020-04-02 11:59:02,kovan,17688467,17688450,17
2020-04-02 12:00:24,kovan,17688484,17688485,-1
2020-04-02 12:01:55,kovan,17688503,17688502,1
2020-04-02 12:03:19,kovan,17688522,17688517,5
2020-04-02 12:04:41,kovan,17688540,17688517,23
2020-04-02 12:06:03,kovan,17688556,17688517,39
2020-04-02 12:07:25,kovan,17688575,17688517,58
2020-04-02 12:08:47,kovan,17688591,17688517,74
2020-04-02 12:10:09,kovan,17688607,17688517,90
2020-04-02 12:11:32,kovan,17688625,17688626,-1
2020-04-02 12:12:54,kovan,17688644,17688632,12
2020-04-02 12:14:16,kovan,17688663,17688632,31
2020-04-02 12:15:38,kovan,17688678,17688632,46
2020-04-02 12:17:00,kovan,17688695,17688696,-1
2020-04-02 12:18:23,kovan,17688711,17688712,-1
2020-04-02 12:19:45,kovan,17688728,17688728,0
2020-04-02 12:21:08,kovan,17688744,17688745,-1
2020-04-02 12:22:30,kovan,17688761,17688761,0
2020-04-02 12:23:53,kovan,17688778,17688778,0
2020-04-02 12:25:16,kovan,17688794,17688795,-1
2020-04-02 12:26:38,kovan,17688811,17688811,0
2020-04-02 12:28:00,kovan,17688828,17688828,0
2020-04-02 12:29:24,kovan,17688845,17688845,0
2020-04-02 12:30:46,kovan,17688861,17688861,0
2020-04-02 12:32:08,kovan,17688878,17688878,0
2020-04-02 12:33:30,kovan,17688894,17688894,0
2020-04-02 12:34:52,kovan,17688910,17688911,-1
2020-04-02 12:36:16,kovan,17688927,17688928,-1
2020-04-02 12:37:38,kovan,17688943,17688944,-1
2020-04-02 12:39:00,kovan,17688961,17688961,0
2020-04-02 12:40:23,kovan,17688977,17688977,0
2020-04-02 12:41:45,kovan,17688993,17688993,0
2020-04-02 12:43:07,kovan,17689009,17689010,-1
2020-04-02 12:44:30,kovan,17689026,17689026,0
2020-04-02 12:45:52,kovan,17689042,17689043,-1
2020-04-02 12:47:14,kovan,17689059,17689059,0
2020-04-02 12:48:36,kovan,17689074,17689075,-1
2020-04-02 12:49:59,kovan,17689091,17689091,0
2020-04-02 12:51:21,kovan,17689107,17689108,-1
2020-04-02 12:52:43,kovan,17689124,17689124,0
2020-04-02 12:54:05,kovan,17689141,17689141,0
2020-04-02 12:55:29,kovan,17689161,17689161,0
2020-04-02 12:56:51,kovan,17689178,17689162,16
2020-04-02 12:58:13,kovan,17689195,17689162,33
2020-04-02 12:59:35,kovan,17689212,17689162,50
2020-04-02 13:00:57,kovan,17689229,17689162,67
2020-04-02 13:02:19,kovan,17689245,17689162,83
2020-04-02 13:03:41,kovan,17689261,17689257,4
2020-04-02 13:05:04,kovan,17689278,17689278,0
2020-04-02 13:06:27,kovan,17689293,17689291,2
2020-04-02 13:07:50,kovan,17689310,17689308,2
2020-04-02 13:09:13,kovan,17689327,17689308,19
2020-04-02 13:10:35,kovan,17689343,17689308,35
2020-04-02 13:11:58,kovan,17689360,17689308,52
2020-04-02 13:13:20,kovan,17689376,17689308,68
2020-04-02 13:14:42,kovan,17689393,17689308,85
2020-04-02 13:16:04,kovan,17689409,17689308,101
2020-04-02 13:17:26,kovan,17689425,17689308,117
2020-04-02 13:18:48,kovan,17689441,17689308,133
2020-04-02 13:20:10,kovan,17689457,17689308,149
2020-04-02 13:21:32,kovan,17689474,17689308,166
2020-04-02 13:22:54,kovan,17689491,17689343,148
2020-04-02 13:24:16,kovan,17689508,17689508,0
2020-04-02 13:25:40,kovan,17689524,17689508,16
2020-04-02 13:27:02,kovan,17689541,17689508,33
2020-04-02 13:28:24,kovan,17689557,17689557,0
2020-04-02 13:29:47,kovan,17689573,17689566,7
2020-04-02 13:31:09,kovan,17689588,17689588,0
2020-04-02 13:32:31,kovan,17689604,17689605,-1
2020-04-02 13:33:53,kovan,17689622,17689609,13
2020-04-02 13:35:15,kovan,17689638,17689609,29
2020-04-02 13:36:37,kovan,17689655,17689609,46
2020-04-02 13:37:59,kovan,17689671,17689609,62
2020-04-02 13:39:21,kovan,17689689,17689609,80
2020-04-02 13:40:43,kovan,17689705,17689701,4
2020-04-02 13:42:05,kovan,17689721,17689701,20
2020-04-02 13:43:27,kovan,17689737,17689701,36
2020-04-02 13:44:51,kovan,17689754,17689754,0
2020-04-02 13:46:14,kovan,17689771,17689755,16
2020-04-02 13:47:36,kovan,17689788,17689755,33
2020-04-02 13:48:58,kovan,17689804,17689804,0
2020-04-02 13:50:20,kovan,17689820,17689816,4
2020-04-02 13:51:44,kovan,17689837,17689836,1
2020-04-02 13:53:06,kovan,17689853,17689854,-1
2020-04-02 13:54:30,kovan,17689871,17689871,0
2020-04-02 13:55:53,kovan,17689888,17689872,16
2020-04-02 13:57:15,kovan,17689904,17689872,32
2020-04-02 13:58:37,kovan,17689921,17689872,49
2020-04-02 13:59:59,kovan,17689937,17689872,65
2020-04-02 14:01:21,kovan,17689953,17689954,-1
2020-04-02 14:02:43,kovan,17689970,17689970,0
2020-04-02 14:04:05,kovan,17689986,17689986,0
2020-04-02 14:05:28,kovan,17690002,17690003,-1
2020-04-02 14:06:50,kovan,17690020,17690020,0
2020-04-02 14:08:14,kovan,17690036,17690026,10
2020-04-02 14:09:37,kovan,17690053,17690053,0
2020-04-02 14:11:02,kovan,17690071,17690067,4
2020-04-02 14:12:30,kovan,17690087,17690067,20
2020-04-02 14:13:52,kovan,17690103,17690067,36
2020-04-02 14:15:14,kovan,17690121,17690119,2
2020-04-02 14:16:40,kovan,17690137,17690119,18
2020-04-02 14:18:02,kovan,17690154,17690119,35
2020-04-02 14:19:24,kovan,17690170,17690154,16
2020-04-02 14:20:46,kovan,17690186,17690154,32
2020-04-02 14:22:09,kovan,17690202,17690154,48
2020-04-02 14:23:30,kovan,17690219,17690154,65
2020-04-02 14:24:53,kovan,17690237,17690234,3
2020-04-02 14:26:22,kovan,17690254,17690236,18
2020-04-02 14:27:44,kovan,17690270,17690271,-1
2020-04-02 14:29:11,kovan,17690287,17690288,-1
2020-04-02 14:30:33,kovan,17690303,17690302,1
2020-04-02 14:31:56,kovan,17690320,17690306,14
2020-04-02 14:33:18,kovan,17690337,17690306,31
2020-04-02 14:34:40,kovan,17690354,17690306,48
2020-04-02 14:36:03,kovan,17690370,17690306,64
2020-04-02 14:37:25,kovan,17690386,17690306,80
2020-04-02 14:38:47,kovan,17690402,17690306,96
2020-04-02 14:40:09,kovan,17690418,17690306,112
2020-04-02 14:41:32,kovan,17690436,17690306,130
2020-04-02 14:42:54,kovan,17690451,17690306,145
2020-04-02 14:44:16,kovan,17690469,17690469,0
2020-04-02 14:45:38,kovan,17690485,17690478,7
2020-04-02 14:47:00,kovan,17690501,17690487,14
2020-04-02 14:48:22,kovan,17690518,17690487,31
2020-04-02 14:49:45,kovan,17690534,17690487,47
2020-04-02 14:51:08,kovan,17690551,17690487,64
2020-04-02 14:52:31,kovan,17690568,17690559,9
2020-04-02 14:53:56,kovan,17690585,17690585,0
2020-04-02 14:55:22,kovan,17690602,17690595,7
2020-04-02 14:56:46,kovan,17690618,17690595,23
2020-04-02 14:58:10,kovan,17690635,17690595,40
2020-04-02 14:59:35,kovan,17690652,17690595,57
2020-04-02 15:00:58,kovan,17690669,17690595,74
2020-04-02 15:02:22,kovan,17690686,17690595,91
2020-04-02 15:03:45,kovan,17690702,17690595,107
2020-04-02 15:05:08,kovan,17690719,17690595,124
2020-04-02 15:06:30,kovan,17690735,17690734,1
2020-04-02 15:07:55,kovan,17690753,17690752,1
2020-04-02 15:09:22,kovan,17690770,17690770,0
2020-04-02 15:10:49,kovan,17690786,17690786,0
2020-04-02 15:12:12,kovan,17690803,17690803,0
2020-04-02 15:13:34,kovan,17690820,17690818,2
2020-04-02 15:15:01,kovan,17690836,17690822,14
2020-04-02 15:16:23,kovan,17690853,17690822,31
2020-04-02 15:17:45,kovan,17690869,17690822,47
2020-04-02 15:19:07,kovan,17690886,17690822,64
2020-04-02 15:20:30,kovan,17690903,17690822,81
2020-04-02 15:21:54,kovan,17690919,17690822,97
2020-04-02 15:23:17,kovan,17690936,17690822,114
2020-04-02 15:24:42,kovan,17690952,17690822,130
2020-04-02 15:26:04,kovan,17690968,17690822,146
2020-04-02 15:27:27,kovan,17690984,17690822,162
2020-04-02 15:28:49,kovan,17691002,17690822,180
2020-04-02 15:30:11,kovan,17691018,17690822,196
2020-04-02 15:31:33,kovan,17691035,17690822,213
2020-04-02 15:32:55,kovan,17691051,17690822,229
2020-04-02 15:34:17,kovan,17691067,17690822,245
2020-04-02 15:35:39,kovan,17691084,17690822,262
2020-04-02 15:37:01,kovan,17691100,17690822,278
2020-04-02 15:38:24,kovan,17691116,17690822,294
2020-04-02 15:39:46,kovan,17691132,17690822,310
2020-04-02 15:41:08,kovan,17691148,17690822,326
2020-04-02 15:42:31,kovan,17691165,17690822,343
2020-04-02 15:43:53,kovan,17691183,17690949,234
2020-04-02 15:45:22,kovan,17691202,17691194,8
2020-04-02 15:46:53,kovan,17691219,17691194,25
2020-04-02 15:48:15,kovan,17691236,17691194,42
2020-04-02 15:49:38,kovan,17691252,17691194,58
2020-04-02 15:51:00,kovan,17691269,17691194,75
2020-04-02 15:52:22,kovan,17691286,17691194,92
2020-04-02 15:53:45,kovan,17691302,17691194,108
2020-04-02 15:55:07,kovan,17691318,17691194,124
2020-04-02 15:56:29,kovan,17691335,17691194,141
2020-04-02 15:57:51,kovan,17691352,17691346,6
2020-04-02 15:59:14,kovan,17691368,17691365,3
2020-04-02 16:00:39,kovan,17691385,17691365,20
2020-04-02 16:02:01,kovan,17691403,17691365,38
2020-04-02 16:03:23,kovan,17691420,17691420,0
2020-04-02 16:04:50,kovan,17691436,17691420,16
2020-04-02 16:06:13,kovan,17691454,17691420,34
2020-04-02 16:07:35,kovan,17691470,17691471,-1
2020-04-02 16:08:59,kovan,17691487,17691484,3
2020-04-02 16:10:23,kovan,17691505,17691505,0
2020-04-02 16:11:50,kovan,17691522,17691508,14
2020-04-02 16:13:12,kovan,17691538,17691508,30
2020-04-02 16:14:35,kovan,17691555,17691508,47
2020-04-02 16:15:58,kovan,17691572,17691508,64
2020-04-02 16:17:20,kovan,17691588,17691508,80
2020-04-02 16:18:42,kovan,17691605,17691508,97
2020-04-02 16:20:04,kovan,17691621,17691508,113
2020-04-02 16:21:27,kovan,17691638,17691508,130
2020-04-02 16:22:49,kovan,17691654,17691508,146
2020-04-02 16:24:11,kovan,17691671,17691508,163
2020-04-02 16:25:33,kovan,17691688,17691508,180
2020-04-02 16:26:55,kovan,17691704,17691508,196
2020-04-02 16:28:17,kovan,17691719,17691508,211
2020-04-02 16:29:39,kovan,17691736,17691734,2
2020-04-02 16:31:01,kovan,17691752,17691734,18
2020-04-02 16:32:24,kovan,17691769,17691734,35
2020-04-02 16:33:46,kovan,17691786,17691786,0
2020-04-02 16:35:16,kovan,17691803,17691789,14
2020-04-02 16:36:38,kovan,17691819,17691789,30
2020-04-02 16:38:00,kovan,17691837,17691836,1
2020-04-02 16:39:32,kovan,17691853,17691845,8
2020-04-02 16:41:00,kovan,17691871,17691845,26
2020-04-02 16:42:22,kovan,17691888,17691884,4
2020-04-02 16:43:48,kovan,17691907,17691907,0
2020-04-02 16:45:18,kovan,17691924,17691911,13
2020-04-02 16:46:40,kovan,17691941,17691940,1
2020-04-02 16:48:06,kovan,17691957,17691940,17
2020-04-02 16:49:28,kovan,17691974,17691940,34
2020-04-02 16:50:50,kovan,17691991,17691940,51
2020-04-02 16:52:12,kovan,17692008,17691940,68
2020-04-02 16:53:34,kovan,17692026,17691940,86
2020-04-02 16:54:57,kovan,17692041,17691940,101
2020-04-02 16:56:19,kovan,17692058,17691940,118
2020-04-02 16:57:41,kovan,17692075,17691940,135
2020-04-02 16:59:03,kovan,17692088,17691940,148
2020-04-02 17:00:25,kovan,17692102,17691940,162
2020-04-02 17:01:47,kovan,17692117,17691940,177
2020-04-02 17:03:09,kovan,17692135,17692100,35
2020-04-02 17:04:32,kovan,17692152,17692138,14
2020-04-02 17:05:55,kovan,17692170,17692138,32
2020-04-02 17:07:17,kovan,17692186,17692175,11
2020-04-02 17:08:39,kovan,17692204,17692175,29
2020-04-02 17:10:02,kovan,17692221,17692216,5
2020-04-02 17:11:29,kovan,17692238,17692226,12
2020-04-02 17:12:51,kovan,17692255,17692255,0
2020-04-02 17:14:15,kovan,17692273,17692273,0
2020-04-02 17:15:40,kovan,17692289,17692274,15
2020-04-02 17:17:02,kovan,17692306,17692274,32
2020-04-02 17:18:23,kovan,17692323,17692323,0
2020-04-02 17:19:46,kovan,17692342,17692328,14
2020-04-02 17:21:08,kovan,17692360,17692328,32
2020-04-02 17:22:30,kovan,17692377,17692371,6
2020-04-02 17:23:53,kovan,17692394,17692394,0
2020-04-02 17:25:18,kovan,17692412,17692402,10
2020-04-02 17:26:40,kovan,17692428,17692402,26
2020-04-02 17:28:02,kovan,17692447,17692447,0
2020-04-02 17:29:25,kovan,17692465,17692465,0
2020-04-02 17:30:48,kovan,17692482,17692481,1
2020-04-02 17:32:11,kovan,17692498,17692498,0
2020-04-02 17:33:33,kovan,17692515,17692515,0
2020-04-02 17:34:55,kovan,17692532,17692529,3
2020-04-02 17:36:17,kovan,17692548,17692549,-1
2020-04-02 17:37:39,kovan,17692566,17692566,0
2020-04-02 17:39:01,kovan,17692583,17692566,17
2020-04-02 17:40:23,kovan,17692599,17692566,33
2020-04-02 17:41:45,kovan,17692616,17692566,50
2020-04-02 17:43:07,kovan,17692632,17692628,4
2020-04-02 17:44:29,kovan,17692647,17692628,19
2020-04-02 17:45:51,kovan,17692661,17692661,0
2020-04-02 17:47:16,kovan,17692677,17692670,7
2020-04-02 17:48:38,kovan,17692694,17692670,24
2020-04-02 17:50:00,kovan,17692712,17692670,42
2020-04-02 17:51:22,kovan,17692728,17692728,0
2020-04-02 17:52:44,kovan,17692745,17692744,1
2020-04-02 17:54:06,kovan,17692760,17692760,0
2020-04-02 17:55:29,kovan,17692776,17692772,4
2020-04-02 17:56:51,kovan,17692795,17692795,0
2020-04-02 17:58:16,kovan,17692811,17692801,10
2020-04-02 17:59:38,kovan,17692827,17692801,26
2020-04-02 18:01:00,kovan,17692844,17692829,15
2020-04-02 18:02:23,kovan,17692859,17692859,0
2020-04-02 18:03:45,kovan,17692875,17692876,-1
2020-04-02 18:05:08,kovan,17692892,17692893,-1
2020-04-02 18:06:31,kovan,17692910,17692911,-1
2020-04-02 18:07:54,kovan,17692927,17692928,-1
2020-04-02 18:09:18,kovan,17692945,17692945,0
2020-04-02 18:10:40,kovan,17692962,17692962,0
2020-04-02 18:12:03,kovan,17692978,17692978,0
2020-04-02 18:13:27,kovan,17692994,17692995,-1
2020-04-02 18:14:49,kovan,17693012,17693012,0
2020-04-02 18:16:13,kovan,17693029,17693027,2
2020-04-02 18:17:35,kovan,17693045,17693027,18
2020-04-02 18:18:57,kovan,17693063,17693027,36
2020-04-02 18:20:19,kovan,17693086,17693075,11
2020-04-02 18:22:00,kovan,17693104,17693099,5
2020-04-02 18:23:31,kovan,17693120,17693099,21
2020-04-02 18:25:03,kovan,17693135,17693099,36
2020-04-02 18:26:27,kovan,17693152,17693099,53
2020-04-02 18:27:49,kovan,17693172,17693099,73
2020-04-02 18:29:31,kovan,17693200,17693101,99
2020-04-02 18:31:41,kovan,17693218,17693101,117
2020-04-02 18:33:12,kovan,17693237,17693101,136
2020-04-02 18:34:51,kovan,17693255,17693101,154
2020-04-02 18:36:23,kovan,17693276,17693101,175
2020-04-02 18:37:53,kovan,17693296,17693101,195
2020-04-02 18:39:23,kovan,17693312,17693101,211
2020-04-02 18:40:50,kovan,17693332,17693322,10
2020-04-02 18:42:19,kovan,17693349,17693338,11
2020-04-02 18:43:45,kovan,17693364,17693338,26
2020-04-02 18:45:07,kovan,17693381,17693338,43
2020-04-02 18:46:32,kovan,17693398,17693338,60
2020-04-02 18:47:55,kovan,17693413,17693338,75
2020-04-02 18:49:17,kovan,17693430,17693338,92
2020-04-02 18:50:39,kovan,17693446,17693338,108
2020-04-02 18:52:03,kovan,17693463,17693338,125
2020-04-02 18:53:26,kovan,17693482,17693465,17
2020-04-02 18:55:02,kovan,17693500,17693465,35
2020-04-02 18:56:26,kovan,17693516,17693465,51
2020-04-02 18:57:49,kovan,17693534,17693526,8
2020-04-02 18:59:16,kovan,17693551,17693526,25
2020-04-02 19:00:39,kovan,17693567,17693526,41
2020-04-02 19:02:01,kovan,17693584,17693526,58
2020-04-02 19:03:23,kovan,17693602,17693526,76
2020-04-02 19:04:57,kovan,17693619,17693526,93
2020-04-02 19:06:20,kovan,17693636,17693624,12
2020-04-02 19:07:51,kovan,17693654,17693624,30
2020-04-02 19:09:13,kovan,17693669,17693624,45
2020-04-02 19:10:35,kovan,17693686,17693686,0
2020-04-02 19:12:04,kovan,17693702,17693688,14
2020-04-02 19:13:26,kovan,17693720,17693688,32
2020-04-02 19:14:50,kovan,17693739,17693733,6
2020-04-02 19:16:15,kovan,17693756,17693733,23
2020-04-02 19:17:37,kovan,17693775,17693769,6
2020-04-02 19:19:13,kovan,17693792,17693769,23
2020-04-02 19:20:35,kovan,17693808,17693769,39
2020-04-02 19:21:57,kovan,17693824,17693769,55
2020-04-02 19:23:19,kovan,17693841,17693769,72
2020-04-02 19:24:42,kovan,17693858,17693769,89
2020-04-02 19:26:05,kovan,17693874,17693769,105
2020-04-02 19:27:27,kovan,17693890,17693769,121
2020-04-02 19:28:49,kovan,17693909,17693769,140
2020-04-02 19:30:11,kovan,17693925,17693769,156
2020-04-02 19:31:34,kovan,17693942,17693769,173
2020-04-02 19:32:56,kovan,17693962,17693769,193
2020-04-02 19:34:19,kovan,17693979,17693769,210
2020-04-02 19:35:46,kovan,17693993,17693769,224
2020-04-02 19:37:08,kovan,17694011,17693769,242
2020-04-02 19:38:30,kovan,17694028,17693769,259
2020-04-02 19:39:52,kovan,17694044,17693769,275
2020-04-02 19:41:16,kovan,17694062,17694022,40
2020-04-02 19:42:48,kovan,17694080,17694081,-1
2020-04-02 19:44:13,kovan,17694096,17694087,9
2020-04-02 19:45:35,kovan,17694113,17694087,26
2020-04-02 19:46:58,kovan,17694130,17694087,43
2020-04-02 19:48:20,kovan,17694148,17694087,61
2020-04-02 19:49:43,kovan,17694164,17694164,0
2020-04-02 19:51:09,kovan,17694181,17694166,15
2020-04-02 19:52:31,kovan,17694198,17694166,32
2020-04-02 19:53:54,kovan,17694215,17694166,49
2020-04-02 19:55:19,kovan,17694231,17694166,65
2020-04-02 19:56:41,kovan,17694248,17694166,82
2020-04-02 19:58:04,kovan,17694264,17694166,98
2020-04-02 19:59:26,kovan,17694281,17694166,115
2020-04-02 20:00:49,kovan,17694300,17694166,134
2020-04-02 20:02:20,kovan,17694316,17694166,150
2020-04-02 20:03:42,kovan,17694333,17694166,167
2020-04-02 20:05:07,kovan,17694350,17694166,184
2020-04-02 20:06:30,kovan,17694365,17694166,199
2020-04-02 20:07:54,kovan,17694383,17694166,217
2020-04-02 20:09:19,kovan,17694401,17694166,235
2020-04-02 20:10:41,kovan,17694419,17694166,253
2020-04-02 20:12:05,kovan,17694435,17694166,269
2020-04-02 20:13:28,kovan,17694452,17694166,286
2020-04-02 20:14:51,kovan,17694469,17694166,303
2020-04-02 20:16:14,kovan,17694486,17694166,320
2020-04-02 20:17:36,kovan,17694502,17694293,209
2020-04-02 20:18:59,kovan,17694518,17694293,225
2020-04-02 20:20:21,kovan,17694536,17694293,243
2020-04-02 20:21:44,kovan,17694552,17694293,259
2020-04-02 20:23:06,kovan,17694569,17694293,276
2020-04-02 20:24:29,kovan,17694585,17694293,292
2020-04-02 20:25:52,kovan,17694602,17694293,309
2020-04-02 20:27:15,kovan,17694618,17694293,325
2020-04-02 20:28:37,kovan,17694638,17694294,344
2020-04-02 20:30:13,kovan,17694655,17694420,235
2020-04-02 20:31:36,kovan,17694671,17694420,251
2020-04-02 20:32:59,kovan,17694689,17694674,15
2020-04-02 20:34:26,kovan,17694708,17694674,34
2020-04-02 20:35:49,kovan,17694724,17694674,50
2020-04-02 20:37:12,kovan,17694740,17694674,66
2020-04-02 20:38:34,kovan,17694757,17694674,83
2020-04-02 20:39:56,kovan,17694773,17694674,99
2020-04-02 20:41:19,kovan,17694790,17694674,116
2020-04-02 20:42:42,kovan,17694807,17694674,133
2020-04-02 20:44:04,kovan,17694823,17694674,149
2020-04-02 20:45:27,kovan,17694839,17694674,165
2020-04-02 20:46:50,kovan,17694855,17694674,181
2020-04-02 20:48:13,kovan,17694873,17694674,199
2020-04-02 20:49:36,kovan,17694889,17694801,88
2020-04-02 20:50:59,kovan,17694905,17694801,104
2020-04-02 20:52:21,kovan,17694923,17694801,122
2020-04-02 20:53:43,kovan,17694939,17694801,138
2020-04-02 20:55:06,kovan,17694956,17694801,155
2020-04-02 20:56:29,kovan,17694972,17694928,44
2020-04-02 20:57:53,kovan,17694988,17694928,60
2020-04-02 20:59:17,kovan,17695006,17694928,78
2020-04-02 21:00:39,kovan,17695022,17694928,94
2020-04-02 21:02:05,kovan,17695038,17694928,110
2020-04-02 21:03:27,kovan,17695054,17694928,126
2020-04-02 21:04:49,kovan,17695071,17694928,143
2020-04-02 21:06:13,kovan,17695088,17694928,160
2020-04-02 21:07:35,kovan,17695106,17694928,178
2020-04-02 21:09:00,kovan,17695121,17694928,193
2020-04-02 21:10:22,kovan,17695137,17694928,209
2020-04-02 21:11:45,kovan,17695154,17694928,226
2020-04-02 21:13:08,kovan,17695171,17694928,243
2020-04-02 21:14:30,kovan,17695186,17694928,258
2020-04-02 21:15:55,kovan,17695204,17694928,276
2020-04-02 21:17:18,kovan,17695220,17694928,292
2020-04-02 21:18:40,kovan,17695236,17694928,308
2020-04-02 21:20:03,kovan,17695253,17695054,199
2020-04-02 21:21:25,kovan,17695269,17695054,215
2020-04-02 21:22:48,kovan,17695284,17695054,230
2020-04-02 21:24:10,kovan,17695301,17695054,247
2020-04-02 21:25:32,kovan,17695318,17695054,264
2020-04-02 21:26:55,kovan,17695335,17695054,281
2020-04-02 21:28:19,kovan,17695351,17695054,297
2020-04-02 21:29:42,kovan,17695371,17695054,317
2020-04-02 21:31:19,kovan,17695387,17695054,333
2020-04-02 21:32:41,kovan,17695404,17695054,350
2020-04-02 21:34:04,kovan,17695420,17695054,366
2020-04-02 21:35:26,kovan,17695437,17695054,383
2020-04-02 21:36:53,kovan,17695454,17695054,400
2020-04-02 21:38:18,kovan,17695471,17695054,417
2020-04-02 21:39:41,kovan,17695488,17695307,181
2020-04-02 21:41:08,kovan,17695504,17695307,197
2020-04-02 21:42:31,kovan,17695523,17695307,216
2020-04-02 21:44:01,kovan,17695540,17695307,233
2020-04-02 21:45:24,kovan,17695556,17695307,249
2020-04-02 21:46:47,kovan,17695572,17695307,265
2020-04-02 21:48:09,kovan,17695589,17695307,282
2020-04-02 21:49:31,kovan,17695605,17695434,171
2020-04-02 21:50:56,kovan,17695622,17695434,188
2020-04-02 21:52:18,kovan,17695639,17695434,205
2020-04-02 21:53:41,kovan,17695655,17695434,221
2020-04-02 21:55:04,kovan,17695672,17695434,238
2020-04-02 21:56:28,kovan,17695689,17695436,253
2020-04-02 21:57:52,kovan,17695705,17695436,269
2020-04-02 21:59:14,kovan,17695722,17695436,286
2020-04-02 22:00:37,kovan,17695738,17695436,302
2020-04-02 22:01:59,kovan,17695755,17695436,319
2020-04-02 22:03:21,kovan,17695771,17695436,335
2020-04-02 22:04:44,kovan,17695788,17695436,352
2020-04-02 22:06:10,kovan,17695805,17695436,369
2020-04-02 22:07:32,kovan,17695822,17695436,386
2020-04-02 22:08:55,kovan,17695838,17695436,402
2020-04-02 22:10:17,kovan,17695856,17695436,420
2020-04-02 22:11:43,kovan,17695873,17695436,437
2020-04-02 22:13:08,kovan,17695890,17695436,454
2020-04-02 22:14:33,kovan,17695906,17695436,470
2020-04-02 22:16:00,kovan,17695924,17695436,488
2020-04-02 22:17:30,kovan,17695944,17695436,508
2020-04-02 22:19:10,kovan,17695963,17695436,527
2020-04-02 22:20:39,kovan,17695979,17695436,543
2020-04-02 22:22:01,kovan,17695996,17695436,560
2020-04-02 22:23:24,kovan,17696012,17695436,576
2020-04-02 22:24:46,kovan,17696030,17695436,594
2020-04-02 22:26:13,kovan,17696048,17695436,612
2020-04-02 22:27:45,kovan,17696064,17695436,628
2020-04-02 22:29:07,kovan,17696081,17695436,645
2020-04-02 22:30:30,kovan,17696098,17695436,662
2020-04-02 22:31:53,kovan,17696114,17695436,678
2020-04-02 22:33:15,kovan,17696131,17695436,695
2020-04-02 22:34:37,kovan,17696148,17695436,712
2020-04-02 22:36:01,kovan,17696165,17695436,729
2020-04-02 22:37:25,kovan,17696181,17695436,745
2020-04-02 22:38:50,kovan,17696199,17695436,763
2020-04-02 22:40:16,kovan,17696216,17695436,780
2020-04-02 22:41:42,kovan,17696234,17695436,798
2020-04-02 22:43:08,kovan,17696252,17695436,816
2020-04-02 22:44:36,kovan,17696269,17695436,833
2020-04-02 22:46:01,kovan,17696287,17695436,851
2020-04-02 22:47:28,kovan,17696305,17695436,869
2020-04-02 22:48:56,kovan,17696322,17695436,886
2020-04-02 22:50:22,kovan,17696340,17695436,904
2020-04-02 22:51:44,kovan,17696356,17695436,920
2020-04-02 22:53:06,kovan,17696374,17695436,938
2020-04-02 22:54:37,kovan,17696396,17695436,960
2020-04-02 22:56:26,kovan,17696414,17695436,978
2020-04-02 22:57:48,kovan,17696431,17695436,995
2020-04-02 22:59:12,kovan,17696449,17695436,1013
2020-04-02 23:00:34,kovan,17696466,17695436,1030
2020-04-02 23:01:57,kovan,17696483,17695557,926
2020-04-02 23:03:22,kovan,17696500,17695557,943
2020-04-02 23:04:51,kovan,17696517,17695557,960
2020-04-02 23:06:13,kovan,17696535,17695557,978
2020-04-02 23:07:36,kovan,17696553,17695810,743
2020-04-02 23:08:59,kovan,17696571,17695810,761
2020-04-02 23:10:22,kovan,17696588,17695810,778
2020-04-02 23:11:44,kovan,17696603,17695810,793
2020-04-02 23:13:08,kovan,17696621,17695810,811
2020-04-02 23:14:35,kovan,17696638,17695810,828
2020-04-02 23:16:02,kovan,17696655,17695810,845
2020-04-02 23:17:25,kovan,17696670,17695810,860
2020-04-02 23:18:48,kovan,17696686,17695810,876
2020-04-02 23:20:11,kovan,17696705,17695810,895
2020-04-02 23:21:34,kovan,17696721,17695810,911
2020-04-02 23:22:56,kovan,17696737,17695810,927
2020-04-02 23:24:18,kovan,17696754,17695810,944
2020-04-02 23:25:41,kovan,17696772,17695810,962
2020-04-02 23:27:10,kovan,17696787,17695810,977
2020-04-02 23:28:32,kovan,17696803,17696023,780
2020-04-02 23:29:55,kovan,17696820,17696317,503
2020-04-02 23:31:18,kovan,17696837,17696317,520
2020-04-02 23:32:41,kovan,17696854,17696317,537
2020-04-02 23:34:03,kovan,17696870,17696317,553
2020-04-02 23:35:26,kovan,17696886,17696317,569
2020-04-02 23:36:48,kovan,17696904,17696317,587
2020-04-02 23:38:13,kovan,17696923,17696317,606
2020-04-02 23:39:36,kovan,17696942,17696317,625
2020-04-02 23:41:01,kovan,17696959,17696317,642
2020-04-02 23:42:26,kovan,17696976,17696317,659
2020-04-02 23:43:49,kovan,17696995,17696317,678
2020-04-02 23:45:11,kovan,17697011,17696317,694
2020-04-02 23:46:35,kovan,17697027,17696317,710
2020-04-02 23:47:57,kovan,17697043,17696317,726
2020-04-02 23:49:19,kovan,17697062,17696317,745
2020-04-02 23:50:44,kovan,17697080,17696317,763
2020-04-02 23:52:08,kovan,17697096,17696317,779
2020-04-02 23:53:30,kovan,17697114,17696317,797
2020-04-02 23:54:53,kovan,17697132,17696317,815
2020-04-02 23:56:19,kovan,17697150,17696317,833
2020-04-02 23:57:45,kovan,17697170,17696571,599
2020-04-02 23:59:28,kovan,17697186,17696571,615
2020-04-03 00:00:50,kovan,17697204,17696571,633
2020-04-03 00:02:12,kovan,17697221,17696571,650
2020-04-03 00:03:38,kovan,17697238,17696571,667
2020-04-03 00:05:02,kovan,17697254,17696571,683
2020-04-03 00:06:26,kovan,17697270,17696571,699
2020-04-03 00:07:49,kovan,17697289,17696571,718
2020-04-03 00:09:15,kovan,17697305,17696571,734
2020-04-03 00:10:37,kovan,17697322,17696571,751
2020-04-03 00:12:00,kovan,17697339,17696571,768
2020-04-03 00:13:22,kovan,17697356,17696571,785
2020-04-03 00:14:45,kovan,17697373,17696571,802
2020-04-03 00:16:08,kovan,17697390,17696571,819
2020-04-03 00:17:31,kovan,17697407,17696571,836
2020-04-03 00:18:53,kovan,17697422,17696571,851
2020-04-03 00:20:15,kovan,17697440,17696571,869
2020-04-03 00:21:43,kovan,17697460,17696571,889
2020-04-03 00:23:06,kovan,17697481,17696571,910
2020-04-03 00:24:30,kovan,17697499,17696571,928
2020-04-03 00:25:53,kovan,17697516,17696571,945
2020-04-03 00:27:16,kovan,17697534,17696571,963
2020-04-03 00:28:39,kovan,17697551,17696571,980
2020-04-03 00:30:02,kovan,17697570,17696571,999
2020-04-03 00:31:27,kovan,17697587,17696571,1016
2020-04-03 00:32:50,kovan,17697603,17696571,1032
2020-04-03 00:34:15,kovan,17697620,17696571,1049
2020-04-03 00:35:37,kovan,17697637,17696571,1066
2020-04-03 00:37:00,kovan,17697654,17696571,1083
2020-04-03 00:38:22,kovan,17697670,17696571,1099
2020-04-03 00:39:46,kovan,17697685,17696571,1114
2020-04-03 00:41:10,kovan,17697703,17696571,1132
2020-04-03 00:42:36,kovan,17697720,17696571,1149
2020-04-03 00:43:59,kovan,17697738,17696571,1167
2020-04-03 00:45:29,kovan,17697759,17696696,1063
2020-04-03 00:46:58,kovan,17697780,17696696,1084
2020-04-03 00:48:25,kovan,17697798,17696696,1102
2020-04-03 00:49:47,kovan,17697814,17696696,1118
2020-04-03 00:51:10,kovan,17697831,17696696,1135
2020-04-03 00:52:35,kovan,17697848,17696696,1152
2020-04-03 00:53:58,kovan,17697864,17696696,1168
2020-04-03 00:55:21,kovan,17697882,17696696,1186
2020-04-03 00:56:45,kovan,17697900,17696696,1204
2020-04-03 00:58:11,kovan,17697916,17696696,1220
2020-04-03 00:59:34,kovan,17697934,17696696,1238
2020-04-03 01:00:57,kovan,17697951,17696696,1255
2020-04-03 01:02:20,kovan,17697967,17696696,1271
2020-04-03 01:03:42,kovan,17697984,17696696,1288
2020-04-03 01:05:07,kovan,17698001,17697466,535
2020-04-03 01:06:35,kovan,17698018,17697466,552
2020-04-03 01:07:57,kovan,17698034,17697725,309
2020-04-03 01:09:21,kovan,17698053,17697725,328
2020-04-03 01:10:43,kovan,17698071,17697725,346
2020-04-03 01:12:06,kovan,17698089,17697725,364
2020-04-03 01:13:28,kovan,17698107,17697725,382
2020-04-03 01:14:50,kovan,17698125,17697852,273
2020-04-03 01:16:13,kovan,17698142,17697853,289
2020-04-03 01:17:38,kovan,17698161,17697853,308
2020-04-03 01:19:01,kovan,17698182,17697853,329
2020-04-03 01:20:23,kovan,17698198,17697853,345
2020-04-03 01:21:46,kovan,17698214,17697853,361
2020-04-03 01:23:08,kovan,17698231,17697853,378
2020-04-03 01:24:30,kovan,17698250,17697853,397
2020-04-03 01:26:00,kovan,17698269,17697980,289
2020-04-03 01:27:22,kovan,17698288,17697980,308
2020-04-03 01:28:44,kovan,17698309,17697980,329
2020-04-03 01:30:12,kovan,17698326,17697980,346
2020-04-03 01:31:36,kovan,17698342,17697980,362
2020-04-03 01:32:58,kovan,17698359,17697980,379
2020-04-03 01:34:23,kovan,17698377,17697980,397
2020-04-03 01:35:48,kovan,17698395,17697980,415
2020-04-03 01:37:15,kovan,17698414,17697980,434
2020-04-03 01:38:40,kovan,17698428,17697980,448
2020-04-03 01:40:03,kovan,17698446,17697980,466
2020-04-03 01:41:26,kovan,17698463,17697980,483
2020-04-03 01:42:53,kovan,17698481,17697980,501
2020-04-03 01:44:19,kovan,17698498,17697980,518
2020-04-03 01:45:41,kovan,17698515,17697980,535
2020-04-03 01:47:07,kovan,17698531,17697980,551
2020-04-03 01:48:29,kovan,17698550,17697980,570
2020-04-03 01:49:55,kovan,17698568,17698563,5
2020-04-03 01:51:22,kovan,17698585,17698563,22
2020-04-03 01:52:44,kovan,17698603,17698563,40
2020-04-03 01:54:06,kovan,17698621,17698563,58
2020-04-03 01:55:28,kovan,17698637,17698563,74
2020-04-03 01:56:51,kovan,17698656,17698563,93
2020-04-03 01:58:13,kovan,17698673,17698563,110
2020-04-03 01:59:36,kovan,17698691,17698563,128
2020-04-03 02:00:58,kovan,17698709,17698563,146
2020-04-03 02:02:20,kovan,17698727,17698563,164
2020-04-03 02:03:43,kovan,17698747,17698563,184
2020-04-03 02:05:05,kovan,17698766,17698563,203
2020-04-03 02:06:27,kovan,17698789,17698563,226
2020-04-03 02:08:03,kovan,17698805,17698563,242
2020-04-03 02:09:26,kovan,17698821,17698563,258
2020-04-03 02:10:48,kovan,17698838,17698563,275
2020-04-03 02:12:10,kovan,17698854,17698563,291
2020-04-03 02:13:33,kovan,17698875,17698563,312
2020-04-03 02:14:55,kovan,17698891,17698563,328
2020-04-03 02:16:18,kovan,17698907,17698563,344
2020-04-03 02:17:40,kovan,17698927,17698563,364
2020-04-03 02:19:02,kovan,17698947,17698563,384
2020-04-03 02:20:24,kovan,17698964,17698563,401
2020-04-03 02:21:47,kovan,17698980,17698563,417
2020-04-03 02:23:10,kovan,17698997,17698563,434
2020-04-03 02:24:35,kovan,17699018,17699005,13
2020-04-03 02:26:04,kovan,17699035,17699005,30
2020-04-03 02:27:26,kovan,17699055,17699005,50
2020-04-03 02:28:48,kovan,17699072,17699005,67
2020-04-03 02:30:10,kovan,17699087,17699005,82
2020-04-03 02:31:32,kovan,17699106,17699005,101
2020-04-03 02:32:54,kovan,17699126,17699005,121
2020-04-03 02:34:17,kovan,17699143,17699005,138
2020-04-03 02:35:39,kovan,17699159,17699005,154
2020-04-03 02:37:02,kovan,17699177,17699175,2
2020-04-03 02:38:31,kovan,17699195,17699194,1
2020-04-03 02:40:01,kovan,17699212,17699194,18
2020-04-03 02:41:23,kovan,17699233,17699194,39
2020-04-03 02:42:45,kovan,17699251,17699194,57
2020-04-03 02:44:08,kovan,17699267,17699194,73
2020-04-03 02:45:30,kovan,17699286,17699194,92
2020-04-03 02:46:52,kovan,17699303,17699194,109
2020-04-03 02:48:14,kovan,17699319,17699194,125
2020-04-03 02:49:37,kovan,17699336,17699194,142
2020-04-03 02:51:01,kovan,17699352,17699194,158
2020-04-03 02:52:24,kovan,17699368,17699194,174
2020-04-03 02:53:49,kovan,17699385,17699194,191
2020-04-03 02:55:12,kovan,17699402,17699194,208
2020-04-03 02:56:36,kovan,17699422,17699194,228
2020-04-03 02:58:17,kovan,17699439,17699194,245
2020-04-03 02:59:42,kovan,17699456,17699323,133
2020-04-03 03:01:10,kovan,17699473,17699472,1
2020-04-03 03:02:35,kovan,17699491,17699472,19
2020-04-03 03:03:58,kovan,17699507,17699472,35
2020-04-03 03:05:22,kovan,17699524,17699472,52
2020-04-03 03:06:46,kovan,17699539,17699472,67
2020-04-03 03:08:10,kovan,17699557,17699472,85
2020-04-03 03:09:35,kovan,17699574,17699472,102
2020-04-03 03:11:00,kovan,17699591,17699472,119
2020-04-03 03:12:23,kovan,17699607,17699472,135
2020-04-03 03:13:47,kovan,17699624,17699472,152
2020-04-03 03:15:11,kovan,17699641,17699472,169
2020-04-03 03:16:34,kovan,17699657,17699472,185
2020-04-03 03:17:57,kovan,17699674,17699472,202
2020-04-03 03:19:21,kovan,17699691,17699472,219
2020-04-03 03:20:45,kovan,17699707,17699599,108
2020-04-03 03:22:07,kovan,17699723,17699599,124
2020-04-03 03:23:29,kovan,17699741,17699599,142
2020-04-03 03:24:53,kovan,17699758,17699599,159
2020-04-03 03:26:18,kovan,17699775,17699599,176
2020-04-03 03:27:41,kovan,17699792,17699599,193
2020-04-03 03:29:05,kovan,17699808,17699599,209
2020-04-03 03:30:28,kovan,17699825,17699599,226
2020-04-03 03:31:50,kovan,17699843,17699599,244
2020-04-03 03:33:15,kovan,17699861,17699599,262
2020-04-03 03:34:38,kovan,17699878,17699599,279
2020-04-03 03:36:02,kovan,17699895,17699599,296
2020-04-03 03:37:28,kovan,17699912,17699599,313
2020-04-03 03:38:51,kovan,17699929,17699599,330
2020-04-03 03:40:15,kovan,17699946,17699599,347
2020-04-03 03:41:38,kovan,17699963,17699599,364
2020-04-03 03:43:05,kovan,17699979,17699599,380
2020-04-03 03:44:29,kovan,17699996,17699599,397
2020-04-03 03:45:52,kovan,17700013,17699599,414
2020-04-03 03:47:15,kovan,17700030,17699599,431
2020-04-03 03:48:38,kovan,17700046,17699599,447
2020-04-03 03:50:02,kovan,17700063,17699599,464
2020-04-03 03:51:26,kovan,17700080,17699599,481
2020-04-03 03:52:49,kovan,17700097,17699599,498
2020-04-03 03:54:13,kovan,17700113,17699599,514
2020-04-03 03:55:35,kovan,17700130,17699599,531
2020-04-03 03:56:58,kovan,17700147,17699599,548
2020-04-03 03:58:21,kovan,17700164,17699599,565
2020-04-03 03:59:45,kovan,17700180,17699599,581
2020-04-03 04:01:09,kovan,17700196,17699599,597
2020-04-03 04:02:31,kovan,17700214,17699599,615
2020-04-03 04:03:56,kovan,17700231,17699599,632
2020-04-03 04:05:21,kovan,17700248,17699599,649
2020-04-03 04:06:44,kovan,17700264,17699599,665
2020-04-03 04:08:09,kovan,17700281,17699599,682
2020-04-03 04:09:33,kovan,17700298,17699599,699
2020-04-03 04:10:58,kovan,17700315,17699599,716
2020-04-03 04:12:21,kovan,17700332,17699599,733
2020-04-03 04:13:44,kovan,17700348,17699599,749
2020-04-03 04:15:07,kovan,17700364,17699599,765
2020-04-03 04:16:29,kovan,17700381,17699599,782
2020-04-03 04:17:53,kovan,17700397,17699599,798
2020-04-03 04:19:16,kovan,17700414,17699599,815
2020-04-03 04:20:38,kovan,17700430,17699599,831
2020-04-03 04:22:01,kovan,17700447,17699599,848
2020-04-03 04:23:25,kovan,17700463,17699599,864
2020-04-03 04:24:48,kovan,17700480,17699599,881
2020-04-03 04:26:13,kovan,17700497,17699599,898
2020-04-03 04:27:36,kovan,17700515,17699599,916
2020-04-03 04:29:03,kovan,17700531,17699599,932
2020-04-03 04:30:29,kovan,17700549,17699599,950
2020-04-03 04:31:54,kovan,17700567,17699599,968
2020-04-03 04:33:17,kovan,17700586,17699599,987
2020-04-03 04:34:44,kovan,17700607,17699599,1008
2020-04-03 04:36:10,kovan,17700625,17699599,1026
2020-04-03 04:37:35,kovan,17700643,17699599,1044
2020-04-03 04:38:58,kovan,17700661,17699599,1062
2020-04-03 04:40:21,kovan,17700680,17699599,1081
2020-04-03 04:41:45,kovan,17700696,17699599,1097
2020-04-03 04:43:08,kovan,17700713,17699599,1114
2020-04-03 04:44:33,kovan,17700730,17699599,1131
2020-04-03 04:45:56,kovan,17700748,17699599,1149
2020-04-03 04:47:19,kovan,17700765,17699599,1166
2020-04-03 04:48:42,kovan,17700781,17699599,1182
2020-04-03 04:50:05,kovan,17700798,17699599,1199
2020-04-03 04:51:29,kovan,17700815,17699599,1216
2020-04-03 04:52:52,kovan,17700831,17699599,1232
2020-04-03 04:54:16,kovan,17700848,17699599,1249
2020-04-03 04:55:39,kovan,17700865,17699599,1266
2020-04-03 04:57:04,kovan,17700881,17699599,1282
2020-04-03 04:58:28,kovan,17700899,17699599,1300
2020-04-03 04:59:55,kovan,17700915,17699599,1316
2020-04-03 05:01:17,kovan,17700932,17699599,1333
2020-04-03 05:02:40,kovan,17700948,17699599,1349
2020-04-03 05:04:02,kovan,17700966,17699599,1367
2020-04-03 05:05:26,kovan,17700982,17699599,1383
2020-04-03 05:06:49,kovan,17700999,17699599,1400
2020-04-03 05:08:12,kovan,17701016,17699599,1417
2020-04-03 05:09:36,kovan,17701033,17699599,1434
2020-04-03 05:11:01,kovan,17701050,17699599,1451
2020-04-03 05:12:24,kovan,17701067,17699599,1468
2020-04-03 05:13:48,kovan,17701084,17699599,1485
2020-04-03 05:15:10,kovan,17701104,17699599,1505
2020-04-03 05:16:34,kovan,17701123,17699599,1524
2020-04-03 05:17:57,kovan,17701140,17699599,1541
2020-04-03 05:19:20,kovan,17701158,17699599,1559
2020-04-03 05:20:44,kovan,17701174,17699599,1575
2020-04-03 05:22:07,kovan,17701190,17699599,1591
2020-04-03 05:23:30,kovan,17701207,17699599,1608
2020-04-03 05:24:54,kovan,17701224,17699599,1625
2020-04-03 05:26:18,kovan,17701241,17699599,1642
2020-04-03 05:27:41,kovan,17701257,17699599,1658
2020-04-03 05:29:05,kovan,17701277,17699599,1678
2020-04-03 05:30:27,kovan,17701294,17699599,1695
2020-04-03 05:31:50,kovan,17701311,17699599,1712
2020-04-03 05:33:12,kovan,17701329,17699599,1730
2020-04-03 05:34:37,kovan,17701347,17699599,1748
2020-04-03 05:36:03,kovan,17701363,17699599,1764
2020-04-03 05:37:27,kovan,17701379,17699599,1780
2020-04-03 05:38:49,kovan,17701396,17699599,1797
2020-04-03 05:40:12,kovan,17701412,17699599,1813
2020-04-03 05:41:36,kovan,17701430,17699599,1831
2020-04-03 05:43:00,kovan,17701445,17699599,1846
2020-04-03 05:44:23,kovan,17701464,17699599,1865
2020-04-03 05:45:46,kovan,17701481,17699599,1882
2020-04-03 05:47:11,kovan,17701499,17699599,1900
2020-04-03 05:48:33,kovan,17701515,17699599,1916
2020-04-03 05:49:56,kovan,17701531,17699599,1932
2020-04-03 05:51:19,kovan,17701548,17699599,1949
2020-04-03 05:52:43,kovan,17701565,17699599,1966
2020-04-03 05:54:05,kovan,17701581,17699599,1982
2020-04-03 05:55:29,kovan,17701598,17699599,1999
2020-04-03 05:56:53,kovan,17701615,17699599,2016
2020-04-03 05:58:19,kovan,17701632,17699599,2033
2020-04-03 05:59:43,kovan,17701650,17699599,2051
2020-04-03 06:01:09,kovan,17701667,17699599,2068
2020-04-03 06:02:33,kovan,17701685,17699599,2086
2020-04-03 06:04:00,kovan,17701702,17699599,2103
2020-04-03 06:05:24,kovan,17701720,17699599,2121
2020-04-03 06:06:48,kovan,17701737,17699599,2138
2020-04-03 06:08:12,kovan,17701754,17699599,2155
2020-04-03 06:09:36,kovan,17701773,17699599,2174
2020-04-03 06:11:03,kovan,17701790,17699599,2191
2020-04-03 06:12:27,kovan,17701807,17699599,2208
2020-04-03 06:13:52,kovan,17701825,17699599,2226
2020-04-03 06:15:20,kovan,17701841,17699599,2242
2020-04-03 06:16:43,kovan,17701858,17699599,2259
2020-04-03 06:18:07,kovan,17701874,17699599,2275
2020-04-03 06:19:31,kovan,17701891,17699599,2292
2020-04-03 06:20:55,kovan,17701909,17699599,2310
2020-04-03 06:22:20,kovan,17701925,17699599,2326
2020-04-03 06:23:43,kovan,17701942,17699599,2343
2020-04-03 06:25:07,kovan,17701958,17699599,2359
2020-04-03 06:26:30,kovan,17701976,17699599,2377
2020-04-03 06:27:55,kovan,17701993,17699599,2394
2020-04-03 06:29:20,kovan,17702009,17699599,2410
2020-04-03 06:30:45,kovan,17702026,17699599,2427
2020-04-03 06:32:10,kovan,17702042,17699599,2443
2020-04-03 06:33:34,kovan,17702060,17699599,2461
2020-04-03 06:34:57,kovan,17702076,17699599,2477
2020-04-03 06:36:21,kovan,17702093,17699599,2494
2020-04-03 06:37:44,kovan,17702109,17699599,2510
2020-04-03 06:39:07,kovan,17702125,17699852,2273
2020-04-03 06:40:31,kovan,17702141,17699852,2289
2020-04-03 06:41:53,kovan,17702158,17699852,2306
2020-04-03 06:43:15,kovan,17702175,17699852,2323
2020-04-03 06:44:37,kovan,17702191,17699852,2339
2020-04-03 06:45:59,kovan,17702208,17699852,2356
2020-04-03 06:47:22,kovan,17702224,17699852,2372
2020-04-03 06:48:44,kovan,17702242,17699852,2390
2020-04-03 06:50:06,kovan,17702260,17699852,2408
2020-04-03 06:51:29,kovan,17702278,17699854,2424
2020-04-03 06:52:59,kovan,17702295,17699854,2441
2020-04-03 06:54:21,kovan,17702312,17699854,2458
2020-04-03 06:55:44,kovan,17702328,17699854,2474
2020-04-03 06:57:06,kovan,17702344,17699854,2490
2020-04-03 06:58:28,kovan,17702360,17699854,2506
2020-04-03 06:59:50,kovan,17702377,17699854,2523
2020-04-03 07:01:12,kovan,17702393,17699854,2539
2020-04-03 07:02:35,kovan,17702410,17699854,2556
2020-04-03 07:03:59,kovan,17702427,17699854,2573
2020-04-03 07:05:21,kovan,17702442,17700616,1826
2020-04-03 07:06:44,kovan,17702460,17700616,1844
2020-04-03 07:08:06,kovan,17702476,17700616,1860
2020-04-03 07:09:28,kovan,17702493,17700616,1877
2020-04-03 07:10:50,kovan,17702509,17700616,1893
2020-04-03 07:12:12,kovan,17702525,17700616,1909
2020-04-03 07:13:35,kovan,17702542,17700616,1926
2020-04-03 07:14:57,kovan,17702558,17700616,1942
2020-04-03 07:16:19,kovan,17702574,17700616,1958
2020-04-03 07:17:41,kovan,17702593,17700616,1977
2020-04-03 07:19:03,kovan,17702609,17701802,807
2020-04-03 07:20:29,kovan,17702627,17702621,6
2020-04-03 07:21:54,kovan,17702644,17702621,23
2020-04-03 07:23:17,kovan,17702660,17702621,39
2020-04-03 07:24:39,kovan,17702678,17702621,57
2020-04-03 07:26:02,kovan,17702695,17702621,74
2020-04-03 07:27:26,kovan,17702714,17702621,93
2020-04-03 07:28:48,kovan,17702731,17702621,110
2020-04-03 07:30:11,kovan,17702747,17702621,126
2020-04-03 07:31:33,kovan,17702764,17702621,143
2020-04-03 07:32:55,kovan,17702781,17702621,160
2020-04-03 07:34:18,kovan,17702797,17702621,176
2020-04-03 07:35:40,kovan,17702813,17702621,192
2020-04-03 07:37:02,kovan,17702830,17702621,209
2020-04-03 07:38:24,kovan,17702846,17702621,225
2020-04-03 07:39:47,kovan,17702863,17702621,242
2020-04-03 07:41:09,kovan,17702880,17702621,259
2020-04-03 07:42:31,kovan,17702897,17702621,276
2020-04-03 07:43:54,kovan,17702913,17702621,292
2020-04-03 07:45:16,kovan,17702933,17702621,312
2020-04-03 07:46:38,kovan,17702949,17702621,328
2020-04-03 07:48:00,kovan,17702965,17702621,344
2020-04-03 07:49:23,kovan,17702982,17702621,361
2020-04-03 07:50:45,kovan,17703000,17702621,379
2020-04-03 07:52:07,kovan,17703017,17702621,396
2020-04-03 07:53:30,kovan,17703034,17702621,413
2020-04-03 07:54:52,kovan,17703051,17702621,430
2020-04-03 07:56:14,kovan,17703067,17702621,446
2020-04-03 07:57:38,kovan,17703084,17702621,463
2020-04-03 07:59:00,kovan,17703100,17702621,479
2020-04-03 08:00:23,kovan,17703117,17702621,496
2020-04-03 08:01:45,kovan,17703133,17702621,512
2020-04-03 08:03:07,kovan,17703149,17702621,528
2020-04-03 08:04:30,kovan,17703164,17702621,543
2020-04-03 08:05:53,kovan,17703182,17702621,561
2020-04-03 08:07:16,kovan,17703200,17702621,579
2020-04-03 08:08:38,kovan,17703216,17702621,595
2020-04-03 08:10:01,kovan,17703231,17702621,610
2020-04-03 08:11:23,kovan,17703249,17702621,628
2020-04-03 08:12:46,kovan,17703265,17702621,644
2020-04-03 08:14:08,kovan,17703281,17702621,660
2020-04-03 08:15:30,kovan,17703301,17703098,203
2020-04-03 08:17:00,kovan,17703317,17703129,188
2020-04-03 08:18:22,kovan,17703333,17703129,204
2020-04-03 08:19:44,kovan,17703351,17703347,4
2020-04-03 08:21:12,kovan,17703367,17703362,5
2020-04-03 08:22:34,kovan,17703383,17703362,21
2020-04-03 08:23:57,kovan,17703401,17703362,39
2020-04-03 08:25:19,kovan,17703418,17703403,15
2020-04-03 08:26:42,kovan,17703435,17703403,32
2020-04-03 08:28:04,kovan,17703451,17703403,48
2020-04-03 08:29:27,kovan,17703467,17703403,64
2020-04-03 08:30:49,kovan,17703484,17703403,81
2020-04-03 08:32:11,kovan,17703500,17703403,97
2020-04-03 08:33:33,kovan,17703517,17703403,114
2020-04-03 08:34:57,kovan,17703533,17703403,130
2020-04-03 08:36:20,kovan,17703550,17703403,147
2020-04-03 08:37:42,kovan,17703566,17703403,163
2020-04-03 08:39:04,kovan,17703583,17703403,180
2020-04-03 08:40:26,kovan,17703599,17703403,196
2020-04-03 08:41:48,kovan,17703616,17703403,213
2020-04-03 08:43:11,kovan,17703633,17703403,230
2020-04-03 08:44:33,kovan,17703650,17703403,247
2020-04-03 08:45:56,kovan,17703667,17703403,264
2020-04-03 08:47:18,kovan,17703684,17703403,281
2020-04-03 08:48:40,kovan,17703700,17703403,297
2020-04-03 08:50:03,kovan,17703717,17703403,314
2020-04-03 08:51:26,kovan,17703733,17703403,330
2020-04-03 08:52:48,kovan,17703750,17703403,347
2020-04-03 08:54:12,kovan,17703766,17703403,363
2020-04-03 08:55:34,kovan,17703783,17703403,380
2020-04-03 08:56:57,kovan,17703800,17703403,397
2020-04-03 08:58:19,kovan,17703817,17703403,414
2020-04-03 08:59:42,kovan,17703834,17703403,431
2020-04-03 09:01:07,kovan,17703851,17703403,448
2020-04-03 09:02:30,kovan,17703867,17703403,464
2020-04-03 09:03:53,kovan,17703884,17703403,481
2020-04-03 09:05:15,kovan,17703900,17703403,497
2020-04-03 09:06:37,kovan,17703917,17703403,514
2020-04-03 09:08:00,kovan,17703934,17703403,531
2020-04-03 09:09:23,kovan,17703952,17703403,549
2020-04-03 09:10:45,kovan,17703969,17703403,566
2020-04-03 09:12:08,kovan,17703986,17703403,583
2020-04-03 09:13:30,kovan,17704003,17703403,600
2020-04-03 09:14:52,kovan,17704019,17703403,616
2020-04-03 09:16:15,kovan,17704036,17703403,633
2020-04-03 09:17:38,kovan,17704053,17703403,650
2020-04-03 09:19:03,kovan,17704072,17703403,669
2020-04-03 09:20:25,kovan,17704088,17703403,685
2020-04-03 09:21:47,kovan,17704105,17703979,126
2020-04-03 09:23:11,kovan,17704122,17704114,8
2020-04-03 09:24:33,kovan,17704139,17704114,25
2020-04-03 09:25:57,kovan,17704156,17704114,42
2020-04-03 09:27:19,kovan,17704172,17704114,58
2020-04-03 09:28:41,kovan,17704189,17704114,75
2020-04-03 09:30:03,kovan,17704206,17704114,92
2020-04-03 09:31:28,kovan,17704223,17704114,109
2020-04-03 09:32:50,kovan,17704240,17704114,126
2020-04-03 09:34:13,kovan,17704256,17704114,142
2020-04-03 09:35:35,kovan,17704272,17704114,158
2020-04-03 09:36:57,kovan,17704289,17704114,175
2020-04-03 09:38:20,kovan,17704305,17704114,191
2020-04-03 09:39:43,kovan,17704322,17704114,208
2020-04-03 09:41:06,kovan,17704338,17704114,224
2020-04-03 09:42:28,kovan,17704355,17704114,241
2020-04-03 09:43:51,kovan,17704370,17704284,86
2020-04-03 09:45:14,kovan,17704386,17704374,12
2020-04-03 09:46:36,kovan,17704403,17704374,29
2020-04-03 09:47:58,kovan,17704421,17704416,5
2020-04-03 09:49:23,kovan,17704437,17704436,1
2020-04-03 09:50:47,kovan,17704453,17704453,0
2020-04-03 09:52:09,kovan,17704470,17704470,0
2020-04-03 09:53:34,kovan,17704489,17704486,3
2020-04-03 09:55:02,kovan,17704505,17704503,2
2020-04-03 09:56:24,kovan,17704522,17704521,1
2020-04-03 09:57:49,kovan,17704538,17704528,10
2020-04-03 09:59:11,kovan,17704556,17704528,28
2020-04-03 10:00:33,kovan,17704573,17704528,45
2020-04-03 10:01:56,kovan,17704589,17704528,61
2020-04-03 10:03:18,kovan,17704606,17704528,78
2020-04-03 10:04:40,kovan,17704622,17704528,94
2020-04-03 10:06:02,kovan,17704639,17704622,17
2020-04-03 10:07:24,kovan,17704655,17704622,33
2020-04-03 10:08:46,kovan,17704671,17704622,49
2020-04-03 10:10:09,kovan,17704688,17704622,66
2020-04-03 10:11:31,kovan,17704704,17704622,82
2020-04-03 10:12:53,kovan,17704721,17704622,99
2020-04-03 10:14:15,kovan,17704737,17704622,115
2020-04-03 10:15:37,kovan,17704753,17704622,131
2020-04-03 10:16:59,kovan,17704773,17704752,21
2020-04-03 10:18:31,kovan,17704797,17704791,6
2020-04-03 10:20:10,kovan,17704813,17704792,21
2020-04-03 10:21:32,kovan,17704831,17704792,39
2020-04-03 10:22:54,kovan,17704848,17704792,56
2020-04-03 10:24:17,kovan,17704865,17704792,73
2020-04-03 10:25:39,kovan,17704881,17704792,89
2020-04-03 10:27:01,kovan,17704898,17704792,106
2020-04-03 10:28:23,kovan,17704914,17704792,122
2020-04-03 10:29:48,kovan,17704931,17704792,139
2020-04-03 10:31:12,kovan,17704947,17704792,155
2020-04-03 10:32:34,kovan,17704963,17704792,171
2020-04-03 10:33:56,kovan,17704980,17704792,188
2020-04-03 10:35:18,kovan,17704998,17704792,206
2020-04-03 10:36:41,kovan,17705015,17704792,223
2020-04-03 10:38:04,kovan,17705031,17705029,2
2020-04-03 10:39:32,kovan,17705049,17705029,20
2020-04-03 10:40:54,kovan,17705066,17705029,37
2020-04-03 10:42:16,kovan,17705082,17705029,53
2020-04-03 10:43:39,kovan,17705098,17705029,69
2020-04-03 10:45:01,kovan,17705116,17705029,87
2020-04-03 10:46:24,kovan,17705132,17705029,103
2020-04-03 10:47:46,kovan,17705148,17705029,119
2020-04-03 10:49:09,kovan,17705165,17705165,0
2020-04-03 10:50:33,kovan,17705181,17705166,15
2020-04-03 10:51:55,kovan,17705198,17705166,32
2020-04-03 10:53:17,kovan,17705215,17705166,49
2020-04-03 10:54:40,kovan,17705233,17705166,67
2020-04-03 10:56:03,kovan,17705249,17705166,83
2020-04-03 10:57:25,kovan,17705265,17705166,99
2020-04-03 10:58:47,kovan,17705281,17705276,5
2020-04-03 11:00:09,kovan,17705297,17705290,7
2020-04-03 11:01:31,kovan,17705313,17705290,23
2020-04-03 11:02:53,kovan,17705331,17705290,41
2020-04-03 11:04:15,kovan,17705347,17705290,57
2020-04-03 11:05:38,kovan,17705365,17705357,8
2020-04-03 11:07:05,kovan,17705381,17705357,24
2020-04-03 11:08:29,kovan,17705398,17705357,41
2020-04-03 11:09:52,kovan,17705418,17705357,61
2020-04-03 11:11:30,kovan,17705434,17705357,77
2020-04-03 11:12:52,kovan,17705453,17705451,2
2020-04-03 11:14:22,kovan,17705470,17705466,4
2020-04-03 11:15:45,kovan,17705486,17705466,20
2020-04-03 11:17:08,kovan,17705503,17705466,37
2020-04-03 11:18:30,kovan,17705520,17705466,54
2020-04-03 11:19:53,kovan,17705537,17705466,71
2020-04-03 11:21:15,kovan,17705553,17705466,87
2020-04-03 11:22:37,kovan,17705570,17705466,104
2020-04-03 11:24:00,kovan,17705586,17705466,120
2020-04-03 11:25:22,kovan,17705603,17705466,137
2020-04-03 11:26:44,kovan,17705619,17705466,153
2020-04-03 11:28:07,kovan,17705635,17705466,169
2020-04-03 11:29:29,kovan,17705651,17705466,185
2020-04-03 11:30:51,kovan,17705668,17705466,202
2020-04-03 11:32:15,kovan,17705685,17705466,219
2020-04-03 11:33:37,kovan,17705703,17705703,0
2020-04-03 11:35:06,kovan,17705720,17705717,3
2020-04-03 11:36:31,kovan,17705736,17705730,6
2020-04-03 11:37:56,kovan,17705755,17705730,25
2020-04-03 11:39:18,kovan,17705770,17705730,40
2020-04-03 11:40:40,kovan,17705789,17705730,59
2020-04-03 11:42:03,kovan,17705806,17705730,76
2020-04-03 11:43:25,kovan,17705822,17705730,92
2020-04-03 11:44:48,kovan,17705838,17705730,108
2020-04-03 11:46:10,kovan,17705855,17705730,125
2020-04-03 11:47:32,kovan,17705872,17705730,142
2020-04-03 11:48:55,kovan,17705888,17705730,158
2020-04-03 11:50:17,kovan,17705906,17705730,176
2020-04-03 11:51:53,kovan,17705924,17705730,194
2020-04-03 11:53:16,kovan,17705941,17705730,211
2020-04-03 11:54:39,kovan,17705960,17705730,230
2020-04-03 11:56:16,kovan,17705976,17705730,246
2020-04-03 11:57:39,kovan,17705995,17705730,265
2020-04-03 11:59:03,kovan,17706012,17705730,282
2020-04-03 12:00:25,kovan,17706028,17705730,298
2020-04-03 12:01:47,kovan,17706044,17705730,314
2020-04-03 12:03:10,kovan,17706061,17705730,331
2020-04-03 12:04:33,kovan,17706082,17705730,352
2020-04-03 12:06:06,kovan,17706101,17705730,371
2020-04-03 12:07:43,kovan,17706118,17705730,388
2020-04-03 12:09:07,kovan,17706135,17705730,405
2020-04-03 12:10:32,kovan,17706152,17705730,422
2020-04-03 12:11:55,kovan,17706170,17705730,440
2020-04-03 12:13:18,kovan,17706186,17705730,456
2020-04-03 12:14:41,kovan,17706203,17705730,473
2020-04-03 12:16:06,kovan,17706219,17705730,489
2020-04-03 12:17:29,kovan,17706236,17705730,506
2020-04-03 12:18:54,kovan,17706253,17705730,523
2020-04-03 12:20:17,kovan,17706270,17705730,540
2020-04-03 12:21:39,kovan,17706286,17705730,556
2020-04-03 12:23:04,kovan,17706302,17705730,572
2020-04-03 12:24:27,kovan,17706323,17706323,0
2020-04-03 12:26:07,kovan,17706342,17706343,-1
2020-04-03 12:27:45,kovan,17706359,17706343,16
2020-04-03 12:29:07,kovan,17706375,17706343,32
2020-04-03 12:30:29,kovan,17706392,17706343,49
2020-04-03 12:31:52,kovan,17706408,17706343,65
2020-04-03 12:33:14,kovan,17706425,17706343,82
2020-04-03 12:34:36,kovan,17706442,17706343,99
2020-04-03 12:35:59,kovan,17706458,17706343,115
2020-04-03 12:37:22,kovan,17706475,17706343,132
2020-04-03 12:38:44,kovan,17706491,17706343,148
2020-04-03 12:40:06,kovan,17706507,17706343,164
2020-04-03 12:41:29,kovan,17706524,17706343,181
2020-04-03 12:42:53,kovan,17706540,17706343,197
2020-04-03 12:44:15,kovan,17706558,17706470,88
2020-04-03 12:45:39,kovan,17706575,17706470,105
2020-04-03 12:47:02,kovan,17706593,17706589,4
2020-04-03 12:48:35,kovan,17706609,17706589,20
2020-04-03 12:49:57,kovan,17706626,17706589,37
2020-04-03 12:51:20,kovan,17706642,17706589,53
2020-04-03 12:52:43,kovan,17706659,17706589,70
2020-04-03 12:54:07,kovan,17706675,17706589,86
2020-04-03 12:55:30,kovan,17706692,17706589,103
2020-04-03 12:56:52,kovan,17706708,17706589,119
2020-04-03 12:58:14,kovan,17706725,17706589,136
2020-04-03 12:59:37,kovan,17706742,17706589,153
2020-04-03 13:00:59,kovan,17706758,17706589,169
2020-04-03 13:02:23,kovan,17706775,17706589,186
2020-04-03 13:03:46,kovan,17706791,17706589,202
2020-04-03 13:05:09,kovan,17706807,17706589,218
2020-04-03 13:06:31,kovan,17706825,17706716,109
2020-04-03 13:07:56,kovan,17706844,17706717,127
2020-04-03 13:09:34,kovan,17706862,17706843,19
2020-04-03 13:11:03,kovan,17706879,17706843,36
2020-04-03 13:12:25,kovan,17706895,17706843,52
2020-04-03 13:13:47,kovan,17706913,17706910,3
2020-04-03 13:15:19,kovan,17706931,17706925,6
2020-04-03 13:16:45,kovan,17706947,17706925,22
2020-04-03 13:18:07,kovan,17706963,17706925,38
2020-04-03 13:19:29,kovan,17706980,17706925,55
2020-04-03 13:20:52,kovan,17706997,17706994,3
2020-04-03 13:22:16,kovan,17707013,17707007,6
2020-04-03 13:23:38,kovan,17707029,17707025,4
2020-04-03 13:25:00,kovan,17707046,17707025,21
2020-04-03 13:26:22,kovan,17707063,17707025,38
2020-04-03 13:27:44,kovan,17707079,17707025,54
2020-04-03 13:29:06,kovan,17707094,17707025,69
2020-04-03 13:30:29,kovan,17707110,17707096,14
2020-04-03 13:31:51,kovan,17707127,17707096,31
2020-04-03 13:33:13,kovan,17707145,17707096,49
2020-04-03 13:34:35,kovan,17707162,17707096,66
2020-04-03 13:35:58,kovan,17707179,17707096,83
2020-04-03 13:37:21,kovan,17707196,17707096,100
2020-04-03 13:38:43,kovan,17707216,17707096,120
2020-04-03 13:40:05,kovan,17707235,17707096,139
2020-04-03 13:41:28,kovan,17707251,17707096,155
2020-04-03 13:42:50,kovan,17707267,17707096,171
2020-04-03 13:44:13,kovan,17707284,17707096,188
2020-04-03 13:45:35,kovan,17707302,17707300,2
2020-04-03 13:46:59,kovan,17707319,17707300,19
2020-04-03 13:48:21,kovan,17707336,17707300,36
2020-04-03 13:49:43,kovan,17707355,17707347,8
2020-04-03 13:51:12,kovan,17707373,17707371,2
2020-04-03 13:52:43,kovan,17707392,17707392,0
2020-04-03 13:54:11,kovan,17707415,17707406,9
2020-04-03 13:55:40,kovan,17707432,17707406,26
2020-04-03 13:57:02,kovan,17707448,17707406,42
2020-04-03 13:58:25,kovan,17707465,17707406,59
2020-04-03 13:59:47,kovan,17707481,17707406,75
2020-04-03 14:01:09,kovan,17707497,17707406,91
2020-04-03 14:02:32,kovan,17707514,17707406,108
2020-04-03 14:03:53,kovan,17707530,17707406,124
2020-04-03 14:05:16,kovan,17707547,17707406,141
2020-04-03 14:06:38,kovan,17707564,17707406,158
2020-04-03 14:08:01,kovan,17707580,17707577,3
2020-04-03 14:09:23,kovan,17707598,17707577,21
2020-04-03 14:10:45,kovan,17707614,17707577,37
2020-04-03 14:12:07,kovan,17707630,17707622,8
2020-04-03 14:13:29,kovan,17707646,17707622,24
2020-04-03 14:14:53,kovan,17707666,17707622,44
2020-04-03 14:16:17,kovan,17707683,17707622,61
2020-04-03 14:17:39,kovan,17707700,17707622,78
2020-04-03 14:19:01,kovan,17707716,17707622,94
2020-04-03 14:20:27,kovan,17707732,17707622,110
2020-04-03 14:21:49,kovan,17707748,17707622,126
2020-04-03 14:23:11,kovan,17707767,17707622,145
2020-04-03 14:24:41,kovan,17707784,17707622,162
2020-04-03 14:26:05,kovan,17707800,17707622,178
2020-04-03 14:27:29,kovan,17707817,17707622,195
2020-04-03 14:28:52,kovan,17707833,17707622,211
2020-04-03 14:30:14,kovan,17707851,17707622,229
2020-04-03 14:31:38,kovan,17707867,17707622,245
2020-04-03 14:33:00,kovan,17707884,17707622,262
2020-04-03 14:34:27,kovan,17707901,17707622,279
2020-04-03 14:35:50,kovan,17707918,17707622,296
2020-04-03 14:37:12,kovan,17707935,17707622,313
2020-04-03 14:38:36,kovan,17707952,17707622,330
2020-04-03 14:40:01,kovan,17707969,17707622,347
2020-04-03 14:41:23,kovan,17707986,17707622,364
2020-04-03 14:42:53,kovan,17708003,17707622,381
2020-04-03 14:44:19,kovan,17708021,17707747,274
2020-04-03 14:45:48,kovan,17708038,17707749,289
2020-04-03 14:47:10,kovan,17708054,17707749,305
2020-04-03 14:48:33,kovan,17708071,17707749,322
2020-04-03 14:49:56,kovan,17708088,17707749,339
2020-04-03 14:51:23,kovan,17708105,17707749,356
2020-04-03 14:52:45,kovan,17708122,17707749,373
2020-04-03 14:54:08,kovan,17708140,17707749,391
2020-04-03 14:55:33,kovan,17708157,17707749,408
2020-04-03 14:56:56,kovan,17708176,17707749,427
2020-04-03 14:58:18,kovan,17708192,17707749,443
2020-04-03 14:59:41,kovan,17708211,17707749,462
2020-04-03 15:01:09,kovan,17708228,17707749,479
2020-04-03 15:02:33,kovan,17708246,17707749,497
2020-04-03 15:03:55,kovan,17708261,17707749,512
2020-04-03 15:05:18,kovan,17708279,17707749,530
2020-04-03 15:06:46,kovan,17708297,17707749,548
2020-04-03 15:08:08,kovan,17708314,17707749,565
2020-04-03 15:09:31,kovan,17708333,17708130,203
2020-04-03 15:11:13,kovan,17708352,17708130,222
2020-04-03 15:12:36,kovan,17708372,17708130,242
2020-04-03 15:13:58,kovan,17708391,17708130,261
2020-04-03 15:15:21,kovan,17708408,17708130,278
2020-04-03 15:16:43,kovan,17708424,17708130,294
2020-04-03 15:18:06,kovan,17708442,17708130,312
2020-04-03 15:19:31,kovan,17708459,17708130,329
2020-04-03 15:20:53,kovan,17708475,17708130,345
2020-04-03 15:22:16,kovan,17708492,17708130,362
2020-04-03 15:23:39,kovan,17708508,17708130,378
2020-04-03 15:25:02,kovan,17708523,17708130,393
2020-04-03 15:26:28,kovan,17708542,17708130,412
2020-04-03 15:27:51,kovan,17708559,17708130,429
2020-04-03 15:29:14,kovan,17708576,17708130,446
2020-04-03 15:30:36,kovan,17708592,17708589,3
2020-04-03 15:32:00,kovan,17708610,17708589,21
2020-04-03 15:33:25,kovan,17708626,17708620,6
2020-04-03 15:34:47,kovan,17708646,17708620,26
2020-04-03 15:36:29,kovan,17708662,17708620,42
2020-04-03 15:37:51,kovan,17708680,17708620,60
2020-04-03 15:39:15,kovan,17708697,17708620,77
2020-04-03 15:40:37,kovan,17708711,17708620,91
2020-04-03 15:41:59,kovan,17708729,17708620,109
2020-04-03 15:43:22,kovan,17708745,17708731,14
2020-04-03 15:44:48,kovan,17708764,17708745,19
2020-04-03 15:46:22,kovan,17708782,17708745,37
2020-04-03 15:47:55,kovan,17708800,17708745,55
2020-04-03 15:49:18,kovan,17708816,17708745,71
2020-04-03 15:50:42,kovan,17708833,17708745,88
2020-04-03 15:52:04,kovan,17708849,17708745,104
2020-04-03 15:53:27,kovan,17708865,17708745,120
2020-04-03 15:54:50,kovan,17708882,17708745,137
2020-04-03 15:56:18,kovan,17708900,17708745,155
2020-04-03 15:57:45,kovan,17708916,17708745,171
2020-04-03 15:59:08,kovan,17708933,17708745,188
2020-04-03 16:00:32,kovan,17708950,17708745,205
2020-04-03 16:01:55,kovan,17708967,17708745,222
2020-04-03 16:03:19,kovan,17708984,17708745,239
2020-04-03 16:04:42,kovan,17709000,17708745,255
2020-04-03 16:06:05,kovan,17709017,17708745,272
2020-04-03 16:07:34,kovan,17709034,17708745,289
2020-04-03 16:08:57,kovan,17709051,17708745,306
2020-04-03 16:10:20,kovan,17709067,17708745,322
2020-04-03 16:11:43,kovan,17709084,17708745,339
2020-04-03 16:13:06,kovan,17709103,17708745,358
2020-04-03 16:14:31,kovan,17709119,17708745,374
2020-04-03 16:15:53,kovan,17709138,17708745,393
2020-04-03 16:17:24,kovan,17709156,17708745,411
2020-04-03 16:18:59,kovan,17709186,17708745,441
2020-04-03 16:21:24,kovan,17709202,17708745,457
2020-04-03 16:22:47,kovan,17709218,17708745,473
2020-04-03 16:24:09,kovan,17709235,17708745,490
2020-04-03 16:25:32,kovan,17709252,17708745,507
2020-04-03 16:26:54,kovan,17709268,17708745,523
2020-04-03 16:28:16,kovan,17709284,17708745,539
2020-04-03 16:29:39,kovan,17709300,17708745,555
2020-04-03 16:31:03,kovan,17709317,17708745,572
2020-04-03 16:32:27,kovan,17709331,17708745,586
2020-04-03 16:33:49,kovan,17709348,17708745,603
2020-04-03 16:35:12,kovan,17709366,17708745,621
2020-04-03 16:36:35,kovan,17709382,17708745,637
2020-04-03 16:37:57,kovan,17709400,17708745,655
2020-04-03 16:39:20,kovan,17709416,17708745,671
2020-04-03 16:40:43,kovan,17709435,17708745,690
2020-04-03 16:42:07,kovan,17709454,17708745,709
2020-04-03 16:43:29,kovan,17709470,17708745,725
2020-04-03 16:44:55,kovan,17709487,17708745,742
2020-04-03 16:46:21,kovan,17709506,17708745,761
2020-04-03 16:47:45,kovan,17709523,17708745,778
2020-04-03 16:49:10,kovan,17709538,17708745,793
2020-04-03 16:50:33,kovan,17709554,17708745,809
2020-04-03 16:51:59,kovan,17709571,17708745,826
2020-04-03 16:53:22,kovan,17709588,17708745,843
2020-04-03 16:54:47,kovan,17709606,17708745,861
2020-04-03 16:56:17,kovan,17709623,17708745,878
2020-04-03 16:57:41,kovan,17709640,17708745,895
2020-04-03 16:59:05,kovan,17709656,17708849,807
2020-04-03 17:00:31,kovan,17709673,17709633,40
2020-04-03 17:01:53,kovan,17709690,17709633,57
2020-04-03 17:03:17,kovan,17709708,17709700,8
2020-04-03 17:04:43,kovan,17709724,17709725,-1
2020-04-03 17:06:10,kovan,17709741,17709741,0
2020-04-03 17:07:32,kovan,17709759,17709758,1
2020-04-03 17:08:59,kovan,17709777,17709758,19
2020-04-03 17:10:21,kovan,17709794,17709758,36
2020-04-03 17:11:44,kovan,17709810,17709806,4
2020-04-03 17:13:10,kovan,17709829,17709806,23
2020-04-03 17:14:32,kovan,17709847,17709806,41
2020-04-03 17:15:55,kovan,17709864,17709806,58
2020-04-03 17:17:19,kovan,17709881,17709806,75
2020-04-03 17:18:42,kovan,17709898,17709806,92
2020-04-03 17:20:04,kovan,17709914,17709806,108
2020-04-03 17:21:27,kovan,17709930,17709806,124
2020-04-03 17:22:49,kovan,17709947,17709806,141
2020-04-03 17:24:11,kovan,17709963,17709806,157
2020-04-03 17:25:33,kovan,17709980,17709806,174
2020-04-03 17:26:55,kovan,17709996,17709806,190
2020-04-03 17:28:17,kovan,17710013,17709806,207
2020-04-03 17:29:40,kovan,17710029,17709806,223
2020-04-03 17:31:02,kovan,17710046,17709847,199
2020-04-03 17:32:26,kovan,17710063,17710050,13
2020-04-03 17:33:52,kovan,17710079,17710050,29
2020-04-03 17:35:14,kovan,17710096,17710050,46
2020-04-03 17:36:36,kovan,17710113,17710050,63
2020-04-03 17:38:00,kovan,17710129,17710050,79
2020-04-03 17:39:23,kovan,17710146,17710147,-1
2020-04-03 17:40:50,kovan,17710162,17710147,15
2020-04-03 17:42:12,kovan,17710180,17710147,33
2020-04-03 17:43:34,kovan,17710196,17710188,8
2020-04-03 17:44:56,kovan,17710213,17710188,25
2020-04-03 17:46:18,kovan,17710229,17710188,41
2020-04-03 17:47:40,kovan,17710246,17710188,58
2020-04-03 17:49:03,kovan,17710262,17710188,74
2020-04-03 17:50:25,kovan,17710279,17710273,6
2020-04-03 17:51:50,kovan,17710295,17710273,22
2020-04-03 17:53:12,kovan,17710313,17710311,2
2020-04-03 17:54:38,kovan,17710332,17710332,0
2020-04-03 17:56:00,kovan,17710350,17710334,16
2020-04-03 17:57:23,kovan,17710371,17710334,37
2020-04-03 17:58:45,kovan,17710389,17710334,55
2020-04-03 18:00:07,kovan,17710406,17710334,72
2020-04-03 18:01:29,kovan,17710424,17710334,90
2020-04-03 18:02:51,kovan,17710441,17710410,31
2020-04-03 18:04:17,kovan,17710457,17710434,23
2020-04-03 18:05:39,kovan,17710474,17710434,40
2020-04-03 18:07:01,kovan,17710491,17710487,4
2020-04-03 18:08:28,kovan,17710507,17710487,20
2020-04-03 18:09:50,kovan,17710524,17710487,37
2020-04-03 18:11:12,kovan,17710542,17710487,55
2020-04-03 18:12:35,kovan,17710558,17710487,71
2020-04-03 18:13:57,kovan,17710575,17710487,88
2020-04-03 18:15:19,kovan,17710592,17710584,8
2020-04-03 18:16:45,kovan,17710608,17710584,24
2020-04-03 18:18:07,kovan,17710625,17710625,0
2020-04-03 18:19:32,kovan,17710643,17710637,6
2020-04-03 18:20:59,kovan,17710659,17710660,-1
2020-04-03 18:22:21,kovan,17710676,17710668,8
2020-04-03 18:23:47,kovan,17710693,17710693,0
2020-04-03 18:25:11,kovan,17710712,17710701,11
2020-04-03 18:26:35,kovan,17710731,17710714,17
2020-04-03 18:27:58,kovan,17710747,17710740,7
2020-04-03 18:29:20,kovan,17710767,17710740,27
2020-04-03 18:30:42,kovan,17710783,17710740,43
2020-04-03 18:32:04,kovan,17710799,17710789,10
2020-04-03 18:33:27,kovan,17710815,17710789,26
2020-04-03 18:34:53,kovan,17710833,17710789,44
2020-04-03 18:36:16,kovan,17710850,17710789,61
2020-04-03 18:37:42,kovan,17710867,17710789,78
2020-04-03 18:39:04,kovan,17710883,17710789,94
2020-04-03 18:40:27,kovan,17710901,17710900,1
2020-04-03 18:41:54,kovan,17710917,17710907,10
2020-04-03 18:43:16,kovan,17710933,17710929,4
2020-04-03 18:44:39,kovan,17710950,17710929,21
2020-04-03 18:46:02,kovan,17710967,17710929,38
2020-04-03 18:47:26,kovan,17710985,17710944,41
2020-04-03 18:48:51,kovan,17711002,17710993,9
2020-04-03 18:50:13,kovan,17711020,17710993,27
2020-04-03 18:51:35,kovan,17711037,17711033,4
2020-04-03 18:52:58,kovan,17711055,17711048,7
2020-04-03 18:54:23,kovan,17711071,17711048,23
2020-04-03 18:55:45,kovan,17711087,17711048,39
2020-04-03 18:57:11,kovan,17711107,17711051,56
2020-04-03 18:58:46,kovan,17711125,17711111,14
2020-04-03 19:00:13,kovan,17711143,17711126,17
2020-04-03 19:01:37,kovan,17711159,17711126,33
2020-04-03 19:02:59,kovan,17711176,17711126,50
2020-04-03 19:04:23,kovan,17711192,17711183,9
2020-04-03 19:05:46,kovan,17711209,17711207,2
2020-04-03 19:07:11,kovan,17711226,17711226,0
2020-04-03 19:08:33,kovan,17711243,17711235,8
2020-04-03 19:09:55,kovan,17711259,17711235,24
2020-04-03 19:11:18,kovan,17711278,17711235,43
2020-04-03 19:12:40,kovan,17711295,17711295,0
2020-04-03 19:14:10,kovan,17711312,17711295,17
2020-04-03 19:15:32,kovan,17711328,17711295,33
2020-04-03 19:16:54,kovan,17711349,17711323,26
2020-04-03 19:18:38,kovan,17711366,17711344,22
2020-04-03 19:20:00,kovan,17711383,17711344,39
2020-04-03 19:21:27,kovan,17711399,17711344,55
2020-04-03 19:22:51,kovan,17711416,17711344,72
2020-04-03 19:24:14,kovan,17711433,17711344,89
2020-04-03 19:25:36,kovan,17711449,17711344,105
2020-04-03 19:26:58,kovan,17711466,17711344,122
2020-04-03 19:28:20,kovan,17711483,17711470,13
2020-04-03 19:29:46,kovan,17711499,17711470,29
2020-04-03 19:31:09,kovan,17711515,17711470,45
2020-04-03 19:32:31,kovan,17711533,17711470,63
2020-04-03 19:33:53,kovan,17711550,17711470,80
2020-04-03 19:35:16,kovan,17711568,17711563,5
2020-04-03 19:36:43,kovan,17711584,17711563,21
2020-04-03 19:38:05,kovan,17711600,17711563,37
2020-04-03 19:39:28,kovan,17711616,17711616,0
2020-04-03 19:40:50,kovan,17711633,17711632,1
2020-04-03 19:42:14,kovan,17711650,17711632,18
2020-04-03 19:43:36,kovan,17711667,17711665,2
2020-04-03 19:45:01,kovan,17711685,17711677,8
2020-04-03 19:46:34,kovan,17711702,17711677,25
2020-04-03 19:47:57,kovan,17711719,17711677,42
2020-04-03 19:49:21,kovan,17711735,17711677,58
2020-04-03 19:50:44,kovan,17711752,17711677,75
2020-04-03 19:52:06,kovan,17711770,17711677,93
2020-04-03 19:53:28,kovan,17711786,17711677,109
2020-04-03 19:54:51,kovan,17711806,17711677,129
2020-04-03 19:56:24,kovan,17711822,17711803,19
2020-04-03 19:57:48,kovan,17711838,17711803,35
2020-04-03 19:59:11,kovan,17711856,17711803,53
2020-04-03 20:00:36,kovan,17711871,17711803,68
2020-04-03 20:01:58,kovan,17711889,17711803,86
2020-04-03 20:03:20,kovan,17711905,17711803,102
2020-04-03 20:04:43,kovan,17711922,17711917,5
2020-04-03 20:06:08,kovan,17711938,17711917,21
2020-04-03 20:07:30,kovan,17711955,17711917,38
2020-04-03 20:08:53,kovan,17711972,17711917,55
2020-04-03 20:10:16,kovan,17711989,17711917,72
2020-04-03 20:11:38,kovan,17712006,17712006,0
2020-04-03 20:13:01,kovan,17712022,17712007,15
2020-04-03 20:14:23,kovan,17712039,17712007,32
2020-04-03 20:15:46,kovan,17712055,17712007,48
2020-04-03 20:17:08,kovan,17712072,17712007,65
2020-04-03 20:18:31,kovan,17712090,17712083,7
2020-04-03 20:20:02,kovan,17712107,17712083,24
2020-04-03 20:21:24,kovan,17712123,17712083,40
2020-04-03 20:22:47,kovan,17712140,17712083,57
2020-04-03 20:24:10,kovan,17712156,17712083,73
2020-04-03 20:25:33,kovan,17712173,17712083,90
2020-04-03 20:26:57,kovan,17712189,17712083,106
2020-04-03 20:28:21,kovan,17712208,17712199,9
2020-04-03 20:29:44,kovan,17712227,17712199,28
2020-04-03 20:31:07,kovan,17712244,17712199,45
2020-04-03 20:32:29,kovan,17712260,17712199,61
2020-04-03 20:33:52,kovan,17712276,17712199,77
2020-04-03 20:35:14,kovan,17712293,17712199,94
2020-04-03 20:36:38,kovan,17712310,17712199,111
2020-04-03 20:38:00,kovan,17712326,17712199,127
2020-04-03 20:39:23,kovan,17712343,17712199,144
2020-04-03 20:40:45,kovan,17712359,17712199,160
2020-04-03 20:42:08,kovan,17712375,17712199,176
2020-04-03 20:43:30,kovan,17712392,17712199,193
2020-04-03 20:44:53,kovan,17712408,17712199,209
2020-04-03 20:46:16,kovan,17712425,17712199,226
2020-04-03 20:47:38,kovan,17712442,17712199,243
2020-04-03 20:49:01,kovan,17712458,17712199,259
2020-04-03 20:50:23,kovan,17712475,17712199,276
2020-04-03 20:51:45,kovan,17712490,17712199,291
2020-04-03 20:53:08,kovan,17712506,17712199,307
2020-04-03 20:54:30,kovan,17712523,17712199,324
2020-04-03 20:55:52,kovan,17712540,17712199,341
2020-04-03 20:57:15,kovan,17712556,17712199,357
2020-04-03 20:58:38,kovan,17712573,17712199,374
2020-04-03 21:00:00,kovan,17712591,17712199,392
2020-04-03 21:01:25,kovan,17712607,17712199,408
2020-04-03 21:02:47,kovan,17712623,17712199,424
2020-04-03 21:04:10,kovan,17712640,17712199,441
2020-04-03 21:05:32,kovan,17712656,17712199,457
2020-04-03 21:06:54,kovan,17712675,17712599,76
2020-04-03 21:08:23,kovan,17712691,17712671,20
2020-04-03 21:09:45,kovan,17712707,17712671,36
2020-04-03 21:11:07,kovan,17712724,17712671,53
2020-04-03 21:12:30,kovan,17712740,17712671,69
2020-04-03 21:13:56,kovan,17712757,17712671,86
2020-04-03 21:15:18,kovan,17712774,17712671,103
2020-04-03 21:16:40,kovan,17712790,17712671,119
2020-04-03 21:18:02,kovan,17712806,17712671,135
2020-04-03 21:19:24,kovan,17712823,17712671,152
2020-04-03 21:20:48,kovan,17712839,17712671,168
2020-04-03 21:22:10,kovan,17712855,17712671,184
2020-04-03 21:23:32,kovan,17712874,17712671,203
2020-04-03 21:24:54,kovan,17712892,17712671,221
2020-04-03 21:26:18,kovan,17712912,17712671,241
2020-04-03 21:27:40,kovan,17712930,17712671,259
2020-04-03 21:29:02,kovan,17712948,17712798,150
2020-04-03 21:30:36,kovan,17712965,17712965,0
2020-04-03 21:32:01,kovan,17712981,17712965,16
2020-04-03 21:33:23,kovan,17712998,17712965,33
2020-04-03 21:34:45,kovan,17713017,17713010,7
2020-04-03 21:36:20,kovan,17713034,17713010,24
2020-04-03 21:37:42,kovan,17713051,17713010,41
2020-04-03 21:39:05,kovan,17713067,17713010,57
2020-04-03 21:40:27,kovan,17713083,17713010,73
2020-04-03 21:41:49,kovan,17713100,17713010,90
2020-04-03 21:43:12,kovan,17713116,17713010,106
2020-04-03 21:44:34,kovan,17713133,17713010,123
2020-04-03 21:45:57,kovan,17713150,17713010,140
2020-04-03 21:47:22,kovan,17713168,17713010,158
2020-04-03 21:48:51,kovan,17713185,17713010,175
2020-04-03 21:50:13,kovan,17713201,17713010,191
2020-04-03 21:51:35,kovan,17713218,17713010,208
2020-04-03 21:52:58,kovan,17713234,17713010,224
2020-04-03 21:54:20,kovan,17713251,17713010,241
2020-04-03 21:55:43,kovan,17713268,17713010,258
2020-04-03 21:57:05,kovan,17713285,17713010,275
2020-04-03 21:58:28,kovan,17713301,17713010,291
2020-04-03 21:59:50,kovan,17713319,17713010,309
2020-04-03 22:01:14,kovan,17713335,17713010,325
2020-04-03 22:02:36,kovan,17713351,17713010,341
2020-04-03 22:03:58,kovan,17713368,17713010,358
2020-04-03 22:05:20,kovan,17713385,17713010,375
2020-04-03 22:06:43,kovan,17713401,17713010,391
2020-04-03 22:08:05,kovan,17713417,17713010,407
2020-04-03 22:09:31,kovan,17713434,17713010,424
2020-04-03 22:10:54,kovan,17713453,17713010,443
2020-04-03 22:12:17,kovan,17713471,17713010,461
2020-04-03 22:13:43,kovan,17713489,17713010,479
2020-04-03 22:15:05,kovan,17713505,17713010,495
2020-04-03 22:16:28,kovan,17713522,17713010,512
2020-04-03 22:17:51,kovan,17713539,17713010,529
2020-04-03 22:19:13,kovan,17713557,17713010,547
2020-04-03 22:20:35,kovan,17713574,17713010,564
2020-04-03 22:21:57,kovan,17713592,17713010,582
2020-04-03 22:23:20,kovan,17713609,17713010,599
2020-04-03 22:24:42,kovan,17713626,17713010,616
2020-04-03 22:26:06,kovan,17713642,17713010,632
2020-04-03 22:27:29,kovan,17713660,17713010,650
2020-04-03 22:28:51,kovan,17713677,17713010,667
2020-04-03 22:30:14,kovan,17713695,17713010,685
2020-04-03 22:31:37,kovan,17713712,17713010,702
2020-04-03 22:32:59,kovan,17713731,17713010,721
2020-04-03 22:34:22,kovan,17713748,17713010,738
2020-04-03 22:35:44,kovan,17713766,17713010,756
2020-04-03 22:37:08,kovan,17713782,17713010,772
2020-04-03 22:38:30,kovan,17713801,17713010,791
2020-04-03 22:39:53,kovan,17713819,17713010,809
2020-04-03 22:41:17,kovan,17713837,17713010,827
2020-04-03 22:42:39,kovan,17713857,17713010,847
2020-04-03 22:44:06,kovan,17713877,17713010,867
2020-04-03 22:45:29,kovan,17713895,17713010,885
2020-04-03 22:46:51,kovan,17713912,17713010,902
2020-04-03 22:48:13,kovan,17713929,17713010,919
2020-04-03 22:49:36,kovan,17713945,17713010,935
2020-04-03 22:50:58,kovan,17713962,17713010,952
2020-04-03 22:52:21,kovan,17713978,17713010,968
2020-04-03 22:53:44,kovan,17713995,17713519,476
2020-04-03 22:55:06,kovan,17714011,17713519,492
2020-04-03 22:56:29,kovan,17714031,17713519,512
2020-04-03 22:57:56,kovan,17714051,17713519,532
2020-04-03 22:59:19,kovan,17714068,17713519,549
2020-04-03 23:00:41,kovan,17714085,17713519,566
2020-04-03 23:02:03,kovan,17714103,17713646,457
2020-04-03 23:03:40,kovan,17714120,17713646,474
2020-04-03 23:05:02,kovan,17714136,17713646,490
2020-04-03 23:06:24,kovan,17714153,17713646,507
2020-04-03 23:07:46,kovan,17714169,17713646,523
2020-04-03 23:09:08,kovan,17714185,17714186,-1
2020-04-03 23:10:31,kovan,17714203,17714189,14
2020-04-03 23:11:53,kovan,17714219,17714189,30
2020-04-03 23:13:16,kovan,17714236,17714230,6
2020-04-03 23:14:38,kovan,17714252,17714230,22
2020-04-03 23:16:01,kovan,17714269,17714230,39
2020-04-03 23:17:23,kovan,17714285,17714230,55
2020-04-03 23:18:45,kovan,17714301,17714230,71
2020-04-03 23:20:08,kovan,17714317,17714230,87
2020-04-03 23:21:30,kovan,17714334,17714230,104
2020-04-03 23:22:52,kovan,17714352,17714230,122
2020-04-03 23:24:15,kovan,17714369,17714230,139
2020-04-03 23:25:37,kovan,17714386,17714230,156
2020-04-03 23:26:59,kovan,17714402,17714230,172
2020-04-03 23:28:21,kovan,17714419,17714230,189
2020-04-03 23:29:43,kovan,17714435,17714230,205
2020-04-03 23:31:06,kovan,17714451,17714230,221
2020-04-03 23:32:28,kovan,17714467,17714230,237
2020-04-03 23:33:50,kovan,17714484,17714230,254
2020-04-03 23:35:13,kovan,17714501,17714230,271
2020-04-03 23:36:35,kovan,17714517,17714230,287
2020-04-03 23:37:58,kovan,17714533,17714230,303
2020-04-03 23:39:20,kovan,17714549,17714230,319
2020-04-03 23:40:42,kovan,17714566,17714230,336
2020-04-03 23:42:05,kovan,17714582,17714230,352
2020-04-03 23:43:27,kovan,17714599,17714595,4
2020-04-03 23:44:53,kovan,17714618,17714610,8
2020-04-03 23:46:27,kovan,17714634,17714610,24
2020-04-03 23:47:49,kovan,17714651,17714610,41
2020-04-03 23:49:11,kovan,17714667,17714610,57
2020-04-03 23:50:33,kovan,17714685,17714610,75
2020-04-03 23:51:56,kovan,17714702,17714610,92
2020-04-03 23:53:18,kovan,17714718,17714610,108
2020-04-03 23:54:40,kovan,17714735,17714610,125
2020-04-03 23:56:06,kovan,17714751,17714610,141
2020-04-03 23:57:29,kovan,17714768,17714610,158
2020-04-03 23:58:51,kovan,17714785,17714610,175
2020-04-04 00:00:14,kovan,17714801,17714610,191
2020-04-04 00:01:37,kovan,17714818,17714610,208
2020-04-04 00:02:59,kovan,17714838,17714610,228
2020-04-04 00:04:43,kovan,17714855,17714610,245
2020-04-04 00:06:09,kovan,17714872,17714610,262
2020-04-04 00:07:32,kovan,17714890,17714610,280
2020-04-04 00:08:54,kovan,17714907,17714610,297
2020-04-04 00:10:17,kovan,17714922,17714610,312
2020-04-04 00:11:39,kovan,17714939,17714610,329
2020-04-04 00:13:02,kovan,17714956,17714610,346
2020-04-04 00:14:24,kovan,17714971,17714610,361
2020-04-04 00:15:46,kovan,17714991,17714861,130
2020-04-04 00:17:21,kovan,17715008,17714861,147
2020-04-04 00:18:43,kovan,17715027,17714861,166
2020-04-04 00:20:05,kovan,17715044,17714861,183
2020-04-04 00:21:28,kovan,17715062,17714861,201
2020-04-04 00:22:50,kovan,17715080,17714861,219
2020-04-04 00:24:13,kovan,17715098,17714861,237
2020-04-04 00:25:35,kovan,17715115,17714861,254
2020-04-04 00:26:57,kovan,17715132,17714861,271
2020-04-04 00:28:20,kovan,17715150,17714861,289
2020-04-04 00:29:42,kovan,17715167,17714861,306
2020-04-04 00:31:05,kovan,17715183,17714861,322
2020-04-04 00:32:31,kovan,17715199,17714861,338
2020-04-04 00:33:53,kovan,17715216,17714861,355
2020-04-04 00:35:17,kovan,17715233,17714861,372
2020-04-04 00:36:39,kovan,17715250,17714861,389
2020-04-04 00:38:02,kovan,17715266,17714861,405
2020-04-04 00:39:24,kovan,17715282,17714861,421
2020-04-04 00:40:47,kovan,17715298,17714861,437
2020-04-04 00:42:10,kovan,17715315,17714861,454
2020-04-04 00:43:32,kovan,17715332,17714861,471
2020-04-04 00:44:54,kovan,17715349,17714861,488
2020-04-04 00:46:19,kovan,17715365,17714861,504
2020-04-04 00:47:43,kovan,17715382,17714861,521
2020-04-04 00:49:05,kovan,17715399,17714861,538
2020-04-04 00:50:31,kovan,17715421,17714861,560
2020-04-04 00:52:23,kovan,17715438,17714861,577
2020-04-04 00:53:45,kovan,17715460,17714861,599
2020-04-04 00:55:35,kovan,17715476,17714861,615
2020-04-04 00:56:58,kovan,17715494,17714861,633
2020-04-04 00:58:25,kovan,17715510,17714986,524
2020-04-04 00:59:51,kovan,17715528,17714986,542
2020-04-04 01:01:18,kovan,17715545,17714986,559
2020-04-04 01:02:41,kovan,17715563,17714986,577
2020-04-04 01:04:05,kovan,17715580,17715573,7
2020-04-04 01:05:29,kovan,17715599,17715599,0
2020-04-04 01:06:53,kovan,17715617,17715599,18
2020-04-04 01:08:15,kovan,17715635,17715599,36
2020-04-04 01:09:37,kovan,17715654,17715599,55
2020-04-04 01:10:59,kovan,17715672,17715599,73
2020-04-04 01:12:21,kovan,17715689,17715599,90
2020-04-04 01:13:43,kovan,17715704,17715599,105
2020-04-04 01:15:05,kovan,17715720,17715599,121
2020-04-04 01:16:28,kovan,17715740,17715599,141
2020-04-04 01:17:50,kovan,17715756,17715599,157
2020-04-04 01:19:12,kovan,17715774,17715599,175
2020-04-04 01:20:34,kovan,17715792,17715599,193
2020-04-04 01:21:56,kovan,17715807,17715599,208
2020-04-04 01:23:18,kovan,17715825,17715599,226
2020-04-04 01:24:40,kovan,17715842,17715599,243
2020-04-04 01:26:02,kovan,17715857,17715599,258
2020-04-04 01:27:24,kovan,17715874,17715599,275
2020-04-04 01:28:47,kovan,17715890,17715599,291
2020-04-04 01:30:09,kovan,17715907,17715599,308
2020-04-04 01:31:31,kovan,17715924,17715599,325
2020-04-04 01:32:53,kovan,17715940,17715599,341
2020-04-04 01:34:15,kovan,17715956,17715599,357
2020-04-04 01:35:37,kovan,17715973,17715968,5
2020-04-04 01:36:59,kovan,17715993,17715968,25
2020-04-04 01:38:22,kovan,17716010,17715968,42
2020-04-04 01:39:44,kovan,17716027,17715968,59
2020-04-04 01:41:06,kovan,17716045,17715968,77
2020-04-04 01:42:27,kovan,17716062,17715968,94
2020-04-04 01:43:50,kovan,17716079,17715968,111
2020-04-04 01:45:12,kovan,17716097,17715968,129
2020-04-04 01:46:34,kovan,17716115,17715968,147
2020-04-04 01:47:58,kovan,17716133,17715968,165
2020-04-04 01:49:21,kovan,17716151,17715968,183
2020-04-04 01:50:43,kovan,17716168,17715968,200
2020-04-04 01:52:05,kovan,17716184,17715968,216
2020-04-04 01:53:27,kovan,17716201,17715968,233
2020-04-04 01:54:49,kovan,17716218,17715968,250
2020-04-04 01:56:11,kovan,17716234,17715968,266
2020-04-04 01:57:33,kovan,17716251,17715968,283
2020-04-04 01:58:55,kovan,17716269,17715968,301
2020-04-04 02:00:18,kovan,17716286,17715968,318
2020-04-04 02:01:40,kovan,17716302,17715968,334
2020-04-04 02:03:02,kovan,17716319,17715968,351
2020-04-04 02:04:24,kovan,17716335,17716328,7
2020-04-04 02:05:46,kovan,17716351,17716328,23
2020-04-04 02:07:08,kovan,17716369,17716328,41
2020-04-04 02:08:30,kovan,17716386,17716328,58
2020-04-04 02:09:52,kovan,17716402,17716328,74
2020-04-04 02:11:14,kovan,17716419,17716328,91
2020-04-04 02:12:36,kovan,17716436,17716328,108
2020-04-04 02:13:58,kovan,17716452,17716328,124
2020-04-04 02:15:21,kovan,17716469,17716328,141
2020-04-04 02:16:43,kovan,17716485,17716485,0
2020-04-04 02:18:06,kovan,17716502,17716502,0
2020-04-04 02:19:30,kovan,17716518,17716518,0
2020-04-04 02:20:52,kovan,17716535,17716527,8
2020-04-04 02:22:14,kovan,17716551,17716527,24
2020-04-04 02:23:36,kovan,17716569,17716527,42
2020-04-04 02:24:58,kovan,17716584,17716527,57
2020-04-04 02:26:21,kovan,17716601,17716527,74
2020-04-04 02:27:43,kovan,17716617,17716527,90
2020-04-04 02:29:05,kovan,17716633,17716630,3
2020-04-04 02:30:27,kovan,17716650,17716630,20
2020-04-04 02:31:49,kovan,17716666,17716630,36
2020-04-04 02:33:11,kovan,17716682,17716630,52
2020-04-04 02:34:33,kovan,17716700,17716630,70
2020-04-04 02:35:56,kovan,17716717,17716717,0
2020-04-04 02:37:18,kovan,17716732,17716729,3
2020-04-04 02:38:40,kovan,17716750,17716749,1
2020-04-04 02:40:04,kovan,17716768,17716768,0
2020-04-04 02:41:28,kovan,17716786,17716768,18
2020-04-04 02:42:50,kovan,17716802,17716768,34
2020-04-04 02:44:12,kovan,17716819,17716768,51
2020-04-04 02:45:34,kovan,17716835,17716768,67
2020-04-04 02:46:56,kovan,17716852,17716768,84
2020-04-04 02:48:18,kovan,17716868,17716768,100
2020-04-04 02:49:40,kovan,17716884,17716768,116
2020-04-04 02:51:02,kovan,17716901,17716768,133
2020-04-04 02:52:25,kovan,17716917,17716768,149
2020-04-04 02:53:47,kovan,17716933,17716768,165
2020-04-04 02:55:09,kovan,17716949,17716768,181
2020-04-04 02:56:31,kovan,17716967,17716768,199
2020-04-04 02:57:53,kovan,17716983,17716768,215
2020-04-04 02:59:15,kovan,17717000,17716768,232
2020-04-04 03:00:37,kovan,17717017,17716768,249
2020-04-04 03:01:59,kovan,17717033,17716768,265
2020-04-04 03:03:21,kovan,17717049,17716768,281
2020-04-04 03:04:43,kovan,17717065,17716768,297
2020-04-04 03:06:05,kovan,17717082,17717083,-1
2020-04-04 03:07:29,kovan,17717099,17717098,1
2020-04-04 03:08:52,kovan,17717115,17717106,9
2020-04-04 03:10:13,kovan,17717132,17717106,26
2020-04-04 03:11:36,kovan,17717149,17717106,43
2020-04-04 03:12:58,kovan,17717165,17717106,59
2020-04-04 03:14:20,kovan,17717181,17717106,75
2020-04-04 03:15:42,kovan,17717199,17717106,93
2020-04-04 03:17:04,kovan,17717215,17717106,109
2020-04-04 03:18:26,kovan,17717231,17717106,125
2020-04-04 03:19:48,kovan,17717248,17717106,142
2020-04-04 03:21:10,kovan,17717266,17717106,160
2020-04-04 03:22:32,kovan,17717284,17717106,178
2020-04-04 03:23:54,kovan,17717300,17717106,194
2020-04-04 03:25:16,kovan,17717317,17717106,211
2020-04-04 03:26:39,kovan,17717334,17717106,228
2020-04-04 03:28:01,kovan,17717351,17717106,245
2020-04-04 03:29:23,kovan,17717368,17717369,-1
2020-04-04 03:30:50,kovan,17717385,17717376,9
2020-04-04 03:32:13,kovan,17717402,17717376,26
2020-04-04 03:33:35,kovan,17717418,17717418,0
2020-04-04 03:34:57,kovan,17717435,17717435,0
2020-04-04 03:36:20,kovan,17717452,17717453,-1
2020-04-04 03:37:43,kovan,17717469,17717469,0
2020-04-04 03:39:07,kovan,17717485,17717472,13
2020-04-04 03:40:29,kovan,17717502,17717472,30
2020-04-04 03:41:52,kovan,17717518,17717472,46
2020-04-04 03:43:14,kovan,17717535,17717535,0
2020-04-04 03:44:36,kovan,17717552,17717551,1
2020-04-04 03:45:58,kovan,17717568,17717555,13
2020-04-04 03:47:20,kovan,17717584,17717582,2
2020-04-04 03:48:42,kovan,17717600,17717582,18
2020-04-04 03:50:04,kovan,17717617,17717582,35
2020-04-04 03:51:26,kovan,17717633,17717582,51
2020-04-04 03:52:48,kovan,17717649,17717582,67
2020-04-04 03:54:10,kovan,17717666,17717582,84
2020-04-04 03:55:33,kovan,17717683,17717582,101
2020-04-04 03:56:55,kovan,17717699,17717582,117
2020-04-04 03:58:17,kovan,17717716,17717582,134
2020-04-04 03:59:39,kovan,17717733,17717582,151
2020-04-04 04:01:03,kovan,17717749,17717582,167
2020-04-04 04:02:26,kovan,17717765,17717582,183
2020-04-04 04:03:49,kovan,17717782,17717582,200
2020-04-04 04:05:11,kovan,17717800,17717582,218
2020-04-04 04:06:38,kovan,17717816,17717582,234
2020-04-04 04:08:01,kovan,17717832,17717582,250
2020-04-04 04:09:23,kovan,17717849,17717582,267
2020-04-04 04:10:45,kovan,17717865,17717582,283
2020-04-04 04:12:07,kovan,17717881,17717582,299
2020-04-04 04:13:29,kovan,17717898,17717582,316
2020-04-04 04:14:51,kovan,17717913,17717582,331
2020-04-04 04:16:14,kovan,17717932,17717582,350
2020-04-04 04:17:36,kovan,17717948,17717582,366
2020-04-04 04:18:58,kovan,17717965,17717959,6
2020-04-04 04:20:21,kovan,17717983,17717962,21
2020-04-04 04:21:43,kovan,17718000,17717962,38
2020-04-04 04:23:05,kovan,17718016,17717962,54
2020-04-04 04:24:27,kovan,17718032,17717962,70
2020-04-04 04:25:49,kovan,17718049,17717962,87
2020-04-04 04:27:11,kovan,17718064,17717962,102
2020-04-04 04:28:33,kovan,17718081,17717962,119
2020-04-04 04:29:55,kovan,17718098,17717962,136
2020-04-04 04:31:17,kovan,17718115,17717962,153
2020-04-04 04:32:39,kovan,17718132,17718129,3
2020-04-04 04:34:04,kovan,17718148,17718139,9
2020-04-04 04:35:26,kovan,17718164,17718139,25
2020-04-04 04:36:48,kovan,17718181,17718139,42
2020-04-04 04:38:10,kovan,17718198,17718198,0
2020-04-04 04:39:37,kovan,17718215,17718200,15
2020-04-04 04:40:59,kovan,17718232,17718200,32
2020-04-04 04:42:22,kovan,17718248,17718200,48
2020-04-04 04:43:44,kovan,17718264,17718200,64
2020-04-04 04:45:06,kovan,17718280,17718200,80
2020-04-04 04:46:28,kovan,17718297,17718200,97
2020-04-04 04:47:51,kovan,17718314,17718200,114
2020-04-04 04:49:14,kovan,17718331,17718328,3
2020-04-04 04:50:36,kovan,17718348,17718328,20
2020-04-04 04:51:58,kovan,17718364,17718328,36
2020-04-04 04:53:21,kovan,17718381,17718328,53
2020-04-04 04:54:43,kovan,17718398,17718328,70
2020-04-04 04:56:05,kovan,17718414,17718328,86
2020-04-04 04:57:27,kovan,17718430,17718328,102
2020-04-04 04:58:49,kovan,17718447,17718328,119
2020-04-04 05:00:11,kovan,17718463,17718328,135
2020-04-04 05:01:33,kovan,17718479,17718472,7
2020-04-04 05:02:55,kovan,17718496,17718496,0
2020-04-04 05:04:17,kovan,17718513,17718512,1
2020-04-04 05:05:40,kovan,17718530,17718529,1
2020-04-04 05:07:02,kovan,17718546,17718546,0
2020-04-04 05:08:26,kovan,17718562,17718561,1
2020-04-04 05:09:48,kovan,17718579,17718561,18
2020-04-04 05:11:10,kovan,17718595,17718595,0
2020-04-04 05:12:32,kovan,17718612,17718598,14
2020-04-04 05:13:54,kovan,17718628,17718628,0
2020-04-04 05:15:17,kovan,17718647,17718647,0
2020-04-04 05:16:39,kovan,17718667,17718663,4
2020-04-04 05:18:01,kovan,17718687,17718663,24
2020-04-04 05:19:23,kovan,17718704,17718663,41
2020-04-04 05:20:45,kovan,17718720,17718663,57
2020-04-04 05:22:07,kovan,17718736,17718663,73
2020-04-04 05:23:29,kovan,17718752,17718663,89
2020-04-04 05:24:51,kovan,17718769,17718757,12
2020-04-04 05:26:14,kovan,17718789,17718757,32
2020-04-04 05:27:36,kovan,17718809,17718757,52
2020-04-04 05:28:58,kovan,17718827,17718757,70
2020-04-04 05:30:20,kovan,17718847,17718838,9
2020-04-04 05:31:42,kovan,17718866,17718838,28
2020-04-04 05:33:04,kovan,17718886,17718838,48
2020-04-04 05:34:26,kovan,17718902,17718838,64
2020-04-04 05:35:48,kovan,17718918,17718838,80
2020-04-04 05:37:10,kovan,17718936,17718838,98
2020-04-04 05:38:32,kovan,17718954,17718838,116
2020-04-04 05:39:54,kovan,17718974,17718838,136
2020-04-04 05:41:16,kovan,17718991,17718838,153
2020-04-04 05:42:38,kovan,17719009,17718838,171
2020-04-04 05:44:01,kovan,17719029,17718838,191
2020-04-04 05:45:23,kovan,17719049,17718838,211
2020-04-04 05:46:45,kovan,17719068,17718838,230
2020-04-04 05:48:07,kovan,17719085,17718838,247
2020-04-04 05:49:29,kovan,17719105,17718838,267
2020-04-04 05:50:51,kovan,17719123,17718838,285
2020-04-04 05:52:13,kovan,17719143,17719143,0
2020-04-04 05:53:40,kovan,17719162,17719162,0
2020-04-04 05:55:05,kovan,17719178,17719178,0
2020-04-04 05:56:27,kovan,17719199,17719199,0
2020-04-04 05:57:51,kovan,17719217,17719218,-1
2020-04-04 05:59:15,kovan,17719238,17719238,0
2020-04-04 06:00:44,kovan,17719255,17719255,0
2020-04-04 06:02:07,kovan,17719272,17719269,3
2020-04-04 06:03:29,kovan,17719291,17719291,0
2020-04-04 06:04:51,kovan,17719309,17719300,9
2020-04-04 06:06:13,kovan,17719325,17719300,25
2020-04-04 06:07:35,kovan,17719346,17719300,46
2020-04-04 06:08:57,kovan,17719364,17719358,6
2020-04-04 06:10:22,kovan,17719383,17719358,25
2020-04-04 06:11:44,kovan,17719400,17719358,42
2020-04-04 06:13:06,kovan,17719418,17719358,60
2020-04-04 06:14:28,kovan,17719437,17719358,79
2020-04-04 06:15:50,kovan,17719456,17719456,0
2020-04-04 06:17:12,kovan,17719472,17719459,13
2020-04-04 06:18:35,kovan,17719491,17719459,32
2020-04-04 06:19:57,kovan,17719507,17719459,48
2020-04-04 06:21:19,kovan,17719524,17719459,65
2020-04-04 06:22:41,kovan,17719541,17719459,82
2020-04-04 06:24:03,kovan,17719558,17719496,62
2020-04-04 06:25:26,kovan,17719574,17719572,2
2020-04-04 06:26:48,kovan,17719591,17719591,0
2020-04-04 06:28:10,kovan,17719607,17719607,0
2020-04-04 06:29:32,kovan,17719624,17719624,0
2020-04-04 06:30:57,kovan,17719641,17719634,7
2020-04-04 06:32:19,kovan,17719658,17719634,24
2020-04-04 06:33:41,kovan,17719674,17719673,1
2020-04-04 06:35:03,kovan,17719692,17719692,0
2020-04-04 06:36:25,kovan,17719708,17719708,0
2020-04-04 06:37:47,kovan,17719724,17719724,0
2020-04-04 06:39:09,kovan,17719741,17719740,1
2020-04-04 06:40:32,kovan,17719757,17719757,0
2020-04-04 06:41:54,kovan,17719774,17719757,17
2020-04-04 06:43:16,kovan,17719790,17719757,33
2020-04-04 06:44:38,kovan,17719807,17719757,50
2020-04-04 06:46:00,kovan,17719823,17719757,66
2020-04-04 06:47:22,kovan,17719839,17719757,82
2020-04-04 06:48:44,kovan,17719855,17719757,98
2020-04-04 06:50:06,kovan,17719871,17719757,114
2020-04-04 06:51:29,kovan,17719887,17719757,130
2020-04-04 06:52:50,kovan,17719904,17719903,1
2020-04-04 06:54:13,kovan,17719921,17719903,18
2020-04-04 06:55:35,kovan,17719938,17719903,35
2020-04-04 06:56:57,kovan,17719955,17719903,52
2020-04-04 06:58:19,kovan,17719971,17719903,68
2020-04-04 06:59:41,kovan,17719988,17719903,85
2020-04-04 07:01:03,kovan,17720004,17719903,101
2020-04-04 07:02:25,kovan,17720020,17719903,117
2020-04-04 07:03:47,kovan,17720036,17719903,133
2020-04-04 07:05:09,kovan,17720053,17719903,150
2020-04-04 07:06:31,kovan,17720069,17719903,166
2020-04-04 07:07:53,kovan,17720085,17719903,182
2020-04-04 07:09:15,kovan,17720102,17719903,199
2020-04-04 07:10:37,kovan,17720119,17719903,216
2020-04-04 07:11:59,kovan,17720135,17719903,232
2020-04-04 07:13:21,kovan,17720152,17719903,249
2020-04-04 07:14:44,kovan,17720168,17719903,265
2020-04-04 07:16:06,kovan,17720184,17719903,281
2020-04-04 07:17:28,kovan,17720200,17719903,297
2020-04-04 07:18:50,kovan,17720217,17719903,314
2020-04-04 07:20:12,kovan,17720234,17719903,331
2020-04-04 07:21:34,kovan,17720250,17719903,347
2020-04-04 07:22:56,kovan,17720266,17719903,363
2020-04-04 07:24:18,kovan,17720282,17719903,379
2020-04-04 07:25:40,kovan,17720298,17719903,395
2020-04-04 07:27:02,kovan,17720315,17719903,412
2020-04-04 07:28:25,kovan,17720331,17719903,428
2020-04-04 07:29:47,kovan,17720347,17719903,444
2020-04-04 07:31:09,kovan,17720364,17720361,3
2020-04-04 07:32:31,kovan,17720380,17720361,19
2020-04-04 07:33:53,kovan,17720397,17720361,36
2020-04-04 07:35:15,kovan,17720413,17720361,52
2020-04-04 07:36:37,kovan,17720430,17720361,69
2020-04-04 07:37:59,kovan,17720446,17720361,85
2020-04-04 07:39:21,kovan,17720462,17720463,-1
2020-04-04 07:40:43,kovan,17720479,17720478,1
2020-04-04 07:42:05,kovan,17720495,17720481,14
2020-04-04 07:43:27,kovan,17720511,17720481,30
2020-04-04 07:44:49,kovan,17720528,17720481,47
2020-04-04 07:46:11,kovan,17720544,17720481,63
2020-04-04 07:47:33,kovan,17720560,17720481,79
2020-04-04 07:48:55,kovan,17720578,17720481,97
2020-04-04 07:50:17,kovan,17720597,17720481,116
2020-04-04 07:51:39,kovan,17720613,17720481,132
2020-04-04 07:53:01,kovan,17720630,17720481,149
2020-04-04 07:54:23,kovan,17720645,17720481,164
2020-04-04 07:55:45,kovan,17720663,17720481,182
2020-04-04 07:57:07,kovan,17720679,17720481,198
2020-04-04 07:58:29,kovan,17720696,17720481,215
2020-04-04 07:59:51,kovan,17720713,17720481,232
2020-04-04 08:01:13,kovan,17720728,17720481,247
2020-04-04 08:02:35,kovan,17720745,17720481,264
2020-04-04 08:03:57,kovan,17720762,17720481,281
2020-04-04 08:05:19,kovan,17720778,17720481,297
2020-04-04 08:06:41,kovan,17720795,17720481,314
2020-04-04 08:08:03,kovan,17720811,17720481,330
2020-04-04 08:09:26,kovan,17720827,17720481,346
2020-04-04 08:10:48,kovan,17720843,17720481,362
2020-04-04 08:12:10,kovan,17720860,17720481,379
2020-04-04 08:13:32,kovan,17720876,17720481,395
2020-04-04 08:14:54,kovan,17720893,17720481,412
2020-04-04 08:16:16,kovan,17720909,17720481,428
2020-04-04 08:17:38,kovan,17720926,17720481,445
2020-04-04 08:19:00,kovan,17720943,17720481,462
2020-04-04 08:20:22,kovan,17720959,17720481,478
2020-04-04 08:21:44,kovan,17720975,17720481,494
2020-04-04 08:23:06,kovan,17720991,17720481,510
2020-04-04 08:24:28,kovan,17721008,17720481,527
2020-04-04 08:25:50,kovan,17721024,17720481,543
2020-04-04 08:27:12,kovan,17721042,17720481,561
2020-04-04 08:28:34,kovan,17721059,17720481,578
2020-04-04 08:29:56,kovan,17721076,17720481,595
2020-04-04 08:31:19,kovan,17721092,17720481,611
2020-04-04 08:32:41,kovan,17721108,17720481,627
2020-04-04 08:34:03,kovan,17721125,17720481,644
2020-04-04 08:35:25,kovan,17721141,17720481,660
2020-04-04 08:36:47,kovan,17721157,17720481,676
2020-04-04 08:38:09,kovan,17721175,17720481,694
2020-04-04 08:39:31,kovan,17721190,17720481,709
2020-04-04 08:40:53,kovan,17721207,17721206,1
2020-04-04 08:42:15,kovan,17721223,17721223,0
2020-04-04 08:43:37,kovan,17721240,17721241,-1
2020-04-04 08:45:02,kovan,17721257,17721256,1
2020-04-04 08:46:25,kovan,17721272,17721272,0
2020-04-04 08:47:47,kovan,17721288,17721289,-1
2020-04-04 08:49:09,kovan,17721305,17721305,0
2020-04-04 08:50:31,kovan,17721322,17721322,0
2020-04-04 08:51:55,kovan,17721339,17721339,0
2020-04-04 08:53:18,kovan,17721356,17721356,0
2020-04-04 08:54:43,kovan,17721373,17721374,-1
2020-04-04 08:56:09,kovan,17721390,17721390,0
2020-04-04 08:57:31,kovan,17721407,17721407,0
2020-04-04 08:58:55,kovan,17721424,17721408,16
2020-04-04 09:00:17,kovan,17721439,17721408,31
2020-04-04 09:01:39,kovan,17721456,17721408,48
2020-04-04 09:03:01,kovan,17721472,17721408,64
2020-04-04 09:04:24,kovan,17721489,17721408,81
2020-04-04 09:05:46,kovan,17721506,17721408,98
2020-04-04 09:07:08,kovan,17721523,17721524,-1
2020-04-04 09:08:36,kovan,17721540,17721536,4
2020-04-04 09:09:58,kovan,17721557,17721536,21
2020-04-04 09:11:20,kovan,17721573,17721536,37
2020-04-04 09:12:43,kovan,17721590,17721586,4
2020-04-04 09:14:05,kovan,17721606,17721586,20
2020-04-04 09:15:27,kovan,17721622,17721586,36
2020-04-04 09:16:49,kovan,17721639,17721586,53
2020-04-04 09:18:11,kovan,17721655,17721586,69
2020-04-04 09:19:34,kovan,17721672,17721666,6
2020-04-04 09:20:56,kovan,17721688,17721666,22
2020-04-04 09:22:18,kovan,17721705,17721666,39
2020-04-04 09:23:40,kovan,17721721,17721666,55
2020-04-04 09:25:02,kovan,17721738,17721666,72
2020-04-04 09:26:24,kovan,17721754,17721666,88
2020-04-04 09:27:46,kovan,17721770,17721764,6
2020-04-04 09:29:09,kovan,17721787,17721764,23
2020-04-04 09:30:31,kovan,17721803,17721764,39
2020-04-04 09:31:53,kovan,17721820,17721764,56
2020-04-04 09:33:15,kovan,17721836,17721764,72
2020-04-04 09:34:37,kovan,17721852,17721764,88
2020-04-04 09:35:59,kovan,17721869,17721764,105
2020-04-04 09:37:21,kovan,17721886,17721764,122
2020-04-04 09:38:44,kovan,17721902,17721881,21
2020-04-04 09:40:06,kovan,17721918,17721881,37
2020-04-04 09:41:28,kovan,17721934,17721881,53
2020-04-04 09:42:50,kovan,17721951,17721941,10
2020-04-04 09:44:12,kovan,17721967,17721941,26
2020-04-04 09:45:35,kovan,17721984,17721942,42
2020-04-04 09:46:57,kovan,17722001,17721998,3
2020-04-04 09:48:20,kovan,17722018,17722017,1
2020-04-04 09:49:43,kovan,17722034,17722025,9
2020-04-04 09:51:06,kovan,17722050,17722025,25
2020-04-04 09:52:28,kovan,17722067,17722066,1
2020-04-04 09:53:50,kovan,17722083,17722066,17
2020-04-04 09:55:13,kovan,17722100,17722066,34
2020-04-04 09:56:35,kovan,17722116,17722115,1
2020-04-04 09:57:57,kovan,17722132,17722123,9
2020-04-04 09:59:19,kovan,17722149,17722123,26
2020-04-04 10:00:41,kovan,17722166,17722123,43
2020-04-04 10:02:03,kovan,17722182,17722180,2
2020-04-04 10:03:27,kovan,17722198,17722180,18
2020-04-04 10:04:49,kovan,17722214,17722182,32
2020-04-04 10:06:11,kovan,17722231,17722226,5
2020-04-04 10:07:33,kovan,17722247,17722247,0
2020-04-04 10:08:55,kovan,17722264,17722263,1
2020-04-04 10:10:17,kovan,17722281,17722281,0
2020-04-04 10:11:40,kovan,17722296,17722297,-1
2020-04-04 10:13:03,kovan,17722313,17722313,0
2020-04-04 10:14:26,kovan,17722329,17722329,0
2020-04-04 10:15:48,kovan,17722345,17722330,15
2020-04-04 10:17:10,kovan,17722363,17722359,4
2020-04-04 10:18:40,kovan,17722380,17722360,20
2020-04-04 10:20:02,kovan,17722397,17722397,0
2020-04-04 10:21:24,kovan,17722413,17722401,12
2020-04-04 10:22:46,kovan,17722429,17722424,5
2020-04-04 10:24:08,kovan,17722445,17722442,3
2020-04-04 10:25:31,kovan,17722461,17722445,16
2020-04-04 10:26:53,kovan,17722478,17722474,4
2020-04-04 10:28:15,kovan,17722494,17722488,6
2020-04-04 10:29:37,kovan,17722511,17722511,0
2020-04-04 10:30:59,kovan,17722527,17722528,-1
2020-04-04 10:32:24,kovan,17722543,17722543,0
2020-04-04 10:33:47,kovan,17722556,17722556,0
2020-04-04 10:35:09,kovan,17722572,17722573,-1
2020-04-04 10:36:31,kovan,17722589,17722590,-1
2020-04-04 10:37:57,kovan,17722606,17722606,0
2020-04-04 10:39:19,kovan,17722623,17722623,0
2020-04-04 10:40:42,kovan,17722640,17722640,0
2020-04-04 10:42:07,kovan,17722657,17722643,14
2020-04-04 10:43:31,kovan,17722674,17722643,31
2020-04-04 10:44:54,kovan,17722690,17722643,47
2020-04-04 10:46:16,kovan,17722706,17722643,63
2020-04-04 10:47:38,kovan,17722723,17722643,80
2020-04-04 10:49:00,kovan,17722739,17722643,96
2020-04-04 10:50:22,kovan,17722756,17722748,8
2020-04-04 10:51:45,kovan,17722772,17722752,20
2020-04-04 10:53:07,kovan,17722788,17722766,22
2020-04-04 10:54:29,kovan,17722805,17722778,27
2020-04-04 10:55:51,kovan,17722823,17722824,-1
2020-04-04 10:57:16,kovan,17722841,17722840,1
2020-04-04 10:58:39,kovan,17722857,17722858,-1
2020-04-04 11:00:02,kovan,17722874,17722874,0
2020-04-04 11:01:25,kovan,17722890,17722880,10
2020-04-04 11:02:47,kovan,17722906,17722905,1
2020-04-04 11:04:09,kovan,17722922,17722909,13
2020-04-04 11:05:31,kovan,17722939,17722909,30
2020-04-04 11:06:53,kovan,17722956,17722955,1
2020-04-04 11:08:16,kovan,17722974,17722963,11
2020-04-04 11:09:38,kovan,17722990,17722963,27
2020-04-04 11:11:00,kovan,17723006,17722963,43
2020-04-04 11:12:23,kovan,17723023,17723021,2
2020-04-04 11:13:45,kovan,17723039,17723039,0
2020-04-04 11:15:07,kovan,17723055,17723056,-1
2020-04-04 11:16:30,kovan,17723072,17723072,0
2020-04-04 11:17:52,kovan,17723088,17723089,-1
2020-04-04 11:19:14,kovan,17723105,17723106,-1
2020-04-04 11:20:38,kovan,17723121,17723114,7
2020-04-04 11:22:00,kovan,17723138,17723129,9
2020-04-04 11:23:22,kovan,17723152,17723153,-1
2020-04-04 11:24:44,kovan,17723170,17723168,2
2020-04-04 11:26:11,kovan,17723187,17723186,1
2020-04-04 11:27:33,kovan,17723203,17723203,0
2020-04-04 11:28:56,kovan,17723219,17723219,0
2020-04-04 11:30:18,kovan,17723236,17723236,0
2020-04-04 11:31:41,kovan,17723254,17723238,16
2020-04-04 11:33:03,kovan,17723270,17723262,8
2020-04-04 11:34:25,kovan,17723286,17723284,2
2020-04-04 11:35:48,kovan,17723303,17723299,4
2020-04-04 11:37:10,kovan,17723319,17723311,8
2020-04-04 11:38:33,kovan,17723335,17723328,7
2020-04-04 11:39:55,kovan,17723351,17723330,21
2020-04-04 11:41:17,kovan,17723368,17723330,38
2020-04-04 11:42:40,kovan,17723384,17723330,54
2020-04-04 11:44:02,kovan,17723401,17723330,71
2020-04-04 11:45:24,kovan,17723418,17723330,88
2020-04-04 11:46:47,kovan,17723434,17723330,104
2020-04-04 11:48:09,kovan,17723450,17723330,120
2020-04-04 11:49:31,kovan,17723467,17723455,12
2020-04-04 11:50:54,kovan,17723484,17723455,29
2020-04-04 11:52:16,kovan,17723500,17723455,45
2020-04-04 11:53:38,kovan,17723518,17723455,63
2020-04-04 11:55:00,kovan,17723533,17723455,78
2020-04-04 11:56:23,kovan,17723549,17723455,94
2020-04-04 11:57:45,kovan,17723565,17723455,110
2020-04-04 11:59:08,kovan,17723581,17723455,126
2020-04-04 12:00:30,kovan,17723598,17723577,21
2020-04-04 12:01:52,kovan,17723615,17723577,38
2020-04-04 12:03:14,kovan,17723632,17723631,1
2020-04-04 12:04:37,kovan,17723649,17723642,7
2020-04-04 12:05:59,kovan,17723667,17723642,25
2020-04-04 12:07:21,kovan,17723683,17723642,41
2020-04-04 12:08:43,kovan,17723700,17723700,0
2020-04-04 12:10:05,kovan,17723716,17723702,14
2020-04-04 12:11:27,kovan,17723731,17723702,29
2020-04-04 12:12:49,kovan,17723748,17723702,46
2020-04-04 12:14:12,kovan,17723765,17723758,7
2020-04-04 12:15:34,kovan,17723783,17723758,25
2020-04-04 12:16:56,kovan,17723800,17723758,42
2020-04-04 12:18:18,kovan,17723817,17723810,7
2020-04-04 12:19:40,kovan,17723835,17723829,6
2020-04-04 12:21:04,kovan,17723850,17723831,19
2020-04-04 12:22:27,kovan,17723867,17723831,36
2020-04-04 12:23:49,kovan,17723885,17723831,54
2020-04-04 12:25:11,kovan,17723905,17723896,9
2020-04-04 12:26:33,kovan,17723924,17723915,9
2020-04-04 12:27:55,kovan,17723945,17723915,30
2020-04-04 12:29:18,kovan,17723961,17723918,43
2020-04-04 12:30:40,kovan,17723977,17723962,15
2020-04-04 12:32:02,kovan,17723994,17723962,32
2020-04-04 12:33:24,kovan,17724013,17723962,51
2020-04-04 12:34:46,kovan,17724029,17724016,13
2020-04-04 12:36:08,kovan,17724045,17724016,29
2020-04-04 12:37:30,kovan,17724062,17724016,46
2020-04-04 12:38:53,kovan,17724079,17724071,8
2020-04-04 12:40:17,kovan,17724096,17724095,1
2020-04-04 12:41:42,kovan,17724114,17724113,1
2020-04-04 12:43:04,kovan,17724130,17724130,0
2020-04-04 12:44:27,kovan,17724147,17724131,16
2020-04-04 12:45:52,kovan,17724164,17724158,6
2020-04-04 12:47:14,kovan,17724180,17724158,22
2020-04-04 12:48:36,kovan,17724196,17724158,38
2020-04-04 12:49:58,kovan,17724213,17724158,55
2020-04-04 12:51:20,kovan,17724230,17724158,72
2020-04-04 12:52:42,kovan,17724248,17724158,90
2020-04-04 12:54:04,kovan,17724265,17724265,0
2020-04-04 12:55:27,kovan,17724282,17724266,16
2020-04-04 12:56:52,kovan,17724298,17724285,13
2020-04-04 12:58:14,kovan,17724315,17724302,13
2020-04-04 12:59:36,kovan,17724331,17724302,29
2020-04-04 13:00:58,kovan,17724348,17724302,46
2020-04-04 13:02:22,kovan,17724365,17724342,23
2020-04-04 13:03:48,kovan,17724382,17724382,0
2020-04-04 13:05:13,kovan,17724399,17724384,15
2020-04-04 13:06:37,kovan,17724416,17724384,32
2020-04-04 13:08:03,kovan,17724432,17724429,3
2020-04-04 13:09:30,kovan,17724450,17724436,14
2020-04-04 13:10:55,kovan,17724467,17724436,31
2020-04-04 13:12:19,kovan,17724487,17724436,51
2020-04-04 13:13:41,kovan,17724509,17724436,73
2020-04-04 13:15:12,kovan,17724526,17724436,90
2020-04-04 13:16:34,kovan,17724546,17724436,110
2020-04-04 13:17:56,kovan,17724564,17724436,128
2020-04-04 13:19:24,kovan,17724580,17724436,144
2020-04-04 13:20:49,kovan,17724601,17724436,165
2020-04-04 13:22:16,kovan,17724620,17724438,182
2020-04-04 13:23:43,kovan,17724636,17724560,76
2020-04-04 13:25:06,kovan,17724658,17724560,98
2020-04-04 13:26:34,kovan,17724678,17724560,118
2020-04-04 13:27:56,kovan,17724697,17724560,137
2020-04-04 13:29:32,kovan,17724720,17724560,160
2020-04-04 13:31:32,kovan,17724745,17724560,185
2020-04-04 13:33:20,kovan,17724761,17724560,201
2020-04-04 13:34:42,kovan,17724779,17724560,219
2020-04-04 13:36:10,kovan,17724797,17724560,237
2020-04-04 13:37:40,kovan,17724814,17724814,0
2020-04-04 13:39:03,kovan,17724832,17724832,0
2020-04-04 13:40:27,kovan,17724849,17724849,0
2020-04-04 13:41:51,kovan,17724865,17724849,16
2020-04-04 13:43:14,kovan,17724883,17724850,33
2020-04-04 13:44:39,kovan,17724899,17724850,49
2020-04-04 13:46:05,kovan,17724915,17724855,60
2020-04-04 13:47:34,kovan,17724935,17724855,80
2020-04-04 13:49:02,kovan,17724951,17724855,96
2020-04-04 13:50:32,kovan,17724976,17724855,121
2020-04-04 13:52:19,kovan,17724996,17724980,16
2020-04-04 13:53:55,kovan,17725016,17724980,36
2020-04-04 13:55:30,kovan,17725041,17725039,2
2020-04-04 13:57:17,kovan,17725060,17725039,21
2020-04-04 13:58:39,kovan,17725080,17725039,41
2020-04-04 14:00:02,kovan,17725097,17725039,58
2020-04-04 14:01:24,kovan,17725114,17725106,8
2020-04-04 14:02:47,kovan,17725131,17725124,7
2020-04-04 14:04:09,kovan,17725148,17725148,0
2020-04-04 14:05:31,kovan,17725164,17725165,-1
2020-04-04 14:06:54,kovan,17725185,17725185,0
2020-04-04 14:08:19,kovan,17725201,17725191,10
2020-04-04 14:09:43,kovan,17725218,17725191,27
2020-04-04 14:11:05,kovan,17725234,17725191,43
2020-04-04 14:12:27,kovan,17725251,17725191,60
2020-04-04 14:13:49,kovan,17725267,17725191,76
2020-04-04 14:15:11,kovan,17725284,17725278,6
2020-04-04 14:16:33,kovan,17725301,17725278,23
2020-04-04 14:17:55,kovan,17725317,17725278,39
2020-04-04 14:19:17,kovan,17725334,17725322,12
2020-04-04 14:20:39,kovan,17725350,17725322,28
2020-04-04 14:22:02,kovan,17725368,17725322,46
2020-04-04 14:23:24,kovan,17725385,17725322,63
2020-04-04 14:24:47,kovan,17725401,17725322,79
2020-04-04 14:26:11,kovan,17725418,17725417,1
2020-04-04 14:27:35,kovan,17725435,17725435,0
2020-04-04 14:28:59,kovan,17725452,17725438,14
2020-04-04 14:30:22,kovan,17725469,17725438,31
2020-04-04 14:31:49,kovan,17725487,17725486,1
2020-04-04 14:33:14,kovan,17725504,17725486,18
2020-04-04 14:34:37,kovan,17725523,17725486,37
2020-04-04 14:36:03,kovan,17725541,17725486,55
2020-04-04 14:37:30,kovan,17725561,17725486,75
2020-04-04 14:39:05,kovan,17725582,17725486,96
2020-04-04 14:40:52,kovan,17725601,17725486,115
2020-04-04 14:42:28,kovan,17725618,17725486,132
2020-04-04 14:43:52,kovan,17725635,17725486,149
2020-04-04 14:45:15,kovan,17725651,17725647,4
2020-04-04 14:46:39,kovan,17725667,17725647,20
2020-04-04 14:48:02,kovan,17725686,17725647,39
2020-04-04 14:49:24,kovan,17725701,17725647,54
2020-04-04 14:50:47,kovan,17725718,17725647,71
2020-04-04 14:52:11,kovan,17725738,17725647,91
2020-04-04 14:53:34,kovan,17725754,17725647,107
2020-04-04 14:54:57,kovan,17725771,17725647,124
2020-04-04 14:56:21,kovan,17725788,17725647,141
2020-04-04 14:57:44,kovan,17725803,17725647,156
2020-04-04 14:59:08,kovan,17725820,17725647,173
2020-04-04 15:00:32,kovan,17725836,17725647,189
2020-04-04 15:01:58,kovan,17725853,17725854,-1
2020-04-04 15:03:24,kovan,17725870,17725858,12
2020-04-04 15:04:46,kovan,17725887,17725858,29
2020-04-04 15:06:11,kovan,17725903,17725858,45
2020-04-04 15:07:33,kovan,17725920,17725921,-1
2020-04-04 15:08:55,kovan,17725937,17725934,3
2020-04-04 15:10:17,kovan,17725954,17725949,5
2020-04-04 15:11:39,kovan,17725970,17725968,2
2020-04-04 15:13:02,kovan,17725987,17725987,0
2020-04-04 15:14:24,kovan,17726003,17726003,0
2020-04-04 15:15:47,kovan,17726019,17726019,0
2020-04-04 15:17:09,kovan,17726036,17726036,0
2020-04-04 15:18:31,kovan,17726052,17726044,8
2020-04-04 15:19:53,kovan,17726068,17726044,24
2020-04-04 15:21:15,kovan,17726085,17726072,13
2020-04-04 15:22:37,kovan,17726101,17726072,29
2020-04-04 15:23:59,kovan,17726118,17726072,46
2020-04-04 15:25:21,kovan,17726134,17726135,-1
2020-04-04 15:26:44,kovan,17726151,17726151,0
2020-04-04 15:28:08,kovan,17726166,17726157,9
2020-04-04 15:29:31,kovan,17726183,17726157,26
2020-04-04 15:30:53,kovan,17726199,17726157,42
2020-04-04 15:32:15,kovan,17726216,17726185,31
2020-04-04 15:33:37,kovan,17726233,17726233,0
2020-04-04 15:34:59,kovan,17726249,17726246,3
2020-04-04 15:36:21,kovan,17726265,17726246,19
2020-04-04 15:37:43,kovan,17726282,17726246,36
2020-04-04 15:39:05,kovan,17726297,17726292,5
2020-04-04 15:40:27,kovan,17726313,17726305,8
2020-04-04 15:41:49,kovan,17726330,17726330,0
2020-04-04 15:43:11,kovan,17726347,17726336,11
2020-04-04 15:44:33,kovan,17726363,17726336,27
2020-04-04 15:45:55,kovan,17726380,17726336,44
2020-04-04 15:47:17,kovan,17726396,17726390,6
2020-04-04 15:48:39,kovan,17726412,17726410,2
2020-04-04 15:50:02,kovan,17726429,17726423,6
2020-04-04 15:51:24,kovan,17726446,17726423,23
2020-04-04 15:52:46,kovan,17726462,17726423,39
2020-04-04 15:54:08,kovan,17726479,17726423,56
2020-04-04 15:55:30,kovan,17726495,17726423,72
2020-04-04 15:56:52,kovan,17726512,17726423,89
2020-04-04 15:58:14,kovan,17726529,17726423,106
2020-04-04 15:59:37,kovan,17726546,17726542,4
2020-04-04 16:01:00,kovan,17726563,17726556,7
2020-04-04 16:02:23,kovan,17726580,17726578,2
2020-04-04 16:03:50,kovan,17726597,17726578,19
2020-04-04 16:05:12,kovan,17726614,17726578,36
2020-04-04 16:06:34,kovan,17726629,17726629,0
2020-04-04 16:07:56,kovan,17726646,17726642,4
2020-04-04 16:09:18,kovan,17726663,17726642,21
2020-04-04 16:10:40,kovan,17726680,17726642,38
2020-04-04 16:12:02,kovan,17726696,17726696,0
2020-04-04 16:13:25,kovan,17726712,17726712,0
2020-04-04 16:14:47,kovan,17726728,17726728,0
2020-04-04 16:16:09,kovan,17726745,17726745,0
2020-04-04 16:17:31,kovan,17726761,17726761,0
2020-04-04 16:18:53,kovan,17726778,17726778,0
2020-04-04 16:20:16,kovan,17726796,17726796,0
2020-04-04 16:21:39,kovan,17726812,17726810,2
2020-04-04 16:23:01,kovan,17726829,17726829,0
2020-04-04 16:24:25,kovan,17726845,17726845,0
2020-04-04 16:25:47,kovan,17726862,17726862,0
2020-04-04 16:27:10,kovan,17726879,17726878,1
2020-04-04 16:28:34,kovan,17726895,17726895,0
2020-04-04 16:29:56,kovan,17726912,17726908,4
2020-04-04 16:31:19,kovan,17726929,17726929,0
2020-04-04 16:32:43,kovan,17726945,17726946,-1
2020-04-04 16:34:11,kovan,17726962,17726962,0
2020-04-04 16:35:34,kovan,17726979,17726979,0
2020-04-04 16:36:57,kovan,17726996,17726985,11
2020-04-04 16:38:19,kovan,17727011,17726985,26
2020-04-04 16:39:42,kovan,17727029,17726985,44
2020-04-04 16:41:04,kovan,17727045,17726985,60
2020-04-04 16:42:26,kovan,17727061,17726985,76
2020-04-04 16:43:48,kovan,17727079,17726985,94
2020-04-04 16:45:10,kovan,17727093,17726985,108
2020-04-04 16:46:32,kovan,17727110,17726985,125
2020-04-04 16:47:54,kovan,17727127,17726985,142
2020-04-04 16:49:16,kovan,17727143,17726985,158
2020-04-04 16:50:38,kovan,17727160,17726985,175
2020-04-04 16:52:00,kovan,17727176,17726985,191
2020-04-04 16:53:22,kovan,17727195,17726985,210
2020-04-04 16:54:44,kovan,17727212,17726985,227
2020-04-04 16:56:06,kovan,17727229,17726985,244
2020-04-04 16:57:28,kovan,17727246,17726985,261
2020-04-04 16:58:51,kovan,17727263,17726985,278
2020-04-04 17:00:13,kovan,17727280,17726985,295
2020-04-04 17:01:35,kovan,17727297,17726985,312
2020-04-04 17:02:57,kovan,17727313,17726985,328
2020-04-04 17:04:19,kovan,17727330,17726985,345
2020-04-04 17:05:43,kovan,17727347,17726985,362
2020-04-04 17:07:05,kovan,17727363,17726985,378
2020-04-04 17:08:27,kovan,17727379,17727379,0
2020-04-04 17:09:49,kovan,17727396,17727380,16
2020-04-04 17:11:12,kovan,17727412,17727380,32
2020-04-04 17:12:34,kovan,17727429,17727380,49
2020-04-04 17:13:56,kovan,17727445,17727380,65
2020-04-04 17:15:18,kovan,17727461,17727380,81
2020-04-04 17:16:40,kovan,17727477,17727380,97
2020-04-04 17:18:02,kovan,17727494,17727380,114
2020-04-04 17:19:24,kovan,17727511,17727380,131
2020-04-04 17:20:46,kovan,17727527,17727380,147
2020-04-04 17:22:08,kovan,17727542,17727380,162
2020-04-04 17:23:30,kovan,17727559,17727380,179
2020-04-04 17:24:52,kovan,17727575,17727380,195
2020-04-04 17:26:14,kovan,17727591,17727380,211
2020-04-04 17:27:36,kovan,17727607,17727380,227
2020-04-04 17:28:58,kovan,17727624,17727624,0
2020-04-04 17:30:21,kovan,17727640,17727625,15
2020-04-04 17:31:43,kovan,17727657,17727625,32
2020-04-04 17:33:08,kovan,17727673,17727665,8
2020-04-04 17:34:30,kovan,17727690,17727665,25
2020-04-04 17:35:52,kovan,17727707,17727665,42
2020-04-04 17:37:14,kovan,17727723,17727665,58
2020-04-04 17:38:36,kovan,17727740,17727665,75
2020-04-04 17:39:59,kovan,17727756,17727665,91
2020-04-04 17:41:21,kovan,17727771,17727665,106
2020-04-04 17:42:43,kovan,17727788,17727665,123
2020-04-04 17:44:05,kovan,17727804,17727665,139
2020-04-04 17:45:27,kovan,17727820,17727665,155
2020-04-04 17:46:49,kovan,17727837,17727665,172
2020-04-04 17:48:12,kovan,17727853,17727665,188
2020-04-04 17:49:34,kovan,17727869,17727665,204
2020-04-04 17:50:56,kovan,17727886,17727665,221
2020-04-04 17:52:18,kovan,17727903,17727665,238
2020-04-04 17:53:41,kovan,17727919,17727665,254
2020-04-04 17:55:03,kovan,17727936,17727665,271
2020-04-04 17:56:25,kovan,17727952,17727665,287
2020-04-04 17:57:47,kovan,17727967,17727665,302
2020-04-04 17:59:10,kovan,17727985,17727665,320
2020-04-04 18:00:32,kovan,17728004,17727665,339
2020-04-04 18:01:54,kovan,17728021,17727665,356
2020-04-04 18:03:16,kovan,17728037,17728034,3
2020-04-04 18:04:39,kovan,17728055,17728055,0
2020-04-04 18:06:05,kovan,17728074,17728073,1
2020-04-04 18:07:27,kovan,17728091,17728090,1
2020-04-04 18:08:50,kovan,17728107,17728108,-1
2020-04-04 18:10:13,kovan,17728125,17728125,0
2020-04-04 18:11:37,kovan,17728143,17728143,0
2020-04-04 18:13:01,kovan,17728161,17728161,0
2020-04-04 18:14:24,kovan,17728180,17728178,2
2020-04-04 18:15:48,kovan,17728199,17728199,0
2020-04-04 18:17:10,kovan,17728217,17728217,0
2020-04-04 18:18:33,kovan,17728238,17728238,0
2020-04-04 18:19:55,kovan,17728255,17728254,1
2020-04-04 18:21:18,kovan,17728272,17728271,1
2020-04-04 18:22:40,kovan,17728289,17728287,2
2020-04-04 18:24:02,kovan,17728307,17728307,0
2020-04-04 18:25:24,kovan,17728323,17728323,0
2020-04-04 18:26:47,kovan,17728339,17728340,-1
2020-04-04 18:28:11,kovan,17728356,17728356,0
2020-04-04 18:29:34,kovan,17728373,17728374,-1
2020-04-04 18:30:57,kovan,17728390,17728389,1
2020-04-04 18:32:20,kovan,17728407,17728407,0
2020-04-04 18:33:43,kovan,17728424,17728423,1
2020-04-04 18:35:06,kovan,17728440,17728440,0
2020-04-04 18:36:29,kovan,17728457,17728457,0
2020-04-04 18:37:52,kovan,17728474,17728473,1
2020-04-04 18:39:14,kovan,17728491,17728491,0
2020-04-04 18:40:37,kovan,17728508,17728509,-1
2020-04-04 18:42:00,kovan,17728526,17728527,-1
2020-04-04 18:43:24,kovan,17728542,17728542,0
2020-04-04 18:44:47,kovan,17728558,17728558,0
2020-04-04 18:46:09,kovan,17728575,17728575,0
2020-04-04 18:47:32,kovan,17728592,17728590,2
2020-04-04 18:48:54,kovan,17728608,17728590,18
2020-04-04 18:50:16,kovan,17728625,17728590,35
2020-04-04 18:51:38,kovan,17728641,17728590,51
2020-04-04 18:53:00,kovan,17728658,17728590,68
2020-04-04 18:54:22,kovan,17728673,17728590,83
2020-04-04 18:55:44,kovan,17728690,17728690,0
2020-04-04 18:57:07,kovan,17728706,17728706,0
2020-04-04 18:58:30,kovan,17728725,17728722,3
2020-04-04 18:59:53,kovan,17728742,17728739,3
2020-04-04 19:01:16,kovan,17728758,17728759,-1
2020-04-04 19:02:38,kovan,17728775,17728775,0
2020-04-04 19:04:03,kovan,17728792,17728792,0
2020-04-04 19:05:25,kovan,17728808,17728804,4
2020-04-04 19:06:47,kovan,17728825,17728823,2
2020-04-04 19:08:11,kovan,17728842,17728836,6
2020-04-04 19:09:37,kovan,17728859,17728859,0
2020-04-04 19:11:00,kovan,17728876,17728874,2
2020-04-04 19:12:25,kovan,17728892,17728874,18
2020-04-04 19:13:47,kovan,17728911,17728874,37
2020-04-04 19:15:09,kovan,17728928,17728927,1
2020-04-04 19:16:33,kovan,17728945,17728927,18
2020-04-04 19:17:55,kovan,17728962,17728927,35
2020-04-04 19:19:17,kovan,17728979,17728927,52
2020-04-04 19:20:39,kovan,17728995,17728927,68
2020-04-04 19:22:01,kovan,17729012,17729012,0
2020-04-04 19:23:24,kovan,17729028,17729012,16
2020-04-04 19:24:47,kovan,17729044,17729012,32
2020-04-04 19:26:09,kovan,17729062,17729061,1
2020-04-04 19:27:34,kovan,17729078,17729076,2
2020-04-04 19:28:57,kovan,17729095,17729084,11
2020-04-04 19:30:19,kovan,17729110,17729084,26
2020-04-04 19:31:41,kovan,17729127,17729084,43
2020-04-04 19:33:03,kovan,17729144,17729084,60
2020-04-04 19:34:25,kovan,17729160,17729084,76
2020-04-04 19:35:47,kovan,17729177,17729176,1
2020-04-04 19:37:12,kovan,17729193,17729176,17
2020-04-04 19:38:34,kovan,17729210,17729176,34
2020-04-04 19:39:56,kovan,17729227,17729176,51
2020-04-04 19:41:18,kovan,17729243,17729240,3
2020-04-04 19:42:40,kovan,17729259,17729240,19
2020-04-04 19:44:02,kovan,17729280,17729240,40
2020-04-04 19:45:24,kovan,17729296,17729295,1
2020-04-04 19:46:47,kovan,17729311,17729305,6
2020-04-04 19:48:15,kovan,17729330,17729329,1
2020-04-04 19:49:38,kovan,17729346,17729334,12
2020-04-11 15:03:22,kovan2,17851782,17608010,243772
2020-04-11 15:04:44,kovan2,17851803,17620435,231368
2020-04-11 15:06:10,kovan2,17851824,17639622,212202
2020-04-11 15:07:33,kovan2,17851845,17661776,190069
2020-04-11 15:08:55,kovan2,17851866,17672426,179440
2020-04-11 15:10:19,kovan2,17851886,17682710,169176
2020-04-11 15:11:43,kovan2,17851907,17696567,155340
2020-04-11 15:13:08,kovan2,17851929,17718471,133458
2020-04-11 15:14:32,kovan2,17851950,17747548,104402
2020-04-11 15:15:56,kovan2,17851971,17764236,87735
2020-04-11 15:17:21,kovan2,17851992,17774219,77773
2020-04-11 15:18:45,kovan2,17852013,17782930,69083
2020-04-11 15:20:08,kovan2,17852033,17792718,59315
2020-04-11 15:21:32,kovan2,17852054,17816276,35778
2020-04-11 15:22:55,kovan2,17852075,17836273,15802
2020-04-11 15:24:20,kovan2,17852095,17852095,0
2020-04-11 15:25:44,kovan2,17852115,17852109,6
2020-04-11 15:27:08,kovan2,17852138,17852109,29
2020-04-11 15:28:40,kovan2,17852157,17852109,48
2020-04-11 15:30:04,kovan2,17852183,17852109,74
2020-04-11 15:31:44,kovan2,17852203,17852109,94
2020-04-11 15:33:08,kovan2,17852224,17852109,115
2020-04-11 15:34:31,kovan2,17852247,17852232,15
2020-04-11 15:36:05,kovan2,17852267,17852232,35
2020-04-11 15:37:28,kovan2,17852287,17852232,55
2020-04-11 15:38:52,kovan2,17852308,17852232,76
2020-04-11 15:40:16,kovan2,17852330,17852317,13
2020-04-11 15:41:49,kovan2,17852350,17852317,33
2020-04-11 15:43:11,kovan2,17852371,17852317,54
2020-04-11 15:44:38,kovan2,17852392,17852317,75
2020-04-11 15:46:03,kovan2,17852415,17852401,14
2020-04-11 15:47:31,kovan2,17852436,17852401,35
2020-04-11 15:48:58,kovan2,17852458,17852458,0
2020-04-11 15:50:22,kovan2,17852479,17852461,18
2020-04-11 15:51:50,kovan2,17852502,17852461,41
2020-04-11 15:53:18,kovan2,17852522,17852501,21
2020-04-11 15:54:42,kovan2,17852548,17852524,24
2020-04-11 15:56:25,kovan2,17852569,17852560,9
2020-04-11 15:57:53,kovan2,17852590,17852590,0
2020-04-11 15:59:16,kovan2,17852614,17852594,20
2020-04-11 16:00:55,kovan2,17852637,17852631,6
2020-04-11 16:02:23,kovan2,17852661,17852631,30
2020-04-11 16:04:01,kovan2,17852685,17852631,54
2020-04-11 16:05:37,kovan2,17852708,17852700,8
2020-04-11 16:07:11,kovan2,17852729,17852700,29
2020-04-11 16:08:34,kovan2,17852750,17852738,12
2020-04-11 16:09:59,kovan2,17852770,17852760,10
2020-04-11 16:11:26,kovan2,17852793,17852787,6
2020-04-11 16:13:00,kovan2,17852814,17852809,5
2020-04-11 16:14:26,kovan2,17852838,17852833,5
2020-04-11 16:16:01,kovan2,17852859,17852833,26
2020-04-11 16:17:31,kovan2,17852880,17852881,-1
2020-04-11 16:18:54,kovan2,17852901,17852893,8
2020-04-11 16:20:18,kovan2,17852922,17852893,29
2020-04-11 16:21:42,kovan2,17852942,17852893,49
2020-04-11 16:23:04,kovan2,17852962,17852945,17
2020-04-11 16:24:27,kovan2,17852985,17852977,8
2020-04-11 16:25:57,kovan2,17853007,17853002,5
2020-04-11 16:27:26,kovan2,17853032,17853023,9
2020-04-11 16:29:02,kovan2,17853052,17853053,-1
2020-04-11 16:30:30,kovan2,17853074,17853054,20
2020-04-11 16:31:57,kovan2,17853094,17853085,9
2020-04-11 16:33:21,kovan2,17853117,17853085,32
2020-04-11 16:34:51,kovan2,17853137,17853138,-1
2020-04-11 16:36:18,kovan2,17853158,17853142,16
2020-04-11 16:37:43,kovan2,17853179,17853142,37
2020-04-11 16:39:06,kovan2,17853200,17853142,58
2020-04-11 16:40:30,kovan2,17853221,17853142,79
2020-04-11 16:41:54,kovan2,17853242,17853142,100
2020-04-11 16:43:18,kovan2,17853264,17853142,122
2020-04-11 16:44:43,kovan2,17853285,17853142,143
2020-04-11 16:46:08,kovan2,17853306,17853287,19
2020-04-11 16:47:32,kovan2,17853328,17853287,41
2020-04-11 16:49:08,kovan2,17853349,17853287,62
2020-04-11 16:50:33,kovan2,17853369,17853287,82
2020-04-11 16:51:56,kovan2,17853391,17853378,13
2020-04-11 16:53:25,kovan2,17853409,17853378,31
2020-04-11 16:54:48,kovan2,17853431,17853378,53
2020-04-11 16:56:12,kovan2,17853452,17853378,74
2020-04-11 16:57:36,kovan2,17853473,17853378,95
2020-04-11 16:59:01,kovan2,17853492,17853378,114
2020-04-11 17:00:24,kovan2,17853513,17853378,135
2020-04-11 17:01:50,kovan2,17853533,17853378,155
2020-04-11 17:03:15,kovan2,17853556,17853505,51
2020-04-11 17:04:50,kovan2,17853578,17853505,73
2020-04-11 17:06:14,kovan2,17853598,17853505,93
2020-04-11 17:07:37,kovan2,17853619,17853505,114
2020-04-11 17:09:02,kovan2,17853640,17853505,135
2020-04-11 17:10:26,kovan2,17853660,17853505,155
2020-04-11 17:11:51,kovan2,17853682,17853679,3
2020-04-11 17:13:17,kovan2,17853703,17853679,24
2020-04-11 17:14:40,kovan2,17853722,17853719,3
2020-04-11 17:16:02,kovan2,17853747,17853738,9
2020-04-11 17:17:44,kovan2,17853769,17853760,9
2020-04-11 17:19:10,kovan2,17853789,17853760,29
2020-04-11 17:20:33,kovan2,17853809,17853760,49
2020-04-11 17:21:57,kovan2,17853830,17853820,10
2020-04-11 17:23:28,kovan2,17853852,17853844,8
2020-04-11 17:24:52,kovan2,17853876,17853870,6
2020-04-11 17:26:29,kovan2,17853897,17853870,27
2020-04-11 17:27:51,kovan2,17853919,17853870,49
2020-04-11 17:29:19,kovan2,17853940,17853925,15
2020-04-11 17:30:44,kovan2,17853962,17853955,7
2020-04-11 17:32:11,kovan2,17853983,17853967,16
2020-04-11 17:33:35,kovan2,17854005,17854005,0
2020-04-11 17:35:05,kovan2,17854041,17854019,22
2020-04-11 17:37:31,kovan2,17854064,17854058,6
2020-04-11 17:39:07,kovan2,17854085,17854058,27
2020-04-11 17:40:30,kovan2,17854106,17854058,48
2020-04-11 17:41:54,kovan2,17854131,17854128,3
2020-04-11 17:43:32,kovan2,17854154,17854145,9
2020-04-11 17:45:05,kovan2,17854176,17854163,13
2020-04-11 17:46:31,kovan2,17854196,17854196,0
2020-04-11 17:47:55,kovan2,17854218,17854213,5
2020-04-11 17:49:25,kovan2,17854238,17854236,2
2020-04-11 17:50:49,kovan2,17854258,17854236,22
2020-04-11 17:52:15,kovan2,17854281,17854259,22
2020-04-11 17:53:42,kovan2,17854301,17854285,16
2020-04-11 17:55:07,kovan2,17854325,17854312,13
2020-04-11 17:56:37,kovan2,17854349,17854341,8
2020-04-11 17:58:18,kovan2,17854374,17854341,33
2020-04-11 17:59:54,kovan2,17854395,17854381,14
2020-04-11 18:01:22,kovan2,17854413,17854414,-1
2020-04-11 18:02:45,kovan2,17854436,17854419,17
2020-04-11 18:04:18,kovan2,17854457,17854456,1
2020-04-11 18:05:41,kovan2,17854478,17854456,22
2020-04-11 18:07:05,kovan2,17854501,17854490,11
2020-04-11 18:08:36,kovan2,17854522,17854490,32
2020-04-11 18:10:01,kovan2,17854542,17854490,52
2020-04-11 18:11:25,kovan2,17854565,17854561,4
2020-04-11 18:12:59,kovan2,17854591,17854591,0
2020-04-11 18:14:43,kovan2,17854613,17854614,-1
2020-04-11 18:16:13,kovan2,17854633,17854615,18
2020-04-11 18:17:38,kovan2,17854659,17854655,4
2020-04-11 18:19:19,kovan2,17854680,17854680,0
2020-04-11 18:20:44,kovan2,17854703,17854699,4
2020-04-11 18:22:17,kovan2,17854728,17854711,17
2020-04-11 18:23:54,kovan2,17854748,17854743,5
2020-04-11 18:25:17,kovan2,17854768,17854754,14
2020-04-11 18:26:40,kovan2,17854792,17854754,38
2020-04-11 18:28:17,kovan2,17854813,17854804,9
2020-04-11 18:29:45,kovan2,17854835,17854826,9
2020-04-11 18:31:16,kovan2,17854857,17854826,31
2020-04-11 18:32:42,kovan2,17854881,17854882,-1
2020-04-11 18:34:19,kovan2,17854903,17854883,20
2020-04-11 18:35:48,kovan2,17854931,17854917,14
2020-04-11 18:37:42,kovan2,17854956,17854943,13
2020-04-11 18:39:24,kovan2,17854979,17854970,9
2020-04-11 18:40:56,kovan2,17854999,17855000,-1
2020-04-11 18:42:23,kovan2,17855021,17855001,20
2020-04-11 18:43:48,kovan2,17855042,17855036,6
2020-04-11 18:45:12,kovan2,17855064,17855036,28
2020-04-11 18:46:41,kovan2,17855086,17855036,50
2020-04-11 18:48:08,kovan2,17855111,17855109,2
2020-04-11 18:49:49,kovan2,17855135,17855136,-1
2020-04-11 18:51:27,kovan2,17855158,17855136,22
2020-04-11 18:52:57,kovan2,17855178,17855173,5
2020-04-11 18:54:22,kovan2,17855203,17855194,9
2020-04-11 18:56:02,kovan2,17855229,17855225,4
2020-04-11 18:57:44,kovan2,17855249,17855225,24
2020-04-11 18:59:07,kovan2,17855274,17855269,5
2020-04-11 19:00:44,kovan2,17855293,17855269,24
2020-04-11 19:02:06,kovan2,17855317,17855305,12
2020-04-11 19:03:43,kovan2,17855339,17855336,3
2020-04-11 19:05:08,kovan2,17855363,17855336,27
2020-04-11 19:06:44,kovan2,17855384,17855371,13
2020-04-11 19:08:08,kovan2,17855404,17855371,33
2020-04-11 19:09:32,kovan2,17855425,17855371,54
2020-04-11 19:10:56,kovan2,17855450,17855432,18
2020-04-11 19:12:43,kovan2,17855471,17855432,39
2020-04-11 19:14:05,kovan2,17855492,17855432,60
2020-04-11 19:15:29,kovan2,17855514,17855432,82
2020-04-11 19:16:54,kovan2,17855534,17855432,102
2020-04-11 19:18:18,kovan2,17855558,17855551,7
2020-04-11 19:19:53,kovan2,17855583,17855571,12
2020-04-11 19:21:32,kovan2,17855605,17855571,34
2020-04-11 19:23:02,kovan2,17855627,17855618,9
2020-04-11 19:24:34,kovan2,17855651,17855651,0
2020-04-11 19:26:12,kovan2,17855672,17855654,18
2020-04-11 19:27:36,kovan2,17855692,17855691,1
2020-04-11 19:28:59,kovan2,17855713,17855691,22
2020-04-11 19:30:21,kovan2,17855736,17855725,11
2020-04-11 19:31:52,kovan2,17855758,17855749,9
2020-04-11 19:33:21,kovan2,17855784,17855777,7
2020-04-11 19:35:04,kovan2,17855808,17855807,1
2020-04-11 19:36:42,kovan2,17855828,17855807,21
2020-04-11 19:38:07,kovan2,17855851,17855831,20
2020-04-11 19:39:40,kovan2,17855872,17855831,41
2020-04-11 19:41:05,kovan2,17855892,17855831,61
2020-04-11 19:42:27,kovan2,17855914,17855909,5
2020-04-11 19:43:56,kovan2,17855935,17855909,26
2020-04-11 19:45:20,kovan2,17855954,17855909,45
2020-04-11 19:46:43,kovan2,17855974,17855909,65
2020-04-11 19:48:06,kovan2,17855995,17855984,11
2020-04-11 19:49:29,kovan2,17856019,17856012,7
2020-04-11 19:51:04,kovan2,17856042,17856012,30
2020-04-11 19:52:37,kovan2,17856064,17856055,9
2020-04-11 19:54:06,kovan2,17856090,17856074,16
2020-04-11 19:55:53,kovan2,17856112,17856108,4
2020-04-11 19:57:20,kovan2,17856136,17856108,28
2020-04-11 19:58:56,kovan2,17856157,17856108,49
2020-04-11 20:00:22,kovan2,17856178,17856108,70
2020-04-11 20:01:47,kovan2,17856199,17856108,91
2020-04-11 20:03:11,kovan2,17856222,17856223,-1
2020-04-11 20:04:41,kovan2,17856244,17856226,18
2020-04-11 20:06:15,kovan2,17856265,17856258,7
2020-04-11 20:07:38,kovan2,17856288,17856273,15
2020-04-11 20:09:10,kovan2,17856310,17856310,0
2020-04-11 20:10:37,kovan2,17856334,17856311,23
2020-04-11 20:12:15,kovan2,17856356,17856340,16
2020-04-11 20:13:40,kovan2,17856377,17856362,15
2020-04-11 20:15:10,kovan2,17856399,17856362,37
2020-04-11 20:16:34,kovan2,17856422,17856405,17
2020-04-11 20:18:09,kovan2,17856445,17856442,3
2020-04-11 20:19:41,kovan2,17856468,17856461,7
2020-04-11 20:21:16,kovan2,17856489,17856479,10
2020-04-11 20:22:39,kovan2,17856509,17856492,17
2020-04-11 20:24:03,kovan2,17856533,17856519,14
2020-04-11 20:25:34,kovan2,17856555,17856541,14
2020-04-11 20:27:06,kovan2,17856577,17856559,18
2020-04-11 20:28:31,kovan2,17856597,17856594,3
2020-04-11 20:29:58,kovan2,17856619,17856594,25
2020-04-11 20:31:23,kovan2,17856641,17856641,0
2020-04-11 20:32:51,kovan2,17856663,17856653,10
2020-04-11 20:34:19,kovan2,17856684,17856653,31
2020-04-11 20:35:49,kovan2,17856705,17856695,10
2020-04-11 20:37:15,kovan2,17856726,17856722,4
2020-04-11 20:38:41,kovan2,17856750,17856722,28
2020-04-11 20:40:15,kovan2,17856772,17856758,14
2020-04-11 20:41:41,kovan2,17856795,17856795,0
2020-04-11 20:43:15,kovan2,17856818,17856795,23
2020-04-11 20:44:49,kovan2,17856841,17856795,46
2020-04-11 20:46:18,kovan2,17856861,17856856,5
2020-04-11 20:47:43,kovan2,17856885,17856858,27
2020-04-11 20:49:14,kovan2,17856909,17856858,51
2020-04-11 20:50:53,kovan2,17856932,17856858,74
2020-04-11 20:52:23,kovan2,17856955,17856858,97
2020-04-11 20:53:56,kovan2,17856980,17856858,122
2020-04-11 20:55:36,kovan2,17857001,17856984,17
2020-04-11 20:57:04,kovan2,17857027,17857007,20
2020-04-11 20:58:44,kovan2,17857049,17857040,9
2020-04-11 21:00:10,kovan2,17857070,17857071,-1
2020-04-11 21:01:38,kovan2,17857091,17857071,20
2020-04-11 21:03:01,kovan2,17857115,17857071,44
2020-04-11 21:04:35,kovan2,17857139,17857135,4
2020-04-11 21:06:13,kovan2,17857161,17857158,3
2020-04-11 21:07:43,kovan2,17857182,17857181,1
2020-04-11 21:09:07,kovan2,17857205,17857203,2
2020-04-11 21:10:37,kovan2,17857226,17857222,4
2020-04-11 21:12:03,kovan2,17857251,17857239,12
2020-04-11 21:13:48,kovan2,17857274,17857269,5
2020-04-11 21:15:27,kovan2,17857297,17857285,12
2020-04-11 21:16:56,kovan2,17857322,17857285,37
2020-04-11 21:18:35,kovan2,17857344,17857285,59
2020-04-11 21:20:11,kovan2,17857370,17857363,7
2020-04-11 21:21:55,kovan2,17857392,17857363,29
2020-04-11 21:23:24,kovan2,17857411,17857411,0
2020-04-11 21:24:48,kovan2,17857432,17857411,21
2020-04-11 21:26:10,kovan2,17857453,17857434,19
2020-04-11 21:27:35,kovan2,17857473,17857467,6
2020-04-11 21:29:03,kovan2,17857493,17857487,6
2020-04-11 21:30:27,kovan2,17857517,17857487,30
2020-04-11 21:32:00,kovan2,17857538,17857527,11
2020-04-11 21:33:26,kovan2,17857560,17857552,8
2020-04-11 21:34:50,kovan2,17857580,17857552,28
2020-04-11 21:36:13,kovan2,17857602,17857552,50
2020-04-11 21:37:43,kovan2,17857622,17857552,70
2020-04-11 21:39:07,kovan2,17857646,17857622,24
2020-04-11 21:40:37,kovan2,17857668,17857649,19
2020-04-11 21:42:08,kovan2,17857694,17857649,45
2020-04-11 21:43:54,kovan2,17857715,17857659,56
2020-04-11 21:45:16,kovan2,17857738,17857722,16
2020-04-11 21:46:48,kovan2,17857761,17857722,39
2020-04-11 21:48:22,kovan2,17857791,17857722,69
2020-04-11 21:50:23,kovan2,17857818,17857722,96
2020-04-11 21:52:11,kovan2,17857846,17857722,124
2020-04-11 21:54:01,kovan2,17857873,17857722,151
2020-04-11 21:55:49,kovan2,17857896,17857722,174
2020-04-11 21:57:20,kovan2,17857926,17857722,204
2020-04-11 21:59:21,kovan2,17857960,17857722,238
2020-04-11 22:01:38,kovan2,17857990,17857722,268
2020-04-11 22:03:41,kovan2,17858023,17857842,181
2020-04-11 22:05:52,kovan2,17858053,17857842,211
2020-04-11 22:07:52,kovan2,17858086,17857842,244
2020-04-11 22:10:05,kovan2,17858109,17857842,267
2020-04-11 22:11:36,kovan2,17858131,17857842,289
2020-04-11 22:13:05,kovan2,17858155,17857842,313
2020-04-11 22:14:40,kovan2,17858175,17858175,0
2020-04-11 22:16:05,kovan2,17858197,17858184,13
2020-04-11 22:17:35,kovan2,17858220,17858221,-1
2020-04-11 22:19:07,kovan2,17858245,17858242,3
2020-04-11 22:20:44,kovan2,17858268,17858268,0
2020-04-11 22:22:16,kovan2,17858291,17858284,7
2020-04-11 22:23:49,kovan2,17858313,17858309,4
2020-04-11 22:25:17,kovan2,17858334,17858318,16
2020-04-11 22:26:40,kovan2,17858356,17858348,8
2020-04-11 22:28:08,kovan2,17858377,17858370,7
2020-04-11 22:29:30,kovan2,17858405,17858390,15
2020-04-11 22:31:24,kovan2,17858429,17858390,39
2020-04-11 22:32:58,kovan2,17858454,17858452,2
2020-04-11 22:34:41,kovan2,17858485,17858452,33
2020-04-11 22:36:43,kovan2,17858507,17858492,15
2020-04-11 22:38:12,kovan2,17858528,17858528,0
2020-04-11 22:39:37,kovan2,17858553,17858531,22
2020-04-11 22:41:15,kovan2,17858574,17858573,1
2020-04-11 22:42:40,kovan2,17858595,17858573,22
2020-04-11 22:44:03,kovan2,17858615,17858605,10
2020-04-11 22:45:27,kovan2,17858635,17858636,-1
2020-04-11 22:46:50,kovan2,17858656,17858641,15
2020-04-11 22:48:15,kovan2,17858678,17858664,14
2020-04-11 22:49:43,kovan2,17858704,17858703,1
2020-04-11 22:51:26,kovan2,17858725,17858703,22
2020-04-11 22:52:48,kovan2,17858746,17858747,-1
2020-04-11 22:54:14,kovan2,17858767,17858760,7
2020-04-11 22:55:37,kovan2,17858789,17858789,0
2020-04-11 22:57:04,kovan2,17858809,17858810,-1
2020-04-11 22:58:26,kovan2,17858831,17858820,11
2020-04-11 22:59:51,kovan2,17858853,17858845,8
2020-04-11 23:01:22,kovan2,17858879,17858873,6
2020-04-11 23:03:07,kovan2,17858902,17858892,10
2020-04-11 23:04:34,kovan2,17858928,17858925,3
2020-04-11 23:06:21,kovan2,17858950,17858925,25
2020-04-11 23:07:50,kovan2,17858973,17858925,48
2020-04-11 23:09:21,kovan2,17858998,17858925,73
2020-04-11 23:10:57,kovan2,17859025,17859020,5
2020-04-11 23:12:51,kovan2,17859061,17859039,22
2020-04-11 23:15:14,kovan2,17859084,17859039,45
2020-04-11 23:16:47,kovan2,17859105,17859090,15
2020-04-11 23:18:11,kovan2,17859131,17859129,2
2020-04-11 23:19:51,kovan2,17859154,17859152,2
2020-04-11 23:21:24,kovan2,17859173,17859174,-1
2020-04-11 23:22:46,kovan2,17859200,17859198,2
2020-04-11 23:24:30,kovan2,17859221,17859221,0
2020-04-11 23:25:56,kovan2,17859243,17859232,11
2020-04-11 23:27:29,kovan2,17859265,17859265,0
2020-04-11 23:28:55,kovan2,17859285,17859272,13
2020-04-11 23:30:18,kovan2,17859307,17859306,1
2020-04-11 23:31:45,kovan2,17859331,17859327,4
2020-04-11 23:33:23,kovan2,17859354,17859342,12
2020-04-11 23:34:53,kovan2,17859375,17859375,0
2020-04-11 23:36:16,kovan2,17859396,17859391,5
2020-04-11 23:37:41,kovan2,17859418,17859419,-1
2020-04-11 23:39:09,kovan2,17859442,17859435,7
2020-04-11 23:40:42,kovan2,17859462,17859441,21
2020-04-11 23:42:06,kovan2,17859483,17859484,-1
2020-04-11 23:43:30,kovan2,17859504,17859505,-1
2020-04-11 23:44:53,kovan2,17859526,17859525,1
2020-04-11 23:46:20,kovan2,17859549,17859550,-1
2020-04-11 23:47:55,kovan2,17859571,17859571,0
2020-04-11 23:49:20,kovan2,17859591,17859590,1
2020-04-11 23:50:44,kovan2,17859613,17859613,0
2020-04-11 23:52:08,kovan2,17859635,17859632,3
2020-04-11 23:53:33,kovan2,17859655,17859653,2
2020-04-11 23:54:58,kovan2,17859678,17859673,5
2020-04-11 23:56:29,kovan2,17859702,17859691,11
2020-04-11 23:58:07,kovan2,17859723,17859712,11
2020-04-11 23:59:29,kovan2,17859746,17859746,0
2020-04-12 00:01:02,kovan2,17859766,17859748,18
2020-04-12 00:02:24,kovan2,17859785,17859772,13
2020-04-12 00:03:48,kovan2,17859806,17859794,12
2020-04-12 00:05:10,kovan2,17859828,17859825,3
2020-04-12 00:06:35,kovan2,17859848,17859825,23
2020-04-12 00:07:57,kovan2,17859869,17859825,44
2020-04-12 00:09:20,kovan2,17859892,17859879,13
2020-04-12 00:10:52,kovan2,17859912,17859904,8
2020-04-12 00:12:15,kovan2,17859933,17859904,29
2020-04-12 00:13:37,kovan2,17859957,17859954,3
2020-04-12 00:15:15,kovan2,17859978,17859978,0
2020-04-12 00:16:39,kovan2,17859999,17859999,0
2020-04-12 00:18:06,kovan2,17860019,17860020,-1
2020-04-12 00:19:30,kovan2,17860043,17860043,0
2020-04-12 00:21:03,kovan2,17860065,17860065,0
2020-04-12 00:22:31,kovan2,17860086,17860086,0
2020-04-12 00:23:56,kovan2,17860108,17860108,0
2020-04-12 00:25:25,kovan2,17860128,17860128,0
2020-04-12 00:26:48,kovan2,17860148,17860148,0
2020-04-12 00:28:12,kovan2,17860170,17860164,6
2020-04-12 00:29:38,kovan2,17860190,17860191,-1
2020-04-12 00:31:02,kovan2,17860211,17860211,0
2020-04-12 00:32:25,kovan2,17860233,17860233,0
2020-04-12 00:33:51,kovan2,17860252,17860238,14
2020-04-12 00:35:13,kovan2,17860275,17860267,8
2020-04-12 00:36:44,kovan2,17860295,17860296,-1
2020-04-12 00:38:07,kovan2,17860319,17860318,1
2020-04-12 00:39:37,kovan2,17860340,17860340,0
2020-04-12 00:41:08,kovan2,17860361,17860361,0
2020-04-12 00:42:31,kovan2,17860381,17860382,-1
2020-04-12 00:43:57,kovan2,17860403,17860404,-1
2020-04-12 00:45:26,kovan2,17860437,17860427,10
2020-04-12 00:47:38,kovan2,17860457,17860458,-1
2020-04-12 00:49:06,kovan2,17860481,17860475,6
2020-04-12 00:50:42,kovan2,17860502,17860475,27
2020-04-12 00:52:04,kovan2,17860523,17860523,0
2020-04-12 00:53:28,kovan2,17860544,17860544,0
2020-04-12 00:54:52,kovan2,17860568,17860565,3
2020-04-12 00:56:28,kovan2,17860588,17860580,8
2020-04-12 00:57:51,kovan2,17860611,17860608,3
2020-04-12 00:59:23,kovan2,17860631,17860608,23
2020-04-12 01:00:46,kovan2,17860653,17860646,7
2020-04-12 01:02:13,kovan2,17860674,17860666,8
2020-04-12 01:03:36,kovan2,17860698,17860691,7
2020-04-12 01:05:13,kovan2,17860720,17860706,14
2020-04-12 01:06:38,kovan2,17860740,17860741,-1
2020-04-12 01:08:03,kovan2,17860764,17860764,0
2020-04-12 01:09:36,kovan2,17860784,17860785,-1
2020-04-12 01:10:59,kovan2,17860805,17860789,16
2020-04-12 01:12:22,kovan2,17860826,17860811,15
2020-04-12 01:13:44,kovan2,17860848,17860847,1
2020-04-12 01:15:13,kovan2,17860869,17860865,4
2020-04-12 01:16:35,kovan2,17860891,17860886,5
2020-04-12 01:18:04,kovan2,17860911,17860912,-1
2020-04-12 01:19:26,kovan2,17860932,17860933,-1
2020-04-12 01:20:49,kovan2,17860953,17860946,7
2020-04-12 01:22:13,kovan2,17860974,17860966,8
2020-04-12 01:23:37,kovan2,17860995,17860986,9
2020-04-12 01:25:01,kovan2,17861019,17861011,8
2020-04-12 01:26:34,kovan2,17861039,17861033,6
2020-04-12 01:27:57,kovan2,17861063,17861063,0
2020-04-12 01:29:32,kovan2,17861084,17861082,2
2020-04-12 01:30:57,kovan2,17861107,17861096,11
2020-04-12 01:32:31,kovan2,17861132,17861116,16
2020-04-12 01:34:07,kovan2,17861153,17861154,-1
2020-04-12 01:35:35,kovan2,17861174,17861169,5
2020-04-12 01:36:59,kovan2,17861195,17861182,13
2020-04-12 01:38:22,kovan2,17861216,17861214,2
2020-04-12 01:39:45,kovan2,17861237,17861238,-1
2020-04-12 01:41:11,kovan2,17861261,17861251,10
2020-04-12 01:42:43,kovan2,17861282,17861266,16
2020-04-12 01:44:10,kovan2,17861303,17861304,-1
2020-04-12 01:45:33,kovan2,17861324,17861306,18
2020-04-12 01:46:55,kovan2,17861344,17861331,13
2020-04-12 01:48:18,kovan2,17861365,17861365,0
2020-04-12 01:49:41,kovan2,17861385,17861386,-1
2020-04-12 01:51:04,kovan2,17861408,17861399,9
2020-04-12 01:52:34,kovan2,17861435,17861415,20
2020-04-12 01:54:18,kovan2,17861455,17861415,40
2020-04-12 01:55:40,kovan2,17861476,17861415,61
2020-04-12 01:57:07,kovan2,17861496,17861489,7
2020-04-12 01:58:29,kovan2,17861518,17861519,-1
2020-04-12 01:59:59,kovan2,17861541,17861535,6
2020-04-12 02:01:29,kovan2,17861563,17861563,0
2020-04-12 02:03:04,kovan2,17861586,17861572,14
2020-04-12 02:04:36,kovan2,17861606,17861602,4
2020-04-12 02:05:59,kovan2,17861627,17861613,14
2020-04-12 02:07:21,kovan2,17861649,17861647,2
2020-04-12 02:08:50,kovan2,17861671,17861666,5
2020-04-12 02:10:16,kovan2,17861691,17861666,25
2020-04-12 02:11:38,kovan2,17861710,17861704,6
2020-04-12 02:13:02,kovan2,17861733,17861730,3
2020-04-12 02:14:31,kovan2,17861753,17861750,3
2020-04-12 02:15:57,kovan2,17861776,17861752,24
2020-04-12 02:17:30,kovan2,17861797,17861789,8
2020-04-12 02:18:52,kovan2,17861818,17861809,9
2020-04-12 02:20:17,kovan2,17861845,17861836,9
2020-04-12 02:22:05,kovan2,17861868,17861859,9
2020-04-12 02:23:39,kovan2,17861892,17861893,-1
2020-04-12 02:25:14,kovan2,17861914,17861913,1
2020-04-12 02:26:38,kovan2,17861934,17861930,4
2020-04-12 02:28:01,kovan2,17861954,17861940,14
2020-04-12 02:29:23,kovan2,17861977,17861978,-1
2020-04-12 02:30:55,kovan2,17861998,17861998,0
2020-04-12 02:32:19,kovan2,17862020,17862021,-1
2020-04-12 02:33:50,kovan2,17862042,17862043,-1
2020-04-12 02:35:17,kovan2,17862062,17862062,0
2020-04-12 02:36:40,kovan2,17862083,17862079,4
2020-04-12 02:38:04,kovan2,17862107,17862101,6
2020-04-12 02:39:38,kovan2,17862127,17862128,-1
2020-04-12 02:41:03,kovan2,17862149,17862148,1
2020-04-12 02:42:26,kovan2,17862170,17862160,10
2020-04-12 02:43:50,kovan2,17862192,17862187,5
2020-04-12 02:45:20,kovan2,17862216,17862209,7
2020-04-12 02:46:58,kovan2,17862240,17862233,7
2020-04-12 02:48:32,kovan2,17862261,17862245,16
2020-04-12 02:49:55,kovan2,17862285,17862284,1
2020-04-12 02:51:32,kovan2,17862312,17862306,6
2020-04-12 02:53:21,kovan2,17862332,17862328,4
2020-04-12 02:54:43,kovan2,17862356,17862352,4
2020-04-12 02:56:14,kovan2,17862378,17862357,21
2020-04-12 02:57:43,kovan2,17862399,17862391,8
2020-04-12 02:59:08,kovan2,17862420,17862410,10
2020-04-12 03:00:33,kovan2,17862444,17862438,6
2020-04-12 03:02:13,kovan2,17862466,17862438,28
2020-04-12 03:03:43,kovan2,17862488,17862438,50
2020-04-12 03:05:14,kovan2,17862510,17862511,-1
2020-04-12 03:06:41,kovan2,17862533,17862511,22
2020-04-12 03:08:12,kovan2,17862554,17862511,43
2020-04-12 03:09:35,kovan2,17862575,17862511,64
2020-04-12 03:11:00,kovan2,17862596,17862511,85
2020-04-12 03:12:24,kovan2,17862618,17862511,107
2020-04-12 03:13:51,kovan2,17862641,17862639,2
2020-04-12 03:15:28,kovan2,17862665,17862657,8
2020-04-12 03:17:00,kovan2,17862687,17862657,30
2020-04-12 03:18:28,kovan2,17862708,17862705,3
2020-04-12 03:19:51,kovan2,17862730,17862705,25
2020-04-12 03:21:22,kovan2,17862754,17862751,3
2020-04-12 03:22:59,kovan2,17862775,17862762,13
2020-04-12 03:24:25,kovan2,17862795,17862778,17
2020-04-12 03:25:48,kovan2,17862816,17862778,38
2020-04-12 03:27:11,kovan2,17862840,17862778,62
2020-04-12 03:28:44,kovan2,17862862,17862855,7
2020-04-12 03:30:12,kovan2,17862882,17862855,27
2020-04-12 03:31:35,kovan2,17862905,17862889,16
2020-04-12 03:33:04,kovan2,17862926,17862908,18
2020-04-12 03:34:29,kovan2,17862948,17862945,3
2020-04-12 03:35:57,kovan2,17862971,17862961,10
2020-04-12 03:37:28,kovan2,17862993,17862983,10
2020-04-12 03:38:54,kovan2,17863013,17863010,3
2020-04-12 03:40:19,kovan2,17863035,17863035,0
2020-04-12 03:41:43,kovan2,17863057,17863053,4
2020-04-12 03:43:15,kovan2,17863079,17863068,11
2020-04-12 03:44:44,kovan2,17863099,17863086,13
2020-04-12 03:46:06,kovan2,17863123,17863105,18
2020-04-12 03:47:43,kovan2,17863145,17863142,3
2020-04-12 03:49:07,kovan2,17863165,17863166,-1
2020-04-12 03:50:31,kovan2,17863186,17863171,15
2020-04-12 03:51:53,kovan2,17863206,17863194,12
2020-04-12 03:53:15,kovan2,17863229,17863230,-1
2020-04-12 03:54:46,kovan2,17863252,17863247,5
2020-04-12 03:56:13,kovan2,17863274,17863257,17
2020-04-12 03:57:44,kovan2,17863296,17863297,-1
2020-04-12 03:59:14,kovan2,17863317,17863317,0
2020-04-12 04:00:37,kovan2,17863339,17863323,16
2020-04-12 04:02:03,kovan2,17863358,17863350,8
2020-04-12 04:03:30,kovan2,17863380,17863378,2
2020-04-12 04:05:02,kovan2,17863401,17863384,17
2020-04-12 04:06:25,kovan2,17863421,17863384,37
2020-04-12 04:07:47,kovan2,17863442,17863442,0
2020-04-12 04:09:09,kovan2,17863464,17863460,4
2020-04-12 04:10:34,kovan2,17863486,17863482,4
2020-04-12 04:12:03,kovan2,17863506,17863482,24
2020-04-12 04:13:25,kovan2,17863526,17863482,44
2020-04-12 04:14:48,kovan2,17863547,17863482,65
2020-04-12 04:16:10,kovan2,17863568,17863482,86
2020-04-12 04:17:33,kovan2,17863589,17863482,107
2020-04-12 04:18:56,kovan2,17863609,17863482,127
2020-04-12 04:20:18,kovan2,17863630,17863482,148
2020-04-12 04:21:40,kovan2,17863650,17863482,168
2020-04-12 04:23:02,kovan2,17863671,17863482,189
2020-04-12 04:24:24,kovan2,17863691,17863482,209
2020-04-12 04:25:46,kovan2,17863711,17863482,229
2020-04-12 04:27:08,kovan2,17863733,17863482,251
2020-04-12 04:28:31,kovan2,17863753,17863482,271
2020-04-12 04:29:54,kovan2,17863774,17863482,292
2020-04-12 04:31:17,kovan2,17863794,17863482,312
2020-04-12 04:32:39,kovan2,17863816,17863816,0
2020-04-12 04:34:03,kovan2,17863836,17863836,0
2020-04-12 04:35:25,kovan2,17863857,17863851,6
2020-04-12 04:36:51,kovan2,17863880,17863877,3
2020-04-12 04:38:20,kovan2,17863904,17863902,2
2020-04-12 04:39:57,kovan2,17863925,17863925,0
2020-04-12 04:41:22,kovan2,17863946,17863946,0
2020-04-12 04:42:44,kovan2,17863967,17863946,21
2020-04-12 04:44:06,kovan2,17863987,17863946,41
2020-04-12 04:45:29,kovan2,17864010,17864006,4
2020-04-12 04:47:00,kovan2,17864031,17864006,25
2020-04-12 04:48:27,kovan2,17864057,17864050,7
2020-04-12 04:50:10,kovan2,17864078,17864050,28
2020-04-12 04:51:32,kovan2,17864098,17864050,48
2020-04-12 04:52:54,kovan2,17864119,17864120,-1
2020-04-12 04:54:17,kovan2,17864144,17864138,6
2020-04-12 04:55:57,kovan2,17864164,17864138,26
2020-04-12 04:57:19,kovan2,17864186,17864138,48
2020-04-12 04:58:42,kovan2,17864206,17864206,0
2020-04-12 05:00:05,kovan2,17864227,17864207,20
2020-04-12 05:01:28,kovan2,17864247,17864207,40
2020-04-12 05:02:50,kovan2,17864268,17864207,61
2020-04-12 05:04:13,kovan2,17864289,17864207,82
2020-04-12 05:05:35,kovan2,17864311,17864309,2
2020-04-12 05:07:06,kovan2,17864332,17864329,3
2020-04-12 05:08:28,kovan2,17864353,17864329,24
2020-04-12 05:09:51,kovan2,17864373,17864329,44
2020-04-12 05:11:15,kovan2,17864394,17864329,65
2020-04-12 05:12:37,kovan2,17864415,17864329,86
2020-04-12 05:13:59,kovan2,17864439,17864431,8
2020-04-12 05:15:39,kovan2,17864460,17864455,5
2020-04-12 05:17:02,kovan2,17864481,17864455,26
2020-04-12 05:18:26,kovan2,17864502,17864503,-1
2020-04-12 05:19:50,kovan2,17864524,17864524,0
2020-04-12 05:21:13,kovan2,17864544,17864527,17
2020-04-12 05:22:35,kovan2,17864564,17864565,-1
2020-04-12 05:23:58,kovan2,17864585,17864573,12
2020-04-12 05:25:21,kovan2,17864608,17864605,3
2020-04-12 05:26:55,kovan2,17864630,17864605,25
2020-04-12 05:28:19,kovan2,17864650,17864605,45
2020-04-12 05:29:42,kovan2,17864671,17864669,2
2020-04-12 05:31:04,kovan2,17864690,17864669,21
2020-04-12 05:32:27,kovan2,17864711,17864711,0
2020-04-12 05:33:49,kovan2,17864730,17864730,0
2020-04-12 05:35:12,kovan2,17864751,17864751,0
2020-04-12 05:36:37,kovan2,17864773,17864766,7
2020-04-12 05:38:11,kovan2,17864797,17864797,0
2020-04-12 05:39:44,kovan2,17864819,17864819,0
2020-04-12 05:41:12,kovan2,17864839,17864835,4
2020-04-12 05:42:34,kovan2,17864865,17864862,3
2020-04-12 05:44:18,kovan2,17864887,17864884,3
2020-04-12 05:45:46,kovan2,17864908,17864893,15
2020-04-12 05:47:09,kovan2,17864930,17864930,0
2020-04-12 05:48:36,kovan2,17864951,17864951,0
2020-04-12 05:49:58,kovan2,17864974,17864975,-1
2020-04-12 05:51:35,kovan2,17864995,17864993,2
2020-04-12 05:52:57,kovan2,17865017,17865013,4
2020-04-12 05:54:28,kovan2,17865041,17865028,13
2020-04-12 05:55:58,kovan2,17865061,17865062,-1
2020-04-12 05:57:23,kovan2,17865082,17865077,5
2020-04-12 05:58:45,kovan2,17865103,17865103,0
2020-04-12 06:00:07,kovan2,17865125,17865125,0
2020-04-12 06:01:37,kovan2,17865144,17865134,10
2020-04-12 06:02:59,kovan2,17865167,17865165,2
2020-04-12 06:04:32,kovan2,17865187,17865185,2
2020-04-12 06:05:55,kovan2,17865208,17865209,-1
2020-04-12 06:07:18,kovan2,17865229,17865229,0
2020-04-12 06:08:40,kovan2,17865253,17865253,0
2020-04-12 06:10:16,kovan2,17865274,17865271,3
2020-04-12 06:11:39,kovan2,17865294,17865295,-1
2020-04-12 06:13:02,kovan2,17865316,17865314,2
2020-04-12 06:14:29,kovan2,17865336,17865334,2
2020-04-12 06:15:53,kovan2,17865358,17865346,12
2020-04-12 06:17:16,kovan2,17865381,17865381,0
2020-04-12 06:18:47,kovan2,17865404,17865400,4
2020-04-12 06:20:20,kovan2,17865427,17865422,5
2020-04-12 06:21:51,kovan2,17865447,17865443,4
2020-04-12 06:23:14,kovan2,17865468,17865468,0
2020-04-12 06:24:37,kovan2,17865488,17865489,-1
2020-04-12 06:25:59,kovan2,17865511,17865512,-1
2020-04-12 06:27:30,kovan2,17865532,17865532,0
2020-04-12 06:28:52,kovan2,17865553,17865553,0
2020-04-12 06:30:15,kovan2,17865574,17865570,4
2020-04-12 06:31:41,kovan2,17865597,17865583,14
2020-04-12 06:33:11,kovan2,17865617,17865618,-1
2020-04-12 06:34:34,kovan2,17865640,17865641,-1
2020-04-12 06:36:06,kovan2,17865660,17865647,13
2020-04-12 06:37:30,kovan2,17865684,17865680,4
2020-04-12 06:39:00,kovan2,17865704,17865705,-1
2020-04-12 06:40:23,kovan2,17865727,17865727,0
2020-04-12 06:41:52,kovan2,17865749,17865750,-1
2020-04-12 06:43:24,kovan2,17865771,17865763,8
2020-04-12 06:44:48,kovan2,17865793,17865793,0
2020-04-12 06:46:14,kovan2,17865815,17865815,0
2020-04-12 06:47:45,kovan2,17865836,17865831,5
2020-04-12 06:49:09,kovan2,17865857,17865853,4
2020-04-12 06:50:32,kovan2,17865877,17865878,-1
2020-04-12 06:51:54,kovan2,17865897,17865883,14
2020-04-12 06:53:16,kovan2,17865919,17865919,0
2020-04-12 06:54:39,kovan2,17865938,17865930,8
2020-04-12 06:56:01,kovan2,17865958,17865950,8
2020-04-12 06:57:23,kovan2,17865980,17865976,4
2020-04-12 06:58:49,kovan2,17866002,17866001,1
2020-04-12 07:00:19,kovan2,17866023,17866024,-1
2020-04-12 07:01:42,kovan2,17866046,17866043,3
2020-04-12 07:03:17,kovan2,17866067,17866067,0
2020-04-12 07:04:43,kovan2,17866088,17866088,0
2020-04-12 07:06:05,kovan2,17866111,17866103,8
2020-04-12 07:07:38,kovan2,17866132,17866130,2
2020-04-12 07:09:01,kovan2,17866152,17866144,8
2020-04-12 07:10:23,kovan2,17866175,17866171,4
2020-04-12 07:11:54,kovan2,17866196,17866192,4
2020-04-12 07:13:16,kovan2,17866218,17866211,7
2020-04-12 07:14:48,kovan2,17866239,17866224,15
2020-04-12 07:16:10,kovan2,17866262,17866263,-1
2020-04-12 07:17:46,kovan2,17866284,17866280,4
2020-04-12 07:19:14,kovan2,17866305,17866306,-1
2020-04-12 07:20:38,kovan2,17866326,17866326,0
2020-04-12 07:22:00,kovan2,17866345,17866346,-1
2020-04-12 07:23:23,kovan2,17866366,17866366,0
2020-04-12 07:24:46,kovan2,17866387,17866379,8
2020-04-12 07:26:08,kovan2,17866409,17866409,0
2020-04-12 07:27:36,kovan2,17866431,17866429,2
2020-04-12 07:29:06,kovan2,17866453,17866454,-1
2020-04-12 07:30:34,kovan2,17866476,17866477,-1
2020-04-12 07:32:09,kovan2,17866498,17866498,0
2020-04-12 07:33:32,kovan2,17866518,17866519,-1
2020-04-12 07:34:55,kovan2,17866539,17866535,4
2020-04-12 07:36:18,kovan2,17866560,17866549,11
2020-04-12 07:37:42,kovan2,17866581,17866580,1
2020-04-12 07:39:05,kovan2,17866601,17866600,1
2020-04-12 07:40:27,kovan2,17866623,17866615,8
2020-04-12 07:41:57,kovan2,17866644,17866636,8
2020-04-12 07:43:20,kovan2,17866666,17866654,12
2020-04-12 07:44:48,kovan2,17866686,17866687,-1
2020-04-12 07:46:10,kovan2,17866707,17866707,0
2020-04-12 07:47:32,kovan2,17866727,17866728,-1
2020-04-12 07:48:55,kovan2,17866750,17866745,5
2020-04-12 07:50:24,kovan2,17866771,17866771,0
2020-04-12 07:51:46,kovan2,17866792,17866793,-1
2020-04-12 07:53:14,kovan2,17866814,17866811,3
2020-04-12 07:54:39,kovan2,17866834,17866834,0
2020-04-12 07:56:01,kovan2,17866857,17866857,0
2020-04-12 07:57:33,kovan2,17866877,17866867,10
2020-04-12 07:58:55,kovan2,17866901,17866899,2
2020-04-12 08:00:29,kovan2,17866922,17866922,0
2020-04-12 08:01:55,kovan2,17866943,17866943,0
2020-04-12 08:03:19,kovan2,17866963,17866943,20
2020-04-12 08:04:42,kovan2,17866984,17866943,41
2020-04-12 08:06:06,kovan2,17867005,17867006,-1
2020-04-12 08:07:29,kovan2,17867027,17867025,2
2020-04-12 08:08:55,kovan2,17867051,17867048,3
2020-04-12 08:10:33,kovan2,17867072,17867048,24
2020-04-12 08:11:57,kovan2,17867093,17867093,0
2020-04-12 08:13:21,kovan2,17867114,17867102,12
2020-04-12 08:14:43,kovan2,17867142,17867135,7
2020-04-12 08:16:35,kovan2,17867162,17867163,-1
2020-04-12 08:17:57,kovan2,17867183,17867172,11
2020-04-12 08:19:20,kovan2,17867205,17867203,2
2020-04-12 08:20:51,kovan2,17867226,17867227,-1
2020-04-12 08:22:13,kovan2,17867247,17867240,7
2020-04-12 08:23:35,kovan2,17867268,17867268,0
2020-04-12 08:25:00,kovan2,17867290,17867290,0
2020-04-12 08:26:26,kovan2,17867310,17867310,0
2020-04-12 08:27:49,kovan2,17867331,17867331,0
2020-04-12 08:29:11,kovan2,17867351,17867345,6
2020-04-12 08:30:33,kovan2,17867372,17867364,8
2020-04-12 08:31:56,kovan2,17867393,17867364,29
2020-04-12 08:33:19,kovan2,17867413,17867414,-1
2020-04-12 08:34:42,kovan2,17867435,17867423,12
2020-04-12 08:36:08,kovan2,17867457,17867454,3
2020-04-12 08:37:36,kovan2,17867479,17867479,0
2020-04-12 08:39:05,kovan2,17867500,17867500,0
2020-04-12 08:40:28,kovan2,17867522,17867522,0
2020-04-12 08:41:57,kovan2,17867542,17867540,2
2020-04-12 08:43:20,kovan2,17867563,17867556,7
2020-04-12 08:44:42,kovan2,17867584,17867583,1
2020-04-12 08:46:07,kovan2,17867605,17867602,3
2020-04-12 08:47:32,kovan2,17867627,17867614,13
2020-04-12 08:48:56,kovan2,17867648,17867634,14
2020-04-12 08:50:19,kovan2,17867668,17867669,-1
2020-04-12 08:51:42,kovan2,17867689,17867686,3
2020-04-12 08:53:04,kovan2,17867711,17867708,3
2020-04-12 08:54:31,kovan2,17867732,17867732,0
2020-04-12 08:55:55,kovan2,17867752,17867738,14
2020-04-12 08:57:17,kovan2,17867772,17867738,34
2020-04-12 08:58:40,kovan2,17867798,17867795,3
2020-04-12 09:00:21,kovan2,17867819,17867804,15
2020-04-12 09:01:45,kovan2,17867842,17867834,8
2020-04-12 09:03:16,kovan2,17867864,17867864,0
2020-04-12 09:04:44,kovan2,17867884,17867885,-1
2020-04-12 09:06:06,kovan2,17867907,17867908,-1
2020-04-12 09:07:43,kovan2,17867928,17867929,-1
2020-04-12 09:09:07,kovan2,17867951,17867938,13
2020-04-12 09:10:34,kovan2,17867973,17867974,-1
2020-04-12 09:12:06,kovan2,17867994,17867983,11
2020-04-12 09:13:29,kovan2,17868015,17868010,5
2020-04-12 09:14:52,kovan2,17868037,17868037,0
2020-04-12 09:16:18,kovan2,17868057,17868057,0
2020-04-12 09:17:40,kovan2,17868078,17868058,20
2020-04-12 09:19:03,kovan2,17868098,17868058,40
2020-04-12 09:20:26,kovan2,17868118,17868109,9
2020-04-12 09:21:48,kovan2,17868140,17868109,31
2020-04-12 09:23:12,kovan2,17868162,17868161,1
2020-04-12 09:24:40,kovan2,17868182,17868161,21
2020-04-12 09:26:02,kovan2,17868203,17868161,42
2020-04-12 09:27:25,kovan2,17868223,17868161,62
2020-04-12 09:28:47,kovan2,17868244,17868161,83
2020-04-12 09:30:09,kovan2,17868265,17868265,0
2020-04-12 09:31:32,kovan2,17868286,17868269,17
2020-04-12 09:32:56,kovan2,17868307,17868307,0
2020-04-12 09:34:19,kovan2,17868328,17868326,2
2020-04-12 09:35:45,kovan2,17868348,17868349,-1
2020-04-12 09:37:07,kovan2,17868369,17868363,6
2020-04-12 09:38:30,kovan2,17868392,17868391,1
2020-04-12 09:40:01,kovan2,17868413,17868401,12
2020-04-12 09:41:24,kovan2,17868433,17868434,-1
2020-04-12 09:42:46,kovan2,17868454,17868455,-1
2020-04-12 09:44:09,kovan2,17868476,17868476,0
2020-04-12 09:45:35,kovan2,17868496,17868497,-1
2020-04-12 09:46:58,kovan2,17868517,17868513,4
2020-04-12 09:48:20,kovan2,17868538,17868525,13
2020-04-12 09:49:44,kovan2,17868559,17868556,3
2020-04-12 09:51:12,kovan2,17868581,17868581,0
2020-04-12 09:52:36,kovan2,17868602,17868602,0
2020-04-12 09:54:00,kovan2,17868622,17868623,-1
2020-04-12 09:55:22,kovan2,17868643,17868632,11
2020-04-12 09:56:44,kovan2,17868663,17868664,-1
2020-04-12 09:58:07,kovan2,17868684,17868678,6
2020-04-12 09:59:29,kovan2,17868705,17868697,8
2020-04-12 10:00:51,kovan2,17868725,17868718,7
2020-04-12 10:02:20,kovan2,17868745,17868746,-1
2020-04-12 10:03:42,kovan2,17868766,17868760,6
2020-04-12 10:05:05,kovan2,17868787,17868760,27
2020-04-12 10:06:29,kovan2,17868807,17868760,47
2020-04-12 10:07:53,kovan2,17868829,17868829,0
2020-04-12 10:09:19,kovan2,17868852,17868850,2
2020-04-12 10:10:49,kovan2,17868872,17868850,22
2020-04-12 10:12:12,kovan2,17868893,17868850,43
2020-04-12 10:13:35,kovan2,17868914,17868850,64
2020-04-12 10:15:00,kovan2,17868935,17868925,10
2020-04-12 10:16:24,kovan2,17868958,17868950,8
2020-04-12 10:17:54,kovan2,17868977,17868950,27
2020-04-12 10:19:16,kovan2,17868998,17868950,48
2020-04-12 10:20:40,kovan2,17869021,17868950,71
2020-04-12 10:22:12,kovan2,17869042,17868950,92
2020-04-12 10:23:37,kovan2,17869066,17869058,8
2020-04-12 10:25:13,kovan2,17869087,17869058,29
2020-04-12 10:26:36,kovan2,17869107,17869058,49
2020-04-12 10:27:58,kovan2,17869129,17869129,0
2020-04-12 10:29:22,kovan2,17869150,17869143,7
2020-04-12 10:30:49,kovan2,17869171,17869154,17
2020-04-12 10:32:13,kovan2,17869192,17869154,38
2020-04-12 10:33:36,kovan2,17869214,17869199,15
2020-04-12 10:35:03,kovan2,17869233,17869233,0
2020-04-12 10:36:25,kovan2,17869253,17869234,19
2020-04-12 10:37:47,kovan2,17869274,17869275,-1
2020-04-12 10:39:10,kovan2,17869296,17869296,0
2020-04-12 10:40:39,kovan2,17869317,17869318,-1
2020-04-12 10:42:02,kovan2,17869340,17869334,6
2020-04-12 10:43:32,kovan2,17869363,17869363,0
2020-04-12 10:45:03,kovan2,17869384,17869380,4
2020-04-12 10:46:31,kovan2,17869405,17869406,-1
2020-04-12 10:47:55,kovan2,17869427,17869427,0
2020-04-12 10:49:21,kovan2,17869447,17869428,19
2020-04-12 10:50:43,kovan2,17869470,17869471,-1
2020-04-12 10:52:13,kovan2,17869491,17869492,-1
2020-04-12 10:53:37,kovan2,17869511,17869512,-1
2020-04-12 10:55:00,kovan2,17869534,17869531,3
2020-04-12 10:56:31,kovan2,17869556,17869556,0
2020-04-12 10:57:54,kovan2,17869577,17869571,6
2020-04-12 10:59:20,kovan2,17869600,17869601,-1
2020-04-12 11:00:55,kovan2,17869621,17869621,0
2020-04-12 11:02:21,kovan2,17869646,17869633,13
2020-04-12 11:04:00,kovan2,17869667,17869664,3
2020-04-12 11:05:22,kovan2,17869690,17869684,6
2020-04-12 11:06:54,kovan2,17869711,17869711,0
2020-04-12 11:08:16,kovan2,17869733,17869734,-1
2020-04-12 11:09:46,kovan2,17869755,17869755,0
2020-04-12 11:11:11,kovan2,17869776,17869763,13
2020-04-12 11:12:34,kovan2,17869796,17869797,-1
2020-04-12 11:13:59,kovan2,17869818,17869815,3
2020-04-12 11:15:23,kovan2,17869838,17869839,-1
2020-04-12 11:16:46,kovan2,17869859,17869846,13
2020-04-12 11:18:08,kovan2,17869885,17869878,7
2020-04-12 11:19:50,kovan2,17869907,17869908,-1
2020-04-12 11:21:21,kovan2,17869928,17869923,5
2020-04-12 11:22:44,kovan2,17869948,17869949,-1
2020-04-12 11:24:07,kovan2,17869969,17869968,1
2020-04-12 11:25:31,kovan2,17869990,17869974,16
2020-04-12 11:26:55,kovan2,17870012,17870012,0
2020-04-12 11:28:20,kovan2,17870032,17870030,2
2020-04-12 11:29:44,kovan2,17870058,17870056,2
2020-04-12 11:31:27,kovan2,17870079,17870080,-1
2020-04-12 11:32:50,kovan2,17870100,17870096,4
2020-04-12 11:34:14,kovan2,17870121,17870120,1
2020-04-12 11:35:39,kovan2,17870142,17870142,0
2020-04-12 11:37:01,kovan2,17870166,17870166,0
2020-04-12 11:38:39,kovan2,17870187,17870187,0
2020-04-12 11:40:01,kovan2,17870208,17870208,0
2020-04-12 11:41:23,kovan2,17870228,17870229,-1
2020-04-12 11:42:46,kovan2,17870252,17870253,-1
2020-04-12 11:44:22,kovan2,17870273,17870273,0
2020-04-12 11:45:44,kovan2,17870296,17870294,2
2020-04-12 11:47:16,kovan2,17870316,17870299,17
2020-04-12 11:48:38,kovan2,17870338,17870338,0
2020-04-12 11:50:03,kovan2,17870358,17870359,-1
2020-04-12 11:51:28,kovan2,17870381,17870382,-1
2020-04-12 11:53:03,kovan2,17870405,17870403,2
2020-04-12 11:54:38,kovan2,17870426,17870426,0
2020-04-12 11:56:01,kovan2,17870448,17870448,0
2020-04-12 11:57:28,kovan2,17870468,17870469,-1
2020-04-12 11:58:50,kovan2,17870489,17870489,0
2020-04-12 12:00:12,kovan2,17870511,17870506,5
2020-04-12 12:01:40,kovan2,17870532,17870531,1
2020-04-12 12:03:05,kovan2,17870553,17870541,12
2020-04-12 12:04:27,kovan2,17870574,17870574,0
2020-04-12 12:05:52,kovan2,17870600,17870592,8
2020-04-12 12:07:37,kovan2,17870621,17870611,10
2020-04-12 12:09:03,kovan2,17870642,17870611,31
2020-04-12 12:10:27,kovan2,17870663,17870660,3
2020-04-12 12:11:50,kovan2,17870686,17870680,6
2020-04-12 12:13:21,kovan2,17870711,17870705,6
2020-04-12 12:15:02,kovan2,17870732,17870732,0
2020-04-12 12:16:24,kovan2,17870751,17870748,3
2020-04-12 12:17:47,kovan2,17870772,17870760,12
2020-04-12 12:19:09,kovan2,17870795,17870796,-1
2020-04-12 12:20:42,kovan2,17870816,17870806,10
2020-04-12 12:22:05,kovan2,17870836,17870829,7
2020-04-12 12:23:32,kovan2,17870857,17870856,1
2020-04-12 12:24:55,kovan2,17870881,17870869,12
2020-04-12 12:26:28,kovan2,17870904,17870904,0
2020-04-12 12:28:02,kovan2,17870925,17870925,0
2020-04-12 12:29:26,kovan2,17870948,17870933,15
2020-04-12 12:30:55,kovan2,17870968,17870936,32
2020-04-12 12:32:17,kovan2,17870989,17870936,53
2020-04-12 12:33:41,kovan2,17871010,17870993,17
2020-04-12 12:35:03,kovan2,17871030,17871020,10
2020-04-12 12:36:25,kovan2,17871054,17871054,0
2020-04-12 12:38:01,kovan2,17871074,17871056,18
2020-04-12 12:39:23,kovan2,17871097,17871094,3
2020-04-12 12:40:50,kovan2,17871119,17871108,11
2020-04-12 12:42:20,kovan2,17871140,17871140,0
2020-04-12 12:43:43,kovan2,17871162,17871159,3
2020-04-12 12:45:13,kovan2,17871183,17871176,7
2020-04-12 12:46:35,kovan2,17871202,17871203,-1
2020-04-12 12:47:59,kovan2,17871224,17871215,9
2020-04-12 12:49:23,kovan2,17871245,17871243,2
2020-04-12 12:50:50,kovan2,17871266,17871267,-1
2020-04-12 12:52:15,kovan2,17871287,17871279,8
2020-04-12 12:53:37,kovan2,17871308,17871279,29
2020-04-12 12:54:59,kovan2,17871328,17871329,-1
2020-04-12 12:56:23,kovan2,17871349,17871334,15
2020-04-12 12:57:47,kovan2,17871371,17871370,1
2020-04-12 12:59:11,kovan2,17871392,17871370,22
2020-04-12 13:00:34,kovan2,17871413,17871404,9
2020-04-12 13:02:01,kovan2,17871436,17871431,5
2020-04-12 13:03:35,kovan2,17871457,17871431,26
2020-04-12 13:05:00,kovan2,17871477,17871472,5
2020-04-12 13:06:22,kovan2,17871498,17871495,3
2020-04-12 13:07:46,kovan2,17871518,17871518,0
2020-04-12 13:09:10,kovan2,17871539,17871539,0
2020-04-12 13:10:33,kovan2,17871560,17871560,0
2020-04-12 13:11:55,kovan2,17871585,17871567,18
2020-04-12 13:13:33,kovan2,17871605,17871597,8
2020-04-12 13:14:57,kovan2,17871630,17871623,7
2020-04-12 13:16:34,kovan2,17871654,17871639,15
2020-04-12 13:18:14,kovan2,17871675,17871676,-1
2020-04-12 13:19:38,kovan2,17871695,17871677,18
2020-04-12 13:21:01,kovan2,17871717,17871712,5
2020-04-12 13:22:25,kovan2,17871738,17871733,5
2020-04-12 13:24:00,kovan2,17871761,17871761,0
2020-04-12 13:25:28,kovan2,17871785,17871778,7
2020-04-12 13:27:07,kovan2,17871806,17871806,0
2020-04-12 13:28:32,kovan2,17871827,17871823,4
2020-04-12 13:29:57,kovan2,17871848,17871848,0
2020-04-12 13:31:22,kovan2,17871869,17871869,0
2020-04-12 13:32:44,kovan2,17871889,17871890,-1
2020-04-12 13:34:07,kovan2,17871909,17871904,5
2020-04-12 13:35:32,kovan2,17871931,17871931,0
2020-04-12 13:36:57,kovan2,17871953,17871949,4
2020-04-12 13:38:26,kovan2,17871976,17871975,1
2020-04-12 13:39:55,kovan2,17871998,17871983,15
2020-04-12 13:41:26,kovan2,17872020,17872018,2
2020-04-12 13:42:53,kovan2,17872043,17872043,0
2020-04-12 13:44:25,kovan2,17872063,17872063,0
2020-04-12 13:45:49,kovan2,17872087,17872083,4
2020-04-12 13:47:23,kovan2,17872107,17872108,-1
2020-04-12 13:48:46,kovan2,17872128,17872114,14
2020-04-12 13:50:09,kovan2,17872150,17872141,9
2020-04-12 13:51:36,kovan2,17872171,17872168,3
2020-04-12 13:53:02,kovan2,17872192,17872168,24
2020-04-12 13:54:25,kovan2,17872213,17872168,45
2020-04-12 13:55:47,kovan2,17872232,17872226,6
2020-04-12 13:57:09,kovan2,17872252,17872226,26
2020-04-12 13:58:32,kovan2,17872272,17872266,6
2020-04-12 13:59:58,kovan2,17872299,17872298,1
2020-04-12 14:01:48,kovan2,17872321,17872307,14
2020-04-12 14:03:19,kovan2,17872341,17872336,5
2020-04-12 14:04:43,kovan2,17872361,17872359,2
2020-04-12 14:06:06,kovan2,17872379,17872371,8
2020-04-12 14:07:28,kovan2,17872400,17872385,15
2020-04-12 14:08:50,kovan2,17872420,17872417,3
2020-04-12 14:10:14,kovan2,17872441,17872442,-1
2020-04-12 14:11:38,kovan2,17872462,17872458,4
2020-04-12 14:13:03,kovan2,17872482,17872458,24
2020-04-12 14:14:25,kovan2,17872502,17872458,44
2020-04-12 14:15:47,kovan2,17872524,17872458,66
2020-04-12 14:17:11,kovan2,17872545,17872458,87
2020-04-12 14:18:35,kovan2,17872564,17872458,106
2020-04-12 14:19:57,kovan2,17872585,17872458,127
2020-04-12 14:21:22,kovan2,17872607,17872608,-1
2020-04-12 14:22:50,kovan2,17872627,17872609,18
2020-04-12 14:24:12,kovan2,17872648,17872609,39
2020-04-12 14:25:36,kovan2,17872671,17872666,5
2020-04-12 14:27:08,kovan2,17872692,17872666,26
2020-04-12 14:28:31,kovan2,17872713,17872712,1
2020-04-12 14:29:59,kovan2,17872734,17872712,22
2020-04-12 14:31:22,kovan2,17872755,17872756,-1
2020-04-12 14:32:46,kovan2,17872776,17872756,20
2020-04-12 14:34:09,kovan2,17872797,17872756,41
2020-04-12 14:35:32,kovan2,17872821,17872816,5
2020-04-12 14:37:07,kovan2,17872842,17872840,2
2020-04-12 14:38:31,kovan2,17872863,17872863,0
2020-04-12 14:39:56,kovan2,17872884,17872872,12
2020-04-12 14:41:21,kovan2,17872905,17872872,33
2020-04-12 14:42:43,kovan2,17872925,17872872,53
2020-04-12 14:44:05,kovan2,17872946,17872872,74
2020-04-12 14:45:29,kovan2,17872966,17872872,94
2020-04-12 14:46:51,kovan2,17872988,17872872,116
2020-04-12 14:48:15,kovan2,17873008,17872872,136
2020-04-12 14:49:37,kovan2,17873029,17872872,157
2020-04-12 14:50:59,kovan2,17873049,17872872,177
2020-04-12 14:52:22,kovan2,17873070,17872872,198
2020-04-12 14:53:46,kovan2,17873091,17872872,219
2020-04-12 14:55:09,kovan2,17873112,17872872,240
2020-04-12 14:56:34,kovan2,17873133,17873133,0
2020-04-12 14:58:02,kovan2,17873154,17873147,7
2020-04-12 14:59:24,kovan2,17873174,17873147,27
2020-04-12 15:00:47,kovan2,17873195,17873147,48
2020-04-12 15:02:09,kovan2,17873218,17873219,-1
2020-04-12 15:03:45,kovan2,17873240,17873225,15
2020-04-12 15:05:08,kovan2,17873262,17873262,0
2020-04-12 15:06:36,kovan2,17873282,17873272,10
2020-04-12 15:07:58,kovan2,17873303,17873272,31
2020-04-12 15:09:20,kovan2,17873323,17873272,51
2020-04-12 15:10:42,kovan2,17873344,17873272,72
2020-04-12 15:12:06,kovan2,17873364,17873272,92
2020-04-12 15:13:29,kovan2,17873385,17873272,113
2020-04-12 15:14:52,kovan2,17873404,17873272,132
2020-04-12 15:16:14,kovan2,17873425,17873410,15
2020-04-12 15:17:36,kovan2,17873445,17873410,35
2020-04-12 15:18:59,kovan2,17873467,17873468,-1
2020-04-12 15:20:28,kovan2,17873488,17873469,19
2020-04-12 15:21:51,kovan2,17873509,17873469,40
2020-04-12 15:23:13,kovan2,17873530,17873530,0
2020-04-12 15:24:37,kovan2,17873551,17873532,19
2020-04-12 15:26:00,kovan2,17873571,17873562,9
2020-04-12 15:27:22,kovan2,17873598,17873578,20
2020-04-12 15:29:08,kovan2,17873628,17873623,5
2020-04-12 15:31:08,kovan2,17873649,17873623,26
2020-04-12 15:32:32,kovan2,17873669,17873660,9
2020-04-12 15:33:55,kovan2,17873691,17873692,-1
2020-04-12 15:35:22,kovan2,17873712,17873701,11
2020-04-12 15:36:52,kovan2,17873733,17873701,32
2020-04-12 15:38:14,kovan2,17873753,17873739,14
2020-04-12 15:39:36,kovan2,17873778,17873773,5
2020-04-12 15:41:22,kovan2,17873799,17873790,9
2020-04-12 15:42:46,kovan2,17873821,17873818,3
2020-04-12 15:44:12,kovan2,17873841,17873842,-1
2020-04-12 15:45:35,kovan2,17873862,17873847,15
2020-04-12 15:46:57,kovan2,17873884,17873874,10
2020-04-12 15:48:24,kovan2,17873909,17873900,9
2020-04-12 15:50:07,kovan2,17873931,17873924,7
2020-04-12 15:51:33,kovan2,17873952,17873945,7
2020-04-12 15:52:56,kovan2,17873972,17873962,10
2020-04-12 15:54:18,kovan2,17873994,17873994,0
2020-04-12 15:55:45,kovan2,17874017,17874014,3
2020-04-12 15:57:18,kovan2,17874040,17874038,2
2020-04-12 15:58:50,kovan2,17874061,17874046,15
2020-04-12 16:00:13,kovan2,17874081,17874071,10
2020-04-12 16:01:35,kovan2,17874105,17874087,18
2020-04-12 16:03:11,kovan2,17874128,17874117,11
2020-04-12 16:04:45,kovan2,17874148,17874117,31
2020-04-12 16:06:07,kovan2,17874169,17874158,11
2020-04-12 16:07:29,kovan2,17874191,17874192,-1
2020-04-12 16:08:57,kovan2,17874213,17874196,17
2020-04-12 16:10:23,kovan2,17874233,17874196,37
2020-04-12 16:11:46,kovan2,17874254,17874196,58
2020-04-12 16:13:09,kovan2,17874275,17874196,79
2020-04-12 16:14:31,kovan2,17874299,17874291,8
2020-04-12 16:16:08,kovan2,17874320,17874291,29
2020-04-12 16:17:32,kovan2,17874342,17874291,51
2020-04-12 16:19:05,kovan2,17874367,17874353,14
2020-04-12 16:20:41,kovan2,17874388,17874353,35
2020-04-12 16:22:06,kovan2,17874408,17874406,2
2020-04-12 16:23:31,kovan2,17874428,17874406,22
2020-04-12 16:24:55,kovan2,17874451,17874434,17
2020-04-12 16:26:24,kovan2,17874473,17874461,12
2020-04-12 16:27:55,kovan2,17874493,17874461,32
2020-04-12 16:29:18,kovan2,17874516,17874517,-1
2020-04-12 16:30:51,kovan2,17874539,17874525,14
2020-04-12 16:32:20,kovan2,17874562,17874551,11
2020-04-12 16:33:52,kovan2,17874584,17874570,14
2020-04-12 16:35:21,kovan2,17874605,17874596,9
2020-04-12 16:36:47,kovan2,17874629,17874620,9
2020-04-12 16:38:18,kovan2,17874649,17874645,4
2020-04-12 16:39:41,kovan2,17874671,17874668,3
2020-04-12 16:41:10,kovan2,17874691,17874668,23
2020-04-12 16:42:33,kovan2,17874712,17874713,-1
2020-04-12 16:43:57,kovan2,17874734,17874730,4
2020-04-12 16:45:25,kovan2,17874758,17874730,28
2020-04-12 16:46:59,kovan2,17874779,17874730,49
2020-04-12 16:48:25,kovan2,17874802,17874796,6
2020-04-12 16:49:57,kovan2,17874824,17874820,4
2020-04-12 16:51:26,kovan2,17874851,17874831,20
2020-04-12 16:53:10,kovan2,17874874,17874872,2
2020-04-12 16:54:44,kovan2,17874897,17874895,2
2020-04-12 16:56:15,kovan2,17874920,17874895,25
2020-04-12 16:57:48,kovan2,17874941,17874895,46
2020-04-12 16:59:16,kovan2,17874963,17874895,68
2020-04-12 17:00:40,kovan2,17874984,17874895,89
2020-04-12 17:02:04,kovan2,17875007,17874896,111
2020-04-12 17:03:39,kovan2,17875029,17874896,133
2020-04-12 17:05:03,kovan2,17875049,17875023,26
2020-04-12 17:06:29,kovan2,17875070,17875023,47
2020-04-12 17:07:52,kovan2,17875091,17875023,68
2020-04-12 17:09:16,kovan2,17875112,17875023,89
2020-04-12 17:10:41,kovan2,17875136,17875125,11
2020-04-12 17:12:24,kovan2,17875157,17875125,32
2020-04-12 17:13:46,kovan2,17875184,17875170,14
2020-04-12 17:15:32,kovan2,17875209,17875187,22
2020-04-12 17:17:14,kovan2,17875230,17875187,43
2020-04-12 17:18:39,kovan2,17875251,17875187,64
2020-04-12 17:20:02,kovan2,17875272,17875187,85
2020-04-12 17:21:26,kovan2,17875294,17875283,11
2020-04-12 17:22:53,kovan2,17875315,17875283,32
2020-04-12 17:24:18,kovan2,17875337,17875325,12
2020-04-12 17:25:45,kovan2,17875362,17875338,24
2020-04-12 17:27:24,kovan2,17875382,17875380,2
2020-04-12 17:28:48,kovan2,17875404,17875401,3
2020-04-12 17:30:13,kovan2,17875425,17875423,2
2020-04-12 17:31:35,kovan2,17875446,17875423,23
2020-04-12 17:32:58,kovan2,17875466,17875423,43
2020-04-12 17:34:21,kovan2,17875489,17875473,16
2020-04-12 17:35:53,kovan2,17875511,17875499,12
2020-04-12 17:37:23,kovan2,17875535,17875524,11
2020-04-12 17:38:58,kovan2,17875557,17875524,33
2020-04-12 17:40:24,kovan2,17875579,17875528,51
2020-04-12 17:41:54,kovan2,17875601,17875587,14
2020-04-12 17:43:21,kovan2,17875622,17875603,19
2020-04-12 17:44:47,kovan2,17875645,17875632,13
2020-04-12 17:46:14,kovan2,17875671,17875661,10
2020-04-12 17:48:04,kovan2,17875692,17875692,0
2020-04-12 17:49:30,kovan2,17875714,17875692,22
2020-04-12 17:50:55,kovan2,17875735,17875726,9
2020-04-12 17:52:20,kovan2,17875761,17875760,1
2020-04-12 17:54:05,kovan2,17875791,17875778,13
2020-04-12 17:56:04,kovan2,17875813,17875813,0
2020-04-12 17:57:31,kovan2,17875835,17875816,19
2020-04-12 17:59:05,kovan2,17875857,17875816,41
2020-04-12 18:00:33,kovan2,17875879,17875880,-1
2020-04-12 18:02:07,kovan2,17875902,17875881,21
2020-04-12 18:03:37,kovan2,17875924,17875912,12
2020-04-12 18:05:04,kovan2,17875945,17875936,9
2020-04-12 18:06:32,kovan2,17875970,17875955,15
2020-04-12 18:08:11,kovan2,17875993,17875979,14
2020-04-12 18:09:43,kovan2,17876022,17875979,43
2020-04-12 18:11:35,kovan2,17876043,17876036,7
2020-04-12 18:13:03,kovan2,17876066,17876060,6
2020-04-12 18:14:36,kovan2,17876089,17876063,26
2020-04-12 18:16:04,kovan2,17876110,17876063,47
2020-04-12 18:17:29,kovan2,17876132,17876063,69
2020-04-12 18:18:54,kovan2,17876152,17876063,89
2020-04-12 18:20:17,kovan2,17876176,17876063,113
2020-04-12 18:21:54,kovan2,17876198,17876063,135
2020-04-12 18:23:17,kovan2,17876219,17876219,0
2020-04-12 18:24:44,kovan2,17876240,17876226,14
2020-04-12 18:26:09,kovan2,17876263,17876249,14
2020-04-12 18:27:45,kovan2,17876285,17876249,36
2020-04-12 18:29:08,kovan2,17876306,17876295,11
2020-04-12 18:30:31,kovan2,17876330,17876323,7
2020-04-12 18:32:07,kovan2,17876351,17876323,28
2020-04-12 18:33:32,kovan2,17876373,17876363,10
2020-04-12 18:34:59,kovan2,17876395,17876392,3
2020-04-12 18:36:29,kovan2,17876416,17876392,24
2020-04-12 18:37:53,kovan2,17876436,17876392,44
2020-04-12 18:39:19,kovan2,17876458,17876392,66
2020-04-12 18:40:43,kovan2,17876479,17876467,12
2020-04-12 18:42:14,kovan2,17876501,17876467,34
2020-04-12 18:43:42,kovan2,17876524,17876467,57
2020-04-12 18:45:11,kovan2,17876545,17876467,78
2020-04-12 18:46:38,kovan2,17876567,17876549,18
2020-04-12 18:48:09,kovan2,17876589,17876571,18
2020-04-12 18:49:37,kovan2,17876614,17876571,43
2020-04-12 18:51:16,kovan2,17876636,17876631,5
2020-04-12 18:52:47,kovan2,17876658,17876631,27
2020-04-12 18:54:13,kovan2,17876681,17876663,18
2020-04-12 18:55:44,kovan2,17876703,17876663,40
2020-04-12 18:57:14,kovan2,17876723,17876663,60
2020-04-12 18:58:40,kovan2,17876745,17876733,12
2020-04-12 19:00:09,kovan2,17876773,17876767,6
2020-04-12 19:02:02,kovan2,17876794,17876767,27
2020-04-12 19:03:27,kovan2,17876815,17876767,48
2020-04-12 19:04:51,kovan2,17876836,17876767,69
2020-04-12 19:06:16,kovan2,17876859,17876767,92
2020-04-12 19:07:50,kovan2,17876881,17876767,114
2020-04-12 19:09:16,kovan2,17876904,17876898,6
2020-04-12 19:10:47,kovan2,17876926,17876898,28
2020-04-12 19:12:14,kovan2,17876946,17876937,9
2020-04-12 19:13:38,kovan2,17876967,17876937,30
2020-04-12 19:15:02,kovan2,17876989,17876978,11
2020-04-12 19:16:28,kovan2,17877009,17876978,31
2020-04-12 19:17:51,kovan2,17877031,17877012,19
2020-04-12 19:19:19,kovan2,17877054,17877035,19
2020-04-12 19:20:51,kovan2,17877076,17877060,16
2020-04-12 19:22:21,kovan2,17877101,17877101,0
2020-04-12 19:24:01,kovan2,17877125,17877116,9
2020-04-12 19:25:38,kovan2,17877146,17877116,30
2020-04-12 19:27:04,kovan2,17877169,17877163,6
2020-04-12 19:28:36,kovan2,17877191,17877184,7
2020-04-12 19:30:05,kovan2,17877213,17877214,-1
2020-04-12 19:31:33,kovan2,17877235,17877214,21
2020-04-12 19:33:01,kovan2,17877256,17877239,17
2020-04-12 19:34:25,kovan2,17877278,17877278,0
2020-04-12 19:35:51,kovan2,17877299,17877281,18
2020-04-12 19:37:17,kovan2,17877321,17877310,11
2020-04-12 19:38:48,kovan2,17877345,17877346,-1
2020-04-12 19:40:21,kovan2,17877368,17877369,-1
2020-04-12 19:41:55,kovan2,17877389,17877370,19
2020-04-12 19:43:19,kovan2,17877412,17877401,11
2020-04-12 19:44:51,kovan2,17877437,17877402,35
2020-04-12 19:46:34,kovan2,17877459,17877455,4
2020-04-12 19:48:00,kovan2,17877483,17877473,10
2020-04-12 19:49:36,kovan2,17877504,17877503,1
2020-04-12 19:51:01,kovan2,17877527,17877526,1
2020-04-12 19:52:34,kovan2,17877548,17877526,22
2020-04-12 19:53:56,kovan2,17877569,17877526,43
2020-04-12 19:55:24,kovan2,17877592,17877593,-1
2020-04-12 19:56:58,kovan2,17877613,17877614,-1
2020-04-12 19:58:21,kovan2,17877635,17877620,15
2020-04-12 19:59:47,kovan2,17877655,17877642,13
2020-04-12 20:01:12,kovan2,17877677,17877676,1
2020-04-12 20:02:37,kovan2,17877699,17877697,2
2020-04-12 20:04:03,kovan2,17877720,17877697,23
2020-04-12 20:05:30,kovan2,17877742,17877697,45
2020-04-12 20:06:57,kovan2,17877766,17877759,7
2020-04-12 20:08:34,kovan2,17877791,17877782,9
2020-04-12 20:10:11,kovan2,17877810,17877782,28
2020-04-12 20:11:35,kovan2,17877833,17877819,14
2020-04-12 20:13:05,kovan2,17877856,17877852,4
2020-04-12 20:14:35,kovan2,17877879,17877863,16
2020-04-12 20:16:07,kovan2,17877899,17877863,36
2020-04-12 20:17:34,kovan2,17877922,17877913,9
2020-04-12 20:18:58,kovan2,17877942,17877927,15
2020-04-12 20:20:24,kovan2,17877965,17877927,38
2020-04-12 20:21:51,kovan2,17877986,17877927,59
2020-04-12 20:23:17,kovan2,17878007,17877987,20
2020-04-12 20:24:41,kovan2,17878032,17878029,3
2020-04-12 20:26:21,kovan2,17878053,17878029,24
2020-04-12 20:27:44,kovan2,17878075,17878063,12
2020-04-12 20:29:13,kovan2,17878101,17878063,38
2020-04-12 20:30:56,kovan2,17878122,17878097,25
2020-04-12 20:32:22,kovan2,17878147,17878097,50
2020-04-12 20:33:57,kovan2,17878168,17878160,8
2020-04-12 20:35:27,kovan2,17878194,17878170,24
2020-04-12 20:37:09,kovan2,17878216,17878205,11
2020-04-12 20:38:35,kovan2,17878236,17878205,31
2020-04-12 20:40:00,kovan2,17878258,17878238,20
2020-04-12 20:41:27,kovan2,17878278,17878266,12
2020-04-12 20:42:52,kovan2,17878300,17878280,20
2020-04-12 20:44:17,kovan2,17878323,17878280,43
2020-04-12 20:45:50,kovan2,17878345,17878280,65
2020-04-12 20:47:14,kovan2,17878369,17878352,17
2020-04-12 20:48:53,kovan2,17878391,17878386,5
2020-04-12 20:50:23,kovan2,17878415,17878401,14
2020-04-12 20:51:58,kovan2,17878437,17878428,9
2020-04-12 20:53:25,kovan2,17878458,17878428,30
2020-04-12 20:54:48,kovan2,17878497,17878471,26
2020-04-12 20:57:25,kovan2,17878529,17878518,11
2020-04-12 20:59:32,kovan2,17878552,17878518,34
2020-04-12 21:01:03,kovan2,17878575,17878518,57
2020-04-12 21:02:37,kovan2,17878601,17878572,29
2020-04-12 21:04:21,kovan2,17878623,17878572,51
2020-04-12 21:05:51,kovan2,17878645,17878572,73
2020-04-12 21:07:15,kovan2,17878666,17878572,94
2020-04-12 21:08:40,kovan2,17878688,17878572,116
2020-04-12 21:10:09,kovan2,17878713,17878699,14
2020-04-12 21:11:50,kovan2,17878736,17878736,0
2020-04-12 21:13:18,kovan2,17878758,17878741,17
2020-04-12 21:14:51,kovan2,17878785,17878769,16
2020-04-12 21:16:43,kovan2,17878807,17878769,38
2020-04-12 21:18:09,kovan2,17878839,17878769,70
2020-04-12 21:20:16,kovan2,17878863,17878769,94
2020-04-12 21:21:57,kovan2,17878887,17878769,118
2020-04-12 21:23:29,kovan2,17878912,17878892,20
2020-04-12 21:25:11,kovan2,17878936,17878892,44
2020-04-12 21:26:43,kovan2,17878957,17878892,65
2020-04-12 21:28:11,kovan2,17878979,17878968,11
2020-04-12 21:29:35,kovan2,17878999,17878968,31
2020-04-12 21:30:58,kovan2,17879021,17879022,-1
2020-04-12 21:32:27,kovan2,17879048,17879041,7
2020-04-12 21:34:11,kovan2,17879071,17879057,14
2020-04-12 21:35:44,kovan2,17879093,17879074,19
2020-04-12 21:37:12,kovan2,17879114,17879108,6
2020-04-12 21:38:37,kovan2,17879137,17879121,16
2020-04-12 21:40:09,kovan2,17879160,17879148,12
2020-04-12 21:41:39,kovan2,17879180,17879148,32
2020-04-12 21:43:03,kovan2,17879205,17879201,4
2020-04-12 21:44:40,kovan2,17879225,17879201,24
2020-04-12 21:46:03,kovan2,17879248,17879232,16
2020-04-12 21:47:32,kovan2,17879269,17879246,23
2020-04-12 21:48:59,kovan2,17879292,17879282,10
2020-04-12 21:50:30,kovan2,17879314,17879282,32
2020-04-12 21:52:01,kovan2,17879341,17879326,15
2020-04-12 21:53:50,kovan2,17879364,17879354,10
2020-04-12 21:55:24,kovan2,17879387,17879354,33
2020-04-12 21:56:50,kovan2,17879407,17879354,53
2020-04-12 21:58:13,kovan2,17879432,17879412,20
2020-04-12 21:59:56,kovan2,17879455,17879440,15
2020-04-12 22:01:28,kovan2,17879477,17879475,2
2020-04-12 22:02:56,kovan2,17879503,17879475,28
2020-04-12 22:04:43,kovan2,17879525,17879475,50
2020-04-12 22:06:07,kovan2,17879546,17879533,13
2020-04-12 22:07:32,kovan2,17879568,17879568,0
2020-04-12 22:09:06,kovan2,17879589,17879568,21
2020-04-12 22:10:29,kovan2,17879613,17879609,4
2020-04-12 22:12:04,kovan2,17879635,17879609,26
2020-04-12 22:13:32,kovan2,17879656,17879609,47
2020-04-12 22:14:55,kovan2,17879679,17879661,18
2020-04-12 22:16:29,kovan2,17879700,17879683,17
2020-04-12 22:17:55,kovan2,17879722,17879717,5
2020-04-12 22:19:21,kovan2,17879746,17879734,12
2020-04-12 22:21:00,kovan2,17879767,17879734,33
2020-04-12 22:22:26,kovan2,17879789,17879780,9
2020-04-12 22:23:52,kovan2,17879811,17879780,31
2020-04-12 22:25:20,kovan2,17879834,17879780,54
2020-04-12 22:26:58,kovan2,17879859,17879780,79
2020-04-12 22:28:37,kovan2,17879879,17879866,13
2020-04-12 22:30:04,kovan2,17879902,17879896,6
2020-04-12 22:31:30,kovan2,17879923,17879920,3
2020-04-12 22:32:54,kovan2,17879945,17879938,7
2020-04-12 22:34:24,kovan2,17879973,17879970,3
2020-04-12 22:36:15,kovan2,17879995,17879970,25
2020-04-12 22:37:48,kovan2,17880016,17879970,46
2020-04-12 22:39:12,kovan2,17880037,17880037,0
2020-04-12 22:40:36,kovan2,17880060,17880047,13
2020-04-12 22:42:06,kovan2,17880092,17880077,15
2020-04-12 22:44:17,kovan2,17880115,17880077,38
2020-04-12 22:45:47,kovan2,17880136,17880077,59
2020-04-12 22:47:14,kovan2,17880163,17880155,8
2020-04-12 22:49:02,kovan2,17880193,17880155,38
2020-04-12 22:51:01,kovan2,17880217,17880155,62
2020-04-12 22:52:37,kovan2,17880241,17880155,86
2020-04-12 22:54:16,kovan2,17880263,17880155,108
2020-04-12 22:55:47,kovan2,17880288,17880155,133
2020-04-12 22:57:24,kovan2,17880313,17880155,158
2020-04-12 22:59:05,kovan2,17880341,17880155,186
2020-04-12 23:00:54,kovan2,17880370,17880155,215
2020-04-12 23:02:52,kovan2,17880393,17880155,238
2020-04-12 23:04:25,kovan2,17880416,17880404,12
2020-04-12 23:06:00,kovan2,17880438,17880404,34
2020-04-12 23:07:25,kovan2,17880462,17880448,14
2020-04-12 23:08:59,kovan2,17880481,17880448,33
2020-04-12 23:10:21,kovan2,17880503,17880501,2
2020-04-12 23:11:47,kovan2,17880524,17880501,23
2020-04-12 23:13:11,kovan2,17880544,17880539,5
2020-04-12 23:14:35,kovan2,17880566,17880554,12
2020-04-12 23:15:59,kovan2,17880587,17880587,0
2020-04-12 23:17:25,kovan2,17880609,17880610,-1
2020-04-12 23:18:54,kovan2,17880632,17880632,0
2020-04-12 23:20:25,kovan2,17880654,17880632,22
2020-04-12 23:21:51,kovan2,17880675,17880669,6
2020-04-12 23:23:16,kovan2,17880700,17880696,4
2020-04-12 23:24:56,kovan2,17880722,17880696,26
2020-04-12 23:26:25,kovan2,17880744,17880745,-1
2020-04-12 23:27:55,kovan2,17880769,17880769,0
2020-04-12 23:29:32,kovan2,17880790,17880776,14
2020-04-12 23:30:59,kovan2,17880812,17880794,18
2020-04-12 23:32:25,kovan2,17880834,17880814,20
2020-04-12 23:33:54,kovan2,17880855,17880855,0
2020-04-12 23:35:18,kovan2,17880878,17880878,0
2020-04-12 23:36:49,kovan2,17880900,17880901,-1
2020-04-12 23:38:17,kovan2,17880922,17880922,0
2020-04-12 23:39:43,kovan2,17880943,17880942,1
2020-04-12 23:41:08,kovan2,17880966,17880956,10
2020-04-12 23:42:40,kovan2,17880989,17880985,4
2020-04-12 23:44:12,kovan2,17881010,17881004,6
2020-04-12 23:45:34,kovan2,17881033,17881022,11
2020-04-12 23:47:11,kovan2,17881057,17881047,10
2020-04-12 23:48:47,kovan2,17881078,17881047,31
2020-04-12 23:50:10,kovan2,17881103,17881089,14
2020-04-12 23:51:50,kovan2,17881124,17881111,13
2020-04-12 23:53:17,kovan2,17881146,17881131,15
2020-04-12 23:54:47,kovan2,17881166,17881150,16
2020-04-12 23:56:10,kovan2,17881188,17881184,4
2020-04-12 23:57:37,kovan2,17881210,17881209,1
2020-04-12 23:59:08,kovan2,17881232,17881214,18
2020-04-13 00:00:33,kovan2,17881255,17881240,15
2020-04-13 00:02:09,kovan2,17881276,17881240,36
2020-04-13 00:03:31,kovan2,17881299,17881283,16
2020-04-13 00:04:59,kovan2,17881320,17881311,9
2020-04-13 00:06:27,kovan2,17881342,17881311,31
2020-04-13 00:07:51,kovan2,17881363,17881360,3
2020-04-13 00:09:15,kovan2,17881385,17881386,-1
2020-04-13 00:10:47,kovan2,17881408,17881388,20
2020-04-13 00:12:18,kovan2,17881431,17881432,-1
2020-04-13 00:13:49,kovan2,17881455,17881445,10
2020-04-13 00:15:27,kovan2,17881478,17881470,8
2020-04-13 00:16:56,kovan2,17881500,17881485,15
2020-04-13 00:18:27,kovan2,17881525,17881511,14
2020-04-13 00:20:04,kovan2,17881544,17881532,12
2020-04-13 00:21:32,kovan2,17881567,17881549,18
2020-04-13 00:23:02,kovan2,17881590,17881591,-1
2020-04-13 00:24:34,kovan2,17881615,17881607,8
2020-04-13 00:26:13,kovan2,17881637,17881623,14
2020-04-13 00:27:39,kovan2,17881659,17881652,7
2020-04-13 00:29:07,kovan2,17881680,17881666,14
2020-04-13 00:30:31,kovan2,17881703,17881694,9
2020-04-13 00:32:04,kovan2,17881725,17881694,31
2020-04-13 00:33:33,kovan2,17881747,17881742,5
2020-04-13 00:35:00,kovan2,17881768,17881767,1
2020-04-13 00:36:25,kovan2,17881792,17881792,0
2020-04-13 00:37:58,kovan2,17881814,17881808,6
2020-04-13 00:39:26,kovan2,17881836,17881826,10
2020-04-13 00:40:56,kovan2,17881858,17881853,5
2020-04-13 00:42:24,kovan2,17881880,17881854,26
2020-04-13 00:43:55,kovan2,17881901,17881854,47
2020-04-13 00:45:23,kovan2,17881924,17881904,20
2020-04-13 00:46:55,kovan2,17881947,17881945,2
2020-04-13 00:48:26,kovan2,17881969,17881956,13
2020-04-13 00:49:53,kovan2,17881991,17881977,14
2020-04-13 00:51:19,kovan2,17882011,17881978,33
2020-04-13 00:52:46,kovan2,17882034,17882024,10
2020-04-13 00:54:17,kovan2,17882056,17882036,20
2020-04-13 00:55:43,kovan2,17882078,17882061,17
2020-04-13 00:57:13,kovan2,17882104,17882096,8
2020-04-13 00:58:57,kovan2,17882127,17882118,9
2020-04-13 01:00:30,kovan2,17882151,17882142,9
2020-04-13 01:02:06,kovan2,17882172,17882161,11
2020-04-13 01:03:34,kovan2,17882194,17882187,7
2020-04-13 01:05:02,kovan2,17882218,17882200,18
2020-04-13 01:06:35,kovan2,17882243,17882241,2
2020-04-13 01:08:17,kovan2,17882264,17882241,23
2020-04-13 01:09:41,kovan2,17882287,17882284,3
2020-04-13 01:11:13,kovan2,17882308,17882299,9
2020-04-13 01:12:39,kovan2,17882331,17882331,0
2020-04-13 01:14:08,kovan2,17882351,17882337,14
2020-04-13 01:15:34,kovan2,17882374,17882373,1
2020-04-13 01:17:06,kovan2,17882396,17882394,2
2020-04-13 01:18:34,kovan2,17882419,17882406,13
2020-04-13 01:20:02,kovan2,17882440,17882424,16
2020-04-13 01:21:35,kovan2,17882461,17882424,37
2020-04-13 01:23:05,kovan2,17882483,17882471,12
2020-04-13 01:24:31,kovan2,17882504,17882487,17
2020-04-13 01:25:56,kovan2,17882526,17882518,8
2020-04-13 01:27:27,kovan2,17882548,17882548,0
2020-04-13 01:28:51,kovan2,17882568,17882548,20
2020-04-13 01:30:15,kovan2,17882590,17882585,5
2020-04-13 01:31:46,kovan2,17882614,17882611,3
2020-04-13 01:33:19,kovan2,17882635,17882625,10
2020-04-13 01:34:47,kovan2,17882656,17882646,10
2020-04-13 01:36:12,kovan2,17882678,17882678,0
2020-04-13 01:37:39,kovan2,17882698,17882699,-1
2020-04-13 01:39:04,kovan2,17882721,17882714,7
2020-04-13 01:40:30,kovan2,17882743,17882743,0
2020-04-13 01:42:00,kovan2,17882768,17882757,11
2020-04-13 01:43:42,kovan2,17882789,17882783,6
2020-04-13 01:45:08,kovan2,17882812,17882805,7
2020-04-13 01:46:35,kovan2,17882833,17882818,15
2020-04-13 01:48:01,kovan2,17882857,17882839,18
2020-04-13 01:49:37,kovan2,17882878,17882865,13
2020-04-13 01:51:02,kovan2,17882900,17882897,3
2020-04-13 01:52:37,kovan2,17882923,17882913,10
2020-04-13 01:54:07,kovan2,17882946,17882939,7
2020-04-13 01:55:40,kovan2,17882966,17882961,5
2020-04-13 01:57:10,kovan2,17882987,17882980,7
2020-04-13 01:58:35,kovan2,17883012,17882995,17
2020-04-13 02:00:13,kovan2,17883036,17883021,15
2020-04-13 02:01:50,kovan2,17883056,17883055,1
2020-04-13 02:03:17,kovan2,17883078,17883063,15
2020-04-13 02:04:46,kovan2,17883099,17883087,12
2020-04-13 02:06:11,kovan2,17883120,17883121,-1
2020-04-13 02:07:34,kovan2,17883143,17883138,5
2020-04-13 02:09:08,kovan2,17883166,17883153,13
2020-04-13 02:10:36,kovan2,17883187,17883177,10
2020-04-13 02:11:59,kovan2,17883209,17883204,5
2020-04-13 02:13:29,kovan2,17883231,17883225,6
2020-04-13 02:14:55,kovan2,17883253,17883247,6
2020-04-13 02:16:23,kovan2,17883274,17883268,6
2020-04-13 02:17:48,kovan2,17883295,17883286,9
2020-04-13 02:19:15,kovan2,17883316,17883315,1
2020-04-13 02:20:39,kovan2,17883337,17883332,5
2020-04-13 02:22:05,kovan2,17883359,17883360,-1
2020-04-13 02:23:34,kovan2,17883383,17883381,2
2020-04-13 02:25:07,kovan2,17883405,17883397,8
2020-04-13 02:26:37,kovan2,17883426,17883427,-1
2020-04-13 02:28:01,kovan2,17883448,17883437,11
2020-04-13 02:29:30,kovan2,17883470,17883470,0
2020-04-13 02:30:55,kovan2,17883491,17883482,9
2020-04-13 02:32:19,kovan2,17883514,17883507,7
2020-04-13 02:33:50,kovan2,17883535,17883535,0
2020-04-13 02:35:15,kovan2,17883555,17883552,3
2020-04-13 02:36:39,kovan2,17883577,17883577,0
2020-04-13 02:38:04,kovan2,17883597,17883584,13
2020-04-13 02:39:31,kovan2,17883618,17883618,0
2020-04-13 02:40:58,kovan2,17883639,17883621,18
2020-04-13 02:42:21,kovan2,17883660,17883646,14
2020-04-13 02:43:47,kovan2,17883683,17883684,-1
2020-04-13 02:45:23,kovan2,17883705,17883699,6
2020-04-13 02:46:48,kovan2,17883727,17883713,14
2020-04-13 02:48:18,kovan2,17883749,17883734,15
2020-04-13 02:49:44,kovan2,17883770,17883757,13
2020-04-13 02:51:14,kovan2,17883788,17883776,12
2020-04-13 02:52:36,kovan2,17883808,17883776,32
2020-04-13 02:54:00,kovan2,17883828,17883776,52
2020-04-13 02:55:24,kovan2,17883850,17883776,74
2020-04-13 02:56:47,kovan2,17883870,17883776,94
2020-04-13 02:58:10,kovan2,17883890,17883776,114
2020-04-13 02:59:33,kovan2,17883910,17883776,134
2020-04-13 03:00:56,kovan2,17883931,17883776,155
2020-04-13 03:02:19,kovan2,17883952,17883776,176
2020-04-13 03:03:43,kovan2,17883972,17883776,196
2020-04-13 03:05:05,kovan2,17883992,17883776,216
2020-04-13 03:06:28,kovan2,17884013,17883776,237
2020-04-13 03:07:51,kovan2,17884035,17883903,132
2020-04-13 03:09:16,kovan2,17884055,17884047,8
2020-04-13 03:10:41,kovan2,17884076,17884074,2
2020-04-13 03:12:04,kovan2,17884095,17884086,9
2020-04-13 03:13:28,kovan2,17884116,17884096,20
2020-04-13 03:14:51,kovan2,17884135,17884096,39
2020-04-13 03:16:13,kovan2,17884156,17884156,0
2020-04-13 03:17:50,kovan2,17884178,17884171,7
2020-04-13 03:19:16,kovan2,17884199,17884195,4
2020-04-13 03:20:40,kovan2,17884221,17884220,1
2020-04-13 03:22:08,kovan2,17884242,17884225,17
2020-04-13 03:23:32,kovan2,17884263,17884264,-1
2020-04-13 03:25:00,kovan2,17884287,17884271,16
2020-04-13 03:26:33,kovan2,17884308,17884287,21
2020-04-13 03:27:59,kovan2,17884329,17884329,0
2020-04-13 03:29:24,kovan2,17884350,17884351,-1
2020-04-13 03:30:50,kovan2,17884373,17884367,6
2020-04-13 03:32:19,kovan2,17884396,17884384,12
2020-04-13 03:33:52,kovan2,17884418,17884407,11
2020-04-13 03:35:23,kovan2,17884442,17884431,11
2020-04-13 03:36:54,kovan2,17884465,17884447,18
2020-04-13 03:38:30,kovan2,17884486,17884487,-1
2020-04-13 03:39:53,kovan2,17884510,17884499,11
2020-04-13 03:41:28,kovan2,17884532,17884530,2
2020-04-13 03:42:57,kovan2,17884553,17884549,4
2020-04-13 03:44:21,kovan2,17884576,17884564,12
2020-04-13 03:45:54,kovan2,17884598,17884598,0
2020-04-13 03:47:21,kovan2,17884621,17884612,9
2020-04-13 03:48:52,kovan2,17884642,17884636,6
2020-04-13 03:50:16,kovan2,17884664,17884659,5
2020-04-13 03:51:43,kovan2,17884686,17884687,-1
2020-04-13 03:53:15,kovan2,17884708,17884687,21
2020-04-13 03:54:39,kovan2,17884729,17884727,2
2020-04-13 03:56:07,kovan2,17884751,17884733,18
2020-04-13 03:57:40,kovan2,17884776,17884771,5
2020-04-13 03:59:22,kovan2,17884797,17884785,12
2020-04-13 04:00:47,kovan2,17884818,17884805,13
2020-04-13 04:02:11,kovan2,17884841,17884841,0
2020-04-13 04:03:44,kovan2,17884863,17884853,10
2020-04-13 04:05:11,kovan2,17884883,17884883,0
2020-04-13 04:06:39,kovan2,17884904,17884883,21
2020-04-13 04:08:07,kovan2,17884925,17884908,17
2020-04-13 04:09:31,kovan2,17884947,17884931,16
2020-04-13 04:11:02,kovan2,17884969,17884966,3
2020-04-13 04:12:28,kovan2,17884990,17884990,0
2020-04-13 04:13:52,kovan2,17885013,17884997,16
2020-04-13 04:15:26,kovan2,17885035,17885036,-1
2020-04-13 04:16:58,kovan2,17885058,17885056,2
2020-04-13 04:18:32,kovan2,17885078,17885079,-1
2020-04-13 04:19:59,kovan2,17885102,17885090,12
2020-04-13 04:21:34,kovan2,17885123,17885123,0
2020-04-13 04:22:59,kovan2,17885145,17885142,3
2020-04-13 04:24:27,kovan2,17885166,17885166,0
2020-04-13 04:25:54,kovan2,17885186,17885181,5
2020-04-13 04:27:19,kovan2,17885207,17885208,-1
2020-04-13 04:28:43,kovan2,17885231,17885231,0
2020-04-13 04:30:18,kovan2,17885251,17885252,-1
2020-04-13 04:31:44,kovan2,17885273,17885271,2
2020-04-13 04:33:09,kovan2,17885295,17885295,0
2020-04-13 04:34:33,kovan2,17885315,17885316,-1
2020-04-13 04:35:59,kovan2,17885339,17885340,-1
2020-04-13 04:37:35,kovan2,17885361,17885362,-1
2020-04-13 04:39:01,kovan2,17885381,17885377,4
2020-04-13 04:40:25,kovan2,17885404,17885401,3
2020-04-13 04:41:50,kovan2,17885426,17885426,0
2020-04-13 04:43:21,kovan2,17885448,17885433,15
2020-04-13 04:44:48,kovan2,17885471,17885470,1
2020-04-13 04:46:22,kovan2,17885493,17885488,5
2020-04-13 04:47:53,kovan2,17885514,17885515,-1
2020-04-13 04:49:18,kovan2,17885539,17885529,10
2020-04-13 04:50:53,kovan2,17885561,17885561,0
2020-04-13 04:52:24,kovan2,17885581,17885573,8
2020-04-13 04:53:47,kovan2,17885601,17885573,28
2020-04-13 04:55:09,kovan2,17885624,17885622,2
2020-04-13 04:56:36,kovan2,17885648,17885643,5
2020-04-13 04:58:13,kovan2,17885672,17885669,3
2020-04-13 04:59:51,kovan2,17885693,17885690,3
2020-04-13 05:01:16,kovan2,17885714,17885705,9
2020-04-13 05:02:44,kovan2,17885734,17885732,2
2020-04-13 05:04:08,kovan2,17885757,17885757,0
2020-04-13 05:05:36,kovan2,17885778,17885779,-1
2020-04-13 05:07:01,kovan2,17885799,17885799,0
2020-04-13 05:08:26,kovan2,17885824,17885813,11
2020-04-13 05:10:05,kovan2,17885846,17885832,14
2020-04-13 05:11:31,kovan2,17885867,17885867,0
2020-04-13 05:12:55,kovan2,17885888,17885876,12
2020-04-13 05:14:18,kovan2,17885907,17885876,31
2020-04-13 05:15:41,kovan2,17885929,17885924,5
2020-04-13 05:17:16,kovan2,17885952,17885952,0
2020-04-13 05:18:44,kovan2,17885976,17885963,13
2020-04-13 05:20:20,kovan2,17885998,17885997,1
2020-04-13 05:21:48,kovan2,17886021,17886021,0
2020-04-13 05:23:19,kovan2,17886042,17886037,5
2020-04-13 05:24:48,kovan2,17886066,17886060,6
2020-04-13 05:26:24,kovan2,17886088,17886083,5
2020-04-13 05:27:53,kovan2,17886112,17886107,5
2020-04-13 05:29:31,kovan2,17886134,17886130,4
2020-04-13 05:30:55,kovan2,17886156,17886153,3
2020-04-13 05:32:24,kovan2,17886177,17886171,6
2020-04-13 05:33:49,kovan2,17886201,17886201,0
2020-04-13 05:35:23,kovan2,17886224,17886224,0
2020-04-13 05:36:56,kovan2,17886246,17886242,4
2020-04-13 05:38:28,kovan2,17886267,17886260,7
2020-04-13 05:39:53,kovan2,17886289,17886289,0
2020-04-13 05:41:20,kovan2,17886310,17886302,8
2020-04-13 05:42:48,kovan2,17886332,17886324,8
2020-04-13 05:44:16,kovan2,17886355,17886348,7
2020-04-13 05:45:51,kovan2,17886376,17886366,10
2020-04-13 05:47:13,kovan2,17886396,17886378,18
2020-04-13 05:48:39,kovan2,17886418,17886410,8
2020-04-13 05:50:06,kovan2,17886439,17886434,5
2020-04-13 05:51:31,kovan2,17886462,17886460,2
2020-04-13 05:53:00,kovan2,17886483,17886480,3
2020-04-13 05:54:24,kovan2,17886508,17886506,2
2020-04-13 05:56:07,kovan2,17886532,17886525,7
2020-04-13 05:57:38,kovan2,17886554,17886546,8
2020-04-13 05:59:07,kovan2,17886575,17886575,0
2020-04-13 06:00:32,kovan2,17886596,17886593,3
2020-04-13 06:01:58,kovan2,17886618,17886614,4
2020-04-13 06:03:23,kovan2,17886640,17886636,4
2020-04-13 06:04:53,kovan2,17886660,17886654,6
2020-04-13 06:06:16,kovan2,17886684,17886677,7
2020-04-13 06:07:50,kovan2,17886704,17886705,-1
2020-04-13 06:09:14,kovan2,17886725,17886726,-1
2020-04-13 06:10:39,kovan2,17886746,17886747,-1
2020-04-13 06:12:02,kovan2,17886768,17886765,3
2020-04-13 06:13:27,kovan2,17886790,17886769,21
2020-04-13 06:14:55,kovan2,17886810,17886811,-1
2020-04-13 06:16:23,kovan2,17886833,17886829,4
2020-04-13 06:17:54,kovan2,17886858,17886858,0
2020-04-13 06:19:30,kovan2,17886879,17886872,7
2020-04-13 06:20:55,kovan2,17886899,17886899,0
2020-04-13 06:22:19,kovan2,17886920,17886913,7
2020-04-13 06:23:43,kovan2,17886941,17886940,1
2020-04-13 06:25:14,kovan2,17886963,17886948,15
2020-04-13 06:26:39,kovan2,17886984,17886984,0
2020-04-13 06:28:05,kovan2,17887005,17887001,4
2020-04-13 06:29:28,kovan2,17887028,17887027,1
2020-04-13 06:31:00,kovan2,17887049,17887046,3
2020-04-13 06:32:27,kovan2,17887072,17887070,2
2020-04-13 06:33:57,kovan2,17887092,17887093,-1
2020-04-13 06:35:23,kovan2,17887114,17887107,7
2020-04-13 06:36:55,kovan2,17887137,17887137,0
2020-04-13 06:38:24,kovan2,17887158,17887149,9
2020-04-13 06:39:49,kovan2,17887181,17887162,19
2020-04-13 06:41:21,kovan2,17887204,17887204,0
2020-04-13 06:42:50,kovan2,17887225,17887210,15
2020-04-13 06:44:14,kovan2,17887245,17887246,-1
2020-04-13 06:45:38,kovan2,17887267,17887267,0
2020-04-13 06:47:05,kovan2,17887290,17887290,0
2020-04-13 06:48:35,kovan2,17887311,17887302,9
2020-04-13 06:49:59,kovan2,17887333,17887321,12
2020-04-13 06:51:28,kovan2,17887357,17887357,0
2020-04-13 06:53:02,kovan2,17887377,17887374,3
2020-04-13 06:54:26,kovan2,17887399,17887396,3
2020-04-13 06:55:53,kovan2,17887422,17887417,5
2020-04-13 06:57:25,kovan2,17887444,17887442,2
2020-04-13 06:58:50,kovan2,17887464,17887460,4
2020-04-13 07:00:14,kovan2,17887485,17887477,8
2020-04-13 07:01:39,kovan2,17887510,17887500,10
2020-04-13 07:03:18,kovan2,17887531,17887531,0
2020-04-13 07:04:45,kovan2,17887553,17887552,1
2020-04-13 07:06:12,kovan2,17887575,17887568,7
2020-04-13 07:07:41,kovan2,17887598,17887594,4
2020-04-13 07:09:12,kovan2,17887619,17887605,14
2020-04-13 07:10:36,kovan2,17887640,17887637,3
2020-04-13 07:12:03,kovan2,17887661,17887656,5
2020-04-13 07:13:28,kovan2,17887683,17887684,-1
2020-04-13 07:14:53,kovan2,17887705,17887702,3
2020-04-13 07:16:18,kovan2,17887726,17887721,5
2020-04-13 07:17:47,kovan2,17887748,17887738,10
2020-04-13 07:19:19,kovan2,17887770,17887768,2
2020-04-13 07:20:44,kovan2,17887790,17887774,16
2020-04-13 07:22:06,kovan2,17887811,17887797,14
2020-04-13 07:23:30,kovan2,17887833,17887816,17
2020-04-13 07:24:54,kovan2,17887854,17887844,10
2020-04-13 07:26:20,kovan2,17887875,17887876,-1
2020-04-13 07:27:49,kovan2,17887894,17887895,-1
2020-04-13 07:29:13,kovan2,17887915,17887913,2
2020-04-13 07:30:37,kovan2,17887936,17887913,23
2020-04-13 07:32:03,kovan2,17887963,17887944,19
2020-04-13 07:33:51,kovan2,17887985,17887968,17
2020-04-13 07:35:20,kovan2,17888005,17887988,17
2020-04-13 07:36:44,kovan2,17888030,17888025,5
2020-04-13 07:38:19,kovan2,17888050,17888044,6
2020-04-13 07:39:45,kovan2,17888071,17888056,15
2020-04-13 07:41:10,kovan2,17888094,17888094,0
2020-04-13 07:42:40,kovan2,17888115,17888096,19
2020-04-13 07:44:03,kovan2,17888137,17888134,3
2020-04-13 07:45:32,kovan2,17888158,17888156,2
2020-04-13 07:46:57,kovan2,17888178,17888172,6
2020-04-13 07:48:19,kovan2,17888199,17888183,16
2020-04-13 07:49:42,kovan2,17888223,17888210,13
2020-04-13 07:51:20,kovan2,17888246,17888234,12
2020-04-13 07:52:50,kovan2,17888269,17888263,6
2020-04-13 07:54:25,kovan2,17888293,17888293,0
2020-04-13 07:56:01,kovan2,17888315,17888316,-1
2020-04-13 07:57:29,kovan2,17888336,17888337,-1
2020-04-13 07:58:54,kovan2,17888358,17888345,13
2020-04-13 08:00:20,kovan2,17888381,17888378,3
2020-04-13 08:01:51,kovan2,17888402,17888397,5
2020-04-13 08:03:21,kovan2,17888425,17888408,17
2020-04-13 08:04:50,kovan2,17888446,17888436,10
2020-04-13 08:06:16,kovan2,17888466,17888467,-1
2020-04-13 08:07:44,kovan2,17888489,17888489,0
2020-04-13 08:09:13,kovan2,17888514,17888508,6
2020-04-13 08:10:52,kovan2,17888535,17888508,27
2020-04-13 08:12:17,kovan2,17888558,17888552,6
2020-04-13 08:13:49,kovan2,17888579,17888574,5
2020-04-13 08:15:14,kovan2,17888601,17888594,7
2020-04-13 08:16:39,kovan2,17888621,17888622,-1
2020-04-13 08:18:04,kovan2,17888643,17888631,12
2020-04-13 08:19:33,kovan2,17888667,17888646,21
2020-04-13 08:21:08,kovan2,17888689,17888689,0
2020-04-13 08:22:35,kovan2,17888712,17888711,1
2020-04-13 08:24:09,kovan2,17888733,17888726,7
2020-04-13 08:25:33,kovan2,17888756,17888756,0
2020-04-13 08:27:03,kovan2,17888777,17888772,5
2020-04-13 08:28:27,kovan2,17888798,17888794,4
2020-04-13 08:29:51,kovan2,17888822,17888820,2
2020-04-13 08:31:31,kovan2,17888843,17888830,13
2020-04-13 08:32:54,kovan2,17888868,17888853,15
2020-04-13 08:34:30,kovan2,17888889,17888883,6
2020-04-13 08:35:54,kovan2,17888909,17888899,10
2020-04-13 08:37:17,kovan2,17888930,17888925,5
2020-04-13 08:38:43,kovan2,17888954,17888941,13
2020-04-13 08:40:16,kovan2,17888978,17888961,17
2020-04-13 08:41:51,kovan2,17889002,17888986,16
2020-04-13 08:43:29,kovan2,17889024,17889022,2
2020-04-13 08:44:59,kovan2,17889046,17889037,9
2020-04-13 08:46:26,kovan2,17889068,17889037,31
2020-04-13 08:47:50,kovan2,17889091,17889081,10
2020-04-13 08:49:24,kovan2,17889112,17889106,6
2020-04-13 08:50:49,kovan2,17889133,17889134,-1
2020-04-13 08:52:13,kovan2,17889155,17889142,13
2020-04-13 08:53:42,kovan2,17889179,17889172,7
2020-04-13 08:55:19,kovan2,17889206,17889197,9
2020-04-13 08:57:04,kovan2,17889227,17889212,15
2020-04-13 08:58:28,kovan2,17889248,17889243,5
2020-04-13 08:59:55,kovan2,17889270,17889252,18
2020-04-13 09:01:24,kovan2,17889296,17889252,44
2020-04-13 09:03:09,kovan2,17889321,17889299,22
2020-04-13 09:04:49,kovan2,17889345,17889333,12
2020-04-13 09:06:23,kovan2,17889370,17889353,17
2020-04-13 09:08:07,kovan2,17889395,17889372,23
2020-04-13 09:09:42,kovan2,17889418,17889372,46
2020-04-13 09:11:17,kovan2,17889445,17889445,0
2020-04-13 09:13:03,kovan2,17889466,17889467,-1
2020-04-13 09:14:29,kovan2,17889490,17889474,16
2020-04-13 09:16:05,kovan2,17889512,17889502,10
2020-04-13 09:17:34,kovan2,17889533,17889522,11
2020-04-13 09:18:56,kovan2,17889556,17889543,13
2020-04-13 09:20:31,kovan2,17889577,17889573,4
2020-04-13 09:21:59,kovan2,17889599,17889596,3
2020-04-13 09:23:22,kovan2,17889619,17889596,23
2020-04-13 09:24:46,kovan2,17889640,17889596,44
2020-04-13 09:26:09,kovan2,17889662,17889596,66
2020-04-13 09:27:34,kovan2,17889683,17889674,9
2020-04-13 09:29:01,kovan2,17889704,17889695,9
2020-04-13 09:30:26,kovan2,17889727,17889724,3
2020-04-13 09:31:56,kovan2,17889750,17889748,2
2020-04-13 09:33:30,kovan2,17889775,17889768,7
2020-04-13 09:35:13,kovan2,17889796,17889787,9
2020-04-13 09:36:38,kovan2,17889817,17889806,11
2020-04-13 09:38:03,kovan2,17889838,17889839,-1
2020-04-13 09:39:26,kovan2,17889860,17889844,16
2020-04-13 09:40:51,kovan2,17889882,17889883,-1
2020-04-13 09:42:22,kovan2,17889905,17889892,13
2020-04-13 09:43:53,kovan2,17889927,17889910,17
2020-04-13 09:45:18,kovan2,17889948,17889934,14
2020-04-13 09:46:41,kovan2,17889971,17889959,12
2020-04-13 09:48:16,kovan2,17889993,17889979,14
2020-04-13 09:49:45,kovan2,17890017,17890012,5
2020-04-13 09:51:25,kovan2,17890040,17890027,13
2020-04-13 09:52:53,kovan2,17890063,17890059,4
2020-04-13 09:54:32,kovan2,17890087,17890081,6
2020-04-13 09:56:07,kovan2,17890110,17890107,3
2020-04-13 09:57:35,kovan2,17890132,17890126,6
2020-04-13 09:59:05,kovan2,17890155,17890155,0
2020-04-13 10:00:37,kovan2,17890176,17890158,18
2020-04-13 10:02:03,kovan2,17890198,17890179,19
2020-04-13 10:03:38,kovan2,17890224,17890225,-1
2020-04-13 10:05:23,kovan2,17890249,17890229,20
2020-04-13 10:07:00,kovan2,17890271,17890271,0
2020-04-13 10:08:27,kovan2,17890297,17890276,21
2020-04-13 10:10:11,kovan2,17890319,17890315,4
2020-04-13 10:18:14,kovan2,17890452,17890315,137
2020-04-13 10:20:37,kovan2,17890479,17890315,164
2020-04-13 10:22:28,kovan2,17890503,17890315,188
2020-04-13 10:23:58,kovan2,17890524,17890315,209
2020-04-13 10:25:25,kovan2,17890544,17890315,229
2020-04-13 10:26:49,kovan2,17890565,17890315,250
2020-04-13 10:28:13,kovan2,17890586,17890315,271
2020-04-13 10:29:40,kovan2,17890608,17890315,293
2020-04-13 10:31:03,kovan2,17890628,17890315,313
2020-04-13 10:32:27,kovan2,17890650,17890315,335
2020-04-13 10:33:56,kovan2,17890672,17890315,357
2020-04-13 10:35:21,kovan2,17890695,17890316,379
2020-04-13 10:36:54,kovan2,17890717,17890316,401
2020-04-13 10:38:22,kovan2,17890738,17890697,41
2020-04-13 10:39:46,kovan2,17890759,17890697,62
2020-04-13 10:41:09,kovan2,17890781,17890777,4
2020-04-13 10:42:39,kovan2,17890803,17890786,17
2020-04-13 10:44:05,kovan2,17890825,17890786,39
2020-04-13 10:45:30,kovan2,17890845,17890836,9
2020-04-13 10:46:53,kovan2,17890871,17890860,11
2020-04-13 10:48:35,kovan2,17890891,17890886,5
2020-04-13 10:49:59,kovan2,17890914,17890900,14
2020-04-13 10:51:31,kovan2,17890936,17890920,16
2020-04-13 10:52:57,kovan2,17890957,17890939,18
2020-04-13 10:54:23,kovan2,17890978,17890967,11
2020-04-13 10:55:46,kovan2,17891000,17890986,14
2020-04-13 10:57:14,kovan2,17891023,17891012,11
2020-04-13 10:58:45,kovan2,17891045,17891030,15
2020-04-13 11:00:15,kovan2,17891068,17891052,16
2020-04-13 11:01:45,kovan2,17891092,17891081,11
2020-04-13 11:03:22,kovan2,17891114,17891108,6
2020-04-13 11:04:53,kovan2,17891136,17891125,11
2020-04-13 11:06:22,kovan2,17891158,17891125,33
2020-04-13 11:07:55,kovan2,17891180,17891125,55
2020-04-13 11:09:25,kovan2,17891205,17891201,4
2020-04-13 11:10:59,kovan2,17891226,17891201,25
2020-04-13 11:12:31,kovan2,17891249,17891235,14
2020-04-13 11:13:56,kovan2,17891271,17891258,13
2020-04-13 11:15:26,kovan2,17891294,17891258,36
2020-04-13 11:16:57,kovan2,17891315,17891258,57
2020-04-13 11:18:21,kovan2,17891337,17891318,19
2020-04-13 11:19:48,kovan2,17891357,17891318,39
2020-04-13 11:21:13,kovan2,17891382,17891365,17
2020-04-13 11:22:49,kovan2,17891403,17891388,15
2020-04-13 11:24:15,kovan2,17891428,17891417,11
2020-04-13 11:25:53,kovan2,17891450,17891417,33
2020-04-13 11:27:18,kovan2,17891470,17891417,53
2020-04-13 11:28:46,kovan2,17891491,17891483,8
2020-04-13 11:30:12,kovan2,17891513,17891510,3
2020-04-13 11:31:43,kovan2,17891535,17891533,2
2020-04-13 11:33:08,kovan2,17891558,17891556,2
2020-04-13 11:34:42,kovan2,17891581,17891556,25
2020-04-13 11:36:13,kovan2,17891602,17891593,9
2020-04-13 11:37:38,kovan2,17891623,17891623,0
2020-04-13 11:39:05,kovan2,17891644,17891625,19
2020-04-13 11:40:31,kovan2,17891666,17891646,20
2020-04-13 11:42:01,kovan2,17891687,17891674,13
2020-04-13 11:43:24,kovan2,17891710,17891700,10
2020-04-13 11:44:57,kovan2,17891731,17891721,10
2020-04-13 11:46:26,kovan2,17891753,17891734,19
2020-04-13 11:47:55,kovan2,17891775,17891734,41
2020-04-13 11:49:22,kovan2,17891797,17891791,6
2020-04-13 11:50:50,kovan2,17891819,17891807,12
2020-04-13 11:52:15,kovan2,17891840,17891837,3
2020-04-13 11:53:42,kovan2,17891864,17891849,15
2020-04-13 11:55:16,kovan2,17891885,17891872,13
2020-04-13 11:56:44,kovan2,17891907,17891903,4
2020-04-13 11:58:09,kovan2,17891931,17891921,10
2020-04-13 11:59:44,kovan2,17891953,17891934,19
2020-04-13 12:01:14,kovan2,17891973,17891974,-1
2020-04-13 12:02:37,kovan2,17891993,17891989,4
2020-04-13 12:04:02,kovan2,17892015,17892004,11
2020-04-13 12:05:34,kovan2,17892037,17892028,9
2020-04-13 12:06:57,kovan2,17892058,17892043,15
2020-04-13 12:08:24,kovan2,17892079,17892061,18
2020-04-13 12:09:49,kovan2,17892102,17892098,4
2020-04-13 12:11:23,kovan2,17892130,17892098,32
2020-04-13 12:13:13,kovan2,17892152,17892149,3
2020-04-13 12:14:41,kovan2,17892174,17892174,0
2020-04-13 12:16:07,kovan2,17892196,17892178,18
2020-04-13 12:17:43,kovan2,17892217,17892200,17
2020-04-13 12:19:09,kovan2,17892238,17892220,18
2020-04-13 12:20:34,kovan2,17892260,17892259,1
2020-04-13 12:22:05,kovan2,17892282,17892277,5
2020-04-13 12:23:37,kovan2,17892304,17892300,4
2020-04-13 12:25:06,kovan2,17892326,17892300,26
2020-04-13 12:26:34,kovan2,17892347,17892346,1
2020-04-13 12:28:00,kovan2,17892368,17892346,22
2020-04-13 12:29:27,kovan2,17892390,17892379,11
2020-04-13 12:30:54,kovan2,17892413,17892379,34
2020-04-13 12:32:25,kovan2,17892436,17892419,17
2020-04-13 12:33:55,kovan2,17892458,17892419,39
2020-04-13 12:35:23,kovan2,17892482,17892478,4
2020-04-13 12:37:00,kovan2,17892503,17892478,25
2020-04-13 12:38:25,kovan2,17892526,17892507,19
2020-04-13 12:39:54,kovan2,17892548,17892530,18
2020-04-13 12:41:27,kovan2,17892572,17892562,10
2020-04-13 12:43:03,kovan2,17892594,17892562,32
2020-04-13 12:44:27,kovan2,17892615,17892596,19
2020-04-13 12:45:51,kovan2,17892637,17892637,0
2020-04-13 12:47:20,kovan2,17892660,17892640,20
2020-04-13 12:48:52,kovan2,17892683,17892679,4
2020-04-13 12:50:26,kovan2,17892705,17892679,26
2020-04-13 12:51:54,kovan2,17892729,17892715,14
2020-04-13 12:53:30,kovan2,17892751,17892715,36
2020-04-13 12:54:55,kovan2,17892774,17892762,12
2020-04-13 12:56:27,kovan2,17892796,17892762,34
2020-04-13 12:57:57,kovan2,17892817,17892762,55
2020-04-13 12:59:21,kovan2,17892839,17892826,13
2020-04-13 13:00:50,kovan2,17892861,17892856,5
2020-04-13 13:02:18,kovan2,17892888,17892856,32
2020-04-13 13:04:05,kovan2,17892910,17892896,14
2020-04-13 13:05:31,kovan2,17892932,17892896,36
2020-04-13 13:06:59,kovan2,17892955,17892932,23
2020-04-13 13:08:32,kovan2,17892978,17892934,44
2020-04-13 13:10:04,kovan2,17893000,17892934,66
2020-04-13 13:11:33,kovan2,17893025,17892934,91
2020-04-13 13:13:13,kovan2,17893046,17892934,112
2020-04-13 13:14:36,kovan2,17893070,17893067,3
2020-04-13 13:16:11,kovan2,17893090,17893086,4
2020-04-13 13:17:35,kovan2,17893111,17893112,-1
2020-04-13 13:19:02,kovan2,17893135,17893123,12
2020-04-13 13:20:42,kovan2,17893156,17893123,33
2020-04-13 13:22:10,kovan2,17893177,17893169,8
2020-04-13 13:23:38,kovan2,17893202,17893171,31
2020-04-13 13:25:18,kovan2,17893222,17893216,6
2020-04-13 13:26:45,kovan2,17893243,17893232,11
2020-04-13 13:28:14,kovan2,17893263,17893246,17
2020-04-13 13:29:38,kovan2,17893285,17893280,5
2020-04-13 13:31:08,kovan2,17893305,17893299,6
2020-04-13 13:32:34,kovan2,17893327,17893309,18
2020-04-13 13:34:07,kovan2,17893350,17893350,0
2020-04-13 13:35:43,kovan2,17893374,17893350,24
2020-04-13 13:37:15,kovan2,17893396,17893394,2
2020-04-13 13:38:45,kovan2,17893418,17893415,3
2020-04-13 13:40:13,kovan2,17893438,17893415,23
2020-04-13 13:41:37,kovan2,17893460,17893456,4
2020-04-13 13:43:05,kovan2,17893481,17893456,25
2020-04-13 13:44:30,kovan2,17893503,17893489,14
2020-04-13 13:45:58,kovan2,17893524,17893523,1
2020-04-13 13:47:24,kovan2,17893544,17893543,1
2020-04-13 13:48:53,kovan2,17893565,17893563,2
2020-04-13 13:50:21,kovan2,17893588,17893563,25
2020-04-13 13:51:52,kovan2,17893609,17893609,0
2020-04-13 13:53:19,kovan2,17893630,17893611,19
2020-04-13 13:54:44,kovan2,17893653,17893611,42
2020-04-13 13:56:17,kovan2,17893674,17893611,63
2020-04-13 13:57:43,kovan2,17893696,17893611,85
2020-04-13 13:59:10,kovan2,17893716,17893715,1
2020-04-13 14:00:35,kovan2,17893737,17893715,22
2020-04-13 14:01:58,kovan2,17893759,17893738,21
2020-04-13 14:03:33,kovan2,17893780,17893770,10
2020-04-13 14:05:08,kovan2,17893800,17893770,30
2020-04-13 14:06:35,kovan2,17893822,17893770,52
2020-04-13 14:08:06,kovan2,17893846,17893770,76
2020-04-13 14:09:39,kovan2,17893867,17893868,-1
2020-04-13 14:11:06,kovan2,17893890,17893875,15
2020-04-13 14:12:37,kovan2,17893913,17893875,38
2020-04-13 14:14:08,kovan2,17893936,17893875,61
2020-04-13 14:15:38,kovan2,17893957,17893938,19
2020-04-13 14:17:06,kovan2,17893979,17893964,15
2020-04-13 14:18:33,kovan2,17894004,17893994,10
2020-04-13 14:20:12,kovan2,17894026,17894017,9
2020-04-13 14:21:42,kovan2,17894049,17894048,1
2020-04-13 14:23:13,kovan2,17894070,17894071,-1
2020-04-13 14:24:38,kovan2,17894093,17894081,12
2020-04-13 14:26:10,kovan2,17894114,17894112,2
2020-04-13 14:27:33,kovan2,17894139,17894138,1
2020-04-13 14:29:13,kovan2,17894160,17894138,22
2020-04-13 14:30:39,kovan2,17894182,17894180,2
2020-04-13 14:32:05,kovan2,17894206,17894195,11
2020-04-13 14:33:45,kovan2,17894229,17894226,3
2020-04-13 14:35:10,kovan2,17894253,17894250,3
2020-04-13 14:36:51,kovan2,17894276,17894271,5
2020-04-13 14:38:20,kovan2,17894297,17894294,3
2020-04-13 14:39:44,kovan2,17894317,17894294,23
2020-04-13 14:41:09,kovan2,17894343,17894326,17
2020-04-13 14:42:51,kovan2,17894365,17894364,1
2020-04-13 14:44:22,kovan2,17894392,17894390,2
2020-04-13 14:46:09,kovan2,17894414,17894405,9
2020-04-13 14:47:35,kovan2,17894438,17894425,13
2020-04-13 14:49:15,kovan2,17894467,17894459,8
2020-04-13 14:51:09,kovan2,17894488,17894489,-1
2020-04-13 14:52:33,kovan2,17894510,17894510,0
2020-04-13 14:54:00,kovan2,17894531,17894531,0
2020-04-13 14:55:26,kovan2,17894552,17894553,-1
2020-04-13 14:56:50,kovan2,17894574,17894575,-1
2020-04-13 14:58:19,kovan2,17894597,17894598,-1
2020-04-13 14:59:49,kovan2,17894618,17894606,12
2020-04-13 15:01:13,kovan2,17894639,17894627,12
2020-04-13 15:02:39,kovan2,17894662,17894660,2
2020-04-13 15:04:10,kovan2,17894685,17894660,25
2020-04-13 15:05:44,kovan2,17894709,17894699,10
2020-04-13 15:07:18,kovan2,17894731,17894726,5
2020-04-13 15:08:46,kovan2,17894753,17894731,22
2020-04-13 15:10:14,kovan2,17894778,17894766,12
2020-04-13 15:11:52,kovan2,17894800,17894793,7
2020-04-13 15:13:20,kovan2,17894822,17894805,17
2020-04-13 15:14:48,kovan2,17894845,17894836,9
2020-04-13 15:16:19,kovan2,17894866,17894866,0
2020-04-13 15:17:46,kovan2,17894887,17894874,13
2020-04-13 15:19:10,kovan2,17894908,17894888,20
2020-04-13 15:20:34,kovan2,17894931,17894924,7
2020-04-13 15:22:04,kovan2,17894952,17894950,2
2020-04-13 15:23:30,kovan2,17894976,17894965,11
2020-04-13 15:25:05,kovan2,17894999,17894991,8
2020-04-13 15:26:38,kovan2,17895020,17895019,1
2020-04-13 15:28:01,kovan2,17895042,17895040,2
2020-04-13 15:29:29,kovan2,17895064,17895058,6
2020-04-13 15:30:57,kovan2,17895090,17895085,5
2020-04-13 15:32:39,kovan2,17895116,17895103,13
2020-04-13 15:34:24,kovan2,17895137,17895128,9
2020-04-13 15:35:47,kovan2,17895167,17895145,22
2020-04-13 15:37:47,kovan2,17895191,17895182,9
2020-04-13 15:39:24,kovan2,17895215,17895211,4
2020-04-13 15:40:59,kovan2,17895235,17895218,17
2020-04-13 15:42:25,kovan2,17895258,17895247,11
2020-04-13 15:43:56,kovan2,17895281,17895280,1
2020-04-13 15:45:31,kovan2,17895302,17895280,22
2020-04-13 15:46:54,kovan2,17895323,17895320,3
2020-04-13 15:48:17,kovan2,17895345,17895329,16
2020-04-13 15:49:46,kovan2,17895367,17895359,8
2020-04-13 15:51:11,kovan2,17895388,17895383,5
2020-04-13 15:52:38,kovan2,17895409,17895404,5
2020-04-13 15:54:01,kovan2,17895431,17895404,27
2020-04-13 15:55:29,kovan2,17895452,17895452,0
2020-04-13 15:56:53,kovan2,17895473,17895461,12
2020-04-13 15:58:18,kovan2,17895495,17895484,11
2020-04-13 15:59:45,kovan2,17895519,17895484,35
2020-04-13 16:01:19,kovan2,17895540,17895484,56
2020-04-13 16:02:44,kovan2,17895562,17895544,18
2020-04-13 16:04:12,kovan2,17895583,17895569,14
2020-04-13 16:05:38,kovan2,17895605,17895586,19
2020-04-13 16:07:04,kovan2,17895626,17895614,12
2020-04-13 16:08:27,kovan2,17895646,17895638,8
2020-04-13 16:09:51,kovan2,17895668,17895665,3
2020-04-13 16:11:16,kovan2,17895690,17895690,0
2020-04-13 16:12:46,kovan2,17895711,17895694,17
2020-04-13 16:14:12,kovan2,17895733,17895734,-1
2020-04-13 16:15:39,kovan2,17895755,17895750,5
2020-04-13 16:17:06,kovan2,17895777,17895775,2
2020-04-13 16:18:30,kovan2,17895800,17895795,5
2020-04-13 16:20:04,kovan2,17895824,17895810,14
2020-04-13 16:21:41,kovan2,17895845,17895842,3
2020-04-13 16:23:10,kovan2,17895867,17895842,25
2020-04-13 16:24:39,kovan2,17895889,17895889,0
2020-04-13 16:26:04,kovan2,17895910,17895895,15
2020-04-13 16:27:35,kovan2,17895933,17895895,38
2020-04-13 16:29:08,kovan2,17895959,17895895,64
2020-04-13 16:30:49,kovan2,17895984,17895966,18
2020-04-13 16:32:29,kovan2,17896005,17895966,39
2020-04-13 16:33:54,kovan2,17896027,17895966,61
2020-04-13 16:35:19,kovan2,17896050,17895966,84
2020-04-13 16:36:50,kovan2,17896071,17896062,9
2020-04-13 16:38:19,kovan2,17896092,17896087,5
2020-04-13 16:39:45,kovan2,17896116,17896115,1
2020-04-13 16:41:15,kovan2,17896137,17896115,22
2020-04-13 16:42:42,kovan2,17896160,17896161,-1
2020-04-13 16:44:13,kovan2,17896182,17896161,21
2020-04-13 16:45:40,kovan2,17896204,17896161,43
2020-04-13 16:47:10,kovan2,17896227,17896226,1
2020-04-13 16:48:40,kovan2,17896248,17896247,1
2020-04-13 16:50:05,kovan2,17896270,17896261,9
2020-04-13 16:51:32,kovan2,17896291,17896291,0
2020-04-13 16:52:57,kovan2,17896313,17896314,-1
2020-04-13 16:54:27,kovan2,17896334,17896322,12
2020-04-13 16:55:52,kovan2,17896356,17896340,16
2020-04-13 16:57:17,kovan2,17896377,17896362,15
2020-04-13 16:58:42,kovan2,17896401,17896401,0
2020-04-13 17:00:14,kovan2,17896421,17896414,7
2020-04-13 17:01:40,kovan2,17896442,17896418,24
2020-04-13 17:03:06,kovan2,17896464,17896459,5
2020-04-13 17:04:33,kovan2,17896486,17896486,0
2020-04-13 17:05:59,kovan2,17896507,17896508,-1
2020-04-13 17:07:30,kovan2,17896528,17896512,16
2020-04-13 17:08:53,kovan2,17896549,17896535,14
2020-04-13 17:10:15,kovan2,17896573,17896556,17
2020-04-13 17:11:49,kovan2,17896593,17896577,16
2020-04-13 17:13:12,kovan2,17896614,17896601,13
2020-04-13 17:14:37,kovan2,17896635,17896602,33
2020-04-13 17:16:00,kovan2,17896656,17896645,11
2020-04-13 17:17:24,kovan2,17896675,17896645,30
2020-04-13 17:18:48,kovan2,17896698,17896684,14
2020-04-13 17:20:17,kovan2,17896719,17896718,1
2020-04-13 17:21:43,kovan2,17896743,17896742,1
2020-04-13 17:23:14,kovan2,17896764,17896749,15
2020-04-13 17:24:41,kovan2,17896785,17896764,21
2020-04-13 17:26:04,kovan2,17896804,17896793,11
2020-04-13 17:27:29,kovan2,17896828,17896810,18
2020-04-13 17:29:03,kovan2,17896849,17896839,10
2020-04-13 17:30:28,kovan2,17896871,17896871,0
2020-04-13 17:31:51,kovan2,17896892,17896886,6
2020-04-13 17:33:17,kovan2,17896914,17896908,6
2020-04-13 17:34:43,kovan2,17896934,17896922,12
2020-04-13 17:36:06,kovan2,17896957,17896947,10
2020-04-13 17:37:36,kovan2,17896978,17896976,2
2020-04-13 17:39:04,kovan2,17897001,17896997,4
2020-04-13 17:40:32,kovan2,17897021,17897000,21
2020-04-13 17:41:56,kovan2,17897041,17897022,19
2020-04-13 17:43:19,kovan2,17897064,17897042,22
2020-04-13 17:44:52,kovan2,17897084,17897085,-1
2020-04-13 17:46:15,kovan2,17897104,17897105,-1
2020-04-13 17:47:37,kovan2,17897125,17897124,1
2020-04-13 17:49:07,kovan2,17897146,17897146,0
2020-04-13 17:50:32,kovan2,17897167,17897168,-1
2020-04-13 17:51:59,kovan2,17897188,17897189,-1
2020-04-13 17:53:22,kovan2,17897209,17897209,0
2020-04-13 17:54:45,kovan2,17897230,17897230,0
2020-04-13 17:56:10,kovan2,17897249,17897250,-1
2020-04-13 17:57:34,kovan2,17897270,17897271,-1
2020-04-13 17:58:58,kovan2,17897291,17897292,-1
2020-04-13 18:00:22,kovan2,17897312,17897308,4
2020-04-13 18:01:46,kovan2,17897335,17897329,6
2020-04-13 18:03:22,kovan2,17897356,17897345,11
2020-04-13 18:04:45,kovan2,17897379,17897365,14
2020-04-13 18:06:19,kovan2,17897400,17897394,6
2020-04-13 18:07:42,kovan2,17897420,17897421,-1
2020-04-13 18:09:07,kovan2,17897443,17897433,10
2020-04-13 18:10:43,kovan2,17897463,17897433,30
2020-04-13 18:12:08,kovan2,17897484,17897471,13
2020-04-13 18:13:30,kovan2,17897506,17897503,3
2020-04-13 18:14:57,kovan2,17897534,17897503,31
2020-04-13 18:16:48,kovan2,17897555,17897503,52
2020-04-13 18:18:11,kovan2,17897578,17897503,75
2020-04-13 18:19:43,kovan2,17897602,17897503,99
2020-04-13 18:21:22,kovan2,17897623,17897503,120
2020-04-13 18:22:45,kovan2,17897645,17897503,142
2020-04-13 18:24:11,kovan2,17897666,17897655,11
2020-04-13 18:25:35,kovan2,17897686,17897655,31
2020-04-13 18:26:58,kovan2,17897708,17897655,53
2020-04-13 18:28:25,kovan2,17897729,17897655,74
2020-04-13 18:29:48,kovan2,17897750,17897655,95
2020-04-13 18:31:10,kovan2,17897770,17897655,115
2020-04-13 18:32:33,kovan2,17897791,17897655,136
2020-04-13 18:33:56,kovan2,17897812,17897655,157
2020-04-13 18:35:19,kovan2,17897832,17897655,177
2020-04-13 18:36:41,kovan2,17897853,17897655,198
2020-04-13 18:38:05,kovan2,17897874,17897655,219
2020-04-13 18:39:29,kovan2,17897895,17897886,9
2020-04-13 18:40:53,kovan2,17897916,17897906,10
2020-04-13 18:42:16,kovan2,17897937,17897936,1
2020-04-13 18:43:41,kovan2,17897959,17897947,12
2020-04-13 18:45:08,kovan2,17897980,17897947,33
2020-04-13 18:46:31,kovan2,17898001,17897992,9
2020-04-13 18:47:58,kovan2,17898022,17898014,8
2020-04-13 18:49:21,kovan2,17898044,17898037,7
2020-04-13 18:50:47,kovan2,17898065,17898064,1
2020-04-13 18:52:12,kovan2,17898086,17898079,7
2020-04-13 18:53:35,kovan2,17898108,17898103,5
2020-04-13 18:55:05,kovan2,17898131,17898123,8
2020-04-13 18:56:35,kovan2,17898152,17898138,14
2020-04-13 18:58:00,kovan2,17898173,17898138,35
2020-04-13 18:59:24,kovan2,17898193,17898138,55
2020-04-13 19:00:48,kovan2,17898214,17898204,10
2020-04-13 19:02:12,kovan2,17898236,17898223,13
2020-04-13 19:03:37,kovan2,17898258,17898253,5
2020-04-13 19:05:11,kovan2,17898281,17898272,9
2020-04-13 19:06:40,kovan2,17898302,17898289,13
2020-04-13 19:08:13,kovan2,17898324,17898324,0
2020-04-13 19:09:36,kovan2,17898344,17898345,-1
2020-04-13 19:11:04,kovan2,17898366,17898366,0
2020-04-13 19:12:29,kovan2,17898388,17898385,3
2020-04-13 19:13:56,kovan2,17898409,17898404,5
2020-04-13 19:15:23,kovan2,17898431,17898428,3
2020-04-13 19:16:49,kovan2,17898454,17898449,5
2020-04-13 19:18:20,kovan2,17898476,17898455,21
2020-04-13 19:19:47,kovan2,17898497,17898494,3
2020-04-13 19:21:15,kovan2,17898520,17898512,8
2020-04-13 19:22:46,kovan2,17898541,17898540,1
2020-04-13 19:24:10,kovan2,17898563,17898559,4
2020-04-13 19:25:36,kovan2,17898584,17898580,4
2020-04-13 19:27:01,kovan2,17898605,17898584,21
2020-04-13 19:28:25,kovan2,17898627,17898628,-1
2020-04-13 19:29:53,kovan2,17898649,17898640,9
2020-04-13 19:31:23,kovan2,17898671,17898663,8
2020-04-13 19:32:49,kovan2,17898692,17898690,2
2020-04-13 19:34:15,kovan2,17898716,17898708,8
2020-04-13 19:35:47,kovan2,17898740,17898722,18
2020-04-13 19:37:21,kovan2,17898760,17898722,38
2020-04-13 19:38:45,kovan2,17898780,17898762,18
2020-04-13 19:40:08,kovan2,17898800,17898787,13
2020-04-13 19:41:30,kovan2,17898823,17898820,3
2020-04-13 19:43:00,kovan2,17898845,17898842,3
2020-04-13 19:44:32,kovan2,17898866,17898842,24
2020-04-13 19:45:55,kovan2,17898887,17898842,45
2020-04-13 19:47:18,kovan2,17898907,17898908,-1
2020-04-13 19:48:43,kovan2,17898929,17898927,2
2020-04-13 19:50:09,kovan2,17898950,17898927,23
2020-04-13 19:51:33,kovan2,17898977,17898927,50
2020-04-13 19:53:20,kovan2,17898999,17899000,-1
2020-04-13 19:54:51,kovan2,17899022,17899022,0
2020-04-13 19:56:21,kovan2,17899043,17899043,0
2020-04-13 19:57:45,kovan2,17899065,17899061,4
2020-04-13 19:59:13,kovan2,17899088,17899078,10
2020-04-13 20:00:47,kovan2,17899110,17899078,32
2020-04-13 20:02:14,kovan2,17899137,17899128,9
2020-04-13 20:04:00,kovan2,17899160,17899144,16
2020-04-13 20:05:33,kovan2,17899182,17899176,6
2020-04-13 20:07:02,kovan2,17899205,17899197,8
2020-04-13 20:08:31,kovan2,17899230,17899228,2
2020-04-13 20:10:14,kovan2,17899252,17899246,6
2020-04-13 20:11:41,kovan2,17899275,17899261,14
2020-04-13 20:13:11,kovan2,17899295,17899261,34
2020-04-13 20:14:36,kovan2,17899318,17899316,2
2020-04-13 20:16:05,kovan2,17899338,17899316,22
2020-04-13 20:17:27,kovan2,17899360,17899316,44
2020-04-13 20:18:52,kovan2,17899381,17899316,65
2020-04-13 20:20:16,kovan2,17899402,17899316,86
2020-04-13 20:21:40,kovan2,17899423,17899423,0
2020-04-13 20:23:06,kovan2,17899446,17899437,9
2020-04-13 20:24:33,kovan2,17899468,17899463,5
2020-04-13 20:26:05,kovan2,17899489,17899463,26
2020-04-13 20:27:30,kovan2,17899510,17899463,47
2020-04-13 20:28:54,kovan2,17899531,17899463,68
2020-04-13 20:30:17,kovan2,17899552,17899463,89
2020-04-13 20:31:41,kovan2,17899576,17899572,4
2020-04-13 20:33:16,kovan2,17899603,17899587,16
2020-04-13 20:35:06,kovan2,17899625,17899625,0
2020-04-13 20:36:31,kovan2,17899646,17899630,16
2020-04-13 20:37:57,kovan2,17899667,17899645,22
2020-04-13 20:39:21,kovan2,17899688,17899669,19
2020-04-13 20:40:45,kovan2,17899711,17899707,4
2020-04-13 20:42:14,kovan2,17899732,17899728,4
2020-04-13 20:43:42,kovan2,17899754,17899753,1
2020-04-13 20:45:07,kovan2,17899774,17899761,13
2020-04-13 20:46:31,kovan2,17899803,17899791,12
2020-04-13 20:48:28,kovan2,17899826,17899824,2
2020-04-13 20:49:58,kovan2,17899847,17899828,19
2020-04-13 20:51:21,kovan2,17899869,17899855,14
2020-04-13 20:52:50,kovan2,17899890,17899855,35
2020-04-13 20:54:13,kovan2,17899911,17899855,56
2020-04-13 20:55:35,kovan2,17899932,17899921,11
2020-04-13 20:57:03,kovan2,17899954,17899951,3
2020-04-13 20:58:30,kovan2,17899975,17899976,-1
2020-04-13 20:59:54,kovan2,17899997,17899998,-1
2020-04-13 21:01:23,kovan2,17900018,17900011,7
2020-04-13 21:02:51,kovan2,17900041,17900029,12
2020-04-13 21:04:19,kovan2,17900065,17900062,3
2020-04-13 21:05:58,kovan2,17900089,17900071,18
2020-04-13 21:07:33,kovan2,17900112,17900095,17
2020-04-13 21:09:06,kovan2,17900137,17900131,6
2020-04-13 21:10:47,kovan2,17900162,17900150,12
2020-04-13 21:12:24,kovan2,17900183,17900172,11
2020-04-13 21:13:48,kovan2,17900204,17900202,2
2020-04-13 21:15:13,kovan2,17900228,17900224,4
2020-04-13 21:16:49,kovan2,17900250,17900239,11
2020-04-13 21:18:19,kovan2,17900271,17900262,9
2020-04-13 21:19:42,kovan2,17900298,17900289,9
2020-04-13 21:21:30,kovan2,17900319,17900311,8
2020-04-13 21:22:54,kovan2,17900341,17900329,12
2020-04-13 21:24:20,kovan2,17900363,17900351,12
2020-04-13 21:25:48,kovan2,17900385,17900351,34
2020-04-13 21:27:14,kovan2,17900407,17900405,2
2020-04-13 21:28:44,kovan2,17900430,17900429,1
2020-04-13 21:30:19,kovan2,17900452,17900445,7
2020-04-13 21:31:46,kovan2,17900473,17900469,4
2020-04-13 21:33:11,kovan2,17900496,17900480,16
2020-04-13 21:34:39,kovan2,17900519,17900502,17
2020-04-13 21:36:13,kovan2,17900542,17900531,11
2020-04-13 21:37:46,kovan2,17900564,17900531,33
2020-04-13 21:39:11,kovan2,17900584,17900531,53
2020-04-13 21:40:35,kovan2,17900606,17900531,75
2020-04-13 21:41:59,kovan2,17900627,17900621,6
2020-04-13 21:43:22,kovan2,17900649,17900630,19
2020-04-13 21:44:52,kovan2,17900671,17900663,8
2020-04-13 21:46:23,kovan2,17900695,17900663,32
2020-04-13 21:47:57,kovan2,17900720,17900706,14
2020-04-13 21:49:34,kovan2,17900740,17900740,0
2020-04-13 21:50:56,kovan2,17900763,17900763,0
2020-04-13 21:52:28,kovan2,17900789,17900785,4
2020-04-13 21:54:13,kovan2,17900811,17900796,15
2020-04-13 21:55:43,kovan2,17900837,17900831,6
2020-04-13 21:57:26,kovan2,17900858,17900848,10
2020-04-13 21:58:54,kovan2,17900884,17900869,15
2020-04-13 22:00:38,kovan2,17900906,17900895,11
2020-04-13 22:02:05,kovan2,17900927,17900920,7
2020-04-13 22:03:30,kovan2,17900952,17900945,7
2020-04-13 22:05:17,kovan2,17900973,17900974,-1
2020-04-13 22:06:43,kovan2,17900996,17900987,9
2020-04-13 22:08:13,kovan2,17901017,17901003,14
2020-04-13 22:09:39,kovan2,17901037,17901021,16
2020-04-13 22:11:06,kovan2,17901058,17901045,13
2020-04-13 22:12:30,kovan2,17901079,17901045,34
2020-04-13 22:13:53,kovan2,17901104,17901086,18
2020-04-13 22:15:33,kovan2,17901127,17901086,41
2020-04-13 22:17:02,kovan2,17901156,17901138,18
2020-04-13 22:19:03,kovan2,17901177,17901165,12
2020-04-13 22:20:30,kovan2,17901201,17901187,14
2020-04-13 22:22:05,kovan2,17901223,17901223,0
2020-04-13 22:23:33,kovan2,17901244,17901242,2
2020-04-13 22:24:58,kovan2,17901271,17901242,29
2020-04-13 22:26:46,kovan2,17901293,17901242,51
2020-04-13 22:28:15,kovan2,17901318,17901306,12
2020-04-13 22:29:53,kovan2,17901346,17901340,6
2020-04-13 22:31:47,kovan2,17901366,17901366,0
2020-04-13 22:33:10,kovan2,17901389,17901390,-1
2020-04-13 22:34:42,kovan2,17901413,17901396,17
2020-04-13 22:36:18,kovan2,17901435,17901396,39
2020-04-13 22:37:46,kovan2,17901458,17901455,3
2020-04-13 22:39:16,kovan2,17901478,17901466,12
2020-04-13 22:40:40,kovan2,17901502,17901498,4
2020-04-13 22:42:16,kovan2,17901525,17901526,-1
2020-04-13 22:43:47,kovan2,17901547,17901531,16
2020-04-13 22:45:11,kovan2,17901568,17901531,37
2020-04-13 22:46:36,kovan2,17901589,17901531,58
2020-04-13 22:48:02,kovan2,17901609,17901536,73
2020-04-13 22:49:24,kovan2,17901632,17901621,11
2020-04-13 22:50:57,kovan2,17901654,17901647,7
2020-04-13 22:52:24,kovan2,17901675,17901647,28
2020-04-13 22:53:49,kovan2,17901697,17901687,10
2020-04-13 22:55:15,kovan2,17901718,17901711,7
2020-04-13 22:56:43,kovan2,17901742,17901739,3
2020-04-13 22:58:17,kovan2,17901764,17901761,3
2020-04-13 22:59:51,kovan2,17901788,17901781,7
2020-04-13 23:01:28,kovan2,17901809,17901798,11
2020-04-13 23:02:50,kovan2,17901835,17901832,3
2020-04-13 23:04:32,kovan2,17901856,17901854,2
2020-04-13 23:05:57,kovan2,17901881,17901867,14
2020-04-13 23:07:39,kovan2,17901901,17901902,-1
2020-04-13 23:09:02,kovan2,17901922,17901920,2
2020-04-13 23:10:26,kovan2,17901946,17901939,7
2020-04-13 23:12:00,kovan2,17901967,17901967,0
2020-04-13 23:13:23,kovan2,17901987,17901981,6
2020-04-13 23:14:48,kovan2,17902012,17902012,0
2020-04-13 23:16:28,kovan2,17902030,17902029,1
2020-04-13 23:17:57,kovan2,17902046,17902036,10
2020-04-13 23:19:20,kovan2,17902067,17902061,6
2020-04-13 23:21:04,kovan2,17902085,17902083,2
2020-04-13 23:22:29,kovan2,17902104,17902104,0
2020-04-13 23:23:56,kovan2,17902123,17902121,2
2020-04-13 23:25:25,kovan2,17902140,17902141,-1
2020-04-13 23:26:51,kovan2,17902161,17902157,4
2020-04-13 23:28:27,kovan2,17902180,17902177,3
2020-04-13 23:29:59,kovan2,17902199,17902200,-1
2020-04-13 23:31:22,kovan2,17902217,17902203,14
2020-04-13 23:32:45,kovan2,17902234,17902232,2
2020-04-13 23:34:16,kovan2,17902253,17902253,0
2020-04-13 23:35:41,kovan2,17902277,17902272,5
2020-04-13 23:37:17,kovan2,17902303,17902293,10
2020-04-13 23:38:59,kovan2,17902324,17902325,-1
2020-04-13 23:40:27,kovan2,17902350,17902345,5
2020-04-13 23:42:10,kovan2,17902373,17902362,11
2020-04-13 23:43:41,kovan2,17902394,17902376,18
2020-04-13 23:45:06,kovan2,17902415,17902376,39
2020-04-13 23:46:30,kovan2,17902439,17902437,2
2020-04-13 23:48:03,kovan2,17902463,17902460,3
2020-04-13 23:49:39,kovan2,17902484,17902480,4
2020-04-13 23:51:08,kovan2,17902507,17902507,0
2020-04-13 23:52:34,kovan2,17902530,17902527,3
2020-04-13 23:54:08,kovan2,17902555,17902554,1
2020-04-13 23:55:49,kovan2,17902576,17902577,-1
2020-04-13 23:57:15,kovan2,17902598,17902595,3
2020-04-13 23:58:38,kovan2,17902625,17902613,12
2020-04-14 00:00:27,kovan2,17902646,17902646,0
2020-04-14 00:01:50,kovan2,17902669,17902658,11
2020-04-14 00:03:23,kovan2,17902689,17902676,13
2020-04-14 00:04:47,kovan2,17902712,17902712,0
2020-04-14 00:06:16,kovan2,17902733,17902729,4
2020-04-14 00:07:44,kovan2,17902758,17902759,-1
2020-04-14 00:09:22,kovan2,17902781,17902767,14
2020-04-14 00:10:50,kovan2,17902804,17902803,1
2020-04-14 00:12:27,kovan2,17902829,17902823,6
2020-04-14 00:14:06,kovan2,17902855,17902855,0
2020-04-14 00:15:48,kovan2,17902876,17902877,-1
2020-04-14 00:17:13,kovan2,17902897,17902894,3
2020-04-14 00:18:38,kovan2,17902919,17902915,4
2020-04-14 00:20:03,kovan2,17902941,17902934,7
2020-04-14 00:21:32,kovan2,17902962,17902957,5
2020-04-14 00:22:57,kovan2,17902983,17902957,26
2020-04-14 00:24:21,kovan2,17903004,17902990,14
2020-04-14 00:25:45,kovan2,17903026,17903022,4
2020-04-14 00:27:14,kovan2,17903048,17903048,0
2020-04-14 00:28:39,kovan2,17903069,17903069,0
2020-04-14 00:30:04,kovan2,17903092,17903087,5
2020-04-14 00:31:36,kovan2,17903113,17903114,-1
2020-04-14 00:33:02,kovan2,17903135,17903135,0
2020-04-14 00:34:29,kovan2,17903158,17903159,-1
2020-04-14 00:36:02,kovan2,17903180,17903180,0
2020-04-14 00:37:26,kovan2,17903202,17903198,4
2020-04-14 00:38:57,kovan2,17903223,17903224,-1
2020-04-14 00:40:23,kovan2,17903251,17903245,6
2020-04-14 00:42:11,kovan2,17903272,17903273,-1
2020-04-14 00:43:37,kovan2,17903298,17903288,10
2020-04-14 00:45:22,kovan2,17903319,17903319,0
2020-04-14 00:46:45,kovan2,17903341,17903340,1
2020-04-14 00:48:13,kovan2,17903361,17903362,-1
2020-04-14 00:49:35,kovan2,17903388,17903382,6
2020-04-14 00:51:17,kovan2,17903409,17903395,14
2020-04-14 00:52:45,kovan2,17903431,17903432,-1
2020-04-14 00:54:14,kovan2,17903452,17903453,-1
2020-04-14 00:55:38,kovan2,17903478,17903478,0
2020-04-14 00:57:23,kovan2,17903500,17903501,-1
2020-04-14 00:58:49,kovan2,17903528,17903526,2
2020-04-14 01:00:41,kovan2,17903549,17903549,0
2020-04-14 01:02:06,kovan2,17903571,17903569,2
2020-04-14 01:03:33,kovan2,17903593,17903593,0
2020-04-14 01:04:59,kovan2,17903614,17903614,0
2020-04-14 01:06:23,kovan2,17903634,17903624,10
2020-04-14 01:07:46,kovan2,17903655,17903624,31
2020-04-14 01:09:10,kovan2,17903677,17903678,-1
2020-04-14 01:10:37,kovan2,17903698,17903689,9
2020-04-14 01:12:02,kovan2,17903719,17903720,-1
2020-04-14 01:13:28,kovan2,17903742,17903736,6
2020-04-14 01:14:55,kovan2,17903763,17903764,-1
2020-04-14 01:16:23,kovan2,17903784,17903783,1
2020-04-14 01:17:46,kovan2,17903807,17903807,0
2020-04-14 01:19:15,kovan2,17903832,17903827,5
2020-04-14 01:20:58,kovan2,17903854,17903827,27
2020-04-14 01:22:27,kovan2,17903875,17903875,0
2020-04-14 01:23:49,kovan2,17903896,17903896,0
2020-04-14 01:25:11,kovan2,17903919,17903916,3
2020-04-14 01:26:44,kovan2,17903939,17903940,-1
2020-04-14 01:28:07,kovan2,17903960,17903961,-1
2020-04-14 01:29:29,kovan2,17903981,17903981,0
2020-04-14 01:30:52,kovan2,17904000,17904001,-1
2020-04-14 01:32:14,kovan2,17904021,17904021,0
2020-04-14 01:33:37,kovan2,17904042,17904042,0
2020-04-14 01:34:59,kovan2,17904070,17904067,3
2020-04-14 01:36:51,kovan2,17904090,17904091,-1
2020-04-14 01:38:13,kovan2,17904111,17904111,0
2020-04-14 01:39:35,kovan2,17904131,17904132,-1
2020-04-14 01:40:57,kovan2,17904155,17904154,1
2020-04-14 01:42:32,kovan2,17904175,17904176,-1
2020-04-14 01:43:54,kovan2,17904196,17904196,0
2020-04-14 01:45:16,kovan2,17904217,17904217,0
2020-04-14 01:46:38,kovan2,17904238,17904239,-1
2020-04-14 01:48:06,kovan2,17904262,17904258,4
2020-04-14 01:49:42,kovan2,17904283,17904283,0
2020-04-14 01:51:04,kovan2,17904304,17904304,0
2020-04-14 01:52:26,kovan2,17904323,17904316,7
2020-04-14 01:53:48,kovan2,17904345,17904345,0
2020-04-14 01:55:10,kovan2,17904366,17904364,2
2020-04-14 01:56:33,kovan2,17904386,17904387,-1
2020-04-14 01:58:00,kovan2,17904408,17904408,0
2020-04-14 01:59:22,kovan2,17904428,17904427,1
2020-04-14 02:00:45,kovan2,17904448,17904448,0
2020-04-14 02:02:07,kovan2,17904470,17904470,0
2020-04-14 02:03:36,kovan2,17904491,17904491,0
2020-04-14 02:04:58,kovan2,17904511,17904511,0
2020-04-14 02:06:20,kovan2,17904535,17904531,4
2020-04-14 02:07:56,kovan2,17904555,17904556,-1
2020-04-14 02:09:18,kovan2,17904577,17904577,0
2020-04-14 02:10:44,kovan2,17904597,17904595,2
2020-04-14 02:12:07,kovan2,17904620,17904617,3
2020-04-14 02:13:36,kovan2,17904640,17904641,-1
2020-04-14 02:14:58,kovan2,17904661,17904661,0
2020-04-14 02:16:20,kovan2,17904682,17904683,-1
2020-04-14 02:17:46,kovan2,17904703,17904703,0
2020-04-14 02:19:08,kovan2,17904724,17904724,0
2020-04-14 02:20:31,kovan2,17904744,17904745,-1
2020-04-14 02:21:53,kovan2,17904765,17904765,0
2020-04-14 02:23:15,kovan2,17904785,17904786,-1
2020-04-14 02:24:37,kovan2,17904805,17904806,-1
2020-04-14 02:25:59,kovan2,17904826,17904827,-1
2020-04-14 02:27:22,kovan2,17904848,17904845,3
2020-04-14 02:28:48,kovan2,17904869,17904869,0
2020-04-14 02:30:10,kovan2,17904891,17904891,0
2020-04-14 02:31:40,kovan2,17904912,17904901,11
2020-04-14 02:33:04,kovan2,17904932,17904933,-1
2020-04-14 02:34:27,kovan2,17904953,17904954,-1
2020-04-14 02:35:50,kovan2,17904974,17904974,0
2020-04-14 02:37:12,kovan2,17904998,17904998,0
2020-04-14 02:38:48,kovan2,17905019,17905016,3
2020-04-14 02:40:12,kovan2,17905041,17905039,2
2020-04-14 02:41:39,kovan2,17905061,17905062,-1
2020-04-14 02:43:02,kovan2,17905082,17905080,2
2020-04-14 02:44:25,kovan2,17905103,17905103,0
2020-04-14 02:45:48,kovan2,17905124,17905124,0
2020-04-14 02:47:11,kovan2,17905144,17905145,-1
2020-04-14 02:48:33,kovan2,17905166,17905166,0
2020-04-14 02:49:59,kovan2,17905186,17905186,0
2020-04-14 02:51:22,kovan2,17905208,17905205,3
2020-04-14 02:52:49,kovan2,17905229,17905229,0
2020-04-14 02:54:11,kovan2,17905249,17905250,-1
2020-04-14 02:55:34,kovan2,17905271,17905269,2
2020-04-14 02:57:00,kovan2,17905292,17905292,0
2020-04-14 02:58:23,kovan2,17905312,17905296,16
2020-04-14 02:59:46,kovan2,17905333,17905333,0
2020-04-14 03:01:08,kovan2,17905355,17905342,13
2020-04-14 03:02:35,kovan2,17905375,17905375,0
2020-04-14 03:03:58,kovan2,17905396,17905397,-1
2020-04-14 03:05:21,kovan2,17905419,17905419,0
2020-04-14 03:06:52,kovan2,17905440,17905433,7
2020-04-14 03:08:15,kovan2,17905462,17905460,2
2020-04-14 03:09:46,kovan2,17905484,17905485,-1
2020-04-14 03:11:13,kovan2,17905507,17905499,8
2020-04-14 03:12:44,kovan2,17905529,17905530,-1
2020-04-14 03:14:13,kovan2,17905550,17905551,-1
2020-04-14 03:15:37,kovan2,17905571,17905571,0
2020-04-14 03:16:59,kovan2,17905592,17905589,3
2020-04-14 03:18:23,kovan2,17905612,17905607,5
2020-04-14 03:19:45,kovan2,17905632,17905633,-1
2020-04-14 03:21:07,kovan2,17905653,17905639,14
2020-04-14 03:22:30,kovan2,17905673,17905670,3
2020-04-14 03:23:52,kovan2,17905697,17905689,8
2020-04-14 03:25:25,kovan2,17905717,17905718,-1
2020-04-14 03:26:47,kovan2,17905738,17905730,8
2020-04-14 03:28:10,kovan2,17905758,17905758,0
2020-04-14 03:29:32,kovan2,17905778,17905779,-1
2020-04-14 03:30:54,kovan2,17905800,17905800,0
2020-04-14 03:32:18,kovan2,17905820,17905820,0
2020-04-14 03:33:41,kovan2,17905841,17905841,0
2020-04-14 03:35:04,kovan2,17905861,17905860,1
2020-04-14 03:36:27,kovan2,17905882,17905883,-1
2020-04-14 03:37:49,kovan2,17905904,17905905,-1
2020-04-14 03:39:17,kovan2,17905925,17905925,0
2020-04-14 03:40:41,kovan2,17905946,17905944,2
2020-04-14 03:42:03,kovan2,17905967,17905967,0
2020-04-14 03:43:28,kovan2,17905988,17905988,0
2020-04-14 03:44:51,kovan2,17906008,17906009,-1
2020-04-14 03:46:13,kovan2,17906029,17906029,0
2020-04-14 03:47:36,kovan2,17906050,17906050,0
2020-04-14 03:49:00,kovan2,17906071,17906071,0
2020-04-14 03:50:23,kovan2,17906091,17906091,0
2020-04-14 03:51:46,kovan2,17906112,17906112,0
2020-04-14 03:53:09,kovan2,17906134,17906135,-1
2020-04-14 03:54:40,kovan2,17906155,17906156,-1
2020-04-14 03:56:02,kovan2,17906176,17906176,0
2020-04-14 03:57:25,kovan2,17906198,17906198,0
2020-04-14 03:58:51,kovan2,17906219,17906211,8
2020-04-14 04:00:14,kovan2,17906239,17906225,14
2020-04-14 04:01:37,kovan2,17906259,17906254,5
2020-04-14 04:03:00,kovan2,17906281,17906278,3
2020-04-14 04:04:24,kovan2,17906301,17906302,-1
2020-04-14 04:05:47,kovan2,17906322,17906323,-1
2020-04-14 04:07:10,kovan2,17906342,17906342,0
2020-04-14 04:08:36,kovan2,17906362,17906363,-1
2020-04-14 04:09:59,kovan2,17906383,17906383,0
2020-04-14 04:11:23,kovan2,17906403,17906403,0
2020-04-14 04:12:45,kovan2,17906424,17906424,0
2020-04-14 04:14:07,kovan2,17906444,17906445,-1
2020-04-14 04:15:30,kovan2,17906465,17906465,0
2020-04-14 04:16:52,kovan2,17906485,17906486,-1
2020-04-14 04:18:14,kovan2,17906505,17906506,-1
2020-04-14 04:19:38,kovan2,17906526,17906526,0
2020-04-14 04:21:01,kovan2,17906546,17906546,0
2020-04-14 04:22:24,kovan2,17906566,17906567,-1
2020-04-14 04:23:46,kovan2,17906586,17906587,-1
2020-04-14 04:25:08,kovan2,17906608,17906608,0
2020-04-14 04:26:31,kovan2,17906631,17906629,2
2020-04-14 04:28:03,kovan2,17906652,17906650,2
2020-04-14 04:29:26,kovan2,17906673,17906673,0
2020-04-14 04:30:49,kovan2,17906693,17906693,0
2020-04-14 04:32:12,kovan2,17906714,17906714,0
2020-04-14 04:33:34,kovan2,17906734,17906734,0
2020-04-14 04:34:56,kovan2,17906758,17906750,8
2020-04-14 04:36:36,kovan2,17906779,17906775,4
2020-04-14 04:37:59,kovan2,17906799,17906800,-1
2020-04-14 04:39:22,kovan2,17906820,17906818,2
2020-04-14 04:40:44,kovan2,17906841,17906841,0
2020-04-14 04:42:09,kovan2,17906862,17906859,3
2020-04-14 04:43:32,kovan2,17906884,17906880,4
2020-04-14 04:44:59,kovan2,17906904,17906897,7
2020-04-14 04:46:21,kovan2,17906924,17906920,4
2020-04-14 04:47:43,kovan2,17906945,17906945,0
2020-04-14 04:49:05,kovan2,17906965,17906966,-1
2020-04-14 04:50:28,kovan2,17906986,17906984,2
2020-04-14 04:51:51,kovan2,17907007,17907008,-1
2020-04-14 04:53:13,kovan2,17907032,17907030,2
2020-04-14 04:54:51,kovan2,17907053,17907053,0
2020-04-14 04:56:14,kovan2,17907073,17907059,14
2020-04-14 04:57:36,kovan2,17907093,17907094,-1
2020-04-14 04:58:59,kovan2,17907117,17907118,-1
2020-04-14 05:00:33,kovan2,17907138,17907138,0
2020-04-14 05:01:56,kovan2,17907163,17907151,12
2020-04-14 05:03:37,kovan2,17907187,17907183,4
2020-04-14 05:05:13,kovan2,17907208,17907209,-1
2020-04-14 05:06:39,kovan2,17907230,17907230,0
2020-04-14 05:08:04,kovan2,17907252,17907251,1
2020-04-14 05:09:34,kovan2,17907274,17907273,1
2020-04-14 05:10:59,kovan2,17907294,17907290,4
2020-04-14 05:12:21,kovan2,17907315,17907311,4
2020-04-14 05:13:44,kovan2,17907338,17907334,4
2020-04-14 05:15:16,kovan2,17907358,17907359,-1
2020-04-14 05:16:38,kovan2,17907379,17907379,0
2020-04-14 05:18:00,kovan2,17907399,17907400,-1
2020-04-14 05:19:22,kovan2,17907420,17907410,10
2020-04-14 05:20:45,kovan2,17907440,17907440,0
2020-04-14 05:22:07,kovan2,17907462,17907462,0
2020-04-14 05:23:31,kovan2,17907483,17907483,0
2020-04-14 05:24:54,kovan2,17907503,17907504,-1
2020-04-14 05:26:17,kovan2,17907523,17907524,-1
2020-04-14 05:27:39,kovan2,17907545,17907544,1
2020-04-14 05:29:05,kovan2,17907565,17907559,6
2020-04-14 05:30:27,kovan2,17907587,17907585,2
2020-04-14 05:31:53,kovan2,17907608,17907608,0
2020-04-14 05:33:15,kovan2,17907629,17907629,0
2020-04-14 05:34:38,kovan2,17907649,17907634,15
2020-04-14 05:36:01,kovan2,17907670,17907670,0
2020-04-14 05:37:24,kovan2,17907693,17907693,0
2020-04-14 05:38:55,kovan2,17907714,17907693,21
2020-04-14 05:40:19,kovan2,17907733,17907693,40
2020-04-14 05:41:41,kovan2,17907755,17907756,-1
2020-04-14 05:43:09,kovan2,17907775,17907776,-1
2020-04-14 05:44:31,kovan2,17907796,17907794,2
2020-04-14 05:45:54,kovan2,17907817,17907794,23
2020-04-14 05:47:16,kovan2,17907840,17907840,0
2020-04-14 05:48:47,kovan2,17907861,17907861,0
2020-04-14 05:50:13,kovan2,17907881,17907871,10
2020-04-14 05:51:35,kovan2,17907902,17907894,8
2020-04-14 05:52:57,kovan2,17907923,17907924,-1
2020-04-14 05:54:21,kovan2,17907943,17907937,6
2020-04-14 05:55:43,kovan2,17907964,17907965,-1
2020-04-14 05:57:07,kovan2,17907985,17907986,-1
2020-04-14 05:58:29,kovan2,17908006,17908005,1
2020-04-14 05:59:53,kovan2,17908027,17908027,0
2020-04-14 06:01:16,kovan2,17908048,17908048,0
2020-04-14 06:02:38,kovan2,17908068,17908068,0
2020-04-14 06:04:00,kovan2,17908089,17908089,0
2020-04-14 06:05:24,kovan2,17908112,17908112,0
2020-04-14 06:06:56,kovan2,17908131,17908132,-1
2020-04-14 06:08:19,kovan2,17908152,17908152,0
2020-04-14 06:09:41,kovan2,17908173,17908173,0
2020-04-14 06:11:03,kovan2,17908194,17908193,1
2020-04-14 06:12:26,kovan2,17908214,17908215,-1
2020-04-14 06:13:50,kovan2,17908234,17908235,-1
2020-04-14 06:15:12,kovan2,17908256,17908244,12
2020-04-14 06:16:36,kovan2,17908275,17908276,-1
2020-04-14 06:17:59,kovan2,17908296,17908288,8
2020-04-14 06:19:21,kovan2,17908320,17908320,0
2020-04-14 06:20:54,kovan2,17908340,17908340,0
2020-04-14 06:22:17,kovan2,17908361,17908361,0
2020-04-14 06:23:39,kovan2,17908381,17908382,-1
2020-04-14 06:25:01,kovan2,17908402,17908402,0
2020-04-14 06:26:25,kovan2,17908423,17908423,0
2020-04-14 06:27:48,kovan2,17908443,17908444,-1
2020-04-14 06:29:10,kovan2,17908464,17908458,6
2020-04-14 06:30:34,kovan2,17908484,17908485,-1
2020-04-14 06:31:56,kovan2,17908506,17908506,0
2020-04-14 06:33:19,kovan2,17908526,17908527,-1
2020-04-14 06:34:42,kovan2,17908549,17908549,0
2020-04-14 06:36:11,kovan2,17908571,17908568,3
2020-04-14 06:37:42,kovan2,17908594,17908593,1
2020-04-14 06:39:12,kovan2,17908614,17908615,-1
2020-04-14 06:40:34,kovan2,17908634,17908627,7
2020-04-14 06:41:57,kovan2,17908656,17908656,0
2020-04-14 06:43:21,kovan2,17908677,17908677,0
2020-04-14 06:44:43,kovan2,17908698,17908699,-1
2020-04-14 06:46:10,kovan2,17908719,17908720,-1
2020-04-14 06:47:33,kovan2,17908740,17908740,0
2020-04-14 06:48:56,kovan2,17908761,17908761,0
2020-04-14 06:50:19,kovan2,17908781,17908772,9
2020-04-14 06:51:41,kovan2,17908802,17908800,2
2020-04-14 06:53:04,kovan2,17908823,17908823,0
2020-04-14 06:54:27,kovan2,17908844,17908844,0
2020-04-14 06:55:52,kovan2,17908867,17908865,2
2020-04-14 06:57:24,kovan2,17908889,17908885,4
2020-04-14 06:58:51,kovan2,17908909,17908899,10
2020-04-14 07:00:13,kovan2,17908929,17908930,-1
2020-04-14 07:01:36,kovan2,17908950,17908947,3
2020-04-14 07:02:58,kovan2,17908971,17908971,0
2020-04-14 07:04:21,kovan2,17908992,17908987,5
2020-04-14 07:05:44,kovan2,17909012,17909013,-1
2020-04-14 07:07:13,kovan2,17909029,17909030,-1
2020-04-14 07:08:37,kovan2,17909046,17909034,12
2020-04-14 07:09:59,kovan2,17909065,17909066,-1
2020-04-14 07:11:21,kovan2,17909086,17909078,8
2020-04-14 07:12:43,kovan2,17909106,17909107,-1
2020-04-14 07:14:06,kovan2,17909127,17909124,3
2020-04-14 07:15:29,kovan2,17909147,17909131,16
2020-04-14 07:16:51,kovan2,17909168,17909131,37
2020-04-14 07:18:13,kovan2,17909188,17909131,57
2020-04-14 07:19:35,kovan2,17909209,17909131,78
2020-04-14 07:20:57,kovan2,17909230,17909230,0
2020-04-14 07:22:20,kovan2,17909250,17909239,11
2020-04-14 07:23:42,kovan2,17909271,17909239,32
2020-04-14 07:25:05,kovan2,17909291,17909292,-1
2020-04-14 07:26:28,kovan2,17909312,17909296,16
2020-04-14 07:27:50,kovan2,17909335,17909332,3
2020-04-14 07:29:24,kovan2,17909355,17909356,-1
2020-04-14 07:30:46,kovan2,17909376,17909376,0
2020-04-14 07:32:09,kovan2,17909397,17909397,0
2020-04-14 07:33:33,kovan2,17909418,17909416,2
2020-04-14 07:34:56,kovan2,17909438,17909431,7
2020-04-14 07:36:19,kovan2,17909459,17909444,15
2020-04-14 07:37:42,kovan2,17909482,17909475,7
2020-04-14 07:39:14,kovan2,17909503,17909495,8
2020-04-14 07:40:37,kovan2,17909523,17909495,28
2020-04-14 07:42:00,kovan2,17909544,17909537,7
2020-04-14 07:43:22,kovan2,17909565,17909564,1
2020-04-14 07:44:44,kovan2,17909585,17909564,21
2020-04-14 07:46:06,kovan2,17909606,17909564,42
2020-04-14 07:47:28,kovan2,17909627,17909564,63
2020-04-14 07:48:52,kovan2,17909648,17909636,12
2020-04-14 07:50:14,kovan2,17909667,17909663,4
2020-04-14 07:51:37,kovan2,17909689,17909679,10
2020-04-14 07:53:02,kovan2,17909710,17909710,0
2020-04-14 07:54:24,kovan2,17909732,17909729,3
2020-04-14 07:55:52,kovan2,17909753,17909729,24
2020-04-14 07:57:14,kovan2,17909772,17909772,0
2020-04-14 07:58:37,kovan2,17909793,17909793,0
2020-04-14 07:59:59,kovan2,17909813,17909814,-1
2020-04-14 08:01:21,kovan2,17909837,17909833,4
2020-04-14 08:02:54,kovan2,17909858,17909858,0
2020-04-14 08:04:18,kovan2,17909878,17909864,14
2020-04-14 08:05:41,kovan2,17909900,17909864,36
2020-04-14 08:07:07,kovan2,17909923,17909920,3
2020-04-14 08:08:45,kovan2,17909945,17909946,-1
2020-04-14 08:10:11,kovan2,17909966,17909967,-1
2020-04-14 08:11:34,kovan2,17909987,17909987,0
2020-04-14 08:12:57,kovan2,17910008,17910009,-1
2020-04-14 08:14:22,kovan2,17910030,17910030,0
2020-04-14 08:15:48,kovan2,17910050,17910051,-1
2020-04-14 08:17:11,kovan2,17910072,17910064,8
2020-04-14 08:18:40,kovan2,17910093,17910093,0
2020-04-14 08:20:03,kovan2,17910115,17910116,-1
2020-04-14 08:21:34,kovan2,17910136,17910136,0
2020-04-14 08:22:56,kovan2,17910157,17910157,0
2020-04-14 08:24:19,kovan2,17910177,17910177,0
2020-04-14 08:25:41,kovan2,17910201,17910201,0
2020-04-14 08:27:17,kovan2,17910222,17910222,0
2020-04-14 08:28:39,kovan2,17910242,17910239,3
2020-04-14 08:30:02,kovan2,17910263,17910263,0
2020-04-14 08:31:25,kovan2,17910283,17910281,2
2020-04-14 08:32:47,kovan2,17910304,17910298,6
2020-04-14 08:34:10,kovan2,17910325,17910326,-1
2020-04-14 08:35:38,kovan2,17910346,17910347,-1
2020-04-14 08:37:02,kovan2,17910367,17910366,1
2020-04-14 08:38:27,kovan2,17910388,17910382,6
2020-04-14 08:39:49,kovan2,17910409,17910409,0
2020-04-14 08:41:11,kovan2,17910429,17910430,-1
2020-04-14 08:42:34,kovan2,17910450,17910436,14
2020-04-14 08:43:57,kovan2,17910471,17910462,9
2020-04-14 08:45:19,kovan2,17910491,17910492,-1
2020-04-14 08:46:42,kovan2,17910512,17910507,5
2020-04-14 08:48:05,kovan2,17910533,17910527,6
2020-04-14 08:49:28,kovan2,17910553,17910549,4
2020-04-14 08:50:50,kovan2,17910574,17910564,10
2020-04-14 08:52:13,kovan2,17910594,17910594,0
2020-04-14 08:53:35,kovan2,17910615,17910615,0
2020-04-14 08:54:59,kovan2,17910635,17910635,0
2020-04-14 08:56:21,kovan2,17910656,17910651,5
2020-04-14 08:57:45,kovan2,17910676,17910678,-2
2020-04-14 08:59:09,kovan2,17910696,17910697,-1
2020-04-14 09:00:31,kovan2,17910717,17910718,-1
2020-04-14 09:01:54,kovan2,17910739,17910724,15
2020-04-14 09:03:18,kovan2,17910759,17910760,-1
2020-04-14 09:04:42,kovan2,17910780,17910781,-1
2020-04-14 09:06:06,kovan2,17910806,17910805,1
2020-04-14 09:07:51,kovan2,17910828,17910828,0
2020-04-14 09:09:16,kovan2,17910850,17910850,0
2020-04-14 09:10:44,kovan2,17910871,17910864,7
2020-04-14 09:12:07,kovan2,17910892,17910888,4
2020-04-14 09:13:34,kovan2,17910913,17910914,-1
2020-04-14 09:14:57,kovan2,17910934,17910934,0
2020-04-14 09:16:20,kovan2,17910953,17910945,8
2020-04-14 09:17:42,kovan2,17910973,17910973,0
2020-04-14 09:19:05,kovan2,17910993,17910994,-1
2020-04-14 09:20:28,kovan2,17911014,17911015,-1
2020-04-14 09:21:50,kovan2,17911035,17911017,18
2020-04-14 09:23:12,kovan2,17911055,17911047,8
2020-04-14 09:24:34,kovan2,17911076,17911076,0
2020-04-14 09:25:57,kovan2,17911100,17911100,0
2020-04-14 09:27:31,kovan2,17911119,17911101,18
2020-04-14 09:28:53,kovan2,17911140,17911140,0
2020-04-14 09:30:16,kovan2,17911160,17911155,5
2020-04-14 09:31:38,kovan2,17911181,17911172,9
2020-04-14 09:33:02,kovan2,17911204,17911204,0
2020-04-14 09:34:31,kovan2,17911224,17911225,-1
2020-04-14 09:35:54,kovan2,17911247,17911247,0
2020-04-14 09:37:28,kovan2,17911268,17911263,5
2020-04-14 09:38:51,kovan2,17911289,17911263,26
2020-04-14 09:40:13,kovan2,17911309,17911310,-1
2020-04-14 09:41:38,kovan2,17911331,17911329,2
2020-04-14 09:43:08,kovan2,17911352,17911352,0
2020-04-14 09:44:32,kovan2,17911372,17911373,-1
2020-04-14 09:45:54,kovan2,17911393,17911373,20
2020-04-14 09:47:16,kovan2,17911414,17911414,0
2020-04-14 09:48:39,kovan2,17911436,17911433,3
2020-04-14 09:50:12,kovan2,17911459,17911457,2
2020-04-14 09:51:41,kovan2,17911483,17911465,18
2020-04-14 09:53:21,kovan2,17911504,17911504,0
2020-04-14 09:54:45,kovan2,17911525,17911515,10
2020-04-14 09:56:10,kovan2,17911546,17911536,10
2020-04-14 09:57:33,kovan2,17911565,17911536,29
2020-04-14 09:58:55,kovan2,17911587,17911576,11
2020-04-14 10:00:20,kovan2,17911608,17911576,32
2020-04-14 10:01:43,kovan2,17911628,17911576,52
2020-04-14 10:03:08,kovan2,17911650,17911641,9
2020-04-14 10:04:32,kovan2,17911670,17911669,1
2020-04-14 10:05:55,kovan2,17911692,17911693,-1
2020-04-14 10:07:23,kovan2,17911713,17911712,1
2020-04-14 10:08:45,kovan2,17911734,17911712,22
2020-04-14 10:10:10,kovan2,17911754,17911746,8
2020-04-14 10:11:32,kovan2,17911775,17911767,8
2020-04-14 10:12:57,kovan2,17911795,17911767,28
2020-04-14 10:14:19,kovan2,17911815,17911767,48
2020-04-14 10:15:41,kovan2,17911835,17911835,0
2020-04-14 10:17:05,kovan2,17911855,17911841,14
2020-04-14 10:18:27,kovan2,17911878,17911874,4
2020-04-14 10:19:56,kovan2,17911899,17911874,25
2020-04-14 10:21:20,kovan2,17911919,17911874,45
2020-04-14 10:22:43,kovan2,17911940,17911874,66
2020-04-14 10:24:05,kovan2,17911960,17911961,-1
2020-04-14 10:25:27,kovan2,17911981,17911975,6
2020-04-14 10:26:50,kovan2,17912002,17912002,0
2020-04-14 10:28:12,kovan2,17912025,17912025,0
2020-04-14 10:29:44,kovan2,17912045,17912046,-1
2020-04-14 10:31:06,kovan2,17912065,17912059,6
2020-04-14 10:32:29,kovan2,17912086,17912059,27
2020-04-14 10:33:53,kovan2,17912107,17912108,-1
2020-04-14 10:35:22,kovan2,17912128,17912124,4
2020-04-14 10:36:44,kovan2,17912148,17912124,24
2020-04-14 10:38:06,kovan2,17912169,17912124,45
2020-04-14 10:39:28,kovan2,17912189,17912124,65
2020-04-14 10:40:50,kovan2,17912210,17912124,86
2020-04-14 10:42:12,kovan2,17912231,17912223,8
2020-04-14 10:43:35,kovan2,17912252,17912253,-1
2020-04-14 10:45:03,kovan2,17912273,17912261,12
2020-04-14 10:46:27,kovan2,17912297,17912295,2
2020-04-14 10:48:02,kovan2,17912320,17912321,-1
2020-04-14 10:49:33,kovan2,17912340,17912341,-1
2020-04-14 10:50:55,kovan2,17912363,17912361,2
2020-04-14 10:52:25,kovan2,17912383,17912368,15
2020-04-14 10:53:48,kovan2,17912405,17912396,9
2020-04-14 10:55:13,kovan2,17912426,17912416,10
2020-04-14 10:56:37,kovan2,17912450,17912416,34
2020-04-14 10:58:13,kovan2,17912474,17912463,11
2020-04-14 10:59:47,kovan2,17912495,17912483,12
2020-04-14 11:01:11,kovan2,17912517,17912517,0
2020-04-14 11:02:43,kovan2,17912537,17912534,3
2020-04-14 11:04:05,kovan2,17912558,17912550,8
2020-04-14 11:05:29,kovan2,17912580,17912563,17
2020-04-14 11:06:59,kovan2,17912601,17912597,4
2020-04-14 11:08:22,kovan2,17912622,17912620,2
2020-04-14 11:09:45,kovan2,17912643,17912643,0
2020-04-14 11:11:07,kovan2,17912665,17912659,6
2020-04-14 11:12:38,kovan2,17912686,17912659,27
2020-04-14 11:14:00,kovan2,17912707,17912707,0
2020-04-14 11:15:23,kovan2,17912727,17912710,17
2020-04-14 11:16:45,kovan2,17912751,17912745,6
2020-04-14 11:18:20,kovan2,17912772,17912772,0
2020-04-14 11:19:45,kovan2,17912793,17912781,12
2020-04-14 11:21:09,kovan2,17912815,17912807,8
2020-04-14 11:22:34,kovan2,17912834,17912823,11
2020-04-14 11:23:58,kovan2,17912857,17912845,12
2020-04-14 11:25:29,kovan2,17912878,17912879,-1
2020-04-14 11:26:54,kovan2,17912899,17912900,-1
2020-04-14 11:28:18,kovan2,17912920,17912916,4
2020-04-14 11:29:42,kovan2,17912943,17912940,3
2020-04-14 11:31:14,kovan2,17912964,17912965,-1
2020-04-14 11:32:42,kovan2,17912986,17912986,0
2020-04-14 11:34:11,kovan2,17913009,17913009,0
2020-04-14 11:35:40,kovan2,17913029,17913030,-1
2020-04-14 11:37:03,kovan2,17913050,17913040,10
2020-04-14 11:38:25,kovan2,17913072,17913072,0
2020-04-14 11:39:53,kovan2,17913092,17913083,9
2020-04-14 11:41:16,kovan2,17913113,17913113,0
2020-04-14 11:42:40,kovan2,17913133,17913134,-1
2020-04-14 11:44:02,kovan2,17913154,17913155,-1
2020-04-14 11:45:26,kovan2,17913177,17913178,-1
2020-04-14 11:46:58,kovan2,17913197,17913198,-1
2020-04-14 11:48:20,kovan2,17913221,17913204,17
2020-04-14 11:49:53,kovan2,17913242,17913242,0
2020-04-14 11:51:16,kovan2,17913263,17913258,5
2020-04-14 11:52:41,kovan2,17913283,17913258,25
2020-04-14 11:54:03,kovan2,17913304,17913304,0
2020-04-14 11:55:25,kovan2,17913327,17913325,2
2020-04-14 11:56:56,kovan2,17913350,17913343,7
2020-04-14 11:58:31,kovan2,17913373,17913368,5
2020-04-14 12:00:00,kovan2,17913395,17913390,5
2020-04-14 12:01:29,kovan2,17913416,17913417,-1
2020-04-14 12:02:54,kovan2,17913438,17913438,0
2020-04-14 12:04:20,kovan2,17913462,17913460,2
2020-04-14 12:05:56,kovan2,17913483,17913481,2
2020-04-14 12:07:19,kovan2,17913503,17913504,-1
2020-04-14 12:08:43,kovan2,17913524,17913525,-1
2020-04-14 12:10:06,kovan2,17913546,17913547,-1
2020-04-14 12:11:33,kovan2,17913567,17913567,0
2020-04-14 12:12:55,kovan2,17913587,17913588,-1
2020-04-14 12:14:19,kovan2,17913609,17913609,0
2020-04-14 12:15:45,kovan2,17913630,17913628,2
2020-04-14 12:17:09,kovan2,17913651,17913651,0
2020-04-14 12:18:31,kovan2,17913672,17913672,0
2020-04-14 12:19:56,kovan2,17913693,17913688,5
2020-04-14 12:21:19,kovan2,17913714,17913714,0
2020-04-14 12:22:43,kovan2,17913734,17913729,5
2020-04-14 12:24:05,kovan2,17913754,17913755,-1
2020-04-14 12:25:27,kovan2,17913777,17913775,2
2020-04-14 12:26:58,kovan2,17913799,17913799,0
2020-04-14 12:28:23,kovan2,17913823,17913819,4
2020-04-14 12:29:59,kovan2,17913844,17913841,3
2020-04-14 12:31:23,kovan2,17913864,17913865,-1
2020-04-14 12:32:47,kovan2,17913885,17913886,-1
2020-04-14 12:34:10,kovan2,17913907,17913907,0
2020-04-14 12:35:33,kovan2,17913928,17913928,0
2020-04-14 12:36:58,kovan2,17913948,17913949,-1
2020-04-14 12:38:22,kovan2,17913972,17913964,8
2020-04-14 12:39:57,kovan2,17913992,17913992,0
2020-04-14 12:41:21,kovan2,17914015,17914015,0
2020-04-14 12:42:54,kovan2,17914040,17914036,4
2020-04-14 12:44:35,kovan2,17914063,17914058,5
2020-04-14 12:46:08,kovan2,17914085,17914086,-1
2020-04-14 12:47:34,kovan2,17914106,17914106,0
2020-04-14 12:48:56,kovan2,17914127,17914128,-1
2020-04-14 12:50:27,kovan2,17914150,17914144,6
2020-04-14 12:51:57,kovan2,17914171,17914171,0
2020-04-14 12:53:21,kovan2,17914191,17914187,4
2020-04-14 12:54:43,kovan2,17914213,17914211,2
2020-04-14 12:56:08,kovan2,17914233,17914234,-1
2020-04-14 12:57:31,kovan2,17914254,17914255,-1
2020-04-14 12:58:54,kovan2,17914275,17914275,0
2020-04-14 13:00:15,kovan2,17914296,17914285,11
2020-04-14 13:01:41,kovan2,17914316,17914316,0
2020-04-14 13:03:04,kovan2,17914339,17914338,1
2020-04-14 13:04:31,kovan2,17914362,17914362,0
2020-04-14 13:06:04,kovan2,17914382,17914383,-1
2020-04-14 13:07:28,kovan2,17914407,17914402,5
2020-04-14 13:09:04,kovan2,17914427,17914428,-1
2020-04-14 13:10:26,kovan2,17914448,17914445,3
2020-04-14 13:11:48,kovan2,17914471,17914461,10
2020-04-14 13:13:20,kovan2,17914492,17914493,-1
2020-04-14 13:14:46,kovan2,17914514,17914512,2
2020-04-14 13:16:15,kovan2,17914537,17914535,2
2020-04-14 13:17:46,kovan2,17914558,17914558,0
2020-04-14 13:19:08,kovan2,17914579,17914579,0
2020-04-14 13:20:31,kovan2,17914599,17914588,11
2020-04-14 13:21:53,kovan2,17914624,17914617,7
2020-04-14 13:23:32,kovan2,17914645,17914632,13
2020-04-14 13:24:58,kovan2,17914667,17914658,9
2020-04-14 13:26:29,kovan2,17914690,17914680,10
2020-04-14 13:27:57,kovan2,17914714,17914696,18
2020-04-14 13:29:32,kovan2,17914735,17914735,0
2020-04-14 13:30:59,kovan2,17914756,17914742,14
2020-04-14 13:32:27,kovan2,17914780,17914771,9
2020-04-14 13:34:01,kovan2,17914801,17914801,0
2020-04-14 13:35:23,kovan2,17914823,17914820,3
2020-04-14 13:36:53,kovan2,17914844,17914844,0
2020-04-14 13:38:15,kovan2,17914865,17914865,0
2020-04-14 13:39:38,kovan2,17914885,17914871,14
2020-04-14 13:41:01,kovan2,17914908,17914908,0
2020-04-14 13:42:32,kovan2,17914929,17914916,13
2020-04-14 13:43:56,kovan2,17914950,17914941,9
2020-04-14 13:45:21,kovan2,17914970,17914971,-1
2020-04-14 13:46:43,kovan2,17914990,17914986,4
2020-04-14 13:48:07,kovan2,17915011,17915005,6
2020-04-14 13:49:29,kovan2,17915038,17915033,5
2020-04-14 13:51:15,kovan2,17915058,17915059,-1
2020-04-14 13:52:38,kovan2,17915082,17915083,-1
2020-04-14 13:54:14,kovan2,17915103,17915103,0
2020-04-14 13:55:36,kovan2,17915127,17915110,17
2020-04-14 13:57:13,kovan2,17915155,17915155,0
2020-04-14 13:59:06,kovan2,17915175,17915157,18
2020-04-14 14:00:28,kovan2,17915195,17915186,9
2020-04-14 14:01:52,kovan2,17915215,17915186,29
2020-04-14 14:03:14,kovan2,17915236,17915186,50
2020-04-14 14:04:36,kovan2,17915256,17915186,70
2020-04-14 14:05:58,kovan2,17915277,17915186,91
2020-04-14 14:07:20,kovan2,17915298,17915186,112
2020-04-14 14:08:43,kovan2,17915318,17915302,16
2020-04-14 14:10:05,kovan2,17915344,17915344,0
2020-04-14 14:11:48,kovan2,17915366,17915365,1
2020-04-14 14:13:14,kovan2,17915386,17915380,6
2020-04-14 14:14:36,kovan2,17915407,17915407,0
2020-04-14 14:16:00,kovan2,17915432,17915417,15
2020-04-14 14:17:40,kovan2,17915455,17915449,6
2020-04-14 14:19:10,kovan2,17915475,17915476,-1
2020-04-14 14:20:35,kovan2,17915496,17915497,-1
2020-04-14 14:21:59,kovan2,17915517,17915506,11
2020-04-14 14:23:21,kovan2,17915538,17915538,0
2020-04-14 14:24:46,kovan2,17915559,17915540,19
2020-04-14 14:26:09,kovan2,17915580,17915570,10
2020-04-14 14:27:32,kovan2,17915601,17915588,13
2020-04-14 14:28:57,kovan2,17915623,17915623,0
2020-04-14 14:30:23,kovan2,17915643,17915643,0
2020-04-14 14:31:45,kovan2,17915664,17915664,0
2020-04-14 14:33:07,kovan2,17915684,17915685,-1
2020-04-14 14:34:30,kovan2,17915705,17915705,0
2020-04-14 14:35:52,kovan2,17915725,17915726,-1
2020-04-14 14:37:15,kovan2,17915753,17915752,1
2020-04-14 14:39:07,kovan2,17915774,17915752,22
2020-04-14 14:40:31,kovan2,17915795,17915796,-1
2020-04-14 14:41:54,kovan2,17915817,17915817,0
2020-04-14 14:43:21,kovan2,17915841,17915832,9
2020-04-14 14:44:59,kovan2,17915862,17915861,1
2020-04-14 14:46:22,kovan2,17915883,17915873,10
2020-04-14 14:47:44,kovan2,17915907,17915896,11
2020-04-14 14:49:22,kovan2,17915932,17915926,6
2020-04-14 14:51:01,kovan2,17915955,17915955,0
2020-04-14 14:52:32,kovan2,17915976,17915972,4
2020-04-14 14:53:58,kovan2,17915997,17915972,25
2020-04-14 14:55:23,kovan2,17916021,17916015,6
2020-04-14 14:56:54,kovan2,17916041,17916041,0
2020-04-14 14:58:16,kovan2,17916062,17916063,-1
2020-04-14 14:59:42,kovan2,17916087,17916087,0
2020-04-14 15:01:18,kovan2,17916107,17916107,0
2020-04-14 15:02:41,kovan2,17916127,17916115,12
2020-04-14 15:04:04,kovan2,17916148,17916115,33
2020-04-14 15:05:26,kovan2,17916171,17916163,8
2020-04-14 15:06:58,kovan2,17916194,17916187,7
2020-04-14 15:08:32,kovan2,17916214,17916213,1
2020-04-14 15:09:54,kovan2,17916241,17916232,9
2020-04-14 15:11:41,kovan2,17916262,17916255,7
2020-04-14 15:13:05,kovan2,17916283,17916273,10
2020-04-14 15:14:27,kovan2,17916304,17916298,6
2020-04-14 15:15:56,kovan2,17916325,17916322,3
2020-04-14 15:17:19,kovan2,17916345,17916345,0
2020-04-14 15:18:41,kovan2,17916365,17916366,-1
2020-04-14 15:20:04,kovan2,17916388,17916389,-1
2020-04-14 15:21:33,kovan2,17916408,17916392,16
2020-04-14 15:22:56,kovan2,17916428,17916429,-1
2020-04-14 15:24:18,kovan2,17916449,17916440,9
2020-04-14 15:25:41,kovan2,17916469,17916440,29
2020-04-14 15:27:03,kovan2,17916492,17916490,2
2020-04-14 15:28:31,kovan2,17916512,17916513,-1
2020-04-14 15:29:55,kovan2,17916533,17916518,15
2020-04-14 15:31:17,kovan2,17916552,17916552,0
2020-04-14 15:32:39,kovan2,17916574,17916574,0
2020-04-14 15:34:04,kovan2,17916596,17916586,10
2020-04-14 15:35:35,kovan2,17916618,17916586,32
2020-04-14 15:37:00,kovan2,17916639,17916586,53
2020-04-14 15:38:24,kovan2,17916659,17916586,73
2020-04-14 15:39:48,kovan2,17916680,17916664,16
2020-04-14 15:41:10,kovan2,17916701,17916701,0
2020-04-14 15:42:32,kovan2,17916723,17916723,0
2020-04-14 15:44:01,kovan2,17916744,17916744,0
2020-04-14 15:45:24,kovan2,17916766,17916760,6
2020-04-14 15:46:51,kovan2,17916786,17916787,-1
2020-04-14 15:48:13,kovan2,17916807,17916805,2
2020-04-14 15:49:35,kovan2,17916829,17916829,0
2020-04-14 15:51:05,kovan2,17916850,17916851,-1
2020-04-14 15:52:30,kovan2,17916872,17916872,0
2020-04-14 15:53:54,kovan2,17916894,17916894,0
2020-04-14 15:55:24,kovan2,17916915,17916903,12
2020-04-14 15:56:47,kovan2,17916935,17916935,0
2020-04-14 15:58:09,kovan2,17916955,17916955,0
2020-04-14 15:59:32,kovan2,17916975,17916976,-1
2020-04-14 16:00:55,kovan2,17916996,17916997,-1
2020-04-14 16:02:17,kovan2,17917016,17917015,1
2020-04-14 16:03:42,kovan2,17917036,17917031,5
2020-04-14 16:05:04,kovan2,17917057,17917058,-1
2020-04-14 16:06:27,kovan2,17917079,17917079,0
2020-04-14 16:07:53,kovan2,17917100,17917100,0
2020-04-14 16:09:16,kovan2,17917121,17917122,-1
2020-04-14 16:10:42,kovan2,17917143,17917140,3
2020-04-14 16:12:10,kovan2,17917164,17917156,8
2020-04-14 16:13:34,kovan2,17917186,17917187,-1
2020-04-14 16:15:03,kovan2,17917207,17917208,-1
2020-04-14 16:16:28,kovan2,17917233,17917233,0
2020-04-14 16:18:10,kovan2,17917256,17917256,0
2020-04-14 16:19:39,kovan2,17917278,17917272,6
2020-04-14 16:21:08,kovan2,17917300,17917300,0
2020-04-14 16:22:34,kovan2,17917320,17917321,-1
2020-04-14 16:24:02,kovan2,17917341,17917342,-1
2020-04-14 16:25:26,kovan2,17917361,17917350,11
2020-04-14 16:26:49,kovan2,17917382,17917350,32
2020-04-14 16:28:11,kovan2,17917403,17917350,53
2020-04-14 16:29:33,kovan2,17917425,17917422,3
2020-04-14 16:31:01,kovan2,17917446,17917447,-1
2020-04-14 16:32:26,kovan2,17917467,17917454,13
2020-04-14 16:33:49,kovan2,17917488,17917471,17
2020-04-14 16:35:11,kovan2,17917509,17917471,38
2020-04-14 16:36:36,kovan2,17917530,17917531,-1
2020-04-14 16:38:02,kovan2,17917551,17917551,0
2020-04-14 16:39:24,kovan2,17917571,17917572,-1
2020-04-14 16:40:49,kovan2,17917594,17917594,0
2020-04-14 16:42:19,kovan2,17917617,17917615,2
2020-04-14 16:43:54,kovan2,17917638,17917638,0
2020-04-14 16:45:16,kovan2,17917659,17917659,0
2020-04-14 16:46:38,kovan2,17917679,17917680,-1
2020-04-14 16:48:06,kovan2,17917700,17917700,0
2020-04-14 16:49:28,kovan2,17917722,17917722,0
2020-04-14 16:50:57,kovan2,17917744,17917744,0
2020-04-14 16:52:22,kovan2,17917764,17917764,0
2020-04-14 16:53:45,kovan2,17917784,17917786,-2
2020-04-14 16:55:09,kovan2,17917809,17917798,11
2020-04-14 16:56:45,kovan2,17917830,17917798,32
2020-04-14 16:58:07,kovan2,17917850,17917848,2
2020-04-14 16:59:29,kovan2,17917871,17917871,0
2020-04-14 17:00:52,kovan2,17917892,17917893,-1
2020-04-14 17:02:18,kovan2,17917912,17917896,16
2020-04-14 17:03:41,kovan2,17917932,17917918,14
2020-04-14 17:05:03,kovan2,17917954,17917918,36
2020-04-14 17:06:26,kovan2,17917974,17917975,-1
2020-04-14 17:07:51,kovan2,17917994,17917992,2
2020-04-14 17:09:13,kovan2,17918014,17918013,1
2020-04-14 17:10:37,kovan2,17918035,17918025,10
2020-04-14 17:11:59,kovan2,17918058,17918059,-1
2020-04-14 17:13:29,kovan2,17918079,17918076,3
2020-04-14 17:14:53,kovan2,17918100,17918098,2
2020-04-14 17:16:17,kovan2,17918121,17918121,0
2020-04-14 17:17:41,kovan2,17918140,17918141,-1
2020-04-14 17:19:03,kovan2,17918161,17918162,-1
2020-04-14 17:20:27,kovan2,17918183,17918183,0
2020-04-14 17:21:51,kovan2,17918203,17918204,-1
2020-04-14 17:23:14,kovan2,17918224,17918217,7
2020-04-14 17:24:36,kovan2,17918245,17918246,-1
2020-04-14 17:26:03,kovan2,17918266,17918259,7
2020-04-14 17:27:26,kovan2,17918290,17918286,4
2020-04-14 17:29:00,kovan2,17918310,17918311,-1
2020-04-14 17:30:22,kovan2,17918331,17918326,5
2020-04-14 17:31:46,kovan2,17918356,17918345,11
2020-04-14 17:33:24,kovan2,17918378,17918379,-1
2020-04-14 17:34:54,kovan2,17918400,17918396,4
2020-04-14 17:36:17,kovan2,17918423,17918423,0
2020-04-14 17:37:52,kovan2,17918443,17918442,1
2020-04-14 17:39:15,kovan2,17918467,17918468,-1
2020-04-14 17:40:50,kovan2,17918488,17918488,0
2020-04-14 17:42:12,kovan2,17918509,17918509,0
2020-04-14 17:43:36,kovan2,17918532,17918533,-1
2020-04-14 17:45:09,kovan2,17918552,17918553,-1
2020-04-14 17:46:31,kovan2,17918574,17918566,8
2020-04-14 17:47:59,kovan2,17918599,17918599,0
2020-04-14 17:49:36,kovan2,17918620,17918616,4
2020-04-14 17:50:59,kovan2,17918644,17918644,0
2020-04-14 17:52:34,kovan2,17918664,17918660,4
2020-04-14 17:53:58,kovan2,17918685,17918681,4
2020-04-14 17:55:20,kovan2,17918708,17918701,7
2020-04-14 17:56:54,kovan2,17918730,17918731,-1
2020-04-14 17:58:22,kovan2,17918750,17918737,13
2020-04-14 17:59:45,kovan2,17918771,17918772,-1
2020-04-14 18:01:07,kovan2,17918791,17918783,8
2020-04-14 18:02:29,kovan2,17918812,17918805,7
2020-04-14 18:03:57,kovan2,17918833,17918805,28
2020-04-14 18:05:19,kovan2,17918854,17918852,2
2020-04-14 18:06:45,kovan2,17918876,17918877,-1
2020-04-14 18:08:16,kovan2,17918897,17918898,-1
2020-04-14 18:09:39,kovan2,17918918,17918918,0
2020-04-14 18:11:01,kovan2,17918940,17918940,0
2020-04-14 18:12:26,kovan2,17918960,17918960,0
2020-04-14 18:13:49,kovan2,17918982,17918982,0
2020-04-14 18:15:14,kovan2,17919005,17919005,0
2020-04-14 18:16:49,kovan2,17919025,17919026,-1
2020-04-14 18:18:11,kovan2,17919047,17919042,5
2020-04-14 18:19:35,kovan2,17919068,17919069,-1
2020-04-14 18:21:02,kovan2,17919089,17919089,0
2020-04-14 18:22:24,kovan2,17919110,17919108,2
2020-04-14 18:23:49,kovan2,17919131,17919108,23
2020-04-14 18:25:12,kovan2,17919152,17919151,1
2020-04-14 18:26:36,kovan2,17919176,17919172,4
2020-04-14 18:28:12,kovan2,17919198,17919193,5
2020-04-14 18:29:40,kovan2,17919219,17919219,0
2020-04-14 18:31:05,kovan2,17919242,17919239,3
2020-04-14 18:32:39,kovan2,17919264,17919264,0
2020-04-14 18:34:03,kovan2,17919284,17919272,12
2020-04-14 18:35:26,kovan2,17919309,17919300,9
2020-04-14 18:37:05,kovan2,17919330,17919324,6
2020-04-14 18:38:27,kovan2,17919352,17919324,28
2020-04-14 18:39:53,kovan2,17919378,17919362,16
2020-04-14 18:41:39,kovan2,17919402,17919394,8
2020-04-14 18:43:19,kovan2,17919426,17919425,1
2020-04-14 18:44:51,kovan2,17919447,17919432,15
2020-04-14 18:46:17,kovan2,17919469,17919467,2
2020-04-14 18:47:42,kovan2,17919489,17919467,22
2020-04-14 18:49:06,kovan2,17919509,17919509,0
2020-04-14 18:50:28,kovan2,17919531,17919528,3
2020-04-14 18:51:59,kovan2,17919554,17919553,1
2020-04-14 18:53:29,kovan2,17919576,17919577,-1
2020-04-14 18:54:58,kovan2,17919597,17919597,0
2020-04-14 18:56:20,kovan2,17919617,17919612,5
2020-04-14 18:57:43,kovan2,17919642,17919639,3
2020-04-14 18:59:21,kovan2,17919663,17919659,4
2020-04-14 19:00:44,kovan2,17919686,17919683,3
2020-04-14 19:02:18,kovan2,17919707,17919707,0
2020-04-14 19:03:41,kovan2,17919727,17919712,15
2020-04-14 19:05:03,kovan2,17919749,17919748,1
2020-04-14 19:06:27,kovan2,17919770,17919748,22
2020-04-14 19:07:51,kovan2,17919791,17919748,43
2020-04-14 19:09:15,kovan2,17919811,17919748,63
2020-04-14 19:10:38,kovan2,17919832,17919748,84
2020-04-14 19:12:03,kovan2,17919855,17919748,107
2020-04-14 19:13:30,kovan2,17919878,17919871,7
2020-04-14 19:15:06,kovan2,17919899,17919871,28
2020-04-14 19:16:29,kovan2,17919920,17919871,49
2020-04-14 19:17:57,kovan2,17919939,17919871,68
2020-04-14 19:19:20,kovan2,17919961,17919959,2
2020-04-14 19:20:51,kovan2,17919985,17919984,1
2020-04-14 19:22:23,kovan2,17920005,17920005,0
2020-04-14 19:23:48,kovan2,17920026,17920027,-1
2020-04-14 19:25:11,kovan2,17920048,17920048,0
2020-04-14 19:26:37,kovan2,17920069,17920069,0
2020-04-14 19:28:00,kovan2,17920089,17920090,-1
2020-04-14 19:29:23,kovan2,17920110,17920108,2
2020-04-14 19:30:46,kovan2,17920134,17920134,0
2020-04-14 19:32:21,kovan2,17920155,17920155,0
2020-04-14 19:33:44,kovan2,17920175,17920176,-1
2020-04-14 19:35:06,kovan2,17920200,17920200,0
2020-04-14 19:36:43,kovan2,17920222,17920222,0
2020-04-14 19:38:09,kovan2,17920244,17920234,10
2020-04-14 19:39:41,kovan2,17920266,17920250,16
2020-04-14 19:41:10,kovan2,17920288,17920278,10
2020-04-14 19:42:37,kovan2,17920311,17920278,33
2020-04-14 19:44:08,kovan2,17920331,17920317,14
2020-04-14 19:45:33,kovan2,17920352,17920352,0
2020-04-14 19:46:55,kovan2,17920375,17920375,0
2020-04-14 19:48:27,kovan2,17920397,17920376,21
2020-04-14 19:49:56,kovan2,17920419,17920406,13
2020-04-14 19:51:25,kovan2,17920441,17920439,2
2020-04-14 19:52:51,kovan2,17920461,17920439,22
2020-04-14 19:54:14,kovan2,17920482,17920471,11
2020-04-14 19:55:39,kovan2,17920504,17920471,33
2020-04-14 19:57:07,kovan2,17920526,17920522,4
2020-04-14 19:58:35,kovan2,17920547,17920548,-1
2020-04-14 19:59:58,kovan2,17920569,17920570,-1
2020-04-14 20:01:26,kovan2,17920592,17920593,-1
2020-04-14 20:02:59,kovan2,17920613,17920614,-1
2020-04-14 20:04:21,kovan2,17920634,17920622,12
2020-04-14 20:05:44,kovan2,17920655,17920653,2
2020-04-14 20:07:13,kovan2,17920681,17920677,4
2020-04-14 20:08:52,kovan2,17920702,17920692,10
2020-04-14 20:10:18,kovan2,17920723,17920722,1
2020-04-14 20:11:41,kovan2,17920744,17920744,0
2020-04-14 20:13:05,kovan2,17920766,17920764,2
2020-04-14 20:14:31,kovan2,17920786,17920787,-1
2020-04-14 20:15:55,kovan2,17920807,17920793,14
2020-04-14 20:17:18,kovan2,17920829,17920823,6
2020-04-14 20:18:42,kovan2,17920848,17920839,9
2020-04-14 20:20:04,kovan2,17920869,17920870,-1
2020-04-14 20:21:28,kovan2,17920890,17920891,-1
2020-04-14 20:22:50,kovan2,17920911,17920911,0
2020-04-14 20:24:12,kovan2,17920931,17920931,0
2020-04-14 20:25:35,kovan2,17920952,17920952,0
2020-04-14 20:26:57,kovan2,17920972,17920973,-1
2020-04-14 20:28:19,kovan2,17920993,17920994,-1
2020-04-14 20:29:42,kovan2,17921013,17921014,-1
2020-04-14 20:31:04,kovan2,17921034,17921035,-1
2020-04-14 20:32:27,kovan2,17921055,17921056,-1
2020-04-14 20:33:49,kovan2,17921077,17921077,0
2020-04-14 20:35:14,kovan2,17921097,17921098,-1
2020-04-14 20:36:38,kovan2,17921118,17921119,-1
2020-04-14 20:38:02,kovan2,17921140,17921140,0
2020-04-14 20:39:27,kovan2,17921160,17921161,-1
2020-04-14 20:40:50,kovan2,17921181,17921182,-1
2020-04-14 20:42:15,kovan2,17921202,17921203,-1
2020-04-14 20:43:39,kovan2,17921223,17921223,0
2020-04-14 20:45:01,kovan2,17921243,17921242,1
2020-04-14 20:46:23,kovan2,17921264,17921264,0
2020-04-14 20:47:45,kovan2,17921285,17921286,-1
2020-04-14 20:49:10,kovan2,17921306,17921306,0
2020-04-14 20:50:32,kovan2,17921326,17921327,-1
2020-04-14 20:51:54,kovan2,17921347,17921348,-1
2020-04-14 20:53:18,kovan2,17921368,17921368,0
2020-04-14 20:54:47,kovan2,17921388,17921389,-1
2020-04-14 20:56:09,kovan2,17921410,17921410,0
2020-04-14 20:57:33,kovan2,17921430,17921430,0
2020-04-14 20:58:56,kovan2,17921450,17921451,-1
2020-04-14 21:00:18,kovan2,17921471,17921471,0
2020-04-14 21:01:41,kovan2,17921492,17921492,0
2020-04-14 21:03:06,kovan2,17921513,17921513,0
2020-04-14 21:04:28,kovan2,17921533,17921526,7
2020-04-14 21:05:50,kovan2,17921554,17921551,3
2020-04-14 21:07:13,kovan2,17921575,17921551,24
2020-04-14 21:08:37,kovan2,17921596,17921551,45
2020-04-14 21:09:59,kovan2,17921616,17921551,65
2020-04-14 21:11:21,kovan2,17921636,17921637,-1
2020-04-14 21:12:43,kovan2,17921657,17921658,-1
2020-04-14 21:14:06,kovan2,17921677,17921678,-1
2020-04-14 21:15:28,kovan2,17921698,17921686,12
2020-04-14 21:16:50,kovan2,17921719,17921720,-1
2020-04-14 21:18:15,kovan2,17921740,17921741,-1
2020-04-14 21:19:39,kovan2,17921761,17921761,0
2020-04-14 21:21:01,kovan2,17921782,17921782,0
2020-04-14 21:22:26,kovan2,17921803,17921803,0
2020-04-14 21:23:48,kovan2,17921824,17921824,0
2020-04-14 21:25:10,kovan2,17921844,17921837,7
2020-04-14 21:26:37,kovan2,17921865,17921865,0
2020-04-14 21:28:00,kovan2,17921886,17921886,0
2020-04-14 21:29:25,kovan2,17921907,17921904,3
2020-04-14 21:30:51,kovan2,17921928,17921929,-1
2020-04-14 21:32:13,kovan2,17921952,17921947,5
2020-04-14 21:33:46,kovan2,17921973,17921973,0
2020-04-14 21:35:09,kovan2,17921993,17921994,-1
2020-04-14 21:36:33,kovan2,17922015,17922011,4
2020-04-14 21:38:00,kovan2,17922035,17922036,-1
2020-04-14 21:39:22,kovan2,17922056,17922056,0
2020-04-14 21:40:45,kovan2,17922076,17922077,-1
2020-04-14 21:42:07,kovan2,17922096,17922098,-2
2020-04-14 21:43:30,kovan2,17922135,17922116,19
2020-04-14 21:46:01,kovan2,17922156,17922152,4
2020-04-14 21:47:23,kovan2,17922178,17922170,8
2020-04-14 21:48:52,kovan2,17922200,17922200,0
2020-04-14 21:50:21,kovan2,17922221,17922210,11
2020-04-14 21:51:44,kovan2,17922243,17922230,13
2020-04-14 21:53:12,kovan2,17922263,17922263,0
2020-04-14 21:54:40,kovan2,17922287,17922287,0
2020-04-14 21:56:15,kovan2,17922308,17922298,10
2020-04-14 21:57:40,kovan2,17922330,17922331,-1
2020-04-14 21:59:10,kovan2,17922351,17922349,2
2020-04-14 22:00:33,kovan2,17922372,17922359,13
2020-04-14 22:01:55,kovan2,17922393,17922389,4
2020-04-14 22:03:26,kovan2,17922421,17922395,26
2020-04-14 22:05:13,kovan2,17922445,17922436,9
2020-04-14 22:06:51,kovan2,17922469,17922436,33
2020-04-14 22:08:24,kovan2,17922489,17922469,20
2020-04-14 22:09:46,kovan2,17922512,17922499,13
2020-04-14 22:11:20,kovan2,17922535,17922514,21
2020-04-14 22:12:47,kovan2,17922556,17922555,1
2020-04-14 22:14:11,kovan2,17922577,17922555,22
2020-04-14 22:15:36,kovan2,17922598,17922555,43
2020-04-14 22:17:00,kovan2,17922622,17922619,3
2020-04-14 22:18:35,kovan2,17922644,17922619,25
2020-04-14 22:20:05,kovan2,17922665,17922620,45
2020-04-14 22:21:31,kovan2,17922686,17922687,-1
2020-04-14 22:22:54,kovan2,17922707,17922689,18
2020-04-14 22:24:16,kovan2,17922735,17922719,16
2020-04-14 22:26:09,kovan2,17922758,17922756,2
2020-04-14 22:27:40,kovan2,17922780,17922773,7
2020-04-14 22:29:10,kovan2,17922802,17922794,8
2020-04-14 22:30:40,kovan2,17922822,17922817,5
2020-04-14 22:32:04,kovan2,17922844,17922844,0
2020-04-14 22:33:27,kovan2,17922864,17922849,15
2020-04-14 22:34:49,kovan2,17922885,17922874,11
2020-04-14 22:36:14,kovan2,17922907,17922889,18
2020-04-14 22:37:41,kovan2,17922929,17922926,3
2020-04-14 22:39:11,kovan2,17922950,17922926,24
2020-04-14 22:40:34,kovan2,17922972,17922964,8
2020-04-14 22:42:03,kovan2,17922994,17922981,13
2020-04-14 22:43:28,kovan2,17923016,17923009,7
2020-04-14 22:44:54,kovan2,17923036,17923036,0
2020-04-14 22:46:17,kovan2,17923059,17923057,2
2020-04-14 22:47:47,kovan2,17923079,17923080,-1
2020-04-14 22:49:12,kovan2,17923100,17923100,0
2020-04-14 22:50:35,kovan2,17923123,17923123,0
2020-04-14 22:52:03,kovan2,17923145,17923141,4
2020-04-14 22:53:32,kovan2,17923165,17923163,2
2020-04-14 22:54:55,kovan2,17923188,17923184,4
2020-04-14 22:56:25,kovan2,17923212,17923204,8
2020-04-14 22:58:03,kovan2,17923241,17923223,18
2020-04-14 23:00:01,kovan2,17923263,17923254,9
2020-04-14 23:01:24,kovan2,17923284,17923284,0
2020-04-14 23:02:52,kovan2,17923308,17923299,9
2020-04-14 23:04:28,kovan2,17923329,17923325,4
2020-04-14 23:05:52,kovan2,17923352,17923325,27
2020-04-14 23:07:21,kovan2,17923375,17923372,3
2020-04-14 23:08:51,kovan2,17923399,17923395,4
2020-04-14 23:10:29,kovan2,17923421,17923421,0
2020-04-14 23:11:56,kovan2,17923442,17923442,0
2020-04-14 23:13:18,kovan2,17923461,17923462,-1
2020-04-14 23:14:41,kovan2,17923485,17923472,13
2020-04-14 23:16:14,kovan2,17923505,17923506,-1
2020-04-14 23:17:38,kovan2,17923526,17923521,5
2020-04-14 23:19:03,kovan2,17923548,17923521,27
2020-04-14 23:20:27,kovan2,17923569,17923570,-1
2020-04-14 23:21:54,kovan2,17923591,17923577,14
2020-04-14 23:23:20,kovan2,17923612,17923606,6
2020-04-14 23:24:44,kovan2,17923637,17923620,17
2020-04-14 23:26:26,kovan2,17923659,17923645,14
2020-04-14 23:27:51,kovan2,17923680,17923678,2
2020-04-14 23:29:18,kovan2,17923702,17923692,10
2020-04-14 23:30:43,kovan2,17923723,17923692,31
2020-04-14 23:32:08,kovan2,17923746,17923730,16
2020-04-14 23:33:40,kovan2,17923768,17923757,11
2020-04-14 23:35:08,kovan2,17923789,17923776,13
2020-04-14 23:36:32,kovan2,17923812,17923776,36
2020-04-14 23:38:04,kovan2,17923832,17923831,1
2020-04-14 23:39:27,kovan2,17923852,17923831,21
2020-04-14 23:40:50,kovan2,17923873,17923833,40
2020-04-14 23:42:14,kovan2,17923895,17923885,10
2020-04-14 23:43:39,kovan2,17923915,17923885,30
2020-04-14 23:45:02,kovan2,17923939,17923932,7
2020-04-14 23:46:37,kovan2,17923960,17923955,5
2020-04-14 23:48:04,kovan2,17923983,17923978,5
2020-04-14 23:49:33,kovan2,17924005,17924004,1
2020-04-14 23:50:57,kovan2,17924025,17924024,1
2020-04-14 23:52:22,kovan2,17924048,17924040,8
2020-04-14 23:53:52,kovan2,17924069,17924069,0
2020-04-14 23:55:17,kovan2,17924091,17924082,9
2020-04-14 23:56:44,kovan2,17924113,17924111,2
2020-04-14 23:58:15,kovan2,17924134,17924111,23
2020-04-14 23:59:38,kovan2,17924154,17924155,-1
2020-04-15 00:01:04,kovan2,17924176,17924155,21
2020-04-15 00:02:27,kovan2,17924200,17924193,7
2020-04-15 00:04:05,kovan2,17924223,17924216,7
2020-04-15 00:05:36,kovan2,17924244,17924233,11
2020-04-15 00:07:00,kovan2,17924264,17924233,31
2020-04-15 00:08:23,kovan2,17924287,17924236,51
2020-04-15 00:09:51,kovan2,17924308,17924236,72
2020-04-15 00:11:20,kovan2,17924331,17924236,95
2020-04-15 00:12:46,kovan2,17924355,17924349,6
2020-04-15 00:14:25,kovan2,17924380,17924369,11
2020-04-15 00:16:04,kovan2,17924403,17924394,9
2020-04-15 00:17:37,kovan2,17924426,17924420,6
2020-04-15 00:19:07,kovan2,17924447,17924435,12
2020-04-15 00:20:34,kovan2,17924469,17924435,34
2020-04-15 00:21:59,kovan2,17924490,17924435,55
2020-04-15 00:23:27,kovan2,17924510,17924499,11
2020-04-15 00:24:50,kovan2,17924531,17924501,30
2020-04-15 00:26:12,kovan2,17924552,17924501,51
2020-04-15 00:27:35,kovan2,17924573,17924501,72
2020-04-15 00:29:00,kovan2,17924593,17924501,92
2020-04-15 00:30:23,kovan2,17924615,17924501,114
2020-04-15 00:31:48,kovan2,17924636,17924624,12
2020-04-15 00:33:15,kovan2,17924658,17924654,4
2020-04-15 00:34:43,kovan2,17924679,17924668,11
2020-04-15 00:36:06,kovan2,17924698,17924687,11
2020-04-15 00:37:31,kovan2,17924721,17924721,0
2020-04-15 00:39:00,kovan2,17924741,17924730,11
2020-04-15 00:40:22,kovan2,17924764,17924730,34
2020-04-15 00:41:53,kovan2,17924786,17924775,11
2020-04-15 00:43:20,kovan2,17924806,17924775,31
2020-04-15 00:44:46,kovan2,17924828,17924817,11
2020-04-15 00:46:09,kovan2,17924849,17924849,0
2020-04-15 00:47:32,kovan2,17924870,17924852,18
2020-04-15 00:48:54,kovan2,17924890,17924891,-1
2020-04-15 00:50:17,kovan2,17924910,17924900,10
2020-04-15 00:51:40,kovan2,17924933,17924931,2
2020-04-15 00:53:09,kovan2,17924954,17924931,23
2020-04-15 00:54:34,kovan2,17924975,17924975,0
2020-04-15 00:55:56,kovan2,17924996,17924982,14
2020-04-15 00:57:22,kovan2,17925021,17925014,7
2020-04-15 00:59:02,kovan2,17925042,17925037,5
2020-04-15 01:00:29,kovan2,17925064,17925064,0
2020-04-15 01:01:52,kovan2,17925085,17925068,17
2020-04-15 01:03:15,kovan2,17925106,17925100,6
2020-04-15 01:04:42,kovan2,17925127,17925128,-1
2020-04-15 01:06:07,kovan2,17925148,17925137,11
2020-04-15 01:07:30,kovan2,17925171,17925165,6
2020-04-15 01:09:06,kovan2,17925193,17925194,-1
2020-04-15 01:10:34,kovan2,17925215,17925196,19
2020-04-15 01:11:59,kovan2,17925236,17925225,11
2020-04-15 01:13:25,kovan2,17925257,17925243,14
2020-04-15 01:14:50,kovan2,17925279,17925267,12
2020-04-15 01:16:18,kovan2,17925304,17925297,7
2020-04-15 01:17:58,kovan2,17925327,17925320,7
2020-04-15 01:19:28,kovan2,17925349,17925350,-1
2020-04-15 01:20:59,kovan2,17925370,17925371,-1
2020-04-15 01:22:23,kovan2,17925391,17925391,0
2020-04-15 01:23:46,kovan2,17925414,17925407,7
2020-04-15 01:25:16,kovan2,17925438,17925438,0
2020-04-15 01:26:51,kovan2,17925460,17925458,2
2020-04-15 01:28:20,kovan2,17925481,17925479,2
2020-04-15 01:29:45,kovan2,17925506,17925505,1
2020-04-15 01:31:29,kovan2,17925529,17925529,0
2020-04-15 01:32:57,kovan2,17925551,17925529,22
2020-04-15 01:34:24,kovan2,17925571,17925572,-1
2020-04-15 01:35:47,kovan2,17925593,17925590,3
2020-04-15 01:37:11,kovan2,17925613,17925610,3
2020-04-15 01:38:34,kovan2,17925635,17925635,0
2020-04-15 01:39:59,kovan2,17925657,17925644,13
2020-04-15 01:41:30,kovan2,17925680,17925671,9
2020-04-15 01:43:02,kovan2,17925701,17925701,0
2020-04-15 01:44:26,kovan2,17925723,17925723,0
2020-04-15 01:45:50,kovan2,17925744,17925736,8
2020-04-15 01:47:13,kovan2,17925766,17925766,0
2020-04-15 01:48:44,kovan2,17925787,17925787,0
2020-04-15 01:50:06,kovan2,17925807,17925798,9
2020-04-15 01:51:29,kovan2,17925831,17925831,0
2020-04-15 01:53:03,kovan2,17925851,17925852,-1
2020-04-15 01:54:26,kovan2,17925873,17925872,1
2020-04-15 01:55:53,kovan2,17925893,17925894,-1
2020-04-15 01:57:15,kovan2,17925914,17925915,-1
2020-04-15 01:58:38,kovan2,17925936,17925936,0
2020-04-15 02:00:04,kovan2,17925957,17925957,0
2020-04-15 02:01:29,kovan2,17925977,17925977,0
2020-04-15 02:02:51,kovan2,17925998,17925998,0
2020-04-15 02:04:14,kovan2,17926018,17926018,0
2020-04-15 02:05:36,kovan2,17926038,17926039,-1
2020-04-15 02:06:58,kovan2,17926059,17926060,-1
2020-04-15 02:08:24,kovan2,17926083,17926083,0
2020-04-15 02:09:55,kovan2,17926103,17926104,-1
2020-04-15 02:11:18,kovan2,17926124,17926124,0
2020-04-15 02:12:40,kovan2,17926144,17926145,-1
2020-04-15 02:14:02,kovan2,17926167,17926168,-1
2020-04-15 02:15:34,kovan2,17926188,17926184,4
2020-04-15 02:16:56,kovan2,17926208,17926209,-1
2020-04-15 02:18:18,kovan2,17926229,17926218,11
2020-04-15 02:19:40,kovan2,17926253,17926254,-1
2020-04-15 02:21:17,kovan2,17926273,17926274,-1
2020-04-15 02:22:39,kovan2,17926294,17926295,-1
2020-04-15 02:24:02,kovan2,17926315,17926315,0
2020-04-15 02:25:24,kovan2,17926336,17926337,-1
2020-04-15 02:26:51,kovan2,17926357,17926358,-1
2020-04-15 02:28:14,kovan2,17926378,17926378,0
2020-04-15 02:29:36,kovan2,17926399,17926391,8
2020-04-15 02:31:00,kovan2,17926419,17926420,-1
2020-04-15 02:32:23,kovan2,17926440,17926440,0
2020-04-15 02:33:45,kovan2,17926460,17926461,-1
2020-04-15 02:35:07,kovan2,17926481,17926482,-1
2020-04-15 02:36:30,kovan2,17926503,17926503,0
2020-04-15 02:37:54,kovan2,17926523,17926524,-1
2020-04-15 02:39:17,kovan2,17926543,17926544,-1
2020-04-15 02:40:39,kovan2,17926566,17926567,-1
2020-04-15 02:42:09,kovan2,17926586,17926587,-1
2020-04-15 02:43:32,kovan2,17926607,17926608,-1
2020-04-15 02:44:54,kovan2,17926628,17926628,0
2020-04-15 02:46:16,kovan2,17926649,17926647,2
2020-04-15 02:47:45,kovan2,17926671,17926671,0
2020-04-15 02:49:12,kovan2,17926693,17926693,0
2020-04-15 02:50:41,kovan2,17926716,17926716,0
2020-04-15 02:52:12,kovan2,17926737,17926737,0
2020-04-15 02:53:35,kovan2,17926761,17926761,0
2020-04-15 02:55:10,kovan2,17926781,17926773,8
2020-04-15 02:56:34,kovan2,17926802,17926802,0
2020-04-15 02:57:56,kovan2,17926822,17926823,-1
2020-04-15 02:59:18,kovan2,17926843,17926827,16
2020-04-15 03:00:41,kovan2,17926865,17926862,3
2020-04-15 03:02:11,kovan2,17926887,17926878,9
2020-04-15 03:03:42,kovan2,17926908,17926908,0
2020-04-15 03:05:04,kovan2,17926929,17926930,-1
2020-04-15 03:06:30,kovan2,17926949,17926937,12
2020-04-15 03:07:52,kovan2,17926971,17926971,0
2020-04-15 03:09:21,kovan2,17926991,17926992,-1
2020-04-15 03:10:43,kovan2,17927014,17927006,8
2020-04-15 03:12:15,kovan2,17927035,17927036,-1
2020-04-15 03:13:38,kovan2,17927057,17927045,12
2020-04-15 03:15:07,kovan2,17927086,17927046,40
2020-04-15 03:16:58,kovan2,17927108,17927095,13
2020-04-15 03:18:30,kovan2,17927130,17927115,15
2020-04-15 03:19:59,kovan2,17927151,17927148,3
2020-04-15 03:21:21,kovan2,17927175,17927171,4
2020-04-15 03:22:58,kovan2,17927196,17927171,25
2020-04-15 03:24:22,kovan2,17927217,17927208,9
2020-04-15 03:25:47,kovan2,17927239,17927230,9
2020-04-15 03:27:15,kovan2,17927262,17927262,0
2020-04-15 03:28:44,kovan2,17927282,17927283,-1
2020-04-15 03:30:06,kovan2,17927308,17927300,8
2020-04-15 03:31:50,kovan2,17927332,17927325,7
2020-04-15 03:33:24,kovan2,17927356,17927351,5
2020-04-15 03:35:02,kovan2,17927378,17927351,27
2020-04-15 03:36:28,kovan2,17927399,17927385,14
2020-04-15 03:37:51,kovan2,17927422,17927408,14
2020-04-15 03:39:26,kovan2,17927443,17927444,-1
2020-04-15 03:40:50,kovan2,17927463,17927464,-1
2020-04-15 03:42:12,kovan2,17927490,17927484,6
2020-04-15 03:43:53,kovan2,17927510,17927511,-1
2020-04-15 03:45:18,kovan2,17927537,17927533,4
2020-04-15 03:47:04,kovan2,17927559,17927545,14
2020-04-15 03:48:33,kovan2,17927582,17927582,0
2020-04-15 03:50:04,kovan2,17927602,17927591,11
2020-04-15 03:51:28,kovan2,17927625,17927615,10
2020-04-15 03:53:03,kovan2,17927648,17927638,10
2020-04-15 03:54:35,kovan2,17927671,17927669,2
2020-04-15 03:56:05,kovan2,17927692,17927688,4
2020-04-15 03:57:29,kovan2,17927713,17927713,0
2020-04-15 03:58:52,kovan2,17927734,17927720,14
2020-04-15 04:00:14,kovan2,17927757,17927746,11
2020-04-15 04:01:52,kovan2,17927778,17927765,13
2020-04-15 04:03:14,kovan2,17927799,17927800,-1
2020-04-15 04:04:39,kovan2,17927821,17927804,17
2020-04-15 04:06:05,kovan2,17927843,17927843,0
2020-04-15 04:07:31,kovan2,17927864,17927844,20
2020-04-15 04:08:55,kovan2,17927884,17927885,-1
2020-04-15 04:10:18,kovan2,17927904,17927905,-1
2020-04-15 04:11:40,kovan2,17927925,17927914,11
2020-04-15 04:13:02,kovan2,17927946,17927946,0
2020-04-15 04:14:24,kovan2,17927967,17927965,2
2020-04-15 04:15:48,kovan2,17927987,17927976,11
2020-04-15 04:17:10,kovan2,17928008,17927998,10
2020-04-15 04:18:34,kovan2,17928030,17928019,11
2020-04-15 04:20:03,kovan2,17928055,17928040,15
2020-04-15 04:21:41,kovan2,17928076,17928067,9
2020-04-15 04:23:05,kovan2,17928097,17928097,0
2020-04-15 04:24:29,kovan2,17928117,17928099,18
2020-04-15 04:25:51,kovan2,17928137,17928099,38
2020-04-15 04:27:13,kovan2,17928158,17928152,6
2020-04-15 04:28:35,kovan2,17928182,17928174,8
2020-04-15 04:30:10,kovan2,17928202,17928174,28
2020-04-15 04:31:32,kovan2,17928223,17928224,-1
2020-04-15 04:32:57,kovan2,17928245,17928240,5
2020-04-15 04:34:23,kovan2,17928266,17928246,20
2020-04-15 04:35:49,kovan2,17928286,17928287,-1
2020-04-15 04:37:11,kovan2,17928306,17928308,-2
2020-04-15 04:38:33,kovan2,17928328,17928328,0
2020-04-15 04:39:56,kovan2,17928348,17928349,-1
2020-04-15 04:41:18,kovan2,17928369,17928354,15
2020-04-15 04:42:41,kovan2,17928390,17928390,0
2020-04-15 04:44:05,kovan2,17928411,17928411,0
2020-04-15 04:45:27,kovan2,17928431,17928428,3
2020-04-15 04:46:52,kovan2,17928454,17928451,3
2020-04-15 04:48:19,kovan2,17928474,17928475,-1
2020-04-15 04:49:41,kovan2,17928495,17928492,3
2020-04-15 04:51:03,kovan2,17928517,17928513,4
2020-04-15 04:52:34,kovan2,17928538,17928536,2
2020-04-15 04:53:58,kovan2,17928559,17928559,0
2020-04-15 04:55:20,kovan2,17928580,17928580,0
2020-04-15 04:56:43,kovan2,17928600,17928600,0
2020-04-15 04:58:06,kovan2,17928621,17928621,0
2020-04-15 04:59:28,kovan2,17928641,17928642,-1
2020-04-15 05:00:50,kovan2,17928662,17928653,9
2020-04-15 05:02:12,kovan2,17928682,17928683,-1
2020-04-15 05:03:35,kovan2,17928703,17928704,-1
2020-04-15 05:04:57,kovan2,17928723,17928724,-1
2020-04-15 05:06:19,kovan2,17928744,17928732,12
2020-04-15 05:07:41,kovan2,17928765,17928765,0
2020-04-15 05:09:04,kovan2,17928786,17928786,0
2020-04-15 05:10:27,kovan2,17928806,17928807,-1
2020-04-15 05:11:52,kovan2,17928827,17928824,3
2020-04-15 05:13:14,kovan2,17928848,17928848,0
2020-04-15 05:14:36,kovan2,17928868,17928869,-1
2020-04-15 05:15:58,kovan2,17928889,17928889,0
2020-04-15 05:17:20,kovan2,17928910,17928910,0
2020-04-15 05:18:43,kovan2,17928930,17928930,0
2020-04-15 05:20:05,kovan2,17928953,17928954,-1
2020-04-15 05:21:37,kovan2,17928975,17928975,0
2020-04-15 05:23:03,kovan2,17928995,17928991,4
2020-04-15 05:24:25,kovan2,17929016,17929011,5
2020-04-15 05:25:47,kovan2,17929036,17929037,-1
2020-04-15 05:27:10,kovan2,17929057,17929043,14
2020-04-15 05:28:32,kovan2,17929079,17929079,0
2020-04-15 05:29:58,kovan2,17929100,17929099,1
2020-04-15 05:31:27,kovan2,17929121,17929122,-1
2020-04-15 05:32:50,kovan2,17929142,17929142,0
2020-04-15 05:34:12,kovan2,17929163,17929164,-1
2020-04-15 05:35:40,kovan2,17929184,17929185,-1
2020-04-15 05:37:03,kovan2,17929205,17929205,0
2020-04-15 05:38:25,kovan2,17929226,17929226,0
2020-04-15 05:39:48,kovan2,17929247,17929247,0
2020-04-15 05:41:10,kovan2,17929267,17929268,-1
2020-04-15 05:42:35,kovan2,17929290,17929290,0
2020-04-15 05:44:02,kovan2,17929310,17929310,0
2020-04-15 05:45:25,kovan2,17929330,17929331,-1
2020-04-15 05:46:47,kovan2,17929351,17929352,-1
2020-04-15 05:48:09,kovan2,17929372,17929369,3
2020-04-15 05:49:32,kovan2,17929392,17929393,-1
2020-04-15 05:50:54,kovan2,17929413,17929411,2
2020-04-15 05:52:16,kovan2,17929433,17929434,-1
2020-04-15 05:53:38,kovan2,17929454,17929454,0
2020-04-15 05:55:01,kovan2,17929475,17929475,0
2020-04-15 05:56:23,kovan2,17929497,17929498,-1
2020-04-15 05:57:53,kovan2,17929520,17929520,0
2020-04-15 05:59:24,kovan2,17929540,17929541,-1
2020-04-15 06:00:46,kovan2,17929564,17929563,1
2020-04-15 06:02:20,kovan2,17929584,17929585,-1
2020-04-15 06:03:43,kovan2,17929605,17929606,-1
2020-04-15 06:05:06,kovan2,17929626,17929625,1
2020-04-15 06:06:29,kovan2,17929647,17929647,0
2020-04-15 06:07:51,kovan2,17929668,17929660,8
2020-04-15 06:09:14,kovan2,17929688,17929660,28
2020-04-15 06:10:36,kovan2,17929709,17929708,1
2020-04-15 06:12:01,kovan2,17929730,17929730,0
2020-04-15 06:13:24,kovan2,17929750,17929751,-1
2020-04-15 06:14:46,kovan2,17929771,17929771,0
2020-04-15 06:16:09,kovan2,17929792,17929792,0
2020-04-15 06:17:31,kovan2,17929812,17929806,6
2020-04-15 06:18:54,kovan2,17929833,17929806,27
2020-04-15 06:20:16,kovan2,17929853,17929854,-1
2020-04-15 06:21:38,kovan2,17929873,17929864,9
2020-04-15 06:23:01,kovan2,17929894,17929894,0
2020-04-15 06:24:23,kovan2,17929914,17929914,0
2020-04-15 06:25:45,kovan2,17929934,17929935,-1
2020-04-15 06:27:07,kovan2,17929955,17929944,11
2020-04-15 06:28:30,kovan2,17929976,17929944,32
2020-04-15 06:29:52,kovan2,17929999,17929994,5
2020-04-15 06:31:24,kovan2,17930021,17930021,0
2020-04-15 06:32:52,kovan2,17930044,17930041,3
2020-04-15 06:34:25,kovan2,17930065,17930065,0
2020-04-15 06:35:49,kovan2,17930086,17930086,0
2020-04-15 06:37:11,kovan2,17930107,17930107,0
2020-04-15 06:38:34,kovan2,17930127,17930127,0
2020-04-15 06:39:56,kovan2,17930149,17930147,2
2020-04-15 06:41:25,kovan2,17930170,17930156,14
2020-04-15 06:42:48,kovan2,17930190,17930191,-1
2020-04-15 06:44:11,kovan2,17930211,17930212,-1
2020-04-15 06:45:33,kovan2,17930233,17930233,0
2020-04-15 06:46:59,kovan2,17930255,17930247,8
2020-04-15 06:48:32,kovan2,17930279,17930276,3
2020-04-15 06:50:05,kovan2,17930302,17930303,-1
2020-04-15 06:51:38,kovan2,17930324,17930324,0
2020-04-15 06:53:06,kovan2,17930344,17930345,-1
2020-04-15 06:54:28,kovan2,17930366,17930364,2
2020-04-15 06:55:54,kovan2,17930387,17930364,23
2020-04-15 06:57:16,kovan2,17930407,17930397,10
2020-04-15 06:58:40,kovan2,17930427,17930428,-1
2020-04-15 07:00:02,kovan2,17930448,17930448,0
2020-04-15 07:01:26,kovan2,17930468,17930469,-1
2020-04-15 07:02:49,kovan2,17930492,17930489,3
2020-04-15 07:04:24,kovan2,17930513,17930513,0
2020-04-15 07:05:46,kovan2,17930533,17930531,2
2020-04-15 07:07:10,kovan2,17930553,17930554,-1
2020-04-15 07:08:32,kovan2,17930574,17930561,13
2020-04-15 07:09:54,kovan2,17930595,17930595,0
2020-04-15 07:11:17,kovan2,17930616,17930616,0
2020-04-15 07:12:39,kovan2,17930636,17930637,-1
2020-04-15 07:14:02,kovan2,17930659,17930659,0
2020-04-15 07:15:33,kovan2,17930679,17930661,18
2020-04-15 07:16:55,kovan2,17930700,17930700,0
2020-04-15 07:18:17,kovan2,17930721,17930721,0
2020-04-15 07:19:39,kovan2,17930743,17930744,-1
2020-04-15 07:21:09,kovan2,17930763,17930745,18
2020-04-15 07:22:31,kovan2,17930784,17930785,-1
2020-04-15 07:23:54,kovan2,17930805,17930805,0
2020-04-15 07:25:17,kovan2,17930826,17930826,0
2020-04-15 07:26:39,kovan2,17930848,17930846,2
2020-04-15 07:28:09,kovan2,17930870,17930868,2
2020-04-15 07:29:38,kovan2,17930891,17930892,-1
2020-04-15 07:31:03,kovan2,17930912,17930903,9
2020-04-15 07:32:25,kovan2,17930933,17930933,0
2020-04-15 07:33:48,kovan2,17930956,17930956,0
2020-04-15 07:35:20,kovan2,17930977,17930977,0
2020-04-15 07:36:43,kovan2,17930997,17930981,16
2020-04-15 07:38:05,kovan2,17931017,17931012,5
2020-04-15 07:39:27,kovan2,17931042,17931041,1
2020-04-15 07:41:06,kovan2,17931063,17931063,0
2020-04-15 07:42:29,kovan2,17931084,17931072,12
2020-04-15 07:43:51,kovan2,17931104,17931105,-1
2020-04-15 07:45:15,kovan2,17931125,17931126,-1
2020-04-15 07:46:37,kovan2,17931145,17931141,4
2020-04-15 07:47:59,kovan2,17931166,17931164,2
2020-04-15 07:49:22,kovan2,17931187,17931187,0
2020-04-15 07:50:44,kovan2,17931208,17931208,0
2020-04-15 07:52:08,kovan2,17931231,17931228,3
2020-04-15 07:53:40,kovan2,17931251,17931252,-1
2020-04-15 07:55:03,kovan2,17931272,17931256,16
2020-04-15 07:56:26,kovan2,17931295,17931296,-1
2020-04-15 07:57:58,kovan2,17931319,17931317,2
2020-04-15 07:59:34,kovan2,17931340,17931340,0
2020-04-15 08:00:56,kovan2,17931361,17931361,0
2020-04-15 08:02:21,kovan2,17931382,17931382,0
2020-04-15 08:03:45,kovan2,17931404,17931402,2
2020-04-15 08:05:16,kovan2,17931424,17931426,-2
2020-04-15 08:06:42,kovan2,17931446,17931447,-1
2020-04-15 08:08:06,kovan2,17931467,17931467,0
2020-04-15 08:09:29,kovan2,17931489,17931487,2
2020-04-15 08:10:59,kovan2,17931512,17931512,0
2020-04-15 08:12:29,kovan2,17931533,17931533,0
2020-04-15 08:13:52,kovan2,17931553,17931554,-1
2020-04-15 08:15:15,kovan2,17931574,17931575,-1
2020-04-15 08:16:38,kovan2,17931596,17931596,0
2020-04-15 08:18:03,kovan2,17931618,17931614,4
2020-04-15 08:19:34,kovan2,17931640,17931640,0
2020-04-15 08:20:58,kovan2,17931661,17931661,0
2020-04-15 08:22:23,kovan2,17931682,17931682,0
2020-04-15 08:23:46,kovan2,17931702,17931702,0
2020-04-15 08:25:09,kovan2,17931722,17931723,-1
2020-04-15 08:26:32,kovan2,17931743,17931739,4
2020-04-15 08:27:54,kovan2,17931766,17931763,3
2020-04-15 08:29:24,kovan2,17931787,17931763,24
2020-04-15 08:30:46,kovan2,17931807,17931800,7
2020-04-15 08:32:10,kovan2,17931828,17931800,28
2020-04-15 08:33:32,kovan2,17931848,17931848,0
2020-04-15 08:34:54,kovan2,17931868,17931852,16
2020-04-15 08:36:16,kovan2,17931888,17931889,-1
2020-04-15 08:37:39,kovan2,17931910,17931910,0
2020-04-15 08:39:02,kovan2,17931930,17931930,0
2020-04-15 08:40:25,kovan2,17931951,17931951,0
2020-04-15 08:41:48,kovan2,17931973,17931973,0
2020-04-15 08:43:15,kovan2,17931992,17931993,-1
2020-04-15 08:44:38,kovan2,17932013,17932013,0
2020-04-15 08:46:00,kovan2,17932034,17932034,0
2020-04-15 08:47:22,kovan2,17932054,17932049,5
2020-04-15 08:48:46,kovan2,17932076,17932077,-1
2020-04-15 08:50:14,kovan2,17932097,17932098,-1
2020-04-15 08:51:38,kovan2,17932118,17932118,0
2020-04-15 08:53:00,kovan2,17932139,17932134,5
2020-04-15 08:54:24,kovan2,17932161,17932161,0
2020-04-15 08:55:52,kovan2,17932182,17932177,5
2020-04-15 08:57:14,kovan2,17932202,17932203,-1
2020-04-15 08:58:37,kovan2,17932222,17932223,-1
2020-04-15 08:59:59,kovan2,17932244,17932244,0
2020-04-15 09:01:25,kovan2,17932265,17932265,0
2020-04-15 09:02:49,kovan2,17932286,17932287,-1
2020-04-15 09:04:13,kovan2,17932306,17932307,-1
2020-04-15 09:05:36,kovan2,17932328,17932313,15
2020-04-15 09:07:01,kovan2,17932350,17932349,1
2020-04-15 09:08:31,kovan2,17932371,17932365,6
2020-04-15 09:09:55,kovan2,17932394,17932390,4
2020-04-15 09:11:23,kovan2,17932414,17932414,0
2020-04-15 09:12:46,kovan2,17932435,17932435,0
2020-04-15 09:14:08,kovan2,17932456,17932457,-1
2020-04-15 09:15:33,kovan2,17932477,17932477,0
2020-04-15 09:16:55,kovan2,17932497,17932482,15
2020-04-15 09:18:18,kovan2,17932518,17932482,36
2020-04-15 09:19:41,kovan2,17932539,17932539,0
2020-04-15 09:21:03,kovan2,17932559,17932541,18
2020-04-15 09:22:26,kovan2,17932578,17932541,37
2020-04-15 09:23:48,kovan2,17932599,17932541,58
2020-04-15 09:25:10,kovan2,17932620,17932613,7
2020-04-15 09:26:33,kovan2,17932640,17932613,27
2020-04-15 09:27:55,kovan2,17932660,17932613,47
2020-04-15 09:29:17,kovan2,17932683,17932680,3
2020-04-15 09:30:45,kovan2,17932703,17932680,23
2020-04-15 09:32:07,kovan2,17932725,17932717,8
2020-04-15 09:33:33,kovan2,17932747,17932743,4
2020-04-15 09:35:00,kovan2,17932767,17932756,11
2020-04-15 09:36:22,kovan2,17932788,17932788,0
2020-04-15 09:37:46,kovan2,17932811,17932811,0
2020-04-15 09:39:15,kovan2,17932832,17932816,16
2020-04-15 09:40:40,kovan2,17932852,17932851,1
2020-04-15 09:42:03,kovan2,17932874,17932868,6
2020-04-15 09:43:27,kovan2,17932894,17932888,6
2020-04-15 09:44:49,kovan2,17932915,17932904,11
2020-04-15 09:46:15,kovan2,17932938,17932926,12
2020-04-15 09:47:44,kovan2,17932959,17932927,32
2020-04-15 09:49:11,kovan2,17932983,17932927,56
2020-04-15 09:50:50,kovan2,17933007,17932927,80
2020-04-15 09:52:19,kovan2,17933030,17932927,103
2020-04-15 09:53:53,kovan2,17933055,17932927,128
2020-04-15 09:55:34,kovan2,17933076,17932927,149
2020-04-15 09:56:58,kovan2,17933098,17932927,171
2020-04-15 09:58:25,kovan2,17933119,17933053,66
2020-04-15 09:59:48,kovan2,17933140,17933053,87
2020-04-15 10:01:10,kovan2,17933162,17933053,109
2020-04-15 10:02:45,kovan2,17933183,17933053,130
2020-04-15 10:04:09,kovan2,17933203,17933195,8
2020-04-15 10:05:34,kovan2,17933222,17933195,27
2020-04-15 10:06:57,kovan2,17933245,17933234,11
2020-04-15 10:08:26,kovan2,17933269,17933264,5
2020-04-15 10:10:03,kovan2,17933291,17933289,2
2020-04-15 10:11:28,kovan2,17933314,17933291,23
2020-04-15 10:13:01,kovan2,17933335,17933291,44
2020-04-15 10:14:28,kovan2,17933356,17933341,15
2020-04-15 10:15:50,kovan2,17933378,17933365,13
2020-04-15 10:17:19,kovan2,17933398,17933365,33
2020-04-15 10:18:41,kovan2,17933421,17933417,4
2020-04-15 10:20:14,kovan2,17933441,17933417,24
2020-04-15 10:21:37,kovan2,17933464,17933462,2
2020-04-15 10:23:11,kovan2,17933485,17933462,23
2020-04-15 10:24:33,kovan2,17933505,17933462,43
2020-04-15 10:25:58,kovan2,17933527,17933462,65
2020-04-15 10:27:24,kovan2,17933549,17933462,87
2020-04-15 10:28:52,kovan2,17933571,17933462,109
2020-04-15 10:30:19,kovan2,17933591,17933462,129
2020-04-15 10:31:42,kovan2,17933612,17933589,23
2020-04-15 10:33:05,kovan2,17933632,17933589,43
2020-04-15 10:34:29,kovan2,17933653,17933589,64
2020-04-15 10:35:55,kovan2,17933675,17933676,-1
2020-04-15 10:37:23,kovan2,17933696,17933679,17
2020-04-15 10:38:47,kovan2,17933718,17933707,11
2020-04-15 10:40:12,kovan2,17933742,17933731,11
2020-04-15 10:41:49,kovan2,17933764,17933754,10
2020-04-15 10:43:21,kovan2,17933792,17933754,38
2020-04-15 10:45:12,kovan2,17933815,17933799,16
2020-04-15 10:46:45,kovan2,17933836,17933821,15
2020-04-15 10:48:09,kovan2,17933858,17933859,-1
2020-04-15 10:49:39,kovan2,17933879,17933879,0
2020-04-15 10:51:02,kovan2,17933905,17933887,18
2020-04-15 10:52:45,kovan2,17933926,17933915,11
2020-04-15 10:54:08,kovan2,17933947,17933930,17
2020-04-15 10:55:32,kovan2,17933968,17933930,38
2020-04-15 10:56:55,kovan2,17933989,17933973,16
2020-04-15 10:58:19,kovan2,17934010,17934010,0
2020-04-15 10:59:45,kovan2,17934031,17934015,16
2020-04-15 11:01:07,kovan2,17934052,17934038,14
2020-04-15 11:02:32,kovan2,17934073,17934038,35
2020-04-15 11:03:56,kovan2,17934097,17934089,8
2020-04-15 11:05:31,kovan2,17934117,17934089,28
2020-04-15 11:06:55,kovan2,17934140,17934135,5
2020-04-15 11:08:25,kovan2,17934161,17934135,26
2020-04-15 11:09:50,kovan2,17934183,17934165,18
2020-04-15 11:11:17,kovan2,17934204,17934198,6
2020-04-15 11:12:41,kovan2,17934224,17934198,26
2020-04-15 11:14:04,kovan2,17934247,17934233,14
2020-04-15 11:15:32,kovan2,17934268,17934269,-1
2020-04-15 11:16:57,kovan2,17934293,17934282,11
2020-04-15 11:18:34,kovan2,17934315,17934309,6
2020-04-15 11:20:05,kovan2,17934339,17934332,7
2020-04-15 11:21:41,kovan2,17934360,17934342,18
2020-04-15 11:23:06,kovan2,17934381,17934342,39
2020-04-15 11:24:28,kovan2,17934402,17934401,1
2020-04-15 11:25:53,kovan2,17934423,17934424,-1
2020-04-15 11:27:17,kovan2,17934444,17934444,0
2020-04-15 11:28:41,kovan2,17934471,17934449,22
2020-04-15 11:30:30,kovan2,17934494,17934481,13
2020-04-15 11:32:03,kovan2,17934517,17934509,8
2020-04-15 11:33:30,kovan2,17934537,17934509,28
2020-04-15 11:34:52,kovan2,17934559,17934509,50
2020-04-15 11:36:19,kovan2,17934580,17934563,17
2020-04-15 11:37:44,kovan2,17934606,17934563,43
2020-04-15 11:39:30,kovan2,17934627,17934563,64
2020-04-15 11:40:52,kovan2,17934650,17934646,4
2020-04-15 11:42:24,kovan2,17934671,17934646,25
2020-04-15 11:43:48,kovan2,17934692,17934646,46
2020-04-15 11:45:14,kovan2,17934713,17934646,67
2020-04-15 11:46:37,kovan2,17934736,17934737,-1
2020-04-15 11:48:09,kovan2,17934759,17934759,0
2020-04-15 11:49:40,kovan2,17934780,17934770,10
2020-04-15 11:51:04,kovan2,17934801,17934793,8
2020-04-15 11:52:31,kovan2,17934822,17934817,5
2020-04-15 11:54:00,kovan2,17934844,17934844,0
2020-04-15 11:55:27,kovan2,17934866,17934867,-1
2020-04-15 11:56:57,kovan2,17934887,17934886,1
2020-04-15 11:58:20,kovan2,17934907,17934896,11
2020-04-15 11:59:42,kovan2,17934929,17934929,0
2020-04-15 12:01:07,kovan2,17934949,17934949,0
2020-04-15 12:02:29,kovan2,17934969,17934970,-1
2020-04-15 12:03:51,kovan2,17934990,17934989,1
2020-04-15 12:05:15,kovan2,17935011,17935012,-1
2020-04-15 12:06:37,kovan2,17935034,17935035,-1
2020-04-15 12:08:10,kovan2,17935057,17935056,1
2020-04-15 12:09:41,kovan2,17935081,17935072,9
2020-04-15 12:11:16,kovan2,17935102,17935102,0
2020-04-15 12:12:39,kovan2,17935123,17935119,4
2020-04-15 12:14:05,kovan2,17935145,17935145,0
2020-04-15 12:15:31,kovan2,17935167,17935163,4
2020-04-15 12:16:58,kovan2,17935187,17935188,-1
2020-04-15 12:18:23,kovan2,17935210,17935210,0
2020-04-15 12:19:50,kovan2,17935230,17935231,-1
2020-04-15 12:21:19,kovan2,17935252,17935248,4
2020-04-15 12:22:43,kovan2,17935273,17935273,0
2020-04-15 12:24:07,kovan2,17935290,17935291,-1
2020-04-15 12:25:30,kovan2,17935311,17935312,-1
2020-04-15 12:26:53,kovan2,17935329,17935330,-1
2020-04-15 12:28:16,kovan2,17935349,17935350,-1
2020-04-15 12:29:38,kovan2,17935370,17935371,-1
2020-04-15 12:31:03,kovan2,17935393,17935393,0
2020-04-15 12:32:31,kovan2,17935412,17935413,-1
2020-04-15 12:33:53,kovan2,17935434,17935434,0
2020-04-15 12:35:24,kovan2,17935455,17935455,0
2020-04-15 12:36:46,kovan2,17935475,17935475,0
2020-04-15 12:38:09,kovan2,17935496,17935496,0
2020-04-15 12:39:33,kovan2,17935518,17935516,2
2020-04-15 12:41:07,kovan2,17935539,17935534,5
2020-04-15 12:42:31,kovan2,17935560,17935557,3
2020-04-15 12:43:54,kovan2,17935580,17935570,10
2020-04-15 12:45:16,kovan2,17935599,17935570,29
2020-04-15 12:46:39,kovan2,17935617,17935618,-1
2020-04-15 12:48:02,kovan2,17935638,17935638,0
2020-04-15 12:49:25,kovan2,17935657,17935658,-1
2020-04-15 12:50:55,kovan2,17935678,17935679,-1
2020-04-15 12:52:21,kovan2,17935700,17935696,4
2020-04-15 12:53:54,kovan2,17935720,17935718,2
2020-04-15 12:55:18,kovan2,17935741,17935735,6
2020-04-15 12:56:40,kovan2,17935760,17935758,2
2020-04-15 12:58:03,kovan2,17935779,17935780,-1
2020-04-15 12:59:26,kovan2,17935799,17935800,-1
2020-04-15 13:00:50,kovan2,17935818,17935818,0
2020-04-15 13:02:12,kovan2,17935838,17935839,-1
2020-04-15 13:03:35,kovan2,17935859,17935859,0
2020-04-15 13:05:00,kovan2,17935883,17935883,0
2020-04-15 13:06:40,kovan2,17935906,17935896,10
2020-04-15 13:08:11,kovan2,17935932,17935921,11
2020-04-15 13:10:06,kovan2,17935953,17935953,0
2020-04-15 13:11:29,kovan2,17935975,17935975,0
2020-04-15 13:12:56,kovan2,17935996,17935996,0
2020-04-15 13:14:23,kovan2,17936015,17936016,-1
2020-04-15 13:15:46,kovan2,17936035,17936036,-1
2020-04-15 13:17:08,kovan2,17936055,17936057,-2
2020-04-15 13:18:30,kovan2,17936078,17936070,8
2020-04-15 13:19:55,kovan2,17936097,17936099,-2
2020-04-15 13:21:18,kovan2,17936121,17936118,3
2020-04-15 13:22:51,kovan2,17936142,17936143,-1
2020-04-15 13:24:13,kovan2,17936164,17936164,0
2020-04-15 13:25:38,kovan2,17936185,17936172,13
2020-04-15 13:27:04,kovan2,17936206,17936206,0
2020-04-15 13:28:26,kovan2,17936226,17936226,0
2020-04-15 13:29:50,kovan2,17936246,17936247,-1
2020-04-15 13:31:14,kovan2,17936268,17936268,0
2020-04-15 13:32:39,kovan2,17936288,17936289,-1
2020-04-15 13:34:01,kovan2,17936310,17936310,0
2020-04-15 13:35:35,kovan2,17936331,17936324,7
2020-04-15 13:36:58,kovan2,17936351,17936324,27
2020-04-15 13:38:20,kovan2,17936373,17936362,11
2020-04-15 13:39:48,kovan2,17936394,17936394,0
2020-04-15 13:41:11,kovan2,17936415,17936415,0
2020-04-15 13:42:37,kovan2,17936441,17936438,3
2020-04-15 13:44:20,kovan2,17936462,17936458,4
2020-04-15 13:45:42,kovan2,17936484,17936481,3
2020-04-15 13:47:12,kovan2,17936504,17936505,-1
2020-04-15 13:48:35,kovan2,17936525,17936526,-1
2020-04-15 13:49:58,kovan2,17936548,17936549,-1
2020-04-15 13:51:31,kovan2,17936571,17936561,10
2020-04-15 13:52:57,kovan2,17936591,17936590,1
2020-04-15 13:54:20,kovan2,17936612,17936609,3
2020-04-15 13:55:44,kovan2,17936633,17936633,0
2020-04-15 13:57:07,kovan2,17936659,17936659,0
2020-04-15 13:58:52,kovan2,17936680,17936680,0
2020-04-15 14:00:16,kovan2,17936700,17936701,-1
2020-04-15 14:01:39,kovan2,17936721,17936712,9
2020-04-15 14:03:01,kovan2,17936742,17936742,0
2020-04-15 14:04:24,kovan2,17936763,17936753,10
2020-04-15 14:05:52,kovan2,17936782,17936783,-1
2020-04-15 14:07:15,kovan2,17936803,17936803,0
2020-04-15 14:08:37,kovan2,17936824,17936824,0
2020-04-15 14:10:00,kovan2,17936846,17936845,1
2020-04-15 14:11:31,kovan2,17936867,17936860,7
2020-04-15 14:12:53,kovan2,17936888,17936860,28
2020-04-15 14:14:16,kovan2,17936909,17936860,49
2020-04-15 14:15:38,kovan2,17936931,17936925,6
2020-04-15 14:17:10,kovan2,17936952,17936925,27
2020-04-15 14:18:33,kovan2,17936973,17936925,48
2020-04-15 14:19:55,kovan2,17936993,17936925,68
2020-04-15 14:21:17,kovan2,17937013,17936925,88
2020-04-15 14:22:39,kovan2,17937036,17937033,3
2020-04-15 14:24:18,kovan2,17937059,17937053,6
2020-04-15 14:25:53,kovan2,17937079,17937080,-1
2020-04-15 14:27:15,kovan2,17937101,17937101,0
2020-04-15 14:28:40,kovan2,17937121,17937112,9
2020-04-15 14:30:04,kovan2,17937142,17937112,30
2020-04-15 14:31:27,kovan2,17937162,17937159,3
2020-04-15 14:32:51,kovan2,17937183,17937184,-1
2020-04-15 14:34:13,kovan2,17937203,17937186,17
2020-04-15 14:35:35,kovan2,17937223,17937186,37
2020-04-15 14:36:58,kovan2,17937244,17937244,0
2020-04-15 14:38:20,kovan2,17937265,17937244,21
2020-04-15 14:39:42,kovan2,17937286,17937278,8
2020-04-15 14:41:09,kovan2,17937308,17937308,0
2020-04-15 14:42:37,kovan2,17937333,17937327,6
2020-04-15 14:44:18,kovan2,17937354,17937354,0
2020-04-15 14:45:41,kovan2,17937375,17937374,1
2020-04-15 14:47:04,kovan2,17937396,17937392,4
2020-04-15 14:48:28,kovan2,17937417,17937412,5
2020-04-15 14:49:51,kovan2,17937440,17937438,2
2020-04-15 14:51:23,kovan2,17937460,17937457,3
2020-04-15 14:52:47,kovan2,17937482,17937482,0
2020-04-15 14:54:17,kovan2,17937503,17937503,0
2020-04-15 14:55:39,kovan2,17937522,17937520,2
2020-04-15 14:57:01,kovan2,17937543,17937520,23
2020-04-15 14:58:25,kovan2,17937565,17937562,3
2020-04-15 14:59:53,kovan2,17937585,17937586,-1
2020-04-15 15:01:16,kovan2,17937607,17937587,20
2020-04-15 15:02:40,kovan2,17937628,17937628,0
2020-04-15 15:04:03,kovan2,17937648,17937649,-1
2020-04-15 15:05:26,kovan2,17937670,17937671,-1
2020-04-15 15:06:53,kovan2,17937691,17937685,6
2020-04-15 15:08:16,kovan2,17937712,17937712,0
2020-04-15 15:09:38,kovan2,17937736,17937732,4
2020-04-15 15:11:13,kovan2,17937756,17937746,10
2020-04-15 15:12:36,kovan2,17937779,17937776,3
2020-04-15 15:14:11,kovan2,17937800,17937776,24
2020-04-15 15:15:35,kovan2,17937821,17937821,0
2020-04-15 15:16:58,kovan2,17937842,17937843,-1
2020-04-15 15:18:26,kovan2,17937865,17937860,5
2020-04-15 15:19:55,kovan2,17937885,17937875,10
2020-04-15 15:21:17,kovan2,17937906,17937875,31
2020-04-15 15:22:40,kovan2,17937926,17937875,51
2020-04-15 15:24:02,kovan2,17937947,17937947,0
2020-04-15 15:25:26,kovan2,17937973,17937973,0
2020-04-15 15:27:06,kovan2,17937994,17937994,0
2020-04-15 15:28:32,kovan2,17938014,17938005,9
2020-04-15 15:29:54,kovan2,17938035,17938005,30
2020-04-15 15:31:17,kovan2,17938056,17938005,51
2020-04-15 15:32:41,kovan2,17938077,17938005,72
2020-04-15 15:34:06,kovan2,17938097,17938005,92
2020-04-15 15:35:28,kovan2,17938119,17938119,0
2020-04-15 15:36:52,kovan2,17938138,17938123,15
2020-04-15 15:38:16,kovan2,17938162,17938162,0
2020-04-15 15:39:51,kovan2,17938185,17938181,4
2020-04-15 15:41:23,kovan2,17938206,17938206,0
2020-04-15 15:42:46,kovan2,17938226,17938210,16
2020-04-15 15:44:08,kovan2,17938246,17938247,-1
2020-04-15 15:45:30,kovan2,17938266,17938249,17
2020-04-15 15:46:52,kovan2,17938288,17938288,0
2020-04-15 15:48:15,kovan2,17938309,17938297,12
2020-04-15 15:49:39,kovan2,17938329,17938330,-1
2020-04-15 15:51:03,kovan2,17938353,17938350,3
2020-04-15 15:52:38,kovan2,17938374,17938362,12
2020-04-15 15:54:01,kovan2,17938395,17938362,33
2020-04-15 15:55:25,kovan2,17938418,17938412,6
2020-04-15 15:56:58,kovan2,17938439,17938439,0
2020-04-15 15:58:21,kovan2,17938460,17938461,-1
2020-04-15 15:59:46,kovan2,17938482,17938470,12
2020-04-15 16:01:10,kovan2,17938503,17938499,4
2020-04-15 16:02:39,kovan2,17938524,17938524,0
2020-04-15 16:04:02,kovan2,17938545,17938545,0
2020-04-15 16:05:24,kovan2,17938565,17938566,-1
2020-04-15 16:06:46,kovan2,17938584,17938585,-1
2020-04-15 16:08:09,kovan2,17938605,17938605,0
2020-04-15 16:09:33,kovan2,17938625,17938610,15
2020-04-15 16:10:55,kovan2,17938645,17938646,-1
2020-04-15 16:12:19,kovan2,17938667,17938667,0
2020-04-15 16:13:43,kovan2,17938686,17938686,0
2020-04-15 16:15:05,kovan2,17938707,17938697,10
2020-04-15 16:16:28,kovan2,17938728,17938727,1
2020-04-15 16:17:50,kovan2,17938748,17938746,2
2020-04-15 16:19:13,kovan2,17938769,17938758,11
2020-04-15 16:20:35,kovan2,17938792,17938781,11
2020-04-15 16:22:11,kovan2,17938819,17938818,1
2020-04-15 16:23:58,kovan2,17938841,17938839,2
2020-04-15 16:25:25,kovan2,17938864,17938864,0
2020-04-15 16:26:56,kovan2,17938885,17938885,0
2020-04-15 16:28:19,kovan2,17938907,17938905,2
2020-04-15 16:29:49,kovan2,17938928,17938919,9
2020-04-15 16:31:14,kovan2,17938949,17938949,0
2020-04-15 16:32:36,kovan2,17938970,17938970,0
2020-04-15 16:33:59,kovan2,17938991,17938973,18
2020-04-15 16:35:21,kovan2,17939011,17938973,38
2020-04-15 16:36:44,kovan2,17939031,17938973,58
2020-04-15 16:38:06,kovan2,17939052,17938973,79
2020-04-15 16:39:28,kovan2,17939072,17938973,99
2020-04-15 16:40:50,kovan2,17939093,17938973,120
2020-04-15 16:42:12,kovan2,17939114,17939114,0
2020-04-15 16:43:35,kovan2,17939138,17939138,0
2020-04-15 16:45:11,kovan2,17939158,17939155,3
2020-04-15 16:46:33,kovan2,17939179,17939164,15
2020-04-15 16:47:56,kovan2,17939200,17939200,0
2020-04-15 16:49:19,kovan2,17939221,17939221,0
2020-04-15 16:50:45,kovan2,17939241,17939240,1
2020-04-15 16:52:07,kovan2,17939263,17939263,0
2020-04-15 16:53:33,kovan2,17939283,17939284,-1
2020-04-15 16:54:55,kovan2,17939304,17939301,3
2020-04-15 16:56:18,kovan2,17939325,17939325,0
2020-04-15 16:57:45,kovan2,17939346,17939346,0
2020-04-15 16:59:09,kovan2,17939367,17939367,0
2020-04-15 17:00:32,kovan2,17939388,17939388,0
2020-04-15 17:01:55,kovan2,17939410,17939409,1
2020-04-15 17:03:24,kovan2,17939431,17939431,0
2020-04-15 17:04:47,kovan2,17939452,17939438,14
2020-04-15 17:06:12,kovan2,17939473,17939473,0
2020-04-15 17:07:37,kovan2,17939494,17939486,8
2020-04-15 17:09:01,kovan2,17939515,17939515,0
2020-04-15 17:10:23,kovan2,17939535,17939530,5
2020-04-15 17:11:48,kovan2,17939556,17939558,-2
2020-04-15 17:13:14,kovan2,17939578,17939578,0
2020-04-15 17:14:37,kovan2,17939599,17939599,0
2020-04-15 17:16:00,kovan2,17939622,17939619,3
2020-04-15 17:17:34,kovan2,17939643,17939643,0
2020-04-15 17:18:59,kovan2,17939664,17939655,9
2020-04-15 17:20:21,kovan2,17939683,17939683,0
2020-04-15 17:21:43,kovan2,17939702,17939683,19
2020-04-15 17:23:06,kovan2,17939723,17939683,40
2020-04-15 17:24:29,kovan2,17939744,17939683,61
2020-04-15 17:25:53,kovan2,17939765,17939765,0
2020-04-15 17:27:16,kovan2,17939786,17939777,9
2020-04-15 17:28:40,kovan2,17939807,17939799,8
2020-04-15 17:30:06,kovan2,17939828,17939828,0
2020-04-15 17:31:29,kovan2,17939849,17939849,0
2020-04-15 17:32:52,kovan2,17939869,17939869,0
2020-04-15 17:34:14,kovan2,17939889,17939889,0
2020-04-15 17:35:37,kovan2,17939912,17939912,0
2020-04-15 17:37:08,kovan2,17939933,17939933,0
2020-04-15 17:38:32,kovan2,17939953,17939954,-1
2020-04-15 17:39:55,kovan2,17939974,17939968,6
2020-04-15 17:41:17,kovan2,17939995,17939995,0
2020-04-15 17:42:40,kovan2,17940016,17940016,0
2020-04-15 17:44:03,kovan2,17940035,17940036,-1
2020-04-15 17:45:28,kovan2,17940056,17940052,4
2020-04-15 17:46:50,kovan2,17940077,17940052,25
2020-04-15 17:48:12,kovan2,17940097,17940052,45
2020-04-15 17:49:35,kovan2,17940118,17940105,13
2020-04-15 17:50:58,kovan2,17940139,17940139,0
2020-04-15 17:52:20,kovan2,17940159,17940160,-1
2020-04-15 17:53:43,kovan2,17940180,17940180,0
2020-04-15 17:55:05,kovan2,17940201,17940202,-1
2020-04-15 17:56:31,kovan2,17940223,17940224,-1
2020-04-15 17:57:58,kovan2,17940244,17940240,4
2020-04-15 17:59:21,kovan2,17940268,17940265,3
2020-04-15 18:00:57,kovan2,17940288,17940265,23
2020-04-15 18:02:19,kovan2,17940308,17940309,-1
2020-04-15 18:03:42,kovan2,17940330,17940330,0
2020-04-15 18:05:10,kovan2,17940352,17940352,0
2020-04-15 18:06:38,kovan2,17940373,17940372,1
2020-04-15 18:08:00,kovan2,17940395,17940396,-1
2020-04-15 18:09:33,kovan2,17940417,17940418,-1
2020-04-15 18:11:05,kovan2,17940440,17940440,0
2020-04-15 18:12:32,kovan2,17940460,17940461,-1
2020-04-15 18:13:55,kovan2,17940482,17940483,-1
2020-04-15 18:15:27,kovan2,17940503,17940484,19
2020-04-15 18:16:51,kovan2,17940525,17940525,0
2020-04-15 18:18:14,kovan2,17940546,17940531,15
2020-04-15 18:19:38,kovan2,17940566,17940566,0
2020-04-15 18:21:00,kovan2,17940586,17940587,-1
2020-04-15 18:22:23,kovan2,17940609,17940609,0
2020-04-15 18:23:52,kovan2,17940631,17940629,2
2020-04-15 18:25:19,kovan2,17940651,17940647,4
2020-04-15 18:26:41,kovan2,17940672,17940673,-1
2020-04-15 18:28:06,kovan2,17940693,17940694,-1
2020-04-15 18:29:29,kovan2,17940714,17940714,0
2020-04-15 18:30:52,kovan2,17940734,17940735,-1
2020-04-15 18:32:14,kovan2,17940754,17940755,-1
2020-04-15 18:33:38,kovan2,17940778,17940776,2
2020-04-15 18:35:13,kovan2,17940799,17940799,0
2020-04-15 18:36:36,kovan2,17940822,17940822,0
2020-04-15 18:38:07,kovan2,17940843,17940839,4
2020-04-15 18:39:31,kovan2,17940863,17940864,-1
2020-04-15 18:40:54,kovan2,17940884,17940884,0
2020-04-15 18:42:16,kovan2,17940905,17940905,0
2020-04-15 18:43:41,kovan2,17940926,17940926,0
2020-04-15 18:45:04,kovan2,17940947,17940947,0
2020-04-15 18:46:27,kovan2,17940967,17940968,-1
2020-04-15 18:47:49,kovan2,17940988,17940979,9
2020-04-15 18:49:12,kovan2,17941010,17941009,1
2020-04-15 18:50:41,kovan2,17941030,17941029,1
2020-04-15 18:52:04,kovan2,17941051,17941033,18
2020-04-15 18:53:26,kovan2,17941073,17941072,1
2020-04-15 18:54:58,kovan2,17941095,17941093,2
2020-04-15 18:56:26,kovan2,17941118,17941115,3
2020-04-15 18:57:56,kovan2,17941138,17941115,23
2020-04-15 18:59:20,kovan2,17941160,17941115,45
2020-04-15 19:00:44,kovan2,17941193,17941166,27
2020-04-15 19:02:54,kovan2,17941217,17941166,51
2020-04-15 19:04:38,kovan2,17941251,17941225,26
2020-04-15 19:06:56,kovan2,17941272,17941225,47
2020-04-15 19:08:18,kovan2,17941293,17941225,68
2020-04-15 19:09:40,kovan2,17941313,17941225,88
2020-04-15 19:11:02,kovan2,17941335,17941225,110
2020-04-15 19:12:29,kovan2,17941355,17941225,130
2020-04-15 19:13:51,kovan2,17941383,17941381,2
2020-04-15 19:15:43,kovan2,17941407,17941403,4
2020-04-15 19:17:16,kovan2,17941430,17941428,2
2020-04-15 19:18:49,kovan2,17941451,17941432,19
2020-04-15 19:20:11,kovan2,17941472,17941460,12
2020-04-15 19:21:36,kovan2,17941492,17941460,32
2020-04-15 19:22:58,kovan2,17941513,17941513,0
2020-04-15 19:24:20,kovan2,17941533,17941534,-1
2020-04-15 19:25:44,kovan2,17941554,17941540,14
2020-04-15 19:27:06,kovan2,17941575,17941540,35
2020-04-15 19:28:28,kovan2,17941596,17941595,1
2020-04-15 19:29:52,kovan2,17941616,17941599,17
2020-04-15 19:31:14,kovan2,17941637,17941599,38
2020-04-15 19:32:36,kovan2,17941658,17941599,59
2020-04-15 19:34:00,kovan2,17941679,17941599,80
2020-04-15 19:35:22,kovan2,17941700,17941699,1
2020-04-15 19:36:48,kovan2,17941721,17941712,9
2020-04-15 19:38:11,kovan2,17941741,17941742,-1
2020-04-15 19:39:36,kovan2,17941766,17941767,-1
2020-04-15 19:41:14,kovan2,17941787,17941788,-1
2020-04-15 19:42:38,kovan2,17941809,17941809,0
2020-04-15 19:44:09,kovan2,17941832,17941832,0
2020-04-15 19:45:37,kovan2,17941852,17941852,0
2020-04-15 19:46:59,kovan2,17941875,17941874,1
2020-04-15 19:48:34,kovan2,17941895,17941874,21
2020-04-15 19:49:56,kovan2,17941916,17941916,0
2020-04-15 19:51:19,kovan2,17941936,17941932,4
2020-04-15 19:52:41,kovan2,17941957,17941957,0
2020-04-15 19:54:04,kovan2,17941979,17941973,6
2020-04-15 19:55:33,kovan2,17942000,17942000,0
2020-04-15 19:56:56,kovan2,17942021,17942021,0
2020-04-15 19:58:19,kovan2,17942041,17942042,-1
2020-04-15 19:59:43,kovan2,17942064,17942062,2
2020-04-15 20:01:10,kovan2,17942084,17942084,0
2020-04-15 20:02:33,kovan2,17942105,17942106,-1
2020-04-15 20:04:01,kovan2,17942125,17942126,-1
2020-04-15 20:05:24,kovan2,17942146,17942146,0
2020-04-15 20:06:47,kovan2,17942169,17942167,2
2020-04-15 20:08:18,kovan2,17942190,17942190,0
2020-04-15 20:09:40,kovan2,17942211,17942211,0
2020-04-15 20:11:03,kovan2,17942231,17942231,0
2020-04-15 20:12:25,kovan2,17942251,17942252,-1
2020-04-15 20:13:47,kovan2,17942272,17942273,-1
2020-04-15 20:15:10,kovan2,17942293,17942293,0
2020-04-15 20:16:32,kovan2,17942314,17942311,3
2020-04-15 20:17:54,kovan2,17942333,17942333,0
2020-04-15 20:19:17,kovan2,17942355,17942356,-1
2020-04-15 20:20:49,kovan2,17942376,17942377,-1
2020-04-15 20:22:13,kovan2,17942396,17942397,-1
2020-04-15 20:23:37,kovan2,17942417,17942414,3
2020-04-15 20:25:01,kovan2,17942438,17942438,0
2020-04-15 20:26:24,kovan2,17942459,17942459,0
2020-04-15 20:27:49,kovan2,17942479,17942479,0
2020-04-15 20:29:12,kovan2,17942499,17942500,-1
2020-04-15 20:30:35,kovan2,17942520,17942521,-1
2020-04-15 20:31:57,kovan2,17942541,17942541,0
2020-04-15 20:33:20,kovan2,17942561,17942553,8
2020-04-15 20:34:44,kovan2,17942582,17942578,4
2020-04-15 20:36:09,kovan2,17942604,17942601,3
2020-04-15 20:37:38,kovan2,17942623,17942624,-1
2020-04-15 20:39:01,kovan2,17942645,17942645,0
2020-04-15 20:40:23,kovan2,17942665,17942665,0
2020-04-15 20:41:45,kovan2,17942685,17942686,-1
2020-04-15 20:43:08,kovan2,17942706,17942707,-1
2020-04-15 20:44:30,kovan2,17942726,17942727,-1
2020-04-15 20:45:52,kovan2,17942747,17942748,-1
2020-04-15 20:47:15,kovan2,17942769,17942769,0
2020-04-15 20:48:40,kovan2,17942790,17942779,11
2020-04-15 20:50:02,kovan2,17942810,17942809,1
2020-04-15 20:51:24,kovan2,17942831,17942831,0
2020-04-15 20:52:48,kovan2,17942852,17942852,0
2020-04-15 20:54:10,kovan2,17942872,17942872,0
2020-04-15 20:55:32,kovan2,17942892,17942893,-1
2020-04-15 20:56:55,kovan2,17942913,17942913,0
2020-04-15 20:58:17,kovan2,17942934,17942931,3
2020-04-15 20:59:40,kovan2,17942956,17942953,3
2020-04-15 21:01:07,kovan2,17942976,17942977,-1
2020-04-15 21:02:30,kovan2,17942997,17942997,0
2020-04-15 21:03:52,kovan2,17943018,17943014,4
2020-04-15 21:05:15,kovan2,17943037,17943038,-1
2020-04-15 21:06:38,kovan2,17943059,17943049,10
2020-04-15 21:08:02,kovan2,17943079,17943079,0
2020-04-15 21:09:25,kovan2,17943100,17943100,0
2020-04-15 21:10:47,kovan2,17943120,17943121,-1
2020-04-15 21:12:10,kovan2,17943141,17943141,0
2020-04-15 21:13:32,kovan2,17943161,17943162,-1
2020-04-15 21:14:55,kovan2,17943182,17943183,-1
2020-04-15 21:16:17,kovan2,17943203,17943203,0
2020-04-15 21:17:39,kovan2,17943223,17943224,-1
2020-04-15 21:19:02,kovan2,17943243,17943242,1
2020-04-15 21:20:24,kovan2,17943266,17943263,3
2020-04-15 21:21:55,kovan2,17943287,17943288,-1
2020-04-15 21:23:18,kovan2,17943309,17943310,-1
2020-04-15 21:24:46,kovan2,17943330,17943330,0
2020-04-15 21:26:09,kovan2,17943350,17943351,-1
2020-04-15 21:27:31,kovan2,17943373,17943372,1
2020-04-15 21:28:59,kovan2,17943393,17943386,7
2020-04-15 21:30:21,kovan2,17943414,17943386,28
2020-04-15 21:31:44,kovan2,17943434,17943435,-1
2020-04-15 21:33:07,kovan2,17943456,17943456,0
2020-04-15 21:34:33,kovan2,17943479,17943479,0
2020-04-15 21:36:06,kovan2,17943500,17943492,8
2020-04-15 21:37:28,kovan2,17943521,17943492,29
2020-04-15 21:38:52,kovan2,17943542,17943542,0
2020-04-15 21:40:14,kovan2,17943565,17943558,7
2020-04-15 21:41:46,kovan2,17943585,17943579,6
2020-04-15 21:43:09,kovan2,17943604,17943605,-1
2020-04-15 21:44:31,kovan2,17943625,17943626,-1
2020-04-15 21:45:53,kovan2,17943646,17943646,0
2020-04-15 21:47:16,kovan2,17943669,17943670,-1
2020-04-15 21:48:51,kovan2,17943690,17943691,-1
2020-04-15 21:50:13,kovan2,17943712,17943712,0
2020-04-15 21:51:40,kovan2,17943733,17943733,0
2020-04-15 21:53:02,kovan2,17943757,17943754,3
2020-04-15 21:54:40,kovan2,17943778,17943778,0
2020-04-15 21:56:05,kovan2,17943800,17943801,-1
2020-04-15 21:57:34,kovan2,17943821,17943822,-1
2020-04-15 21:58:58,kovan2,17943842,17943843,-1
2020-04-15 22:00:21,kovan2,17943865,17943865,0
2020-04-15 22:01:51,kovan2,17943886,17943886,0
2020-04-15 22:03:14,kovan2,17943907,17943908,-1
2020-04-15 22:04:43,kovan2,17943928,17943929,-1
2020-04-15 22:06:07,kovan2,17943949,17943950,-1
2020-04-15 22:07:30,kovan2,17943971,17943969,2
2020-04-15 22:08:54,kovan2,17943992,17943988,4
2020-04-15 22:10:19,kovan2,17944012,17944010,2
2020-04-15 22:11:42,kovan2,17944033,17944022,11
2020-04-15 22:13:06,kovan2,17944054,17944054,0
2020-04-15 22:14:29,kovan2,17944075,17944076,-1
2020-04-15 22:15:55,kovan2,17944096,17944097,-1
2020-04-15 22:17:18,kovan2,17944116,17944114,2
2020-04-15 22:18:40,kovan2,17944140,17944140,0
2020-04-15 22:20:10,kovan2,17944160,17944156,4
2020-04-15 22:21:33,kovan2,17944180,17944181,-1
2020-04-15 22:22:55,kovan2,17944201,17944202,-1
2020-04-15 22:24:19,kovan2,17944222,17944223,-1
2020-04-15 22:25:42,kovan2,17944243,17944234,9
2020-04-15 22:27:04,kovan2,17944263,17944234,29
2020-04-15 22:28:27,kovan2,17944284,17944285,-1
2020-04-15 22:29:49,kovan2,17944304,17944305,-1
2020-04-15 22:31:11,kovan2,17944325,17944326,-1
2020-04-15 22:32:34,kovan2,17944349,17944348,1
2020-04-15 22:34:10,kovan2,17944370,17944370,0
2020-04-15 22:35:32,kovan2,17944391,17944391,0
2020-04-15 22:36:57,kovan2,17944412,17944397,15
2020-04-15 22:38:19,kovan2,17944432,17944397,35
2020-04-15 22:39:41,kovan2,17944453,17944397,56
2020-04-15 22:41:03,kovan2,17944474,17944397,77
2020-04-15 22:42:27,kovan2,17944494,17944397,97
2020-04-15 22:43:49,kovan2,17944515,17944515,0
2020-04-15 22:45:12,kovan2,17944535,17944519,16
2020-04-15 22:46:34,kovan2,17944556,17944556,0
2020-04-15 22:47:56,kovan2,17944579,17944580,-1
2020-04-15 22:49:30,kovan2,17944601,17944598,3
2020-04-15 22:50:59,kovan2,17944625,17944626,-1
2020-04-15 22:52:33,kovan2,17944645,17944644,1
2020-04-15 22:53:55,kovan2,17944666,17944667,-1
2020-04-15 22:55:18,kovan2,17944687,17944687,0
2020-04-15 22:56:41,kovan2,17944708,17944708,0
2020-04-15 22:58:03,kovan2,17944728,17944722,6
2020-04-15 22:59:25,kovan2,17944749,17944746,3
2020-04-15 23:00:49,kovan2,17944769,17944770,-1
2020-04-15 23:02:12,kovan2,17944792,17944792,0
2020-04-15 23:03:41,kovan2,17944812,17944792,20
2020-04-15 23:05:03,kovan2,17944833,17944792,41
2020-04-15 23:06:26,kovan2,17944853,17944854,-1
2020-04-15 23:07:49,kovan2,17944878,17944874,4
2020-04-15 23:09:23,kovan2,17944898,17944899,-1
2020-04-15 23:10:46,kovan2,17944919,17944920,-1
2020-04-15 23:12:12,kovan2,17944940,17944941,-1
2020-04-15 23:13:35,kovan2,17944961,17944962,-1
2020-04-15 23:14:57,kovan2,17944982,17944982,0
2020-04-15 23:16:21,kovan2,17945003,17945003,0
2020-04-15 23:17:43,kovan2,17945023,17945024,-1
2020-04-15 23:19:06,kovan2,17945044,17945044,0
2020-04-15 23:20:28,kovan2,17945064,17945065,-1
2020-04-15 23:21:51,kovan2,17945086,17945086,0
2020-04-15 23:23:14,kovan2,17945108,17945107,1
2020-04-15 23:24:47,kovan2,17945131,17945131,0
2020-04-15 23:26:14,kovan2,17945152,17945146,6
2020-04-15 23:27:44,kovan2,17945173,17945174,-1
2020-04-15 23:29:06,kovan2,17945195,17945195,0
2020-04-15 23:30:31,kovan2,17945215,17945216,-1
2020-04-15 23:31:55,kovan2,17945237,17945237,0
2020-04-15 23:33:23,kovan2,17945257,17945257,0
2020-04-15 23:34:46,kovan2,17945278,17945278,0
2020-04-15 23:36:08,kovan2,17945299,17945299,0
2020-04-15 23:37:31,kovan2,17945324,17945320,4
2020-04-15 23:39:16,kovan2,17945348,17945348,0
2020-04-15 23:40:47,kovan2,17945368,17945368,0
2020-04-15 23:42:09,kovan2,17945388,17945389,-1
2020-04-15 23:43:31,kovan2,17945409,17945410,-1
2020-04-15 23:44:55,kovan2,17945432,17945432,0
2020-04-15 23:46:24,kovan2,17945452,17945453,-1
2020-04-15 23:47:46,kovan2,17945473,17945473,0
2020-04-15 23:49:08,kovan2,17945494,17945492,2
2020-04-15 23:50:33,kovan2,17945515,17945515,0
2020-04-15 23:51:56,kovan2,17945535,17945520,15
2020-04-15 23:53:18,kovan2,17945556,17945520,36
2020-04-15 23:54:40,kovan2,17945576,17945520,56
2020-04-15 23:56:02,kovan2,17945597,17945520,77
2020-04-15 23:57:24,kovan2,17945618,17945618,0
2020-04-15 23:58:46,kovan2,17945638,17945638,0
2020-04-16 00:00:08,kovan2,17945658,17945659,-1
2020-04-16 00:01:30,kovan2,17945679,17945680,-1
2020-04-16 00:02:53,kovan2,17945700,17945693,7
2020-04-16 00:04:15,kovan2,17945720,17945721,-1
2020-04-16 00:05:39,kovan2,17945742,17945742,0
2020-04-16 00:07:04,kovan2,17945764,17945764,0
2020-04-16 00:08:31,kovan2,17945784,17945778,6
2020-04-16 00:09:53,kovan2,17945805,17945789,16
2020-04-16 00:11:15,kovan2,17945825,17945826,-1
2020-04-16 00:12:37,kovan2,17945846,17945840,6
2020-04-16 00:13:59,kovan2,17945866,17945864,2
2020-04-16 00:15:21,kovan2,17945886,17945882,4
2020-04-16 00:16:43,kovan2,17945907,17945908,-1
2020-04-16 00:18:06,kovan2,17945928,17945929,-1
2020-04-16 00:19:29,kovan2,17945949,17945949,0
2020-04-16 00:20:52,kovan2,17945969,17945954,15
2020-04-16 00:22:14,kovan2,17945990,17945990,0
2020-04-16 00:23:36,kovan2,17946011,17945995,16
2020-04-16 00:25:01,kovan2,17946031,17946032,-1
2020-04-16 00:26:23,kovan2,17946052,17946053,-1
2020-04-16 00:27:46,kovan2,17946076,17946076,0
2020-04-16 00:29:19,kovan2,17946096,17946097,-1
2020-04-16 00:30:41,kovan2,17946117,17946117,0
2020-04-16 00:32:04,kovan2,17946137,17946137,0
2020-04-16 00:33:28,kovan2,17946159,17946159,0
2020-04-16 00:34:52,kovan2,17946179,17946172,7
2020-04-16 00:36:15,kovan2,17946200,17946193,7
2020-04-16 00:37:37,kovan2,17946221,17946221,0
2020-04-16 00:38:59,kovan2,17946241,17946242,-1
2020-04-16 00:40:21,kovan2,17946262,17946263,-1
2020-04-16 00:41:45,kovan2,17946283,17946284,-1
2020-04-16 00:43:10,kovan2,17946303,17946305,-2
2020-04-16 00:44:33,kovan2,17946325,17946325,0
2020-04-16 00:45:56,kovan2,17946345,17946346,-1
2020-04-16 00:47:18,kovan2,17946366,17946367,-1
2020-04-16 00:48:42,kovan2,17946387,17946388,-1
2020-04-16 00:50:06,kovan2,17946412,17946406,6
2020-04-16 00:51:45,kovan2,17946433,17946430,3
2020-04-16 00:53:09,kovan2,17946454,17946454,0
2020-04-16 00:54:31,kovan2,17946474,17946475,-1
2020-04-16 00:55:53,kovan2,17946494,17946494,0
2020-04-16 00:57:17,kovan2,17946515,17946505,10
2020-04-16 00:58:39,kovan2,17946538,17946535,3
2020-04-16 01:00:14,kovan2,17946562,17946559,3
2020-04-16 01:01:47,kovan2,17946583,17946570,13
2020-04-16 01:03:10,kovan2,17946603,17946601,2
2020-04-16 01:04:32,kovan2,17946624,17946624,0
2020-04-16 01:05:55,kovan2,17946644,17946645,-1
2020-04-16 01:07:17,kovan2,17946665,17946665,0
2020-04-16 01:08:40,kovan2,17946687,17946687,0
2020-04-16 01:10:07,kovan2,17946707,17946707,0
2020-04-16 01:11:30,kovan2,17946728,17946715,13
2020-04-16 01:12:53,kovan2,17946748,17946748,0
2020-04-16 01:14:16,kovan2,17946768,17946769,-1
2020-04-16 01:15:39,kovan2,17946789,17946790,-1
2020-04-16 01:17:03,kovan2,17946810,17946811,-1
2020-04-16 01:18:28,kovan2,17946836,17946833,3
2020-04-16 01:20:07,kovan2,17946856,17946857,-1
2020-04-16 01:21:29,kovan2,17946877,17946877,0
2020-04-16 01:22:52,kovan2,17946897,17946898,-1
2020-04-16 01:24:14,kovan2,17946918,17946913,5
2020-04-16 01:25:36,kovan2,17946939,17946939,0
2020-04-16 01:26:59,kovan2,17946959,17946960,-1
2020-04-16 01:28:22,kovan2,17946980,17946980,0
2020-04-16 01:29:45,kovan2,17947003,17947001,2
2020-04-16 01:31:19,kovan2,17947027,17947027,0
2020-04-16 01:32:50,kovan2,17947047,17947048,-1
2020-04-16 01:34:16,kovan2,17947069,17947066,3
2020-04-16 01:35:38,kovan2,17947089,17947089,0
2020-04-16 01:37:00,kovan2,17947109,17947109,0
2020-04-16 01:38:25,kovan2,17947133,17947129,4
2020-04-16 01:39:59,kovan2,17947153,17947154,-1
2020-04-16 01:41:22,kovan2,17947174,17947173,1
2020-04-16 01:42:45,kovan2,17947197,17947193,4
2020-04-16 01:44:15,kovan2,17947217,17947218,-1
2020-04-16 01:45:39,kovan2,17947239,17947239,0
2020-04-16 01:47:04,kovan2,17947259,17947255,4
2020-04-16 01:48:26,kovan2,17947279,17947255,24
2020-04-16 01:49:49,kovan2,17947306,17947306,0
2020-04-16 01:51:33,kovan2,17947327,17947327,0
2020-04-16 01:52:56,kovan2,17947348,17947348,0
2020-04-16 01:54:19,kovan2,17947369,17947370,-1
2020-04-16 01:55:46,kovan2,17947390,17947383,7
2020-04-16 01:57:08,kovan2,17947410,17947406,4
2020-04-16 01:58:31,kovan2,17947431,17947431,0
2020-04-16 01:59:53,kovan2,17947453,17947439,14
2020-04-16 02:01:23,kovan2,17947474,17947472,2
2020-04-16 02:02:50,kovan2,17947496,17947496,0
2020-04-16 02:04:13,kovan2,17947516,17947515,1
2020-04-16 02:05:39,kovan2,17947541,17947541,0
2020-04-16 02:07:14,kovan2,17947561,17947561,0
2020-04-16 02:08:37,kovan2,17947582,17947575,7
2020-04-16 02:10:01,kovan2,17947602,17947603,-1
2020-04-16 02:11:23,kovan2,17947623,17947616,7
2020-04-16 02:12:45,kovan2,17947644,17947644,0
2020-04-16 02:14:08,kovan2,17947663,17947665,-2
2020-04-16 02:15:30,kovan2,17947688,17947687,1
2020-04-16 02:17:04,kovan2,17947709,17947709,0
2020-04-16 02:18:27,kovan2,17947729,17947730,-1
2020-04-16 02:19:49,kovan2,17947751,17947750,1
2020-04-16 02:21:18,kovan2,17947772,17947772,0
2020-04-16 02:22:41,kovan2,17947793,17947793,0
2020-04-16 02:24:03,kovan2,17947814,17947814,0
2020-04-16 02:25:28,kovan2,17947836,17947819,17
2020-04-16 02:26:58,kovan2,17947857,17947857,0
2020-04-16 02:28:20,kovan2,17947879,17947862,17
2020-04-16 02:29:48,kovan2,17947900,17947895,5
2020-04-16 02:31:14,kovan2,17947921,17947907,14
2020-04-16 02:32:36,kovan2,17947941,17947938,3
2020-04-16 02:33:58,kovan2,17947962,17947958,4
2020-04-16 02:35:21,kovan2,17947984,17947981,3
2020-04-16 02:36:49,kovan2,17948005,17948006,-1
2020-04-16 02:38:13,kovan2,17948029,17948028,1
2020-04-16 02:39:46,kovan2,17948049,17948028,21
2020-04-16 02:41:08,kovan2,17948074,17948067,7
2020-04-16 02:42:49,kovan2,17948096,17948097,-1
2020-04-16 02:44:19,kovan2,17948120,17948101,19
2020-04-16 02:45:50,kovan2,17948141,17948138,3
2020-04-16 02:47:15,kovan2,17948161,17948138,23
2020-04-16 02:48:37,kovan2,17948184,17948184,0
2020-04-16 02:50:06,kovan2,17948204,17948205,-1
2020-04-16 02:51:31,kovan2,17948225,17948216,9
2020-04-16 02:52:53,kovan2,17948247,17948236,11
2020-04-16 02:54:23,kovan2,17948271,17948265,6
2020-04-16 02:55:58,kovan2,17948295,17948294,1
2020-04-16 02:57:33,kovan2,17948316,17948317,-1
2020-04-16 02:58:57,kovan2,17948338,17948339,-1
2020-04-16 03:00:28,kovan2,17948360,17948359,1
2020-04-16 03:01:52,kovan2,17948385,17948377,8
2020-04-16 03:03:36,kovan2,17948407,17948403,4
2020-04-16 03:05:03,kovan2,17948430,17948431,-1
2020-04-16 03:06:33,kovan2,17948451,17948451,0
2020-04-16 03:07:55,kovan2,17948476,17948474,2
2020-04-16 03:09:37,kovan2,17948500,17948501,-1
2020-04-16 03:11:13,kovan2,17948520,17948521,-1
2020-04-16 03:12:35,kovan2,17948545,17948542,3
2020-04-16 03:14:14,kovan2,17948566,17948542,24
2020-04-16 03:15:36,kovan2,17948587,17948572,15
2020-04-16 03:16:58,kovan2,17948607,17948599,8
2020-04-16 03:18:20,kovan2,17948631,17948628,3
2020-04-16 03:19:55,kovan2,17948654,17948646,8
2020-04-16 03:21:28,kovan2,17948675,17948676,-1
2020-04-16 03:22:53,kovan2,17948700,17948701,-1
2020-04-16 03:24:33,kovan2,17948721,17948721,0
2020-04-16 03:25:55,kovan2,17948746,17948742,4
2020-04-16 03:27:36,kovan2,17948769,17948742,27
2020-04-16 03:29:10,kovan2,17948790,17948791,-1
2020-04-16 03:30:33,kovan2,17948812,17948801,11
2020-04-16 03:31:59,kovan2,17948837,17948834,3
2020-04-16 03:33:41,kovan2,17948858,17948834,24
2020-04-16 03:35:03,kovan2,17948879,17948872,7
2020-04-16 03:36:28,kovan2,17948900,17948900,0
2020-04-16 03:37:51,kovan2,17948921,17948921,0
2020-04-16 03:39:16,kovan2,17948942,17948942,0
2020-04-16 03:40:39,kovan2,17948962,17948943,19
2020-04-16 03:42:01,kovan2,17948985,17948982,3
2020-04-16 03:43:32,kovan2,17949006,17948996,10
2020-04-16 03:44:54,kovan2,17949026,17949020,6
2020-04-16 03:46:19,kovan2,17949051,17949047,4
2020-04-16 03:47:58,kovan2,17949075,17949072,3
2020-04-16 03:49:33,kovan2,17949099,17949093,6
2020-04-16 03:51:07,kovan2,17949119,17949112,7
2020-04-16 03:52:29,kovan2,17949140,17949131,9
2020-04-16 03:53:52,kovan2,17949161,17949161,0
2020-04-16 03:55:14,kovan2,17949181,17949182,-1
2020-04-16 03:56:37,kovan2,17949204,17949201,3
2020-04-16 03:58:07,kovan2,17949228,17949228,0
2020-04-16 03:59:43,kovan2,17949248,17949243,5
2020-04-16 04:01:05,kovan2,17949268,17949269,-1
2020-04-16 04:02:28,kovan2,17949290,17949291,-1
2020-04-16 04:03:54,kovan2,17949313,17949312,1
2020-04-16 04:05:21,kovan2,17949333,17949334,-1
2020-04-16 04:06:46,kovan2,17949353,17949354,-1
2020-04-16 04:08:08,kovan2,17949374,17949375,-1
2020-04-16 04:09:30,kovan2,17949395,17949395,0
2020-04-16 04:10:52,kovan2,17949414,17949412,2
2020-04-16 04:12:14,kovan2,17949436,17949437,-1
2020-04-16 04:13:42,kovan2,17949457,17949457,0
2020-04-16 04:15:05,kovan2,17949478,17949478,0
2020-04-16 04:16:29,kovan2,17949498,17949499,-1
2020-04-16 04:17:51,kovan2,17949519,17949520,-1
2020-04-16 04:19:13,kovan2,17949539,17949540,-1
2020-04-16 04:20:35,kovan2,17949561,17949561,0
2020-04-16 04:21:59,kovan2,17949581,17949582,-1
2020-04-16 04:23:21,kovan2,17949602,17949602,0
2020-04-16 04:24:43,kovan2,17949622,17949623,-1
2020-04-16 04:26:06,kovan2,17949643,17949644,-1
2020-04-16 04:27:29,kovan2,17949664,17949661,3
2020-04-16 04:28:51,kovan2,17949685,17949680,5
2020-04-16 04:30:18,kovan2,17949707,17949704,3
2020-04-16 04:31:45,kovan2,17949727,17949728,-1
2020-04-16 04:33:08,kovan2,17949749,17949749,0
2020-04-16 04:34:30,kovan2,17949772,17949771,1
2020-04-16 04:36:03,kovan2,17949792,17949787,5
2020-04-16 04:37:25,kovan2,17949812,17949813,-1
2020-04-16 04:38:47,kovan2,17949834,17949834,0
2020-04-16 04:40:11,kovan2,17949854,17949855,-1
2020-04-16 04:41:33,kovan2,17949875,17949870,5
2020-04-16 04:42:55,kovan2,17949895,17949895,0
2020-04-16 04:44:17,kovan2,17949916,17949909,7
2020-04-16 04:45:39,kovan2,17949936,17949937,-1
2020-04-16 04:47:02,kovan2,17949957,17949959,-2
2020-04-16 04:48:29,kovan2,17949979,17949973,6
2020-04-16 04:49:51,kovan2,17950001,17950000,1
2020-04-16 04:51:20,kovan2,17950023,17950020,3
2020-04-16 04:52:49,kovan2,17950044,17950020,24
2020-04-16 04:54:11,kovan2,17950064,17950065,-1
2020-04-16 04:55:34,kovan2,17950085,17950085,0
2020-04-16 04:56:57,kovan2,17950105,17950106,-1
2020-04-16 04:58:19,kovan2,17950129,17950129,0
2020-04-16 04:59:52,kovan2,17950152,17950153,-1
2020-04-16 05:01:27,kovan2,17950173,17950174,-1
2020-04-16 05:02:49,kovan2,17950193,17950194,-1
2020-04-16 05:04:12,kovan2,17950214,17950215,-1
2020-04-16 05:05:34,kovan2,17950235,17950224,11
2020-04-16 05:06:58,kovan2,17950256,17950224,32
2020-04-16 05:08:20,kovan2,17950276,17950277,-1
2020-04-16 05:09:42,kovan2,17950297,17950297,0
2020-04-16 05:11:05,kovan2,17950318,17950318,0
2020-04-16 05:12:27,kovan2,17950338,17950339,-1
2020-04-16 05:13:50,kovan2,17950361,17950361,0
2020-04-16 05:15:20,kovan2,17950381,17950382,-1
2020-04-16 05:16:43,kovan2,17950402,17950403,-1
2020-04-16 05:18:07,kovan2,17950423,17950417,6
2020-04-16 05:19:31,kovan2,17950444,17950445,-1
2020-04-16 05:20:53,kovan2,17950465,17950465,0
2020-04-16 05:22:16,kovan2,17950486,17950486,0
2020-04-16 05:23:38,kovan2,17950506,17950507,-1
2020-04-16 05:25:02,kovan2,17950528,17950528,0
2020-04-16 05:26:28,kovan2,17950549,17950550,-1
2020-04-16 05:27:53,kovan2,17950570,17950559,11
2020-04-16 05:29:15,kovan2,17950591,17950590,1
2020-04-16 05:30:44,kovan2,17950617,17950612,5
2020-04-16 05:32:24,kovan2,17950637,17950637,0
2020-04-16 05:33:46,kovan2,17950660,17950660,0
2020-04-16 05:35:15,kovan2,17950681,17950681,0
2020-04-16 05:36:39,kovan2,17950702,17950702,0
2020-04-16 05:38:02,kovan2,17950722,17950720,2
2020-04-16 05:39:24,kovan2,17950742,17950743,-1
2020-04-16 05:40:46,kovan2,17950763,17950762,1
2020-04-16 05:42:11,kovan2,17950784,17950785,-1
2020-04-16 05:43:33,kovan2,17950807,17950801,6
2020-04-16 05:45:06,kovan2,17950828,17950829,-1
2020-04-16 05:46:30,kovan2,17950849,17950849,0
2020-04-16 05:47:52,kovan2,17950871,17950867,4
2020-04-16 05:49:21,kovan2,17950891,17950892,-1
2020-04-16 05:50:44,kovan2,17950913,17950913,0
2020-04-16 05:52:06,kovan2,17950937,17950930,7
2020-04-16 05:53:44,kovan2,17950959,17950958,1
2020-04-16 05:55:13,kovan2,17950979,17950980,-1
2020-04-16 05:56:37,kovan2,17951004,17951000,4
2020-04-16 05:58:13,kovan2,17951026,17951026,0
2020-04-16 05:59:38,kovan2,17951046,17951047,-1
2020-04-16 06:01:03,kovan2,17951067,17951067,0
2020-04-16 06:02:25,kovan2,17951085,17951086,-1
2020-04-16 06:03:49,kovan2,17951102,17951094,8
2020-04-16 06:05:12,kovan2,17951118,17951094,24
2020-04-16 06:06:34,kovan2,17951135,17951135,0
2020-04-16 06:07:56,kovan2,17951153,17951151,2
2020-04-16 06:09:29,kovan2,17951170,17951170,0
2020-04-16 06:10:52,kovan2,17951187,17951187,0
2020-04-16 06:12:16,kovan2,17951203,17951197,6
2020-04-16 06:13:38,kovan2,17951219,17951220,-1
2020-04-16 06:15:01,kovan2,17951237,17951237,0
2020-04-16 06:16:24,kovan2,17951253,17951253,0
2020-04-16 06:17:47,kovan2,17951270,17951269,1
2020-04-16 06:19:10,kovan2,17951288,17951288,0
2020-04-16 06:20:32,kovan2,17951311,17951310,1
2020-04-16 06:22:03,kovan2,17951331,17951332,-1
2020-04-16 06:23:27,kovan2,17951352,17951349,3
2020-04-16 06:24:50,kovan2,17951373,17951362,11
2020-04-16 06:26:13,kovan2,17951393,17951391,2
2020-04-16 06:27:36,kovan2,17951414,17951414,0
2020-04-16 06:28:59,kovan2,17951434,17951435,-1
2020-04-16 06:30:21,kovan2,17951454,17951453,1
2020-04-16 06:31:52,kovan2,17951474,17951474,0
2020-04-16 06:33:15,kovan2,17951494,17951494,0
2020-04-16 06:34:37,kovan2,17951515,17951515,0
2020-04-16 06:35:59,kovan2,17951537,17951537,0
2020-04-16 06:37:29,kovan2,17951559,17951559,0
2020-04-16 06:38:55,kovan2,17951579,17951572,7
2020-04-16 06:40:17,kovan2,17951599,17951572,27
2020-04-16 06:41:39,kovan2,17951620,17951621,-1
2020-04-16 06:43:01,kovan2,17951643,17951642,1
2020-04-16 06:44:32,kovan2,17951663,17951664,-1
2020-04-16 06:45:57,kovan2,17951685,17951685,0
2020-04-16 06:47:19,kovan2,17951705,17951706,-1
2020-04-16 06:48:41,kovan2,17951726,17951727,-1
2020-04-16 06:50:06,kovan2,17951748,17951749,-1
2020-04-16 06:51:34,kovan2,17951769,17951769,0
2020-04-16 06:52:56,kovan2,17951789,17951782,7
2020-04-16 06:54:18,kovan2,17951810,17951810,0
2020-04-16 06:55:41,kovan2,17951830,17951818,12
2020-04-16 06:57:03,kovan2,17951852,17951818,34
2020-04-16 06:58:27,kovan2,17951872,17951818,54
2020-04-16 06:59:49,kovan2,17951893,17951818,75
2020-04-16 07:01:13,kovan2,17951914,17951914,0
2020-04-16 07:02:36,kovan2,17951934,17951935,-1
2020-04-16 07:03:59,kovan2,17951956,17951956,0
2020-04-16 07:05:25,kovan2,17951976,17951977,-1
2020-04-16 07:06:48,kovan2,17951996,17951998,-2
2020-04-16 07:08:10,kovan2,17952018,17952019,-1
2020-04-16 07:09:33,kovan2,17952038,17952039,-1
2020-04-16 07:10:56,kovan2,17952059,17952060,-1
2020-04-16 07:12:18,kovan2,17952088,17952085,3
2020-04-16 07:14:11,kovan2,17952108,17952109,-1
2020-04-16 07:15:33,kovan2,17952129,17952130,-1
2020-04-16 07:16:59,kovan2,17952151,17952149,2
2020-04-16 07:18:27,kovan2,17952174,17952174,0
2020-04-16 07:19:54,kovan2,17952194,17952194,0
2020-04-16 07:21:17,kovan2,17952215,17952194,21
2020-04-16 07:22:39,kovan2,17952235,17952194,41
2020-04-16 07:24:02,kovan2,17952256,17952257,-1
2020-04-16 07:25:26,kovan2,17952277,17952277,0
2020-04-16 07:26:48,kovan2,17952297,17952298,-1
2020-04-16 07:28:11,kovan2,17952318,17952319,-1
2020-04-16 07:29:33,kovan2,17952339,17952339,0
2020-04-16 07:30:56,kovan2,17952359,17952360,-1
2020-04-16 07:32:19,kovan2,17952380,17952381,-1
2020-04-16 07:33:41,kovan2,17952401,17952401,0
2020-04-16 07:35:04,kovan2,17952423,17952424,-1
2020-04-16 07:36:34,kovan2,17952444,17952445,-1
2020-04-16 07:37:58,kovan2,17952466,17952467,-1
2020-04-16 07:39:27,kovan2,17952488,17952488,0
2020-04-16 07:40:53,kovan2,17952508,17952509,-1
2020-04-16 07:42:15,kovan2,17952529,17952521,8
2020-04-16 07:43:37,kovan2,17952550,17952541,9
2020-04-16 07:44:59,kovan2,17952569,17952570,-1
2020-04-16 07:46:24,kovan2,17952590,17952577,13
2020-04-16 07:47:47,kovan2,17952611,17952612,-1
2020-04-16 07:49:10,kovan2,17952634,17952634,0
2020-04-16 07:50:40,kovan2,17952654,17952655,-1
2020-04-16 07:52:03,kovan2,17952675,17952669,6
2020-04-16 07:53:25,kovan2,17952695,17952669,26
2020-04-16 07:54:47,kovan2,17952716,17952717,-1
2020-04-16 07:56:09,kovan2,17952737,17952737,0
2020-04-16 07:57:32,kovan2,17952757,17952748,9
2020-04-16 07:58:54,kovan2,17952778,17952748,30
2020-04-16 08:00:16,kovan2,17952799,17952748,51
2020-04-16 08:01:40,kovan2,17952819,17952748,71
2020-04-16 08:03:03,kovan2,17952840,17952748,92
2020-04-16 08:04:26,kovan2,17952861,17952748,113
2020-04-16 08:05:48,kovan2,17952882,17952748,134
2020-04-16 08:07:12,kovan2,17952903,17952748,155
2020-04-16 08:08:34,kovan2,17952924,17952748,176
2020-04-16 08:10:01,kovan2,17952945,17952748,197
2020-04-16 08:11:24,kovan2,17952965,17952748,217
2020-04-16 08:12:47,kovan2,17952986,17952748,238
2020-04-16 08:14:09,kovan2,17953007,17952748,259
2020-04-16 08:15:34,kovan2,17953028,17952748,280
2020-04-16 08:16:56,kovan2,17953049,17952748,301
2020-04-16 08:18:20,kovan2,17953070,17952748,322
2020-04-16 08:19:42,kovan2,17953089,17952748,341
2020-04-16 08:21:07,kovan2,17953110,17952748,362
2020-04-16 08:22:32,kovan2,17953131,17953132,-1
2020-04-16 08:23:59,kovan2,17953155,17953152,3
2020-04-16 08:25:34,kovan2,17953176,17953175,1
2020-04-16 08:26:56,kovan2,17953197,17953197,0
2020-04-16 08:28:19,kovan2,17953217,17953217,0
2020-04-16 08:29:41,kovan2,17953238,17953238,0
2020-04-16 08:31:04,kovan2,17953258,17953240,18
2020-04-16 08:32:26,kovan2,17953278,17953279,-1
2020-04-16 08:33:48,kovan2,17953299,17953300,-1
2020-04-16 08:35:11,kovan2,17953320,17953321,-1
2020-04-16 08:36:33,kovan2,17953340,17953335,5
2020-04-16 08:37:55,kovan2,17953361,17953362,-1
2020-04-16 08:39:17,kovan2,17953381,17953379,2
2020-04-16 08:40:40,kovan2,17953403,17953400,3
2020-04-16 08:42:04,kovan2,17953424,17953400,24
2020-04-16 08:43:28,kovan2,17953446,17953445,1
2020-04-16 08:44:58,kovan2,17953467,17953454,13
2020-04-16 08:46:21,kovan2,17953487,17953454,33
2020-04-16 08:47:44,kovan2,17953507,17953454,53
2020-04-16 08:49:06,kovan2,17953529,17953529,0
2020-04-16 08:50:28,kovan2,17953549,17953550,-1
2020-04-16 08:51:50,kovan2,17953570,17953571,-1
2020-04-16 08:53:13,kovan2,17953593,17953589,4
2020-04-16 08:54:42,kovan2,17953613,17953613,0
2020-04-16 08:56:04,kovan2,17953633,17953632,1
2020-04-16 08:57:27,kovan2,17953654,17953642,12
2020-04-16 08:58:49,kovan2,17953675,17953642,33
2020-04-16 09:00:12,kovan2,17953695,17953642,53
2020-04-16 09:01:34,kovan2,17953719,17953719,0
2020-04-16 09:03:07,kovan2,17953739,17953719,20
2020-04-16 09:04:29,kovan2,17953759,17953760,-1
2020-04-16 09:05:51,kovan2,17953781,17953781,0
2020-04-16 09:07:15,kovan2,17953801,17953784,17
2020-04-16 09:08:38,kovan2,17953822,17953784,38
2020-04-16 09:10:00,kovan2,17953842,17953843,-1
2020-04-16 09:11:22,kovan2,17953863,17953863,0
2020-04-16 09:12:45,kovan2,17953884,17953883,1
2020-04-16 09:14:08,kovan2,17953904,17953895,9
2020-04-16 09:15:31,kovan2,17953925,17953895,30
2020-04-16 09:16:53,kovan2,17953946,17953895,51
2020-04-16 09:18:18,kovan2,17953967,17953895,72
2020-04-16 09:19:40,kovan2,17953987,17953982,5
2020-04-16 09:21:02,kovan2,17954008,17953982,26
2020-04-16 09:22:24,kovan2,17954029,17953982,47
2020-04-16 09:23:47,kovan2,17954049,17953982,67
2020-04-16 09:25:09,kovan2,17954070,17953982,88
2020-04-16 09:26:31,kovan2,17954090,17953982,108
2020-04-16 09:27:55,kovan2,17954111,17953982,129
2020-04-16 09:29:19,kovan2,17954132,17953982,150
2020-04-16 09:30:41,kovan2,17954152,17953982,170
2020-04-16 09:32:03,kovan2,17954173,17953982,191
2020-04-16 09:33:25,kovan2,17954194,17953982,212
2020-04-16 09:34:47,kovan2,17954215,17954215,0
2020-04-16 09:36:10,kovan2,17954235,17954224,11
2020-04-16 09:37:32,kovan2,17954256,17954224,32
2020-04-16 09:38:57,kovan2,17954277,17954224,53
2020-04-16 09:40:23,kovan2,17954298,17954224,74
2020-04-16 09:41:45,kovan2,17954319,17954224,95
2020-04-16 09:43:07,kovan2,17954339,17954224,115
2020-04-16 09:44:29,kovan2,17954360,17954224,136
2020-04-16 09:45:53,kovan2,17954381,17954381,0
2020-04-16 09:47:16,kovan2,17954401,17954398,3
2020-04-16 09:48:38,kovan2,17954423,17954423,0
2020-04-16 09:50:04,kovan2,17954444,17954424,20
2020-04-16 09:51:26,kovan2,17954465,17954424,41
2020-04-16 09:52:51,kovan2,17954485,17954424,61
2020-04-16 09:54:14,kovan2,17954506,17954424,82
2020-04-16 09:55:38,kovan2,17954527,17954424,103
2020-04-16 09:57:00,kovan2,17954549,17954424,125
2020-04-16 09:58:25,kovan2,17954568,17954424,144
2020-04-16 09:59:48,kovan2,17954589,17954424,165
2020-04-16 10:01:10,kovan2,17954612,17954608,4
2020-04-16 10:02:40,kovan2,17954633,17954608,25
2020-04-16 10:04:04,kovan2,17954658,17954652,6
2020-04-16 10:05:47,kovan2,17954680,17954677,3
2020-04-16 10:07:13,kovan2,17954702,17954700,2
2020-04-16 10:08:37,kovan2,17954722,17954718,4
2020-04-16 10:10:02,kovan2,17954743,17954733,10
2020-04-16 10:11:24,kovan2,17954763,17954748,15
2020-04-16 10:12:47,kovan2,17954784,17954781,3
2020-04-16 10:14:10,kovan2,17954805,17954805,0
2020-04-16 10:15:32,kovan2,17954826,17954827,-1
2020-04-16 10:16:58,kovan2,17954848,17954844,4
2020-04-16 10:18:24,kovan2,17954869,17954844,25
2020-04-16 10:19:48,kovan2,17954893,17954891,2
2020-04-16 10:21:27,kovan2,17954915,17954915,0
2020-04-16 10:22:51,kovan2,17954936,17954933,3
2020-04-16 10:24:17,kovan2,17954957,17954952,5
2020-04-16 10:25:42,kovan2,17954978,17954978,0
2020-04-16 10:27:04,kovan2,17954998,17954999,-1
2020-04-16 10:28:27,kovan2,17955019,17955017,2
2020-04-16 10:29:50,kovan2,17955040,17955017,23
2020-04-16 10:31:12,kovan2,17955061,17955017,44
2020-04-16 10:32:36,kovan2,17955082,17955083,-1
2020-04-16 10:34:01,kovan2,17955104,17955095,9
2020-04-16 10:35:29,kovan2,17955126,17955095,31
2020-04-16 10:36:54,kovan2,17955147,17955141,6
2020-04-16 10:38:21,kovan2,17955168,17955168,0
2020-04-16 10:39:44,kovan2,17955191,17955192,-1
2020-04-16 10:41:18,kovan2,17955216,17955210,6
2020-04-16 10:42:54,kovan2,17955236,17955236,0
2020-04-16 10:44:17,kovan2,17955258,17955257,1
2020-04-16 10:45:42,kovan2,17955278,17955272,6
2020-04-16 10:47:04,kovan2,17955298,17955299,-1
2020-04-16 10:48:27,kovan2,17955320,17955320,0
2020-04-16 10:49:52,kovan2,17955341,17955341,0
2020-04-16 10:51:17,kovan2,17955362,17955355,7
2020-04-16 10:52:41,kovan2,17955383,17955383,0
2020-04-16 10:54:03,kovan2,17955406,17955406,0
2020-04-16 10:55:38,kovan2,17955429,17955428,1
2020-04-16 10:57:07,kovan2,17955451,17955452,-1
2020-04-16 10:58:38,kovan2,17955475,17955468,7
2020-04-16 11:00:11,kovan2,17955496,17955491,5
2020-04-16 11:01:36,kovan2,17955519,17955515,4
2020-04-16 11:03:08,kovan2,17955542,17955539,3
2020-04-16 11:04:50,kovan2,17955569,17955565,4
2020-04-16 11:06:32,kovan2,17955595,17955585,10
2020-04-16 11:08:17,kovan2,17955620,17955609,11
2020-04-16 11:10:00,kovan2,17955642,17955633,9
2020-04-16 11:11:26,kovan2,17955666,17955666,0
2020-04-16 11:13:00,kovan2,17955687,17955675,12
2020-04-16 11:14:26,kovan2,17955711,17955711,0
2020-04-16 11:15:58,kovan2,17955734,17955735,-1
2020-04-16 11:17:33,kovan2,17955755,17955737,18
2020-04-16 11:18:56,kovan2,17955776,17955776,0
2020-04-16 11:20:21,kovan2,17955798,17955796,2
2020-04-16 11:21:49,kovan2,17955819,17955819,0
2020-04-16 11:23:12,kovan2,17955840,17955840,0
2020-04-16 11:24:37,kovan2,17955861,17955862,-1
2020-04-16 11:26:02,kovan2,17955882,17955871,11
2020-04-16 11:27:26,kovan2,17955904,17955871,33
2020-04-16 11:28:50,kovan2,17955925,17955871,54
2020-04-16 11:30:14,kovan2,17955945,17955871,74
2020-04-16 11:31:37,kovan2,17955966,17955871,95
2020-04-16 11:33:00,kovan2,17955991,17955980,11
2020-04-16 11:34:40,kovan2,17956011,17955980,31
2020-04-16 11:36:04,kovan2,17956033,17956032,1
2020-04-16 11:37:30,kovan2,17956054,17956052,2
2020-04-16 11:38:53,kovan2,17956075,17956064,11
2020-04-16 11:40:16,kovan2,17956095,17956096,-1
2020-04-16 11:41:39,kovan2,17956116,17956108,8
2020-04-16 11:43:03,kovan2,17956140,17956132,8
2020-04-16 11:44:35,kovan2,17956162,17956162,0
2020-04-16 11:46:04,kovan2,17956187,17956186,1
2020-04-16 11:47:44,kovan2,17956208,17956202,6
2020-04-16 11:49:08,kovan2,17956229,17956229,0
2020-04-16 11:50:31,kovan2,17956250,17956250,0
2020-04-16 11:51:56,kovan2,17956273,17956269,4
2020-04-16 11:53:26,kovan2,17956293,17956294,-1
2020-04-16 11:54:50,kovan2,17956314,17956314,0
2020-04-16 11:56:12,kovan2,17956334,17956331,3
2020-04-16 11:57:35,kovan2,17956354,17956347,7
2020-04-16 11:58:58,kovan2,17956376,17956373,3
2020-04-16 12:00:23,kovan2,17956399,17956399,0
2020-04-16 12:01:55,kovan2,17956421,17956421,0
2020-04-16 12:03:24,kovan2,17956441,17956442,-1
2020-04-16 12:04:46,kovan2,17956463,17956463,0
2020-04-16 12:06:13,kovan2,17956484,17956484,0
2020-04-16 12:07:35,kovan2,17956506,17956507,-1
2020-04-16 12:09:06,kovan2,17956528,17956526,2
2020-04-16 12:10:32,kovan2,17956550,17956548,2
2020-04-16 12:12:02,kovan2,17956570,17956571,-1
2020-04-16 12:13:24,kovan2,17956591,17956592,-1
2020-04-16 12:14:47,kovan2,17956613,17956611,2
2020-04-16 12:16:12,kovan2,17956633,17956634,-1
2020-04-16 12:17:34,kovan2,17956656,17956656,0
2020-04-16 12:19:06,kovan2,17956677,17956677,0
2020-04-16 12:20:29,kovan2,17956699,17956699,0
2020-04-16 12:21:57,kovan2,17956720,17956720,0
2020-04-16 12:23:19,kovan2,17956740,17956741,-1
2020-04-16 12:24:42,kovan2,17956761,17956761,0
2020-04-16 12:26:04,kovan2,17956781,17956782,-1
2020-04-16 12:27:28,kovan2,17956802,17956803,-1
2020-04-16 12:28:50,kovan2,17956823,17956823,0
2020-04-16 12:30:12,kovan2,17956844,17956844,0
2020-04-16 12:31:35,kovan2,17956865,17956865,0
2020-04-16 12:33:00,kovan2,17956885,17956886,-1
2020-04-16 12:34:22,kovan2,17956906,17956906,0
2020-04-16 12:35:44,kovan2,17956928,17956929,-1
2020-04-16 12:37:13,kovan2,17956948,17956949,-1
2020-04-16 12:38:36,kovan2,17956969,17956970,-1
2020-04-16 12:39:58,kovan2,17956991,17956992,-1
2020-04-16 12:41:27,kovan2,17957012,17957013,-1
2020-04-16 12:42:50,kovan2,17957033,17957034,-1
2020-04-16 12:44:14,kovan2,17957054,17957055,-1
2020-04-16 12:45:40,kovan2,17957075,17957075,0
2020-04-16 12:47:03,kovan2,17957096,17957083,13
2020-04-16 12:48:25,kovan2,17957117,17957115,2
2020-04-16 12:49:47,kovan2,17957138,17957138,0
2020-04-16 12:51:10,kovan2,17957158,17957144,14
2020-04-16 12:52:32,kovan2,17957178,17957168,10
2020-04-16 12:53:55,kovan2,17957199,17957191,8
2020-04-16 12:55:18,kovan2,17957221,17957191,30
2020-04-16 12:56:42,kovan2,17957241,17957242,-1
2020-04-16 12:58:07,kovan2,17957262,17957247,15
2020-04-16 12:59:29,kovan2,17957283,17957247,36
2020-04-16 13:00:52,kovan2,17957303,17957247,56
2020-04-16 13:02:14,kovan2,17957324,17957317,7
2020-04-16 13:03:38,kovan2,17957345,17957345,0
2020-04-16 13:05:01,kovan2,17957367,17957366,1
2020-04-16 13:06:27,kovan2,17957388,17957378,10
2020-04-16 13:07:51,kovan2,17957409,17957378,31
2020-04-16 13:09:14,kovan2,17957429,17957378,51
2020-04-16 13:10:36,kovan2,17957449,17957378,71
2020-04-16 13:11:59,kovan2,17957471,17957378,93
2020-04-16 13:13:23,kovan2,17957492,17957485,7
2020-04-16 13:14:50,kovan2,17957513,17957496,17
2020-04-16 13:16:13,kovan2,17957534,17957496,38
2020-04-16 13:17:35,kovan2,17957555,17957555,0
2020-04-16 13:19:01,kovan2,17957576,17957560,16
2020-04-16 13:20:26,kovan2,17957597,17957597,0
2020-04-16 13:21:49,kovan2,17957618,17957606,12
2020-04-16 13:23:11,kovan2,17957641,17957641,0
2020-04-16 13:24:45,kovan2,17957662,17957662,0
2020-04-16 13:26:07,kovan2,17957687,17957683,4
2020-04-16 13:27:49,kovan2,17957708,17957683,25
2020-04-16 13:29:11,kovan2,17957728,17957683,45
2020-04-16 13:30:34,kovan2,17957750,17957683,67
2020-04-16 13:31:58,kovan2,17957769,17957683,86
2020-04-16 13:33:20,kovan2,17957791,17957683,108
2020-04-16 13:34:43,kovan2,17957811,17957683,128
2020-04-16 13:36:07,kovan2,17957833,17957683,150
2020-04-16 13:37:32,kovan2,17957853,17957683,170
2020-04-16 13:38:54,kovan2,17957875,17957865,10
2020-04-16 13:40:19,kovan2,17957895,17957865,30
2020-04-16 13:41:41,kovan2,17957915,17957865,50
2020-04-16 13:43:03,kovan2,17957937,17957937,0
2020-04-16 13:44:28,kovan2,17957958,17957940,18
2020-04-16 13:45:50,kovan2,17957978,17957940,38
2020-04-16 13:47:12,kovan2,17957999,17957940,59
2020-04-16 13:48:35,kovan2,17958019,17957940,79
2020-04-16 13:49:57,kovan2,17958040,17957940,100
2020-04-16 13:51:19,kovan2,17958060,17958061,-1
2020-04-16 13:52:42,kovan2,17958081,17958081,0
2020-04-16 13:54:04,kovan2,17958101,17958102,-1
2020-04-16 13:55:27,kovan2,17958122,17958122,0
2020-04-16 13:56:49,kovan2,17958143,17958143,0
2020-04-16 13:58:12,kovan2,17958164,17958159,5
2020-04-16 13:59:34,kovan2,17958184,17958184,0
2020-04-16 14:00:56,kovan2,17958204,17958186,18
2020-04-16 14:02:18,kovan2,17958224,17958225,-1
2020-04-16 14:03:41,kovan2,17958246,17958246,0
2020-04-16 14:05:05,kovan2,17958267,17958254,13
2020-04-16 14:06:28,kovan2,17958288,17958254,34
2020-04-16 14:07:50,kovan2,17958308,17958254,54
2020-04-16 14:09:13,kovan2,17958329,17958254,75
2020-04-16 14:10:35,kovan2,17958349,17958254,95
2020-04-16 14:11:57,kovan2,17958373,17958368,5
2020-04-16 14:13:30,kovan2,17958394,17958388,6
2020-04-16 14:14:54,kovan2,17958414,17958388,26
2020-04-16 14:16:18,kovan2,17958435,17958419,16
2020-04-16 14:17:41,kovan2,17958456,17958419,37
2020-04-16 14:19:05,kovan2,17958476,17958419,57
2020-04-16 14:20:29,kovan2,17958497,17958419,78
2020-04-16 14:21:51,kovan2,17958521,17958521,0
2020-04-16 14:23:25,kovan2,17958542,17958540,2
2020-04-16 14:24:47,kovan2,17958562,17958562,0
2020-04-16 14:26:10,kovan2,17958583,17958562,21
2020-04-16 14:27:34,kovan2,17958605,17958562,43
2020-04-16 14:28:58,kovan2,17958625,17958562,63
2020-04-16 14:30:21,kovan2,17958645,17958562,83
2020-04-16 14:31:45,kovan2,17958666,17958562,104
2020-04-16 14:33:07,kovan2,17958686,17958562,124
2020-04-16 14:34:29,kovan2,17958707,17958562,145
2020-04-16 14:35:53,kovan2,17958735,17958729,6
2020-04-16 14:37:46,kovan2,17958757,17958758,-1
2020-04-16 14:39:14,kovan2,17958778,17958778,0
2020-04-16 14:40:37,kovan2,17958801,17958799,2
2020-04-16 14:42:10,kovan2,17958822,17958822,0
2020-04-16 14:43:33,kovan2,17958846,17958844,2
2020-04-16 14:45:08,kovan2,17958866,17958849,17
2020-04-16 14:46:31,kovan2,17958887,17958881,6
2020-04-16 14:47:53,kovan2,17958909,17958908,1
2020-04-16 14:49:23,kovan2,17958930,17958930,0
2020-04-16 14:50:46,kovan2,17958953,17958954,-1
2020-04-16 14:52:20,kovan2,17958974,17958964,10
2020-04-16 14:53:43,kovan2,17958995,17958964,31
2020-04-16 14:55:07,kovan2,17959017,17959015,2
2020-04-16 14:56:31,kovan2,17959037,17959038,-1
2020-04-16 14:57:55,kovan2,17959058,17959052,6
2020-04-16 14:59:17,kovan2,17959080,17959080,0
2020-04-16 15:00:43,kovan2,17959100,17959101,-1
2020-04-16 15:02:06,kovan2,17959121,17959121,0
2020-04-16 15:03:29,kovan2,17959142,17959142,0
2020-04-16 15:04:51,kovan2,17959162,17959157,5
2020-04-16 15:06:13,kovan2,17959184,17959184,0
2020-04-16 15:07:38,kovan2,17959204,17959204,0
2020-04-16 15:09:02,kovan2,17959226,17959226,0
2020-04-16 15:10:27,kovan2,17959246,17959246,0
2020-04-16 15:11:49,kovan2,17959267,17959268,-1
2020-04-16 15:13:13,kovan2,17959288,17959288,0
2020-04-16 15:14:37,kovan2,17959309,17959309,0
2020-04-16 15:15:59,kovan2,17959330,17959330,0
2020-04-16 15:17:22,kovan2,17959350,17959350,0
2020-04-16 15:18:45,kovan2,17959370,17959371,-1
2020-04-16 15:20:07,kovan2,17959393,17959393,0
2020-04-16 15:21:37,kovan2,17959417,17959417,0
2020-04-16 15:23:11,kovan2,17959438,17959438,0
2020-04-16 15:24:34,kovan2,17959464,17959453,11
2020-04-16 15:26:22,kovan2,17959485,17959471,14
2020-04-16 15:27:46,kovan2,17959508,17959505,3
2020-04-16 15:29:15,kovan2,17959529,17959523,6
2020-04-16 15:30:39,kovan2,17959551,17959546,5
2020-04-16 15:32:13,kovan2,17959572,17959572,0
2020-04-16 15:33:36,kovan2,17959592,17959579,13
2020-04-16 15:35:00,kovan2,17959615,17959615,0
2020-04-16 15:36:28,kovan2,17959636,17959629,7
2020-04-16 15:37:50,kovan2,17959657,17959638,19
2020-04-16 15:39:17,kovan2,17959679,17959674,5
2020-04-16 15:40:43,kovan2,17959699,17959698,1
2020-04-16 15:42:07,kovan2,17959720,17959710,10
2020-04-16 15:43:30,kovan2,17959742,17959739,3
2020-04-16 15:44:56,kovan2,17959763,17959739,24
2020-04-16 15:46:20,kovan2,17959783,17959783,0
2020-04-16 15:47:43,kovan2,17959807,17959804,3
2020-04-16 15:49:21,kovan2,17959827,17959828,-1
2020-04-16 15:50:47,kovan2,17959848,17959849,-1
2020-04-16 15:52:09,kovan2,17959870,17959865,5
2020-04-16 15:53:38,kovan2,17959891,17959891,0
2020-04-16 15:55:00,kovan2,17959913,17959911,2
2020-04-16 15:56:29,kovan2,17959934,17959931,3
2020-04-16 15:57:52,kovan2,17959956,17959957,-1
2020-04-16 15:59:24,kovan2,17959977,17959957,20
2020-04-16 16:00:46,kovan2,17959998,17959997,1
2020-04-16 16:02:09,kovan2,17960021,17960017,4
2020-04-16 16:03:40,kovan2,17960041,17960017,24
2020-04-16 16:05:03,kovan2,17960062,17960055,7
2020-04-16 16:06:28,kovan2,17960084,17960085,-1
2020-04-16 16:07:55,kovan2,17960106,17960106,0
2020-04-16 16:09:18,kovan2,17960128,17960129,-1
2020-04-16 16:10:49,kovan2,17960149,17960149,0
2020-04-16 16:12:12,kovan2,17960170,17960170,0
2020-04-16 16:13:37,kovan2,17960191,17960191,0
2020-04-16 16:15:00,kovan2,17960211,17960212,-1
2020-04-16 16:16:23,kovan2,17960232,17960232,0
2020-04-16 16:17:45,kovan2,17960252,17960250,2
2020-04-16 16:19:08,kovan2,17960273,17960274,-1
2020-04-16 16:20:30,kovan2,17960299,17960299,0
2020-04-16 16:22:11,kovan2,17960319,17960299,20
2020-04-16 16:23:33,kovan2,17960340,17960299,41
2020-04-16 16:24:57,kovan2,17960362,17960362,0
2020-04-16 16:26:25,kovan2,17960383,17960383,0
2020-04-16 16:27:49,kovan2,17960404,17960399,5
2020-04-16 16:29:11,kovan2,17960424,17960399,25
2020-04-16 16:30:33,kovan2,17960444,17960399,45
2020-04-16 16:31:55,kovan2,17960465,17960399,66
2020-04-16 16:33:17,kovan2,17960486,17960486,0
2020-04-16 16:34:40,kovan2,17960507,17960492,15
2020-04-16 16:36:03,kovan2,17960527,17960514,13
2020-04-16 16:37:25,kovan2,17960547,17960514,33
2020-04-16 16:38:48,kovan2,17960568,17960514,54
2020-04-16 16:40:11,kovan2,17960589,17960590,-1
2020-04-16 16:41:33,kovan2,17960610,17960610,0
2020-04-16 16:42:56,kovan2,17960632,17960632,0
2020-04-16 16:44:23,kovan2,17960653,17960653,0
2020-04-16 16:45:46,kovan2,17960673,17960660,13
2020-04-16 16:47:08,kovan2,17960695,17960695,0
2020-04-16 16:48:35,kovan2,17960720,17960715,5
2020-04-16 16:50:15,kovan2,17960740,17960729,11
2020-04-16 16:51:37,kovan2,17960761,17960759,2
2020-04-16 16:53:00,kovan2,17960781,17960759,22
2020-04-16 16:54:22,kovan2,17960802,17960759,43
2020-04-16 16:55:44,kovan2,17960823,17960759,64
2020-04-16 16:57:07,kovan2,17960844,17960845,-1
2020-04-16 16:58:33,kovan2,17960865,17960854,11
2020-04-16 16:59:56,kovan2,17960885,17960854,31
2020-04-16 17:01:20,kovan2,17960906,17960898,8
2020-04-16 17:02:46,kovan2,17960927,17960898,29
2020-04-16 17:04:10,kovan2,17960948,17960898,50
2020-04-16 17:05:32,kovan2,17960969,17960898,71
2020-04-16 17:06:55,kovan2,17960989,17960898,91
2020-04-16 17:08:17,kovan2,17961010,17960898,112
2020-04-16 17:09:40,kovan2,17961033,17961033,0
2020-04-16 17:11:13,kovan2,17961057,17961057,0
2020-04-16 17:12:47,kovan2,17961077,17961063,14
2020-04-16 17:14:09,kovan2,17961098,17961063,35
2020-04-16 17:15:32,kovan2,17961120,17961117,3
2020-04-16 17:17:02,kovan2,17961140,17961117,23
2020-04-16 17:18:25,kovan2,17961160,17961117,43
2020-04-16 17:19:48,kovan2,17961180,17961117,63
2020-04-16 17:21:10,kovan2,17961206,17961207,-1
2020-04-16 17:22:54,kovan2,17961228,17961210,18
2020-04-16 17:24:20,kovan2,17961249,17961244,5
2020-04-16 17:25:44,kovan2,17961270,17961244,26
2020-04-16 17:27:09,kovan2,17961293,17961293,0
2020-04-16 17:28:40,kovan2,17961316,17961317,-1
2020-04-16 17:30:13,kovan2,17961345,17961332,13
2020-04-16 17:32:09,kovan2,17961373,17961363,10
2020-04-16 17:34:00,kovan2,17961394,17961388,6
2020-04-16 17:35:24,kovan2,17961415,17961407,8
2020-04-16 17:36:50,kovan2,17961439,17961439,0
2020-04-16 17:38:25,kovan2,17961461,17961459,2
2020-04-16 17:39:50,kovan2,17961482,17961471,11
2020-04-16 17:41:16,kovan2,17961502,17961503,-1
2020-04-16 17:42:39,kovan2,17961523,17961510,13
2020-04-16 17:44:01,kovan2,17961544,17961510,34
2020-04-16 17:45:24,kovan2,17961565,17961510,55
2020-04-16 17:46:48,kovan2,17961586,17961587,-1
2020-04-16 17:48:15,kovan2,17961609,17961609,0
2020-04-16 17:49:43,kovan2,17961629,17961612,17
2020-04-16 17:51:05,kovan2,17961651,17961612,39
2020-04-16 17:52:31,kovan2,17961678,17961612,66
2020-04-16 17:54:22,kovan2,17961700,17961698,2
2020-04-16 17:55:49,kovan2,17961721,17961698,23
2020-04-16 17:57:14,kovan2,17961773,17961736,37
2020-04-16 18:00:41,kovan2,17961797,17961788,9
2020-04-16 18:02:18,kovan2,17961818,17961818,0
2020-04-16 18:03:40,kovan2,17961839,17961833,6
2020-04-16 18:05:07,kovan2,17961861,17961853,8
2020-04-16 18:06:36,kovan2,17961883,17961883,0
2020-04-16 18:07:59,kovan2,17961903,17961892,11
2020-04-16 18:09:21,kovan2,17961926,17961917,9
2020-04-16 18:10:51,kovan2,17961947,17961947,0
2020-04-16 18:12:15,kovan2,17961968,17961962,6
2020-04-16 18:13:38,kovan2,17961988,17961988,0
2020-04-16 18:15:00,kovan2,17962009,17962009,0
2020-04-16 18:16:23,kovan2,17962029,17962029,0
2020-04-16 18:17:46,kovan2,17962049,17962049,0
2020-04-16 18:19:08,kovan2,17962069,17962070,-1
2020-04-16 18:20:31,kovan2,17962090,17962091,-1
2020-04-16 18:21:53,kovan2,17962116,17962117,-1
2020-04-16 18:23:39,kovan2,17962135,17962136,-1
2020-04-16 18:25:01,kovan2,17962156,17962156,0
2020-04-16 18:26:25,kovan2,17962177,17962177,0
2020-04-16 18:27:48,kovan2,17962197,17962198,-1
2020-04-16 18:29:10,kovan2,17962219,17962220,-1
2020-04-16 18:30:39,kovan2,17962241,17962242,-1
2020-04-16 18:32:06,kovan2,17962262,17962257,5
2020-04-16 18:33:29,kovan2,17962282,17962257,25
2020-04-16 18:34:51,kovan2,17962303,17962304,-1
2020-04-16 18:36:14,kovan2,17962325,17962325,0
2020-04-16 18:37:39,kovan2,17962346,17962346,0
2020-04-16 18:39:03,kovan2,17962367,17962367,0
2020-04-16 18:40:27,kovan2,17962387,17962387,0
2020-04-16 18:41:49,kovan2,17962408,17962409,-1
2020-04-16 18:43:17,kovan2,17962429,17962418,11
2020-04-16 18:44:39,kovan2,17962449,17962450,-1
2020-04-16 18:46:01,kovan2,17962470,17962470,0
2020-04-16 18:47:24,kovan2,17962493,17962490,3
2020-04-16 18:48:57,kovan2,17962514,17962515,-1
2020-04-16 18:50:23,kovan2,17962535,17962536,-1
2020-04-16 18:51:46,kovan2,17962556,17962556,0
2020-04-16 18:53:08,kovan2,17962577,17962578,-1
2020-04-16 18:54:33,kovan2,17962599,17962599,0
2020-04-16 18:56:00,kovan2,17962619,17962620,-1
2020-04-16 18:57:22,kovan2,17962641,17962641,0
2020-04-16 18:58:46,kovan2,17962661,17962661,0
2020-04-16 19:00:08,kovan2,17962681,17962682,-1
2020-04-16 19:01:31,kovan2,17962703,17962703,0
2020-04-16 19:02:55,kovan2,17962723,17962724,-1
2020-04-16 19:04:17,kovan2,17962744,17962737,7
2020-04-16 19:05:40,kovan2,17962764,17962737,27
2020-04-16 19:07:03,kovan2,17962785,17962737,48
2020-04-16 19:08:25,kovan2,17962806,17962737,69
2020-04-16 19:09:47,kovan2,17962833,17962826,7
2020-04-16 19:11:35,kovan2,17962854,17962854,0
2020-04-16 19:13:00,kovan2,17962874,17962857,17
2020-04-16 19:14:22,kovan2,17962895,17962857,38
2020-04-16 19:15:44,kovan2,17962916,17962916,0
2020-04-16 19:17:07,kovan2,17962936,17962917,19
2020-04-16 19:18:29,kovan2,17962957,17962917,40
2020-04-16 19:19:52,kovan2,17962977,17962917,60
2020-04-16 19:21:14,kovan2,17962998,17962998,0
2020-04-16 19:22:36,kovan2,17963020,17963020,0
2020-04-16 19:24:04,kovan2,17963041,17963032,9
2020-04-16 19:25:28,kovan2,17963061,17963061,0
2020-04-16 19:26:51,kovan2,17963084,17963080,4
2020-04-16 19:28:18,kovan2,17963104,17963092,12
2020-04-16 19:29:41,kovan2,17963125,17963092,33
2020-04-16 19:31:03,kovan2,17963145,17963092,53
2020-04-16 19:32:26,kovan2,17963166,17963167,-1
2020-04-16 19:33:49,kovan2,17963187,17963187,0
2020-04-16 19:35:12,kovan2,17963208,17963208,0
2020-04-16 19:36:34,kovan2,17963228,17963228,0
2020-04-16 19:37:57,kovan2,17963248,17963249,-1
2020-04-16 19:39:19,kovan2,17963269,17963270,-1
2020-04-16 19:40:41,kovan2,17963290,17963290,0
2020-04-16 19:42:04,kovan2,17963312,17963311,1
2020-04-16 19:43:34,kovan2,17963333,17963334,-1
2020-04-16 19:44:57,kovan2,17963354,17963345,9
2020-04-16 19:46:19,kovan2,17963374,17963375,-1
2020-04-16 19:47:43,kovan2,17963395,17963395,0
2020-04-16 19:49:07,kovan2,17963418,17963416,2
2020-04-16 19:50:37,kovan2,17963439,17963434,5
2020-04-16 19:51:59,kovan2,17963459,17963453,6
2020-04-16 19:53:22,kovan2,17963479,17963479,0
2020-04-16 19:54:44,kovan2,17963502,17963500,2
2020-04-16 19:56:15,kovan2,17963523,17963523,0
2020-04-16 19:57:37,kovan2,17963544,17963545,-1
2020-04-16 19:59:01,kovan2,17963565,17963565,0
2020-04-16 20:00:23,kovan2,17963586,17963586,0
2020-04-16 20:01:48,kovan2,17963607,17963587,20
2020-04-16 20:03:11,kovan2,17963628,17963628,0
2020-04-16 20:04:36,kovan2,17963649,17963649,0
2020-04-16 20:06:00,kovan2,17963672,17963670,2
2020-04-16 20:07:33,kovan2,17963693,17963693,0
2020-04-16 20:08:56,kovan2,17963714,17963714,0
2020-04-16 20:10:18,kovan2,17963735,17963735,0
2020-04-16 20:11:43,kovan2,17963756,17963750,6
2020-04-16 20:13:06,kovan2,17963776,17963777,-1
2020-04-16 20:14:31,kovan2,17963799,17963798,1
2020-04-16 20:16:03,kovan2,17963820,17963821,-1
2020-04-16 20:17:26,kovan2,17963841,17963841,0
2020-04-16 20:18:48,kovan2,17963863,17963860,3
2020-04-16 20:20:19,kovan2,17963885,17963883,2
2020-04-16 20:21:44,kovan2,17963905,17963902,3
2020-04-16 20:23:07,kovan2,17963926,17963927,-1
2020-04-16 20:24:29,kovan2,17963948,17963945,3
2020-04-16 20:25:55,kovan2,17963969,17963969,0
2020-04-16 20:27:17,kovan2,17963988,17963989,-1
2020-04-16 20:28:42,kovan2,17964009,17964009,0
2020-04-16 20:30:05,kovan2,17964029,17964030,-1
2020-04-16 20:31:27,kovan2,17964052,17964052,0
2020-04-16 20:32:57,kovan2,17964072,17964073,-1
2020-04-16 20:34:19,kovan2,17964093,17964094,-1
2020-04-16 20:37:34,kovan2,17964144,17964144,0
2020-04-16 20:39:04,kovan2,17964165,17964165,0
2020-04-16 20:40:26,kovan2,17964185,17964186,-1
2020-04-16 20:41:50,kovan2,17964206,17964206,0
2020-04-16 20:43:12,kovan2,17964227,17964227,0
2020-04-16 20:44:35,kovan2,17964248,17964249,-1
2020-04-16 20:46:02,kovan2,17964269,17964269,0
2020-04-16 20:47:25,kovan2,17964289,17964290,-1
2020-04-16 20:48:47,kovan2,17964312,17964313,-1
2020-04-16 20:50:17,kovan2,17964333,17964332,1
2020-04-16 20:51:40,kovan2,17964354,17964354,0
2020-04-16 20:53:03,kovan2,17964374,17964375,-1
2020-04-16 20:54:26,kovan2,17964395,17964396,-1
2020-04-16 20:55:50,kovan2,17964416,17964416,0
2020-04-16 20:57:13,kovan2,17964437,17964437,0
2020-04-16 20:58:35,kovan2,17964457,17964458,-1
2020-04-16 20:59:57,kovan2,17964478,17964478,0
2020-04-16 21:01:20,kovan2,17964499,17964500,-1
2020-04-16 21:02:47,kovan2,17964521,17964521,0
2020-04-16 21:04:12,kovan2,17964542,17964542,0
2020-04-16 21:05:35,kovan2,17964562,17964563,-1
2020-04-16 21:06:57,kovan2,17964585,17964582,3
2020-04-16 21:08:28,kovan2,17964606,17964582,24
2020-04-16 21:09:50,kovan2,17964626,17964627,-1
2020-04-16 21:11:14,kovan2,17964647,17964647,0
2020-04-16 21:12:36,kovan2,17964668,17964668,0
2020-04-16 21:13:58,kovan2,17964688,17964688,0
2020-04-16 21:15:21,kovan2,17964712,17964707,5
2020-04-16 21:16:59,kovan2,17964733,17964734,-1
2020-04-16 21:18:22,kovan2,17964756,17964752,4
2020-04-16 21:19:51,kovan2,17964777,17964777,0
2020-04-16 21:21:15,kovan2,17964798,17964798,0
2020-04-16 21:22:39,kovan2,17964818,17964819,-1
2020-04-16 21:24:01,kovan2,17964839,17964839,0
2020-04-16 21:25:24,kovan2,17964860,17964861,-1
2020-04-16 21:26:49,kovan2,17964881,17964881,0
2020-04-16 21:28:12,kovan2,17964901,17964902,-1
2020-04-16 21:29:35,kovan2,17964922,17964923,-1
2020-04-16 21:30:57,kovan2,17964943,17964939,4
2020-04-16 21:32:20,kovan2,17964966,17964964,2
2020-04-16 21:33:52,kovan2,17964987,17964987,0
2020-04-16 21:35:14,kovan2,17965007,17965007,0
2020-04-16 21:36:37,kovan2,17965028,17965028,0
2020-04-16 21:37:59,kovan2,17965048,17965049,-1
2020-04-16 21:39:22,kovan2,17965069,17965069,0
2020-04-16 21:40:44,kovan2,17965090,17965090,0
2020-04-16 21:42:07,kovan2,17965112,17965113,-1
2020-04-16 21:43:38,kovan2,17965134,17965134,0
2020-04-16 21:45:02,kovan2,17965154,17965150,4
2020-04-16 21:46:24,kovan2,17965174,17965175,-1
2020-04-16 21:47:47,kovan2,17965195,17965196,-1
2020-04-16 21:49:09,kovan2,17965216,17965217,-1
2020-04-16 21:50:34,kovan2,17965237,17965237,0
2020-04-16 21:51:57,kovan2,17965258,17965258,0
2020-04-16 21:53:20,kovan2,17965279,17965279,0
2020-04-16 21:54:42,kovan2,17965299,17965299,0
2020-04-16 21:56:05,kovan2,17965321,17965319,2
2020-04-16 21:57:30,kovan2,17965341,17965341,0
2020-04-16 21:58:53,kovan2,17965363,17965363,0
2020-04-16 22:00:19,kovan2,17965386,17965387,-1
2020-04-16 22:01:53,kovan2,17965407,17965407,0
2020-04-16 22:03:15,kovan2,17965427,17965428,-1
2020-04-16 22:04:38,kovan2,17965451,17965449,2
2020-04-16 22:06:15,kovan2,17965471,17965473,-2
2020-04-16 22:07:37,kovan2,17965493,17965493,0
2020-04-16 22:09:00,kovan2,17965514,17965514,0
2020-04-16 22:10:22,kovan2,17965534,17965534,0
2020-04-16 22:11:45,kovan2,17965554,17965555,-1
2020-04-16 22:13:07,kovan2,17965575,17965576,-1
2020-04-16 22:14:30,kovan2,17965596,17965596,0
2020-04-16 22:15:52,kovan2,17965617,17965617,0
2020-04-16 22:17:15,kovan2,17965639,17965640,-1
2020-04-16 22:18:47,kovan2,17965660,17965661,-1
2020-04-16 22:20:10,kovan2,17965681,17965682,-1
2020-04-16 22:21:34,kovan2,17965702,17965702,0
2020-04-16 22:22:57,kovan2,17965723,17965724,-1
2020-04-16 22:24:21,kovan2,17965743,17965729,14
2020-04-16 22:25:44,kovan2,17965764,17965764,0
2020-04-16 22:27:06,kovan2,17965785,17965786,-1
2020-04-16 22:28:30,kovan2,17965806,17965793,13
2020-04-16 22:29:52,kovan2,17965827,17965793,34
2020-04-16 22:31:16,kovan2,17965847,17965848,-1
2020-04-16 22:32:39,kovan2,17965870,17965870,0
2020-04-16 22:34:09,kovan2,17965892,17965889,3
2020-04-16 22:35:37,kovan2,17965913,17965889,24
2020-04-16 22:36:59,kovan2,17965933,17965889,44
2020-04-16 22:38:22,kovan2,17965954,17965889,65
2020-04-16 22:39:44,kovan2,17965974,17965889,85
2020-04-16 22:41:06,kovan2,17965996,17965996,0
2020-04-16 22:42:31,kovan2,17966017,17966017,0
2020-04-16 22:43:54,kovan2,17966037,17966037,0
2020-04-16 22:45:16,kovan2,17966057,17966058,-1
2020-04-16 22:46:39,kovan2,17966078,17966078,0
2020-04-16 22:48:01,kovan2,17966098,17966099,-1
2020-04-16 22:49:23,kovan2,17966119,17966120,-1
2020-04-16 22:50:46,kovan2,17966140,17966140,0
2020-04-16 22:52:09,kovan2,17966161,17966161,0
2020-04-16 22:53:31,kovan2,17966181,17966182,-1
2020-04-16 22:54:55,kovan2,17966202,17966203,-1
2020-04-16 22:56:18,kovan2,17966223,17966223,0
2020-04-16 22:57:41,kovan2,17966244,17966244,0
2020-04-16 22:59:04,kovan2,17966267,17966265,2
2020-04-16 23:00:37,kovan2,17966287,17966288,-1
2020-04-16 23:02:03,kovan2,17966308,17966309,-1
2020-04-16 23:03:26,kovan2,17966329,17966330,-1
2020-04-16 23:04:49,kovan2,17966350,17966350,0
2020-04-16 23:06:12,kovan2,17966372,17966371,1
2020-04-16 23:07:42,kovan2,17966393,17966393,0
2020-04-16 23:09:04,kovan2,17966414,17966415,-1
2020-04-16 23:10:30,kovan2,17966435,17966435,0
2020-04-16 23:11:52,kovan2,17966455,17966456,-1
2020-04-16 23:13:15,kovan2,17966476,17966459,17
2020-04-16 23:14:37,kovan2,17966497,17966497,0
2020-04-16 23:15:59,kovan2,17966518,17966518,0
2020-04-16 23:17:23,kovan2,17966538,17966538,0
2020-04-16 23:18:45,kovan2,17966558,17966559,-1
2020-04-16 23:20:07,kovan2,17966579,17966580,-1
2020-04-16 23:21:30,kovan2,17966600,17966581,19
2020-04-16 23:22:52,kovan2,17966621,17966581,40
2020-04-16 23:24:16,kovan2,17966641,17966642,-1
2020-04-16 23:25:38,kovan2,17966661,17966662,-1
2020-04-16 23:27:01,kovan2,17966683,17966683,0
2020-04-16 23:28:24,kovan2,17966703,17966704,-1
2020-04-16 23:29:47,kovan2,17966724,17966725,-1
2020-04-16 23:31:09,kovan2,17966744,17966744,0
2020-04-16 23:32:32,kovan2,17966765,17966766,-1
2020-04-16 23:33:59,kovan2,17966786,17966787,-1
2020-04-16 23:35:22,kovan2,17966807,17966807,0
2020-04-16 23:36:44,kovan2,17966827,17966828,-1
2020-04-16 23:38:07,kovan2,17966848,17966846,2
2020-04-16 23:39:30,kovan2,17966869,17966855,14
2020-04-16 23:40:53,kovan2,17966891,17966892,-1
2020-04-16 23:42:22,kovan2,17966912,17966913,-1
2020-04-16 23:43:46,kovan2,17966933,17966934,-1
2020-04-16 23:45:09,kovan2,17966955,17966955,0
2020-04-16 23:46:34,kovan2,17966975,17966970,5
2020-04-16 23:47:56,kovan2,17966996,17966970,26
2020-04-16 23:49:20,kovan2,17967016,17967016,0
2020-04-16 23:50:42,kovan2,17967038,17967037,1
2020-04-16 23:52:07,kovan2,17967059,17967047,12
2020-04-16 23:53:32,kovan2,17967079,17967076,3
2020-04-16 23:54:54,kovan2,17967100,17967099,1
2020-04-16 23:56:18,kovan2,17967121,17967099,22
2020-04-16 23:57:40,kovan2,17967142,17967142,0
2020-04-16 23:59:03,kovan2,17967162,17967163,-1
2020-04-17 00:00:26,kovan2,17967187,17967187,0
2020-04-17 00:02:05,kovan2,17967209,17967209,0
2020-04-17 00:03:32,kovan2,17967229,17967225,4
2020-04-17 00:04:54,kovan2,17967250,17967225,25
2020-04-17 00:06:16,kovan2,17967271,17967271,0
2020-04-17 00:07:40,kovan2,17967294,17967295,-1
2020-04-17 00:09:14,kovan2,17967315,17967307,8
2020-04-17 00:10:37,kovan2,17967336,17967333,3
2020-04-17 00:11:59,kovan2,17967356,17967333,23
2020-04-17 00:13:21,kovan2,17967376,17967333,43
2020-04-17 00:14:44,kovan2,17967400,17967396,4
2020-04-17 00:16:15,kovan2,17967420,17967421,-1
2020-04-17 00:17:39,kovan2,17967441,17967442,-1
2020-04-17 00:19:02,kovan2,17967465,17967465,0
2020-04-17 00:20:35,kovan2,17967486,17967482,4
2020-04-17 00:21:58,kovan2,17967506,17967506,0
2020-04-17 00:23:21,kovan2,17967526,17967527,-1
2020-04-17 00:24:44,kovan2,17967549,17967549,0
2020-04-17 00:26:11,kovan2,17967570,17967570,0
2020-04-17 00:27:34,kovan2,17967590,17967590,0
2020-04-17 00:28:56,kovan2,17967611,17967606,5
2020-04-17 00:30:20,kovan2,17967631,17967632,-1
2020-04-17 00:31:43,kovan2,17967653,17967653,0
2020-04-17 00:33:07,kovan2,17967674,17967674,0
2020-04-17 00:34:30,kovan2,17967695,17967683,12
2020-04-17 00:35:54,kovan2,17967715,17967709,6
2020-04-17 00:37:16,kovan2,17967735,17967736,-1
2020-04-17 00:38:38,kovan2,17967756,17967757,-1
2020-04-17 00:40:04,kovan2,17967780,17967775,5
2020-04-17 00:41:36,kovan2,17967801,17967788,13
2020-04-17 00:42:59,kovan2,17967821,17967822,-1
2020-04-17 00:44:22,kovan2,17967842,17967842,0
2020-04-17 00:45:45,kovan2,17967863,17967863,0
2020-04-17 00:47:08,kovan2,17967885,17967886,-1
2020-04-17 00:48:39,kovan2,17967907,17967907,0
2020-04-17 00:50:03,kovan2,17967928,17967928,0
2020-04-17 00:51:29,kovan2,17967949,17967949,0
2020-04-17 00:52:53,kovan2,17967970,17967971,-1
2020-04-17 00:54:17,kovan2,17967991,17967991,0
2020-04-17 00:55:40,kovan2,17968012,17968012,0
2020-04-17 00:57:05,kovan2,17968033,17968033,0
2020-04-17 00:58:29,kovan2,17968054,17968055,-1
2020-04-17 00:59:53,kovan2,17968075,17968075,0
2020-04-17 01:01:16,kovan2,17968099,17968099,0
2020-04-17 01:02:52,kovan2,17968121,17968121,0
2020-04-17 01:04:20,kovan2,17968142,17968142,0
2020-04-17 01:05:43,kovan2,17968162,17968161,1
2020-04-17 01:07:05,kovan2,17968186,17968186,0
2020-04-17 01:08:37,kovan2,17968206,17968204,2
2020-04-17 01:09:59,kovan2,17968226,17968227,-1
2020-04-17 01:11:23,kovan2,17968247,17968248,-1
2020-04-17 01:12:46,kovan2,17968268,17968268,0
2020-04-17 01:14:09,kovan2,17968289,17968284,5
2020-04-17 01:15:32,kovan2,17968309,17968310,-1
2020-04-17 01:16:55,kovan2,17968331,17968331,0
2020-04-17 01:18:19,kovan2,17968351,17968346,5
2020-04-17 01:19:42,kovan2,17968374,17968366,8
2020-04-17 01:21:14,kovan2,17968396,17968385,11
2020-04-17 01:22:41,kovan2,17968417,17968413,4
2020-04-17 01:24:03,kovan2,17968438,17968438,0
2020-04-17 01:25:26,kovan2,17968458,17968458,0
2020-04-17 01:26:48,kovan2,17968478,17968479,-1
2020-04-17 01:28:11,kovan2,17968499,17968500,-1
2020-04-17 01:29:33,kovan2,17968521,17968518,3
2020-04-17 01:31:00,kovan2,17968542,17968542,0
2020-04-17 01:32:23,kovan2,17968562,17968546,16
2020-04-17 01:33:47,kovan2,17968583,17968582,1
2020-04-17 01:35:11,kovan2,17968604,17968605,-1
2020-04-17 01:36:33,kovan2,17968625,17968616,9
2020-04-17 01:37:55,kovan2,17968645,17968646,-1
2020-04-17 01:39:18,kovan2,17968666,17968667,-1
2020-04-17 01:40:43,kovan2,17968688,17968688,0
2020-04-17 01:42:06,kovan2,17968709,17968710,-1
2020-04-17 01:43:33,kovan2,17968730,17968730,0
2020-04-17 01:44:56,kovan2,17968750,17968749,1
2020-04-17 01:46:18,kovan2,17968771,17968771,0
2020-04-17 01:47:40,kovan2,17968792,17968786,6
2020-04-17 01:49:05,kovan2,17968813,17968813,0
2020-04-17 01:50:28,kovan2,17968833,17968834,-1
2020-04-17 01:51:51,kovan2,17968854,17968855,-1
2020-04-17 01:53:14,kovan2,17968875,17968875,0
2020-04-17 01:54:36,kovan2,17968898,17968898,0
2020-04-17 01:56:08,kovan2,17968918,17968919,-1
2020-04-17 01:57:30,kovan2,17968940,17968940,0
2020-04-17 01:58:54,kovan2,17968962,17968963,-1
2020-04-17 02:00:25,kovan2,17968982,17968983,-1
2020-04-17 02:01:49,kovan2,17969004,17969004,0
2020-04-17 02:03:14,kovan2,17969026,17969026,0
2020-04-17 02:04:40,kovan2,17969047,17969047,0
2020-04-17 02:06:04,kovan2,17969068,17969067,1
2020-04-17 02:07:26,kovan2,17969089,17969086,3
2020-04-17 02:08:54,kovan2,17969111,17969111,0
2020-04-17 02:10:21,kovan2,17969132,17969132,0
2020-04-17 02:11:44,kovan2,17969153,17969149,4
2020-04-17 02:13:07,kovan2,17969176,17969175,1
2020-04-17 02:14:41,kovan2,17969198,17969192,6
2020-04-17 02:16:10,kovan2,17969219,17969219,0
2020-04-17 02:17:33,kovan2,17969240,17969240,0
2020-04-17 02:18:55,kovan2,17969261,17969261,0
2020-04-17 02:20:18,kovan2,17969282,17969282,0
2020-04-17 02:21:45,kovan2,17969304,17969304,0
2020-04-17 02:23:13,kovan2,17969325,17969326,-1
2020-04-17 02:24:37,kovan2,17969347,17969346,1
2020-04-17 02:26:05,kovan2,17969368,17969368,0
2020-04-17 02:27:29,kovan2,17969388,17969389,-1
2020-04-17 02:28:53,kovan2,17969412,17969411,1
2020-04-17 02:30:26,kovan2,17969432,17969432,0
2020-04-17 02:31:49,kovan2,17969453,17969453,0
2020-04-17 02:33:12,kovan2,17969474,17969474,0
2020-04-17 02:34:35,kovan2,17969494,17969495,-1
2020-04-17 02:35:58,kovan2,17969516,17969517,-1
2020-04-17 02:37:25,kovan2,17969537,17969537,0
2020-04-17 02:38:49,kovan2,17969560,17969557,3
2020-04-17 02:40:21,kovan2,17969580,17969581,-1
2020-04-17 02:41:44,kovan2,17969602,17969602,0
2020-04-17 02:43:08,kovan2,17969623,17969623,0
2020-04-17 02:44:31,kovan2,17969644,17969644,0
2020-04-17 02:45:54,kovan2,17969664,17969665,-1
2020-04-17 02:47:18,kovan2,17969685,17969684,1
2020-04-17 02:48:42,kovan2,17969706,17969706,0
2020-04-17 02:50:04,kovan2,17969730,17969726,4
2020-04-17 02:51:40,kovan2,17969751,17969751,0
2020-04-17 02:53:03,kovan2,17969771,17969772,-1
2020-04-17 02:54:25,kovan2,17969792,17969792,0
2020-04-17 02:55:48,kovan2,17969812,17969813,-1
2020-04-17 02:57:10,kovan2,17969833,17969833,0
2020-04-17 02:58:33,kovan2,17969854,17969854,0
2020-04-17 02:59:56,kovan2,17969874,17969875,-1
2020-04-17 03:01:19,kovan2,17969895,17969882,13
2020-04-17 03:02:41,kovan2,17969916,17969911,5
2020-04-17 03:04:04,kovan2,17969939,17969932,7
2020-04-17 03:05:36,kovan2,17969960,17969961,-1
2020-04-17 03:07:02,kovan2,17969982,17969983,-1
2020-04-17 03:08:31,kovan2,17970003,17969985,18
2020-04-17 03:09:53,kovan2,17970024,17970024,0
2020-04-17 03:11:17,kovan2,17970045,17970045,0
2020-04-17 03:12:39,kovan2,17970066,17970064,2
2020-04-17 03:14:02,kovan2,17970087,17970087,0
2020-04-17 03:15:28,kovan2,17970108,17970108,0
2020-04-17 03:16:52,kovan2,17970130,17970124,6
2020-04-17 03:18:21,kovan2,17970152,17970150,2
2020-04-17 03:19:48,kovan2,17970173,17970168,5
2020-04-17 03:21:11,kovan2,17970194,17970194,0
2020-04-17 03:22:36,kovan2,17970214,17970215,-1
2020-04-17 03:23:59,kovan2,17970235,17970236,-1
2020-04-17 03:25:22,kovan2,17970256,17970249,7
2020-04-17 03:26:45,kovan2,17970277,17970277,0
2020-04-17 03:28:07,kovan2,17970298,17970298,0
2020-04-17 03:29:32,kovan2,17970318,17970319,-1
2020-04-17 03:30:55,kovan2,17970339,17970339,0
2020-04-17 03:32:17,kovan2,17970359,17970346,13
2020-04-17 03:33:39,kovan2,17970381,17970381,0
2020-04-17 03:35:04,kovan2,17970402,17970402,0
2020-04-17 03:36:27,kovan2,17970423,17970421,2
2020-04-17 03:37:52,kovan2,17970444,17970421,23
2020-04-17 03:39:16,kovan2,17970465,17970465,0
2020-04-17 03:40:39,kovan2,17970485,17970481,4
2020-04-17 03:42:02,kovan2,17970506,17970507,-1
2020-04-17 03:43:26,kovan2,17970527,17970527,0
2020-04-17 03:44:49,kovan2,17970548,17970548,0
2020-04-17 03:46:13,kovan2,17970569,17970569,0
2020-04-17 03:47:36,kovan2,17970590,17970590,0
2020-04-17 03:49:01,kovan2,17970611,17970611,0
2020-04-17 03:50:24,kovan2,17970631,17970632,-1
2020-04-17 03:51:47,kovan2,17970652,17970653,-1
2020-04-17 03:53:11,kovan2,17970673,17970658,15
2020-04-17 03:54:35,kovan2,17970696,17970694,2
2020-04-17 03:56:09,kovan2,17970720,17970719,1
2020-04-17 03:57:44,kovan2,17970741,17970741,0
2020-04-17 03:59:06,kovan2,17970761,17970761,0
2020-04-17 04:00:32,kovan2,17970782,17970783,-1
2020-04-17 04:01:55,kovan2,17970804,17970804,0
2020-04-17 04:03:21,kovan2,17970826,17970804,22
2020-04-17 04:04:48,kovan2,17970846,17970804,42
2020-04-17 04:06:10,kovan2,17970867,17970868,-1
2020-04-17 04:07:33,kovan2,17970888,17970884,4
2020-04-17 04:08:57,kovan2,17970908,17970909,-1
2020-04-17 04:10:19,kovan2,17970929,17970930,-1
2020-04-17 04:11:42,kovan2,17970950,17970951,-1
2020-04-17 04:13:07,kovan2,17970971,17970972,-1
2020-04-17 04:14:29,kovan2,17970992,17970992,0
2020-04-17 04:15:53,kovan2,17971013,17971013,0
2020-04-17 04:17:17,kovan2,17971034,17971029,5
2020-04-17 04:18:39,kovan2,17971057,17971057,0
2020-04-17 04:20:13,kovan2,17971079,17971079,0
2020-04-17 04:21:40,kovan2,17971100,17971100,0
2020-04-17 04:23:04,kovan2,17971120,17971121,-1
2020-04-17 04:24:26,kovan2,17971140,17971133,7
2020-04-17 04:25:49,kovan2,17971162,17971162,0
2020-04-17 04:27:11,kovan2,17971182,17971178,4
2020-04-17 04:28:33,kovan2,17971203,17971203,0
2020-04-17 04:29:56,kovan2,17971223,17971224,-1
2020-04-17 04:31:19,kovan2,17971244,17971245,-1
2020-04-17 04:32:41,kovan2,17971265,17971265,0
2020-04-17 04:34:04,kovan2,17971285,17971286,-1
2020-04-17 04:35:27,kovan2,17971306,17971306,0
2020-04-17 04:36:49,kovan2,17971329,17971326,3
2020-04-17 04:38:20,kovan2,17971350,17971332,18
2020-04-17 04:39:42,kovan2,17971370,17971332,38
2020-04-17 04:41:04,kovan2,17971390,17971332,58
2020-04-17 04:42:27,kovan2,17971411,17971332,79
2020-04-17 04:43:49,kovan2,17971432,17971417,15
2020-04-17 04:45:12,kovan2,17971452,17971417,35
2020-04-17 04:46:34,kovan2,17971474,17971474,0
2020-04-17 04:47:59,kovan2,17971498,17971494,4
2020-04-17 04:49:37,kovan2,17971519,17971514,5
2020-04-17 04:51:01,kovan2,17971539,17971514,25
2020-04-17 04:52:24,kovan2,17971560,17971514,46
2020-04-17 04:53:46,kovan2,17971580,17971581,-1
2020-04-17 04:55:08,kovan2,17971602,17971602,0
2020-04-17 04:56:31,kovan2,17971623,17971623,0
2020-04-17 04:57:54,kovan2,17971644,17971645,-1
2020-04-17 04:59:23,kovan2,17971665,17971665,0
2020-04-17 05:00:45,kovan2,17971687,17971680,7
2020-04-17 05:02:11,kovan2,17971710,17971710,0
2020-04-17 05:03:45,kovan2,17971731,17971731,0
2020-04-17 05:05:08,kovan2,17971752,17971752,0
2020-04-17 05:06:32,kovan2,17971773,17971773,0
2020-04-17 05:07:55,kovan2,17971794,17971793,1
2020-04-17 05:09:21,kovan2,17971814,17971797,17
2020-04-17 05:10:43,kovan2,17971835,17971836,-1
2020-04-17 05:12:06,kovan2,17971856,17971837,19
2020-04-17 05:13:29,kovan2,17971877,17971837,40
2020-04-17 05:14:51,kovan2,17971898,17971837,61
2020-04-17 05:16:15,kovan2,17971919,17971919,0
2020-04-17 05:17:38,kovan2,17971939,17971923,16
2020-04-17 05:19:00,kovan2,17971959,17971960,-1
2020-04-17 05:20:22,kovan2,17971981,17971982,-1
2020-04-17 05:21:49,kovan2,17972003,17972003,0
2020-04-17 05:23:16,kovan2,17972024,17972024,0
2020-04-17 05:24:38,kovan2,17972046,17972043,3
2020-04-17 05:26:08,kovan2,17972067,17972066,1
2020-04-17 05:27:30,kovan2,17972087,17972087,0
2020-04-17 05:28:53,kovan2,17972108,17972109,-1
2020-04-17 05:30:17,kovan2,17972131,17972119,12
2020-04-17 05:31:48,kovan2,17972151,17972148,3
2020-04-17 05:33:11,kovan2,17972172,17972173,-1
2020-04-17 05:34:33,kovan2,17972195,17972186,9
2020-04-17 05:36:09,kovan2,17972219,17972219,0
2020-04-17 05:37:39,kovan2,17972239,17972232,7
2020-04-17 05:39:01,kovan2,17972261,17972259,2
2020-04-17 05:40:29,kovan2,17972284,17972280,4
2020-04-17 05:41:57,kovan2,17972305,17972306,-1
2020-04-17 05:43:27,kovan2,17972327,17972324,3
2020-04-17 05:44:51,kovan2,17972349,17972347,2
2020-04-17 05:46:21,kovan2,17972371,17972370,1
2020-04-17 05:47:49,kovan2,17972392,17972393,-1
2020-04-17 05:49:13,kovan2,17972413,17972413,0
2020-04-17 05:50:36,kovan2,17972434,17972434,0
2020-04-17 05:51:59,kovan2,17972454,17972454,0
2020-04-17 05:53:23,kovan2,17972475,17972476,-1
2020-04-17 05:54:46,kovan2,17972495,17972496,-1
2020-04-17 05:56:09,kovan2,17972517,17972517,0
2020-04-17 05:57:31,kovan2,17972538,17972536,2
2020-04-17 05:58:54,kovan2,17972558,17972558,0
2020-04-17 06:00:16,kovan2,17972578,17972574,4
2020-04-17 06:01:39,kovan2,17972599,17972600,-1
2020-04-17 06:03:02,kovan2,17972620,17972620,0
2020-04-17 06:04:26,kovan2,17972641,17972641,0
2020-04-17 06:05:48,kovan2,17972662,17972659,3
2020-04-17 06:07:12,kovan2,17972683,17972683,0
2020-04-17 06:08:34,kovan2,17972704,17972703,1
2020-04-17 06:10:03,kovan2,17972725,17972713,12
2020-04-17 06:11:25,kovan2,17972746,17972746,0
2020-04-17 06:12:48,kovan2,17972766,17972767,-1
2020-04-17 06:14:12,kovan2,17972787,17972788,-1
2020-04-17 06:15:36,kovan2,17972808,17972809,-1
2020-04-17 06:16:58,kovan2,17972829,17972829,0
2020-04-17 06:18:23,kovan2,17972852,17972852,0
2020-04-17 06:19:51,kovan2,17972873,17972873,0
2020-04-17 06:21:14,kovan2,17972893,17972881,12
2020-04-17 06:22:36,kovan2,17972914,17972914,0
2020-04-17 06:24:00,kovan2,17972934,17972935,-1
2020-04-17 06:25:22,kovan2,17972955,17972955,0
2020-04-17 06:26:45,kovan2,17972976,17972976,0
2020-04-17 06:28:08,kovan2,17972997,17972997,0
2020-04-17 06:29:30,kovan2,17973017,17973018,-1
2020-04-17 06:30:53,kovan2,17973039,17973039,0
2020-04-17 06:32:21,kovan2,17973060,17973060,0
2020-04-17 06:33:43,kovan2,17973081,17973081,0
2020-04-17 06:35:06,kovan2,17973101,17973102,-1
2020-04-17 06:36:29,kovan2,17973122,17973122,0
2020-04-17 06:37:52,kovan2,17973141,17973143,-2
2020-04-17 06:39:15,kovan2,17973164,17973164,0
2020-04-17 06:40:38,kovan2,17973184,17973184,0
2020-04-17 06:42:01,kovan2,17973203,17973197,6
2020-04-17 06:43:23,kovan2,17973223,17973217,6
2020-04-17 06:44:47,kovan2,17973244,17973244,0
2020-04-17 06:46:10,kovan2,17973264,17973264,0
2020-04-17 06:47:33,kovan2,17973285,17973285,0
2020-04-17 06:48:56,kovan2,17973306,17973306,0
2020-04-17 06:50:21,kovan2,17973327,17973327,0
2020-04-17 06:51:44,kovan2,17973350,17973348,2
2020-04-17 06:53:15,kovan2,17973370,17973370,0
2020-04-17 06:54:38,kovan2,17973391,17973391,0
2020-04-17 06:56:01,kovan2,17973411,17973412,-1
2020-04-17 06:57:23,kovan2,17973432,17973426,6
2020-04-17 06:58:46,kovan2,17973453,17973453,0
2020-04-17 07:00:08,kovan2,17973475,17973475,0
2020-04-17 07:01:33,kovan2,17973495,17973496,-1
2020-04-17 07:03:00,kovan2,17973518,17973514,4
2020-04-17 07:04:27,kovan2,17973538,17973539,-1
2020-04-17 07:05:50,kovan2,17973560,17973555,5
2020-04-17 07:07:13,kovan2,17973580,17973580,0
2020-04-17 07:08:36,kovan2,17973600,17973590,10
2020-04-17 07:09:58,kovan2,17973622,17973622,0
2020-04-17 07:11:24,kovan2,17973643,17973643,0
2020-04-17 07:12:47,kovan2,17973663,17973660,3
2020-04-17 07:14:09,kovan2,17973683,17973684,-1
2020-04-17 07:15:32,kovan2,17973704,17973705,-1
2020-04-17 07:16:54,kovan2,17973725,17973726,-1
2020-04-17 07:18:18,kovan2,17973746,17973740,6
2020-04-17 07:19:40,kovan2,17973767,17973767,0
2020-04-17 07:21:03,kovan2,17973787,17973788,-1
2020-04-17 07:22:25,kovan2,17973808,17973808,0
2020-04-17 07:23:48,kovan2,17973828,17973829,-1
2020-04-17 07:25:10,kovan2,17973849,17973846,3
2020-04-17 07:26:34,kovan2,17973870,17973870,0
2020-04-17 07:27:56,kovan2,17973890,17973891,-1
2020-04-17 07:29:20,kovan2,17973911,17973912,-1
2020-04-17 07:30:42,kovan2,17973931,17973932,-1
2020-04-17 07:32:05,kovan2,17973954,17973947,7
2020-04-17 07:33:34,kovan2,17973975,17973976,-1
2020-04-17 07:34:59,kovan2,17973996,17973997,-1
2020-04-17 07:36:22,kovan2,17974017,17974018,-1
2020-04-17 07:37:46,kovan2,17974037,17974038,-1
2020-04-17 07:39:08,kovan2,17974059,17974060,-1
2020-04-17 07:40:36,kovan2,17974081,17974081,0
2020-04-17 07:41:58,kovan2,17974101,17974101,0
2020-04-17 07:43:20,kovan2,17974121,17974122,-1
2020-04-17 07:44:43,kovan2,17974141,17974141,0
2020-04-17 07:46:05,kovan2,17974164,17974162,2
2020-04-17 07:47:34,kovan2,17974184,17974184,0
2020-04-17 07:48:57,kovan2,17974207,17974207,0
2020-04-17 07:50:30,kovan2,17974227,17974225,2
2020-04-17 07:51:52,kovan2,17974247,17974248,-1
2020-04-17 07:53:20,kovan2,17974269,17974264,5
2020-04-17 07:54:47,kovan2,17974290,17974291,-1
2020-04-17 07:56:10,kovan2,17974311,17974307,4
2020-04-17 07:57:32,kovan2,17974331,17974332,-1
2020-04-17 07:58:55,kovan2,17974357,17974357,0
2020-04-17 08:00:33,kovan2,17974377,17974377,0
2020-04-17 08:01:56,kovan2,17974398,17974397,1
2020-04-17 08:03:20,kovan2,17974418,17974419,-1
2020-04-17 08:04:44,kovan2,17974445,17974445,0
2020-04-17 08:06:28,kovan2,17974467,17974468,-1
2020-04-17 08:08:00,kovan2,17974490,17974490,0
2020-04-17 08:09:28,kovan2,17974511,17974511,0
2020-04-17 08:10:52,kovan2,17974531,17974532,-1
2020-04-17 08:12:15,kovan2,17974552,17974553,-1
2020-04-17 08:13:38,kovan2,17974576,17974576,0
2020-04-17 08:15:10,kovan2,17974596,17974597,-1
2020-04-17 08:16:34,kovan2,17974618,17974618,0
2020-04-17 08:17:59,kovan2,17974639,17974639,0
2020-04-17 08:19:23,kovan2,17974663,17974659,4
2020-04-17 08:21:03,kovan2,17974684,17974684,0
2020-04-17 08:22:26,kovan2,17974705,17974705,0
2020-04-17 08:23:49,kovan2,17974726,17974726,0
2020-04-17 08:25:12,kovan2,17974747,17974747,0
2020-04-17 08:26:36,kovan2,17974768,17974768,0
2020-04-17 08:27:58,kovan2,17974787,17974788,-1
2020-04-17 08:29:21,kovan2,17974809,17974809,0
2020-04-17 08:30:43,kovan2,17974830,17974830,0
2020-04-17 08:32:07,kovan2,17974851,17974851,0
2020-04-17 08:33:30,kovan2,17974871,17974872,-1
2020-04-17 08:34:53,kovan2,17974892,17974893,-1
2020-04-17 08:36:18,kovan2,17974915,17974916,-1
2020-04-17 08:37:49,kovan2,17974936,17974923,13
2020-04-17 08:39:12,kovan2,17974956,17974957,-1
2020-04-17 08:40:34,kovan2,17974977,17974977,0
2020-04-17 08:41:57,kovan2,17974997,17974998,-1
2020-04-17 08:43:19,kovan2,17975018,17975019,-1
2020-04-17 08:44:42,kovan2,17975039,17975039,0
2020-04-17 08:46:05,kovan2,17975061,17975061,0
2020-04-17 08:47:31,kovan2,17975081,17975082,-1
2020-04-17 08:48:55,kovan2,17975102,17975103,-1
2020-04-17 08:50:19,kovan2,17975123,17975123,0
2020-04-17 08:51:41,kovan2,17975144,17975144,0
2020-04-17 08:53:04,kovan2,17975165,17975165,0
2020-04-17 08:54:26,kovan2,17975182,17975183,-1
2020-04-17 08:55:49,kovan2,17975203,17975204,-1
2020-04-17 08:57:11,kovan2,17975224,17975225,-1
2020-04-17 08:58:35,kovan2,17975247,17975247,0
2020-04-17 09:00:04,kovan2,17975267,17975268,-1
2020-04-17 09:01:26,kovan2,17975288,17975288,0
2020-04-17 09:02:49,kovan2,17975309,17975309,0
2020-04-17 09:04:13,kovan2,17975329,17975330,-1
2020-04-17 09:05:35,kovan2,17975350,17975351,-1
2020-04-17 09:06:57,kovan2,17975371,17975368,3
2020-04-17 09:08:23,kovan2,17975392,17975386,6
2020-04-17 09:09:47,kovan2,17975418,17975413,5
2020-04-17 09:11:26,kovan2,17975438,17975438,0
2020-04-17 09:12:50,kovan2,17975460,17975456,4
2020-04-17 09:14:17,kovan2,17975481,17975482,-1
2020-04-17 09:15:44,kovan2,17975502,17975503,-1
2020-04-17 09:17:06,kovan2,17975523,17975516,7
2020-04-17 09:18:28,kovan2,17975544,17975540,4
2020-04-17 09:19:53,kovan2,17975565,17975545,20
2020-04-17 09:21:16,kovan2,17975586,17975586,0
2020-04-17 09:22:39,kovan2,17975607,17975608,-1
2020-04-17 09:24:06,kovan2,17975628,17975629,-1
2020-04-17 09:25:30,kovan2,17975649,17975639,10
2020-04-17 09:26:52,kovan2,17975670,17975670,0
2020-04-17 09:28:16,kovan2,17975689,17975690,-1
2020-04-17 09:29:38,kovan2,17975709,17975698,11
2020-04-17 09:31:02,kovan2,17975732,17975729,3
2020-04-17 09:32:31,kovan2,17975752,17975729,23
2020-04-17 09:33:54,kovan2,17975773,17975774,-1
2020-04-17 09:35:18,kovan2,17975794,17975794,0
2020-04-17 09:36:41,kovan2,17975815,17975816,-1
2020-04-17 09:38:07,kovan2,17975837,17975831,6
2020-04-17 09:39:31,kovan2,17975860,17975861,-1
2020-04-17 09:41:06,kovan2,17975882,17975881,1
2020-04-17 09:42:33,kovan2,17975903,17975903,0
2020-04-17 09:43:56,kovan2,17975929,17975927,2
2020-04-17 09:45:40,kovan2,17975949,17975944,5
2020-04-17 09:47:03,kovan2,17975970,17975970,0
2020-04-17 09:48:26,kovan2,17975993,17975992,1
2020-04-17 09:49:58,kovan2,17976015,17976016,-1
2020-04-17 09:51:26,kovan2,17976036,17976036,0
2020-04-17 09:52:48,kovan2,17976057,17976056,1
2020-04-17 09:54:11,kovan2,17976078,17976065,13
2020-04-17 09:55:37,kovan2,17976100,17976100,0
2020-04-17 09:57:03,kovan2,17976121,17976103,18
2020-04-17 09:58:25,kovan2,17976141,17976141,0
2020-04-17 09:59:47,kovan2,17976162,17976161,1
2020-04-17 10:01:11,kovan2,17976183,17976183,0
2020-04-17 10:02:36,kovan2,17976208,17976200,8
2020-04-17 10:04:17,kovan2,17976231,17976219,12
2020-04-17 10:05:47,kovan2,17976255,17976253,2
2020-04-17 10:07:24,kovan2,17976276,17976269,7
2020-04-17 10:08:50,kovan2,17976298,17976298,0
2020-04-17 10:10:15,kovan2,17976319,17976319,0
2020-04-17 10:11:41,kovan2,17976340,17976341,-1
2020-04-17 10:13:05,kovan2,17976363,17976359,4
2020-04-17 10:14:36,kovan2,17976384,17976384,0
2020-04-17 10:16:00,kovan2,17976406,17976400,6
2020-04-17 10:17:28,kovan2,17976426,17976427,-1
2020-04-17 10:18:51,kovan2,17976447,17976448,-1
2020-04-17 10:20:14,kovan2,17976470,17976468,2
2020-04-17 10:21:47,kovan2,17976491,17976475,16
2020-04-17 10:23:09,kovan2,17976512,17976508,4
2020-04-17 10:24:33,kovan2,17976533,17976533,0
2020-04-17 10:25:55,kovan2,17976554,17976554,0
2020-04-17 10:27:19,kovan2,17976574,17976555,19
2020-04-17 10:28:42,kovan2,17976597,17976598,-1
2020-04-17 10:30:15,kovan2,17976618,17976619,-1
2020-04-17 10:31:37,kovan2,17976641,17976635,6
2020-04-17 10:33:08,kovan2,17976662,17976663,-1
2020-04-17 10:34:34,kovan2,17976683,17976664,19
2020-04-17 10:35:57,kovan2,17976703,17976695,8
2020-04-17 10:37:18,kovan2,17976724,17976725,-1
2020-04-17 10:38:41,kovan2,17976745,17976739,6
2020-04-17 10:40:05,kovan2,17976767,17976767,0
2020-04-17 10:41:31,kovan2,17976787,17976770,17
2020-04-17 10:42:54,kovan2,17976808,17976770,38
2020-04-17 10:44:16,kovan2,17976829,17976770,59
2020-04-17 10:45:39,kovan2,17976849,17976770,79
2020-04-17 10:47:01,kovan2,17976870,17976770,100
2020-04-17 10:48:24,kovan2,17976890,17976770,120
2020-04-17 10:49:46,kovan2,17976911,17976900,11
2020-04-17 10:51:08,kovan2,17976932,17976900,32
2020-04-17 10:52:32,kovan2,17976953,17976941,12
2020-04-17 10:53:56,kovan2,17976974,17976974,0
2020-04-17 10:55:20,kovan2,17977000,17976994,6
2020-04-17 10:57:06,kovan2,17977021,17976994,27
2020-04-17 10:58:28,kovan2,17977042,17977039,3
2020-04-17 10:59:52,kovan2,17977062,17977063,-1
2020-04-17 11:01:14,kovan2,17977083,17977084,-1
2020-04-17 11:02:38,kovan2,17977104,17977104,0
2020-04-17 11:04:01,kovan2,17977126,17977127,-1
2020-04-17 11:05:31,kovan2,17977149,17977150,-1
2020-04-17 11:07:02,kovan2,17977171,17977171,0
2020-04-17 11:08:26,kovan2,17977190,17977191,-1
2020-04-17 11:09:54,kovan2,17977211,17977212,-1
2020-04-17 11:11:17,kovan2,17977236,17977221,15
2020-04-17 11:12:59,kovan2,17977257,17977258,-1
2020-04-17 11:14:22,kovan2,17977278,17977273,5
2020-04-17 11:15:45,kovan2,17977299,17977273,26
2020-04-17 11:17:08,kovan2,17977320,17977304,16
2020-04-17 11:18:30,kovan2,17977339,17977304,35
2020-04-17 11:19:52,kovan2,17977360,17977304,56
2020-04-17 11:21:14,kovan2,17977383,17977380,3
2020-04-17 11:22:45,kovan2,17977403,17977397,6
2020-04-17 11:24:07,kovan2,17977426,17977421,5
2020-04-17 11:25:35,kovan2,17977446,17977439,7
2020-04-17 11:26:58,kovan2,17977467,17977467,0
2020-04-17 11:28:20,kovan2,17977488,17977489,-1
2020-04-17 11:29:45,kovan2,17977509,17977509,0
2020-04-17 11:31:08,kovan2,17977530,17977529,1
2020-04-17 11:32:34,kovan2,17977551,17977551,0
2020-04-17 11:33:56,kovan2,17977572,17977564,8
2020-04-17 11:35:21,kovan2,17977592,17977584,8
2020-04-17 11:36:43,kovan2,17977613,17977614,-1
2020-04-17 11:38:07,kovan2,17977636,17977636,0
2020-04-17 11:39:39,kovan2,17977657,17977646,11
2020-04-17 11:41:01,kovan2,17977679,17977680,-1
2020-04-17 11:42:29,kovan2,17977700,17977701,-1
2020-04-17 11:43:55,kovan2,17977725,17977720,5
2020-04-17 11:45:34,kovan2,17977746,17977733,13
2020-04-17 11:46:57,kovan2,17977767,17977759,8
2020-04-17 11:48:20,kovan2,17977789,17977789,0
2020-04-17 11:49:48,kovan2,17977811,17977806,5
2020-04-17 11:51:15,kovan2,17977831,17977818,13
2020-04-17 11:52:37,kovan2,17977852,17977852,0
2020-04-17 11:54:03,kovan2,17977875,17977875,0
2020-04-17 11:55:32,kovan2,17977895,17977896,-1
2020-04-17 11:56:55,kovan2,17977919,17977917,2
2020-04-17 11:58:26,kovan2,17977940,17977939,1
2020-04-17 11:59:57,kovan2,17977969,17977965,4
2020-04-17 12:01:50,kovan2,17977993,17977993,0
2020-04-17 12:03:22,kovan2,17978017,17978018,-1
2020-04-17 12:05:01,kovan2,17978048,17978019,29
2020-04-17 12:07:08,kovan2,17978071,17978054,17
2020-04-17 12:08:38,kovan2,17978096,17978088,8
2020-04-17 12:10:14,kovan2,17978117,17978088,29
2020-04-17 12:11:41,kovan2,17978138,17978122,16
2020-04-17 12:13:05,kovan2,17978160,17978122,38
2020-04-17 12:14:34,kovan2,17978181,17978166,15
2020-04-17 12:15:57,kovan2,17978205,17978196,9
2020-04-17 12:17:32,kovan2,17978226,17978212,14
2020-04-17 12:18:57,kovan2,17978248,17978212,36
2020-04-17 12:20:26,kovan2,17978272,17978246,26
2020-04-17 12:22:00,kovan2,17978297,17978278,19
2020-04-17 12:23:40,kovan2,17978320,17978305,15
2020-04-17 12:25:12,kovan2,17978343,17978328,15
2020-04-17 12:26:45,kovan2,17978364,17978328,36
2020-04-17 12:28:09,kovan2,17978388,17978371,17
2020-04-17 12:29:46,kovan2,17978409,17978409,0
2020-04-17 12:31:09,kovan2,17978433,17978423,10
2020-04-17 12:32:45,kovan2,17978455,17978451,4
2020-04-17 12:34:13,kovan2,17978476,17978451,25
2020-04-17 12:35:35,kovan2,17978503,17978482,21
2020-04-17 12:37:24,kovan2,17978523,17978482,41
2020-04-17 12:38:47,kovan2,17978547,17978539,8
2020-04-17 12:40:22,kovan2,17978568,17978568,0
2020-04-17 12:41:45,kovan2,17978589,17978584,5
2020-04-17 12:43:09,kovan2,17978614,17978584,30
2020-04-17 12:44:50,kovan2,17978636,17978584,52
2020-04-17 12:46:15,kovan2,17978660,17978584,76
2020-04-17 12:47:51,kovan2,17978680,17978584,96
2020-04-17 12:49:16,kovan2,17978703,17978696,7
2020-04-17 12:50:43,kovan2,17978728,17978696,32
2020-04-17 12:52:24,kovan2,17978749,17978696,53
2020-04-17 12:53:49,kovan2,17978771,17978696,75
2020-04-17 12:55:17,kovan2,17978793,17978788,5
2020-04-17 12:56:42,kovan2,17978814,17978788,26
2020-04-17 12:58:05,kovan2,17978834,17978827,7
2020-04-17 12:59:28,kovan2,17978858,17978827,31
2020-04-17 13:01:07,kovan2,17978881,17978827,54
2020-04-17 13:02:37,kovan2,17978903,17978898,5
2020-04-17 13:04:04,kovan2,17978924,17978898,26
2020-04-17 13:05:29,kovan2,17978945,17978931,14
2020-04-17 13:06:54,kovan2,17978966,17978954,12
2020-04-17 13:08:16,kovan2,17978987,17978984,3
2020-04-17 13:09:41,kovan2,17979009,17979007,2
2020-04-17 13:11:08,kovan2,17979030,17979022,8
2020-04-17 13:12:31,kovan2,17979051,17979022,29
2020-04-17 13:13:54,kovan2,17979074,17979052,22
2020-04-17 13:15:32,kovan2,17979097,17979097,0
2020-04-17 13:17:06,kovan2,17979119,17979097,22
2020-04-17 13:18:28,kovan2,17979140,17979136,4
2020-04-17 13:19:53,kovan2,17979162,17979152,10
2020-04-17 13:21:20,kovan2,17979185,17979176,9
2020-04-17 13:22:52,kovan2,17979207,17979207,0
2020-04-17 13:24:19,kovan2,17979230,17979230,0
2020-04-17 13:25:51,kovan2,17979250,17979246,4
2020-04-17 13:27:14,kovan2,17979271,17979246,25
2020-04-17 13:28:37,kovan2,17979291,17979246,45
2020-04-17 13:29:59,kovan2,17979311,17979311,0
2020-04-17 13:31:22,kovan2,17979334,17979319,15
2020-04-17 13:32:49,kovan2,17979356,17979350,6
2020-04-17 13:34:15,kovan2,17979380,17979376,4
2020-04-17 13:35:51,kovan2,17979400,17979376,24
2020-04-17 13:37:13,kovan2,17979421,17979421,0
2020-04-17 13:38:37,kovan2,17979442,17979423,19
2020-04-17 13:39:59,kovan2,17979463,17979452,11
2020-04-17 13:41:25,kovan2,17979486,17979473,13
2020-04-17 13:42:59,kovan2,17979510,17979507,3
2020-04-17 13:44:32,kovan2,17979532,17979523,9
2020-04-17 13:45:59,kovan2,17979553,17979523,30
2020-04-17 13:47:22,kovan2,17979578,17979576,2
2020-04-17 13:49:07,kovan2,17979601,17979601,0
2020-04-17 13:50:36,kovan2,17979622,17979616,6
2020-04-17 13:52:02,kovan2,17979643,17979644,-1
2020-04-17 13:53:27,kovan2,17979667,17979648,19
2020-04-17 13:54:59,kovan2,17979691,17979678,13
2020-04-17 13:56:38,kovan2,17979712,17979678,34
2020-04-17 13:58:02,kovan2,17979733,17979717,16
2020-04-17 13:59:25,kovan2,17979757,17979751,6
2020-04-17 14:00:59,kovan2,17979778,17979751,27
2020-04-17 14:02:23,kovan2,17979799,17979751,48
2020-04-17 14:03:47,kovan2,17979820,17979807,13
2020-04-17 14:05:14,kovan2,17979841,17979836,5
2020-04-17 14:06:38,kovan2,17979863,17979854,9
2020-04-17 14:08:06,kovan2,17979886,17979878,8
2020-04-17 14:09:39,kovan2,17979908,17979903,5
2020-04-17 14:11:04,kovan2,17979933,17979932,1
2020-04-17 14:12:44,kovan2,17979957,17979943,14
2020-04-17 14:14:20,kovan2,17979979,17979943,36
2020-04-17 14:15:49,kovan2,17980000,17979990,10
2020-04-17 14:17:13,kovan2,17980021,17980019,2
2020-04-17 14:18:37,kovan2,17980046,17980019,27
2020-04-17 14:20:16,kovan2,17980069,17980053,16
2020-04-17 14:21:49,kovan2,17980090,17980053,37
2020-04-17 14:23:13,kovan2,17980114,17980102,12
2020-04-17 14:24:46,kovan2,17980137,17980127,10
2020-04-17 14:26:22,kovan2,17980171,17980158,13
2020-04-17 14:28:34,kovan2,17980192,17980188,4
2020-04-17 14:29:59,kovan2,17980214,17980209,5
2020-04-17 14:31:26,kovan2,17980235,17980209,26
2020-04-17 14:32:54,kovan2,17980257,17980242,15
2020-04-17 14:34:20,kovan2,17980283,17980268,15
2020-04-17 14:36:03,kovan2,17980310,17980307,3
2020-04-17 14:37:54,kovan2,17980335,17980333,2
2020-04-17 14:39:35,kovan2,17980361,17980342,19
2020-04-17 14:41:16,kovan2,17980385,17980374,11
2020-04-17 14:42:52,kovan2,17980405,17980399,6
2020-04-17 14:44:15,kovan2,17980430,17980426,4
2020-04-17 14:45:53,kovan2,17980451,17980441,10
2020-04-17 14:47:17,kovan2,17980473,17980473,0
2020-04-17 14:48:45,kovan2,17980494,17980473,21
2020-04-17 14:50:10,kovan2,17980517,17980495,22
2020-04-17 14:51:41,kovan2,17980539,17980522,17
2020-04-17 14:53:09,kovan2,17980562,17980558,4
2020-04-17 14:54:40,kovan2,17980583,17980558,25
2020-04-17 14:56:06,kovan2,17980605,17980597,8
2020-04-17 14:57:32,kovan2,17980626,17980615,11
2020-04-17 14:58:56,kovan2,17980647,17980648,-1
2020-04-17 15:00:23,kovan2,17980668,17980662,6
2020-04-17 15:01:47,kovan2,17980690,17980690,0
2020-04-17 15:03:10,kovan2,17980710,17980707,3
2020-04-17 15:04:32,kovan2,17980731,17980707,24
2020-04-17 15:05:55,kovan2,17980752,17980749,3
2020-04-17 15:07:22,kovan2,17980774,17980763,11
2020-04-17 15:08:46,kovan2,17980794,17980795,-1
2020-04-17 15:10:10,kovan2,17980815,17980816,-1
2020-04-17 15:11:33,kovan2,17980836,17980834,2
2020-04-17 15:12:56,kovan2,17980857,17980842,15
2020-04-17 15:14:19,kovan2,17980877,17980878,-1
2020-04-17 15:15:42,kovan2,17980902,17980888,14
2020-04-17 15:17:21,kovan2,17980923,17980888,35
2020-04-17 15:18:43,kovan2,17980949,17980937,12
2020-04-17 15:20:29,kovan2,17980970,17980937,33
2020-04-17 15:21:51,kovan2,17980990,17980937,53
2020-04-17 15:23:13,kovan2,17981014,17981011,3
2020-04-17 15:24:53,kovan2,17981037,17981027,10
2020-04-17 15:26:23,kovan2,17981062,17981062,0
2020-04-17 15:28:01,kovan2,17981082,17981063,19
2020-04-17 15:29:24,kovan2,17981108,17981100,8
2020-04-17 15:31:03,kovan2,17981128,17981129,-1
2020-04-17 15:32:26,kovan2,17981149,17981130,19
2020-04-17 15:33:50,kovan2,17981170,17981130,40
2020-04-17 15:35:15,kovan2,17981191,17981130,61
2020-04-17 15:36:37,kovan2,17981212,17981130,82
2020-04-17 15:37:59,kovan2,17981233,17981219,14
2020-04-17 15:39:23,kovan2,17981256,17981251,5
2020-04-17 15:40:55,kovan2,17981279,17981277,2
2020-04-17 15:42:31,kovan2,17981300,17981277,23
2020-04-17 15:43:53,kovan2,17981322,17981323,-1
2020-04-17 15:45:22,kovan2,17981343,17981330,13
2020-04-17 15:46:44,kovan2,17981364,17981330,34
2020-04-17 15:48:08,kovan2,17981384,17981374,10
2020-04-17 15:49:30,kovan2,17981405,17981405,0
2020-04-17 15:50:56,kovan2,17981425,17981426,-1
2020-04-17 15:52:19,kovan2,17981448,17981441,7
2020-04-17 15:53:50,kovan2,17981469,17981469,0
2020-04-17 15:55:12,kovan2,17981490,17981490,0
2020-04-17 15:56:36,kovan2,17981512,17981513,-1
2020-04-17 15:58:06,kovan2,17981537,17981533,4
2020-04-17 15:59:45,kovan2,17981560,17981561,-1
2020-04-17 16:01:18,kovan2,17981581,17981580,1
2020-04-17 16:02:41,kovan2,17981602,17981583,19
2020-04-17 16:04:03,kovan2,17981620,17981619,1
2020-04-17 16:05:28,kovan2,17981645,17981635,10
2020-04-17 16:07:06,kovan2,17981668,17981664,4
2020-04-17 16:08:35,kovan2,17981688,17981679,9
2020-04-17 16:09:58,kovan2,17981709,17981679,30
2020-04-17 16:11:20,kovan2,17981729,17981730,-1
2020-04-17 16:12:42,kovan2,17981751,17981751,0
2020-04-17 16:14:07,kovan2,17981771,17981753,18
2020-04-17 16:15:30,kovan2,17981792,17981777,15
2020-04-17 16:16:52,kovan2,17981812,17981800,12
2020-04-17 16:18:15,kovan2,17981833,17981800,33
2020-04-17 16:19:37,kovan2,17981855,17981800,55
2020-04-17 16:21:02,kovan2,17981874,17981800,74
2020-04-17 16:22:24,kovan2,17981895,17981800,95
2020-04-17 16:23:47,kovan2,17981918,17981918,0
2020-04-17 16:25:15,kovan2,17981938,17981930,8
2020-04-17 16:26:37,kovan2,17981959,17981930,29
2020-04-17 16:28:00,kovan2,17981979,17981930,49
2020-04-17 16:29:22,kovan2,17981999,17981930,69
2020-04-17 16:30:45,kovan2,17982021,17982018,3
2020-04-17 16:32:08,kovan2,17982042,17982042,0
2020-04-17 16:33:31,kovan2,17982063,17982063,0
2020-04-17 16:34:55,kovan2,17982084,17982084,0
2020-04-17 16:36:17,kovan2,17982103,17982099,4
2020-04-17 16:37:40,kovan2,17982123,17982113,10
2020-04-17 16:39:02,kovan2,17982144,17982145,-1
2020-04-17 16:40:26,kovan2,17982165,17982165,0
2020-04-17 16:41:48,kovan2,17982186,17982186,0
2020-04-17 16:43:11,kovan2,17982206,17982207,-1
2020-04-17 16:44:33,kovan2,17982227,17982223,4
2020-04-17 16:45:55,kovan2,17982247,17982248,-1
2020-04-17 16:47:18,kovan2,17982268,17982263,5
2020-04-17 16:48:40,kovan2,17982288,17982289,-1
2020-04-17 16:50:02,kovan2,17982309,17982307,2
2020-04-17 16:51:25,kovan2,17982329,17982307,22
2020-04-17 16:52:47,kovan2,17982353,17982349,4
2020-04-17 16:54:23,kovan2,17982374,17982371,3
2020-04-17 16:55:45,kovan2,17982395,17982395,0
2020-04-17 16:57:08,kovan2,17982416,17982405,11
2020-04-17 16:58:30,kovan2,17982436,17982436,0
2020-04-17 16:59:52,kovan2,17982456,17982446,10
2020-04-17 17:01:15,kovan2,17982477,17982478,-1
2020-04-17 17:02:39,kovan2,17982498,17982498,0
2020-04-17 17:04:01,kovan2,17982519,17982519,0
2020-04-17 17:05:24,kovan2,17982543,17982544,-1
2020-04-17 17:07:02,kovan2,17982564,17982564,0
2020-04-17 17:08:24,kovan2,17982584,17982585,-1
2020-04-17 17:09:47,kovan2,17982604,17982606,-2
2020-04-17 17:11:09,kovan2,17982626,17982626,0
2020-04-17 17:12:31,kovan2,17982650,17982646,4
2020-04-17 17:14:08,kovan2,17982671,17982668,3
2020-04-17 17:15:31,kovan2,17982691,17982688,3
2020-04-17 17:16:53,kovan2,17982712,17982712,0
2020-04-17 17:18:15,kovan2,17982733,17982733,0
2020-04-17 17:19:38,kovan2,17982753,17982753,0
2020-04-17 17:21:00,kovan2,17982774,17982774,0
2020-04-17 17:22:25,kovan2,17982795,17982795,0
2020-04-17 17:23:47,kovan2,17982815,17982816,-1
2020-04-17 17:25:10,kovan2,17982836,17982836,0
2020-04-17 17:26:32,kovan2,17982857,17982857,0
2020-04-17 17:27:55,kovan2,17982877,17982878,-1
2020-04-17 17:29:19,kovan2,17982898,17982898,0
2020-04-17 17:30:43,kovan2,17982919,17982919,0
2020-04-17 17:32:06,kovan2,17982939,17982940,-1
2020-04-17 17:33:28,kovan2,17982960,17982961,-1
2020-04-17 17:34:51,kovan2,17982980,17982981,-1
2020-04-17 17:36:13,kovan2,17983001,17982999,2
2020-04-17 17:37:36,kovan2,17983021,17983022,-1
2020-04-17 17:38:58,kovan2,17983042,17983042,0
2020-04-17 17:40:20,kovan2,17983062,17983052,10
2020-04-17 17:41:43,kovan2,17983083,17983082,1
2020-04-17 17:43:06,kovan2,17983104,17983104,0
2020-04-17 17:44:28,kovan2,17983124,17983125,-1
2020-04-17 17:45:51,kovan2,17983145,17983146,-1
2020-04-17 17:47:14,kovan2,17983166,17983157,9
2020-04-17 17:48:36,kovan2,17983187,17983188,-1
2020-04-17 17:50:03,kovan2,17983210,17983209,1
2020-04-17 17:51:33,kovan2,17983231,17983231,0
2020-04-17 17:52:56,kovan2,17983252,17983252,0
2020-04-17 17:54:21,kovan2,17983276,17983271,5
2020-04-17 17:55:57,kovan2,17983297,17983297,0
2020-04-17 17:57:20,kovan2,17983317,17983317,0
2020-04-17 17:58:42,kovan2,17983341,17983339,2
2020-04-17 18:00:20,kovan2,17983362,17983362,0
2020-04-17 18:01:43,kovan2,17983382,17983383,-1
2020-04-17 18:03:05,kovan2,17983403,17983403,0
2020-04-17 18:04:29,kovan2,17983424,17983416,8
2020-04-17 18:05:51,kovan2,17983446,17983446,0
2020-04-17 18:07:17,kovan2,17983469,17983469,0
2020-04-17 18:08:54,kovan2,17983491,17983487,4
2020-04-17 18:10:21,kovan2,17983512,17983512,0
2020-04-17 18:11:45,kovan2,17983534,17983522,12
2020-04-17 18:13:12,kovan2,17983556,17983551,5
2020-04-17 18:14:41,kovan2,17983578,17983578,0
2020-04-17 18:16:07,kovan2,17983598,17983599,-1
2020-04-17 18:17:29,kovan2,17983619,17983619,0
2020-04-17 18:18:52,kovan2,17983639,17983640,-1
2020-04-17 18:20:14,kovan2,17983660,17983650,10
2020-04-17 18:21:37,kovan2,17983681,17983681,0
2020-04-17 18:23:00,kovan2,17983703,17983699,4
2020-04-17 18:24:28,kovan2,17983723,17983724,-1
2020-04-17 18:25:50,kovan2,17983745,17983735,10
2020-04-17 18:27:19,kovan2,17983766,17983767,-1
2020-04-17 18:28:42,kovan2,17983790,17983790,0
2020-04-17 18:30:20,kovan2,17983811,17983805,6
2020-04-17 18:31:42,kovan2,17983832,17983830,2
2020-04-17 18:33:04,kovan2,17983853,17983853,0
2020-04-17 18:34:26,kovan2,17983873,17983869,4
2020-04-17 18:35:49,kovan2,17983894,17983894,0
2020-04-17 18:37:12,kovan2,17983914,17983915,-1
2020-04-17 18:38:34,kovan2,17983935,17983935,0
2020-04-17 18:39:57,kovan2,17983955,17983945,10
2020-04-17 18:41:19,kovan2,17983976,17983977,-1
2020-04-17 18:42:41,kovan2,17983998,17983995,3
2020-04-17 18:44:11,kovan2,17984022,17984018,4
2020-04-17 18:45:44,kovan2,17984042,17984043,-1
2020-04-17 18:47:06,kovan2,17984064,17984061,3
2020-04-17 18:48:33,kovan2,17984085,17984086,-1
2020-04-17 18:49:59,kovan2,17984106,17984102,4
2020-04-17 18:51:22,kovan2,17984127,17984120,7
2020-04-17 18:52:46,kovan2,17984148,17984148,0
2020-04-17 18:54:08,kovan2,17984169,17984169,0
2020-04-17 18:55:31,kovan2,17984189,17984189,0
2020-04-17 18:56:57,kovan2,17984211,17984205,6
2020-04-17 18:58:25,kovan2,17984232,17984232,0
2020-04-17 18:59:47,kovan2,17984252,17984253,-1
2020-04-17 19:01:10,kovan2,17984273,17984274,-1
2020-04-17 19:02:33,kovan2,17984293,17984289,4
2020-04-17 19:03:55,kovan2,17984315,17984314,1
2020-04-17 19:05:20,kovan2,17984336,17984330,6
2020-04-17 19:06:43,kovan2,17984356,17984356,0
2020-04-17 19:08:05,kovan2,17984375,17984376,-1
2020-04-17 19:09:27,kovan2,17984396,17984397,-1
2020-04-17 19:10:50,kovan2,17984417,17984417,0
2020-04-17 19:12:12,kovan2,17984438,17984438,0
2020-04-17 19:13:35,kovan2,17984458,17984459,-1
2020-04-17 19:14:57,kovan2,17984479,17984479,0
2020-04-17 19:16:19,kovan2,17984501,17984502,-1
2020-04-17 19:17:50,kovan2,17984522,17984517,5
2020-04-17 19:19:12,kovan2,17984543,17984541,2
2020-04-17 19:20:39,kovan2,17984566,17984566,0
2020-04-17 19:22:09,kovan2,17984587,17984587,0
2020-04-17 19:23:32,kovan2,17984607,17984608,-1
2020-04-17 19:24:54,kovan2,17984628,17984628,0
2020-04-17 19:26:17,kovan2,17984648,17984649,-1
2020-04-17 19:27:39,kovan2,17984669,17984670,-1
2020-04-17 19:29:01,kovan2,17984690,17984690,0
2020-04-17 19:30:24,kovan2,17984710,17984711,-1
2020-04-17 19:31:46,kovan2,17984733,17984733,0
2020-04-17 19:33:19,kovan2,17984754,17984755,-1
2020-04-17 19:34:42,kovan2,17984774,17984775,-1
2020-04-17 19:36:04,kovan2,17984796,17984797,-1
2020-04-17 19:37:30,kovan2,17984818,17984818,0
2020-04-17 19:38:54,kovan2,17984838,17984839,-1
2020-04-17 19:40:19,kovan2,17984859,17984860,-1
2020-04-17 19:41:41,kovan2,17984880,17984880,0
2020-04-17 19:43:04,kovan2,17984900,17984901,-1
2020-04-17 19:44:26,kovan2,17984921,17984922,-1
2020-04-17 19:45:50,kovan2,17984944,17984941,3
2020-04-17 19:47:23,kovan2,17984965,17984958,7
2020-04-17 19:48:45,kovan2,17984986,17984983,3
2020-04-17 19:50:08,kovan2,17985007,17985007,0
2020-04-17 19:51:30,kovan2,17985027,17985018,9
2020-04-17 19:52:52,kovan2,17985048,17985048,0
2020-04-17 19:54:16,kovan2,17985069,17985054,15
2020-04-17 19:55:38,kovan2,17985091,17985092,-1
2020-04-17 19:57:10,kovan2,17985117,17985112,5
2020-04-17 19:58:50,kovan2,17985143,17985144,-1
2020-04-17 20:00:40,kovan2,17985165,17985162,3
2020-04-17 20:02:08,kovan2,17985186,17985187,-1
2020-04-17 20:03:30,kovan2,17985211,17985198,13
2020-04-17 20:05:11,kovan2,17985233,17985198,35
2020-04-17 20:06:37,kovan2,17985255,17985254,1
2020-04-17 20:08:04,kovan2,17985276,17985269,7
2020-04-17 20:09:28,kovan2,17985302,17985290,12
2020-04-17 20:11:12,kovan2,17985323,17985324,-1
2020-04-17 20:12:39,kovan2,17985345,17985325,20
2020-04-17 20:14:04,kovan2,17985372,17985361,11
2020-04-17 20:15:52,kovan2,17985393,17985387,6
2020-04-17 20:17:18,kovan2,17985415,17985415,0
2020-04-17 20:18:45,kovan2,17985437,17985438,-1
2020-04-17 20:20:14,kovan2,17985458,17985440,18
2020-04-17 20:21:37,kovan2,17985482,17985479,3
2020-04-17 20:23:12,kovan2,17985505,17985479,26
2020-04-17 20:24:49,kovan2,17985527,17985505,22
2020-04-17 20:26:12,kovan2,17985552,17985533,19
2020-04-17 20:27:52,kovan2,17985581,17985564,17
2020-04-17 20:29:47,kovan2,17985605,17985603,2
2020-04-17 20:31:24,kovan2,17985627,17985623,4
2020-04-17 20:32:49,kovan2,17985649,17985623,26
2020-04-17 20:34:19,kovan2,17985670,17985649,21
2020-04-17 20:35:43,kovan2,17985690,17985674,16
2020-04-17 20:37:07,kovan2,17985712,17985698,14
2020-04-17 20:38:33,kovan2,17985738,17985731,7
2020-04-17 20:40:19,kovan2,17985766,17985731,35
2020-04-17 20:42:11,kovan2,17985789,17985731,58
2020-04-17 20:43:41,kovan2,17985817,17985731,86
2020-04-17 20:45:33,kovan2,17985838,17985839,-1
2020-04-17 20:46:58,kovan2,17985861,17985862,-1
2020-04-17 20:48:29,kovan2,17985884,17985866,18
2020-04-17 20:50:00,kovan2,17985905,17985889,16
2020-04-17 20:51:23,kovan2,17985926,17985925,1
2020-04-17 20:52:46,kovan2,17985947,17985947,0
2020-04-17 20:54:11,kovan2,17985977,17985956,21
2020-04-17 20:56:14,kovan2,17986016,17985956,60
2020-04-17 20:58:48,kovan2,17986057,17985956,101
2020-04-17 21:01:35,kovan2,17986079,17985956,123
2020-04-17 21:03:00,kovan2,17986105,17985956,149
2020-04-17 21:04:46,kovan2,17986126,17985956,170
2020-04-17 21:06:08,kovan2,17986146,17985956,190
2020-04-17 21:07:31,kovan2,17986168,17985956,212
2020-04-17 21:08:55,kovan2,17986188,17985956,232
2020-04-17 21:10:18,kovan2,17986209,17985956,253
2020-04-17 21:11:41,kovan2,17986230,17985956,274
2020-04-17 21:13:03,kovan2,17986250,17986206,44
2020-04-17 21:14:26,kovan2,17986271,17986260,11
2020-04-17 21:15:49,kovan2,17986292,17986292,0
2020-04-17 21:17:12,kovan2,17986313,17986313,0
2020-04-17 21:18:36,kovan2,17986336,17986333,3
2020-04-17 21:20:10,kovan2,17986359,17986359,0
2020-04-17 21:21:39,kovan2,17986379,17986372,7
2020-04-17 21:23:02,kovan2,17986399,17986400,-1
2020-04-17 21:24:25,kovan2,17986421,17986421,0
2020-04-17 21:25:49,kovan2,17986441,17986442,-1
2020-04-17 21:27:11,kovan2,17986462,17986463,-1
2020-04-17 21:28:35,kovan2,17986482,17986484,-2
2020-04-17 21:29:58,kovan2,17986504,17986504,0
2020-04-17 21:31:21,kovan2,17986525,17986526,-1
2020-04-17 21:32:46,kovan2,17986546,17986547,-1
2020-04-17 21:34:10,kovan2,17986568,17986568,0
2020-04-17 21:35:35,kovan2,17986589,17986583,6
2020-04-17 21:37:03,kovan2,17986610,17986601,9
2020-04-17 21:38:25,kovan2,17986631,17986632,-1
2020-04-17 21:39:49,kovan2,17986652,17986653,-1
2020-04-17 21:41:14,kovan2,17986673,17986674,-1
2020-04-17 21:42:38,kovan2,17986697,17986696,1
2020-04-17 21:44:14,kovan2,17986718,17986706,12
2020-04-17 21:45:38,kovan2,17986739,17986739,0
2020-04-17 21:47:01,kovan2,17986760,17986760,0
2020-04-17 21:48:26,kovan2,17986783,17986781,2
2020-04-17 21:49:58,kovan2,17986804,17986804,0
2020-04-17 21:51:22,kovan2,17986827,17986826,1
2020-04-17 21:52:52,kovan2,17986848,17986846,2
2020-04-17 21:54:18,kovan2,17986869,17986869,0
2020-04-17 21:55:41,kovan2,17986890,17986890,0
2020-04-17 21:57:05,kovan2,17986911,17986911,0
2020-04-17 21:58:28,kovan2,17986933,17986933,0
2020-04-17 21:59:56,kovan2,17986955,17986954,1
2020-04-17 22:01:24,kovan2,17986976,17986976,0
2020-04-17 22:02:48,kovan2,17986996,17986997,-1
2020-04-17 22:04:12,kovan2,17987017,17987001,16
2020-04-17 22:05:35,kovan2,17987039,17987039,0
2020-04-17 22:07:00,kovan2,17987060,17987053,7
2020-04-17 22:08:24,kovan2,17987080,17987079,1
2020-04-17 22:09:48,kovan2,17987103,17987103,0
2020-04-17 22:11:17,kovan2,17987124,17987124,0
2020-04-17 22:12:39,kovan2,17987147,17987148,-1
2020-04-17 22:14:15,kovan2,17987169,17987165,4
2020-04-17 22:15:41,kovan2,17987189,17987190,-1
2020-04-17 22:17:04,kovan2,17987210,17987211,-1
2020-04-17 22:18:27,kovan2,17987231,17987232,-1
2020-04-17 22:19:50,kovan2,17987253,17987249,4
2020-04-17 22:21:16,kovan2,17987275,17987276,-1
2020-04-17 22:22:46,kovan2,17987296,17987297,-1
2020-04-17 22:24:10,kovan2,17987320,17987319,1
2020-04-17 22:25:43,kovan2,17987341,17987341,0
2020-04-17 22:27:07,kovan2,17987362,17987362,0
2020-04-17 22:28:30,kovan2,17987383,17987383,0
2020-04-17 22:29:54,kovan2,17987405,17987405,0
2020-04-17 22:31:22,kovan2,17987425,17987425,0
2020-04-17 22:32:45,kovan2,17987445,17987445,0
2020-04-17 22:34:08,kovan2,17987466,17987466,0
2020-04-17 22:35:32,kovan2,17987487,17987487,0
2020-04-17 22:36:55,kovan2,17987509,17987509,0
2020-04-17 22:38:25,kovan2,17987530,17987524,6
2020-04-17 22:39:49,kovan2,17987551,17987547,4
2020-04-17 22:41:14,kovan2,17987574,17987570,4
2020-04-17 22:42:43,kovan2,17987595,17987595,0
2020-04-17 22:44:07,kovan2,17987616,17987616,0
2020-04-17 22:45:31,kovan2,17987638,17987639,-1
2020-04-17 22:47:02,kovan2,17987660,17987660,0
2020-04-17 22:48:27,kovan2,17987680,17987677,3
2020-04-17 22:49:50,kovan2,17987701,17987696,5
2020-04-17 22:51:15,kovan2,17987724,17987723,1
2020-04-17 22:52:47,kovan2,17987744,17987723,21
2020-04-17 22:54:09,kovan2,17987766,17987723,43
2020-04-17 22:55:33,kovan2,17987786,17987787,-1
2020-04-17 22:56:56,kovan2,17987808,17987808,0
2020-04-17 22:58:20,kovan2,17987830,17987831,-1
2020-04-17 22:59:50,kovan2,17987851,17987852,-1
2020-04-17 23:01:14,kovan2,17987873,17987874,-1
2020-04-17 23:02:43,kovan2,17987895,17987895,0
2020-04-17 23:04:07,kovan2,17987916,17987917,-1
2020-04-17 23:05:34,kovan2,17987939,17987935,4
2020-04-17 23:07:02,kovan2,17987959,17987959,0
2020-04-17 23:08:25,kovan2,17987979,17987966,13
2020-04-17 23:09:48,kovan2,17988001,17987966,35
2020-04-17 23:11:10,kovan2,17988022,17988023,-1
2020-04-17 23:12:39,kovan2,17988043,17988043,0
2020-04-17 23:14:01,kovan2,17988064,17988058,6
2020-04-17 23:15:24,kovan2,17988085,17988086,-1
2020-04-17 23:16:51,kovan2,17988106,17988107,-1
2020-04-17 23:18:14,kovan2,17988128,17988122,6
2020-04-17 23:19:39,kovan2,17988150,17988150,0
2020-04-17 23:21:07,kovan2,17988170,17988157,13
2020-04-17 23:22:30,kovan2,17988191,17988157,34
2020-04-17 23:23:53,kovan2,17988212,17988212,0
2020-04-17 23:25:18,kovan2,17988235,17988233,2
2020-04-17 23:26:50,kovan2,17988257,17988257,0
2020-04-17 23:28:17,kovan2,17988278,17988257,21
2020-04-17 23:29:39,kovan2,17988298,17988257,41
2020-04-17 23:31:03,kovan2,17988320,17988318,2
2020-04-17 23:32:28,kovan2,17988340,17988320,20
2020-04-17 23:33:51,kovan2,17988360,17988361,-1
2020-04-17 23:35:13,kovan2,17988382,17988382,0
2020-04-17 23:36:41,kovan2,17988403,17988404,-1
2020-04-17 23:38:06,kovan2,17988424,17988417,7
2020-04-17 23:39:29,kovan2,17988445,17988443,2
2020-04-17 23:40:52,kovan2,17988467,17988466,1
2020-04-17 23:42:20,kovan2,17988489,17988486,3
2020-04-17 23:43:50,kovan2,17988510,17988511,-1
2020-04-17 23:45:13,kovan2,17988531,17988526,5
2020-04-17 23:46:36,kovan2,17988553,17988553,0
2020-04-17 23:48:05,kovan2,17988575,17988574,1
2020-04-17 23:49:34,kovan2,17988596,17988597,-1
2020-04-17 23:50:57,kovan2,17988617,17988617,0
2020-04-17 23:52:20,kovan2,17988638,17988639,-1
2020-04-17 23:53:48,kovan2,17988660,17988660,0
2020-04-17 23:55:12,kovan2,17988681,17988677,4
2020-04-17 23:56:36,kovan2,17988702,17988702,0
2020-04-17 23:57:59,kovan2,17988723,17988723,0
2020-04-17 23:59:25,kovan2,17988744,17988745,-1
2020-04-18 00:00:50,kovan2,17988766,17988766,0
2020-04-18 00:02:16,kovan2,17988787,17988787,0
2020-04-18 00:03:39,kovan2,17988807,17988808,-1
2020-04-18 00:05:03,kovan2,17988828,17988828,0
2020-04-18 00:06:26,kovan2,17988848,17988840,8
2020-04-18 00:07:49,kovan2,17988869,17988840,29
2020-04-18 00:09:12,kovan2,17988890,17988840,50
2020-04-18 00:10:35,kovan2,17988910,17988840,70
2020-04-18 00:11:58,kovan2,17988931,17988840,91
2020-04-18 00:13:21,kovan2,17988952,17988953,-1
2020-04-18 00:14:48,kovan2,17988973,17988971,2
2020-04-18 00:16:11,kovan2,17988994,17988984,10
2020-04-18 00:17:33,kovan2,17989015,17989016,-1
2020-04-18 00:18:58,kovan2,17989038,17989039,-1
2020-04-18 00:20:31,kovan2,17989060,17989060,0
2020-04-18 00:21:55,kovan2,17989081,17989066,15
2020-04-18 00:23:20,kovan2,17989103,17989101,2
2020-04-18 00:24:51,kovan2,17989124,17989101,23
2020-04-18 00:26:13,kovan2,17989144,17989131,13
2020-04-18 00:27:37,kovan2,17989165,17989165,0
2020-04-18 00:29:03,kovan2,17989188,17989189,-1
2020-04-18 00:30:33,kovan2,17989210,17989207,3
2020-04-18 00:32:02,kovan2,17989231,17989226,5
2020-04-18 00:33:26,kovan2,17989252,17989252,0
2020-04-18 00:34:49,kovan2,17989274,17989274,0
2020-04-18 00:36:17,kovan2,17989296,17989291,5
2020-04-18 00:37:47,kovan2,17989321,17989321,0
2020-04-18 00:39:24,kovan2,17989342,17989342,0
2020-04-18 00:40:49,kovan2,17989365,17989365,0
2020-04-18 00:42:22,kovan2,17989386,17989386,0
2020-04-18 00:43:45,kovan2,17989407,17989400,7
2020-04-18 00:45:08,kovan2,17989427,17989418,9
2020-04-18 00:46:30,kovan2,17989448,17989449,-1
2020-04-18 00:47:53,kovan2,17989469,17989470,-1
2020-04-18 00:49:18,kovan2,17989491,17989486,5
2020-04-18 00:50:43,kovan2,17989512,17989512,0
2020-04-18 00:52:08,kovan2,17989532,17989533,-1
2020-04-18 00:53:31,kovan2,17989556,17989556,0
2020-04-18 00:55:04,kovan2,17989576,17989562,14
2020-04-18 00:56:27,kovan2,17989597,17989562,35
2020-04-18 00:57:51,kovan2,17989619,17989619,0
2020-04-18 00:59:16,kovan2,17989640,17989640,0
2020-04-18 01:00:39,kovan2,17989664,17989661,3
2020-04-18 01:02:18,kovan2,17989685,17989685,0
2020-04-18 01:03:41,kovan2,17989708,17989708,0
2020-04-18 01:05:11,kovan2,17989729,17989709,20
2020-04-18 01:06:34,kovan2,17989749,17989709,40
2020-04-18 01:07:59,kovan2,17989770,17989771,-1
2020-04-18 01:09:23,kovan2,17989791,17989772,19
2020-04-18 01:10:45,kovan2,17989811,17989812,-1
2020-04-18 01:12:08,kovan2,17989834,17989834,0
2020-04-18 01:13:35,kovan2,17989854,17989854,0
2020-04-18 01:14:58,kovan2,17989876,17989873,3
2020-04-18 01:16:24,kovan2,17989896,17989873,23
2020-04-18 01:17:47,kovan2,17989918,17989908,10
2020-04-18 01:19:12,kovan2,17989939,17989908,31
2020-04-18 01:20:35,kovan2,17989959,17989908,51
2020-04-18 01:21:57,kovan2,17989982,17989979,3
2020-04-18 01:23:30,kovan2,17990003,17989994,9
2020-04-18 01:24:53,kovan2,17990024,17989994,30
2020-04-18 01:26:17,kovan2,17990048,17990040,8
2020-04-18 01:27:53,kovan2,17990069,17990070,-1
2020-04-18 01:29:18,kovan2,17990090,17990091,-1
2020-04-18 01:30:41,kovan2,17990112,17990112,0
2020-04-18 01:32:09,kovan2,17990139,17990138,1
2020-04-18 01:33:56,kovan2,17990162,17990159,3
2020-04-18 01:35:28,kovan2,17990185,17990183,2
2020-04-18 01:36:59,kovan2,17990205,17990201,4
2020-04-18 01:38:24,kovan2,17990225,17990209,16
2020-04-18 01:39:46,kovan2,17990247,17990248,-1
2020-04-18 01:41:10,kovan2,17990269,17990269,0
2020-04-18 01:42:34,kovan2,17990290,17990290,0
2020-04-18 01:44:00,kovan2,17990312,17990308,4
2020-04-18 01:45:29,kovan2,17990336,17990336,0
2020-04-18 01:47:02,kovan2,17990358,17990356,2
2020-04-18 01:48:33,kovan2,17990379,17990379,0
2020-04-18 01:49:57,kovan2,17990400,17990396,4
2020-04-18 01:51:20,kovan2,17990420,17990410,10
2020-04-18 01:52:43,kovan2,17990441,17990438,3
2020-04-18 01:54:05,kovan2,17990464,17990464,0
2020-04-18 01:55:33,kovan2,17990484,17990476,8
2020-04-18 01:56:56,kovan2,17990507,17990476,31
2020-04-18 01:58:33,kovan2,17990528,17990476,52
2020-04-18 01:59:55,kovan2,17990549,17990476,73
2020-04-18 02:01:19,kovan2,17990570,17990476,94
2020-04-18 02:02:43,kovan2,17990592,17990593,-1
2020-04-18 02:04:10,kovan2,17990613,17990601,12
2020-04-18 02:05:33,kovan2,17990636,17990633,3
2020-04-18 02:07:04,kovan2,17990656,17990633,23
2020-04-18 02:08:27,kovan2,17990677,17990678,-1
2020-04-18 02:09:50,kovan2,17990698,17990686,12
2020-04-18 02:11:13,kovan2,17990719,17990686,33
2020-04-18 02:12:37,kovan2,17990740,17990686,54
2020-04-18 02:14:00,kovan2,17990760,17990761,-1
2020-04-18 02:15:24,kovan2,17990781,17990781,0
2020-04-18 02:16:47,kovan2,17990802,17990794,8
2020-04-18 02:18:10,kovan2,17990823,17990794,29
2020-04-18 02:19:33,kovan2,17990845,17990846,-1
2020-04-18 02:21:02,kovan2,17990866,17990867,-1
2020-04-18 02:22:27,kovan2,17990889,17990887,2
2020-04-18 02:24:00,kovan2,17990911,17990905,6
2020-04-18 02:25:23,kovan2,17990931,17990918,13
2020-04-18 02:26:45,kovan2,17990952,17990918,34
2020-04-18 02:28:10,kovan2,17990971,17990918,53
2020-04-18 02:29:34,kovan2,17990990,17990984,6
2020-04-18 02:30:59,kovan2,17991010,17991000,10
2020-04-18 02:32:22,kovan2,17991034,17991034,0
2020-04-18 02:33:54,kovan2,17991055,17991051,4
2020-04-18 02:35:27,kovan2,17991080,17991070,10
2020-04-18 02:37:07,kovan2,17991102,17991070,32
2020-04-18 02:38:36,kovan2,17991123,17991070,53
2020-04-18 02:40:02,kovan2,17991142,17991143,-1
2020-04-18 02:41:26,kovan2,17991164,17991161,3
2020-04-18 02:42:53,kovan2,17991189,17991185,4
2020-04-18 02:44:31,kovan2,17991209,17991202,7
2020-04-18 02:45:55,kovan2,17991230,17991231,-1
2020-04-18 02:47:18,kovan2,17991251,17991252,-1
2020-04-18 02:48:42,kovan2,17991272,17991273,-1
2020-04-18 02:50:07,kovan2,17991293,17991291,2
2020-04-18 02:51:31,kovan2,17991314,17991315,-1
2020-04-18 02:52:54,kovan2,17991337,17991335,2
2020-04-18 02:54:24,kovan2,17991358,17991359,-1
2020-04-18 02:55:51,kovan2,17991381,17991371,10
2020-04-18 02:57:21,kovan2,17991401,17991399,2
2020-04-18 02:58:44,kovan2,17991426,17991424,2
2020-04-18 03:00:20,kovan2,17991446,17991424,22
2020-04-18 03:01:42,kovan2,17991468,17991468,0
2020-04-18 03:03:07,kovan2,17991489,17991489,0
2020-04-18 03:04:32,kovan2,17991510,17991508,2
2020-04-18 03:05:56,kovan2,17991532,17991531,1
2020-04-18 03:07:25,kovan2,17991556,17991553,3
2020-04-18 03:09:03,kovan2,17991578,17991579,-1
2020-04-18 03:10:30,kovan2,17991599,17991594,5
2020-04-18 03:11:52,kovan2,17991619,17991616,3
2020-04-18 03:13:15,kovan2,17991642,17991642,0
2020-04-18 03:14:44,kovan2,17991662,17991645,17
2020-04-18 03:16:07,kovan2,17991683,17991684,-1
2020-04-18 03:17:30,kovan2,17991704,17991705,-1
2020-04-18 03:18:54,kovan2,17991725,17991726,-1
2020-04-18 03:20:18,kovan2,17991746,17991733,13
2020-04-18 03:21:40,kovan2,17991768,17991753,15
2020-04-18 03:23:07,kovan2,17991789,17991790,-1
2020-04-18 03:24:34,kovan2,17991810,17991811,-1
2020-04-18 03:25:58,kovan2,17991831,17991828,3
2020-04-18 03:27:22,kovan2,17991852,17991853,-1
2020-04-18 03:28:46,kovan2,17991874,17991874,0
2020-04-18 03:30:10,kovan2,17991895,17991879,16
2020-04-18 03:31:34,kovan2,17991916,17991913,3
2020-04-18 03:32:59,kovan2,17991937,17991938,-1
2020-04-18 03:34:26,kovan2,17991958,17991940,18
2020-04-18 03:35:48,kovan2,17991980,17991981,-1
2020-04-18 03:37:18,kovan2,17992002,17992002,0
2020-04-18 03:38:43,kovan2,17992023,17992020,3
2020-04-18 03:40:07,kovan2,17992044,17992020,24
2020-04-18 03:41:29,kovan2,17992064,17992020,44
2020-04-18 03:42:53,kovan2,17992084,17992077,7
2020-04-18 03:44:15,kovan2,17992105,17992077,28
2020-04-18 03:45:37,kovan2,17992126,17992077,49
2020-04-18 03:47:00,kovan2,17992147,17992077,70
2020-04-18 03:48:23,kovan2,17992167,17992077,90
2020-04-18 03:49:45,kovan2,17992187,17992172,15
2020-04-18 03:51:07,kovan2,17992208,17992200,8
2020-04-18 03:52:29,kovan2,17992230,17992216,14
2020-04-18 03:53:58,kovan2,17992251,17992246,5
2020-04-18 03:55:20,kovan2,17992272,17992246,26
2020-04-18 03:56:43,kovan2,17992292,17992246,46
2020-04-18 03:58:06,kovan2,17992313,17992246,67
2020-04-18 03:59:28,kovan2,17992334,17992246,88
2020-04-18 04:00:51,kovan2,17992354,17992246,108
2020-04-18 04:02:15,kovan2,17992375,17992246,129
2020-04-18 04:03:37,kovan2,17992395,17992246,149
2020-04-18 04:04:59,kovan2,17992416,17992416,0
2020-04-18 04:06:22,kovan2,17992436,17992422,14
2020-04-18 04:07:44,kovan2,17992457,17992422,35
2020-04-18 04:09:06,kovan2,17992483,17992477,6
2020-04-18 04:10:50,kovan2,17992504,17992477,27
2020-04-18 04:12:13,kovan2,17992526,17992526,0
2020-04-18 04:13:39,kovan2,17992547,17992548,-1
2020-04-18 04:15:06,kovan2,17992568,17992564,4
2020-04-18 04:16:30,kovan2,17992590,17992590,0
2020-04-18 04:17:57,kovan2,17992611,17992605,6
2020-04-18 04:19:20,kovan2,17992633,17992618,15
2020-04-18 04:20:47,kovan2,17992653,17992641,12
2020-04-18 04:22:10,kovan2,17992674,17992641,33
2020-04-18 04:23:33,kovan2,17992698,17992694,4
2020-04-18 04:25:11,kovan2,17992722,17992717,5
2020-04-18 04:26:45,kovan2,17992744,17992730,14
2020-04-18 04:28:11,kovan2,17992767,17992767,0
2020-04-18 04:29:44,kovan2,17992788,17992781,7
2020-04-18 04:31:08,kovan2,17992811,17992812,-1
2020-04-18 04:32:41,kovan2,17992832,17992824,8
2020-04-18 04:34:05,kovan2,17992854,17992852,2
2020-04-18 04:35:30,kovan2,17992875,17992861,14
2020-04-18 04:36:59,kovan2,17992898,17992898,0
2020-04-18 04:38:27,kovan2,17992920,17992917,3
2020-04-18 04:39:58,kovan2,17992941,17992932,9
2020-04-18 04:41:21,kovan2,17992962,17992932,30
2020-04-18 04:42:45,kovan2,17992984,17992973,11
2020-04-18 04:44:15,kovan2,17993006,17993006,0
2020-04-18 04:45:39,kovan2,17993028,17993026,2
2020-04-18 04:47:10,kovan2,17993050,17993048,2
2020-04-18 04:48:36,kovan2,17993071,17993071,0
2020-04-18 04:49:58,kovan2,17993093,17993090,3
2020-04-18 04:51:29,kovan2,17993116,17993117,-1
2020-04-18 04:53:01,kovan2,17993137,17993125,12
2020-04-18 04:54:25,kovan2,17993158,17993125,33
2020-04-18 04:55:47,kovan2,17993179,17993171,8
2020-04-18 04:57:11,kovan2,17993199,17993191,8
2020-04-18 04:58:34,kovan2,17993220,17993221,-1
2020-04-18 04:59:58,kovan2,17993241,17993242,-1
2020-04-18 05:01:24,kovan2,17993263,17993261,2
2020-04-18 05:02:49,kovan2,17993289,17993289,0
2020-04-18 05:04:31,kovan2,17993310,17993306,4
2020-04-18 05:05:54,kovan2,17993331,17993331,0
2020-04-18 05:07:19,kovan2,17993351,17993352,-1
2020-04-18 05:08:41,kovan2,17993372,17993372,0
2020-04-18 05:10:04,kovan2,17993395,17993390,5
2020-04-18 05:11:34,kovan2,17993415,17993413,2
2020-04-18 05:12:59,kovan2,17993440,17993436,4
2020-04-18 05:14:40,kovan2,17993461,17993461,0
2020-04-18 05:16:03,kovan2,17993483,17993483,0
2020-04-18 05:17:28,kovan2,17993504,17993504,0
2020-04-18 05:18:52,kovan2,17993526,17993524,2
2020-04-18 05:20:19,kovan2,17993546,17993536,10
2020-04-18 05:21:42,kovan2,17993569,17993567,2
2020-04-18 05:23:13,kovan2,17993590,17993590,0
2020-04-18 05:24:36,kovan2,17993611,17993610,1
2020-04-18 05:26:00,kovan2,17993634,17993634,0
2020-04-18 05:27:33,kovan2,17993655,17993656,-1
2020-04-18 05:28:59,kovan2,17993678,17993675,3
2020-04-18 05:30:27,kovan2,17993702,17993683,19
2020-04-18 05:32:02,kovan2,17993725,17993723,2
2020-04-18 05:33:34,kovan2,17993745,17993746,-1
2020-04-18 05:34:57,kovan2,17993766,17993766,0
2020-04-18 05:36:20,kovan2,17993787,17993788,-1
2020-04-18 05:37:48,kovan2,17993802,17993795,7
2020-04-18 05:39:10,kovan2,17993822,17993822,0
2020-04-18 05:40:34,kovan2,17993842,17993842,0
2020-04-18 05:41:58,kovan2,17993861,17993862,-1
2020-04-18 05:43:22,kovan2,17993883,17993884,-1
2020-04-18 05:44:49,kovan2,17993905,17993906,-1
2020-04-18 05:46:18,kovan2,17993926,17993909,17
2020-04-18 05:47:41,kovan2,17993951,17993909,42
2020-04-18 05:49:20,kovan2,17993971,17993966,5
2020-04-18 05:50:43,kovan2,17993995,17993990,5
2020-04-18 05:52:15,kovan2,17994016,17994008,8
2020-04-18 05:53:39,kovan2,17994039,17994030,9
2020-04-18 05:55:14,kovan2,17994063,17994060,3
2020-04-18 05:56:48,kovan2,17994081,17994081,0
2020-04-18 05:58:13,kovan2,17994103,17994101,2
2020-04-18 05:59:37,kovan2,17994125,17994120,5
2020-04-18 06:01:04,kovan2,17994149,17994146,3
2020-04-18 06:02:39,kovan2,17994169,17994170,-1
2020-04-18 06:04:03,kovan2,17994190,17994175,15
2020-04-18 06:05:25,kovan2,17994212,17994211,1
2020-04-18 06:06:58,kovan2,17994234,17994228,6
2020-04-18 06:08:28,kovan2,17994256,17994254,2
2020-04-18 06:10:07,kovan2,17994277,17994254,23
2020-04-18 06:11:29,kovan2,17994302,17994303,-1
2020-04-18 06:13:10,kovan2,17994323,17994308,15
2020-04-18 06:14:34,kovan2,17994345,17994346,-1
2020-04-18 06:16:02,kovan2,17994367,17994367,0
2020-04-18 06:17:27,kovan2,17994388,17994388,0
2020-04-18 06:18:50,kovan2,17994410,17994410,0
2020-04-18 06:20:19,kovan2,17994429,17994428,1
2020-04-18 06:21:42,kovan2,17994446,17994446,0
2020-04-18 06:23:06,kovan2,17994468,17994460,8
2020-04-18 06:24:40,kovan2,17994491,17994491,0
2020-04-18 06:26:07,kovan2,17994513,17994514,-1
2020-04-18 06:27:39,kovan2,17994537,17994538,-1
2020-04-18 06:29:13,kovan2,17994558,17994558,0
2020-04-18 06:30:36,kovan2,17994579,17994580,-1
2020-04-18 06:32:02,kovan2,17994601,17994601,0
2020-04-18 06:33:28,kovan2,17994622,17994619,3
2020-04-18 06:34:51,kovan2,17994643,17994643,0
2020-04-18 06:36:17,kovan2,17994665,17994661,4
2020-04-18 06:37:45,kovan2,17994686,17994679,7
2020-04-18 06:39:07,kovan2,17994706,17994707,-1
2020-04-18 06:40:30,kovan2,17994731,17994731,0
2020-04-18 06:42:07,kovan2,17994751,17994752,-1
2020-04-18 06:43:31,kovan2,17994775,17994761,14
2020-04-18 06:45:04,kovan2,17994797,17994795,2
2020-04-18 06:46:36,kovan2,17994819,17994819,0
2020-04-18 06:48:01,kovan2,17994841,17994829,12
2020-04-18 06:49:29,kovan2,17994862,17994863,-1
2020-04-18 06:50:53,kovan2,17994886,17994886,0
2020-04-18 06:52:28,kovan2,17994906,17994901,5
2020-04-18 06:53:50,kovan2,17994927,17994928,-1
2020-04-18 06:55:14,kovan2,17994948,17994944,4
2020-04-18 06:56:38,kovan2,17994966,17994967,-1
2020-04-18 06:58:02,kovan2,17994990,17994983,7
2020-04-18 06:59:40,kovan2,17995014,17995010,4
2020-04-18 07:01:20,kovan2,17995043,17995041,2
2020-04-18 07:03:11,kovan2,17995064,17995064,0
2020-04-18 07:04:35,kovan2,17995089,17995088,1
2020-04-18 07:06:16,kovan2,17995109,17995104,5
2020-04-18 07:07:38,kovan2,17995132,17995131,1
2020-04-18 07:09:10,kovan2,17995154,17995151,3
2020-04-18 07:10:38,kovan2,17995178,17995169,9
2020-04-18 07:12:15,kovan2,17995199,17995191,8
2020-04-18 07:13:38,kovan2,17995223,17995215,8
2020-04-18 07:15:12,kovan2,17995245,17995246,-1
2020-04-18 07:16:44,kovan2,17995267,17995268,-1
2020-04-18 07:18:10,kovan2,17995288,17995284,4
2020-04-18 07:19:34,kovan2,17995309,17995310,-1
2020-04-18 07:20:59,kovan2,17995331,17995328,3
2020-04-18 07:22:26,kovan2,17995352,17995343,9
2020-04-18 07:23:49,kovan2,17995375,17995366,9
2020-04-18 07:25:18,kovan2,17995396,17995396,0
2020-04-18 07:26:44,kovan2,17995417,17995411,6
2020-04-18 07:28:08,kovan2,17995440,17995441,-1
2020-04-18 07:29:42,kovan2,17995464,17995462,2
2020-04-18 07:31:18,kovan2,17995486,17995480,6
2020-04-18 07:32:45,kovan2,17995507,17995499,8
2020-04-18 07:34:10,kovan2,17995528,17995529,-1
2020-04-18 07:35:33,kovan2,17995549,17995548,1
2020-04-18 07:36:57,kovan2,17995570,17995562,8
2020-04-18 07:38:19,kovan2,17995590,17995562,28
2020-04-18 07:39:43,kovan2,17995612,17995613,-1
2020-04-18 07:41:10,kovan2,17995634,17995621,13
2020-04-18 07:42:34,kovan2,17995655,17995621,34
2020-04-18 07:43:58,kovan2,17995674,17995621,53
2020-04-18 07:45:21,kovan2,17995704,17995689,15
2020-04-18 07:47:14,kovan2,17995724,17995689,35
2020-04-18 07:48:37,kovan2,17995745,17995691,54
2020-04-18 07:49:59,kovan2,17995765,17995765,0
2020-04-18 07:51:24,kovan2,17995789,17995790,-1
2020-04-18 07:53:00,kovan2,17995811,17995806,5
2020-04-18 07:54:24,kovan2,17995833,17995834,-1
2020-04-18 07:55:54,kovan2,17995859,17995852,7
2020-04-18 07:57:34,kovan2,17995879,17995876,3
2020-04-18 07:58:59,kovan2,17995900,17995901,-1
2020-04-18 08:00:22,kovan2,17995922,17995915,7
2020-04-18 08:01:46,kovan2,17995945,17995942,3
2020-04-18 08:03:20,kovan2,17995971,17995962,9
2020-04-18 08:05:06,kovan2,17995992,17995962,30
2020-04-18 08:06:28,kovan2,17996013,17996011,2
2020-04-18 08:07:52,kovan2,17996034,17996026,8
2020-04-18 08:09:16,kovan2,17996054,17996044,10
2020-04-18 08:10:40,kovan2,17996076,17996074,2
2020-04-18 08:12:06,kovan2,17996096,17996074,22
2020-04-18 08:13:30,kovan2,17996117,17996116,1
2020-04-18 08:14:52,kovan2,17996138,17996138,0
2020-04-18 08:16:17,kovan2,17996158,17996155,3
2020-04-18 08:17:39,kovan2,17996181,17996181,0
2020-04-18 08:19:09,kovan2,17996204,17996204,0
2020-04-18 08:20:39,kovan2,17996225,17996226,-1
2020-04-18 08:22:07,kovan2,17996247,17996247,0
2020-04-18 08:23:32,kovan2,17996268,17996268,0
2020-04-18 08:24:55,kovan2,17996289,17996289,0
2020-04-18 08:26:19,kovan2,17996310,17996296,14
2020-04-18 08:27:45,kovan2,17996333,17996329,4
2020-04-18 08:29:14,kovan2,17996357,17996356,1
2020-04-18 08:30:53,kovan2,17996379,17996379,0
2020-04-18 08:32:21,kovan2,17996400,17996395,5
2020-04-18 08:33:45,kovan2,17996421,17996421,0
2020-04-18 08:35:09,kovan2,17996444,17996444,0
2020-04-18 08:36:41,kovan2,17996467,17996463,4
2020-04-18 08:38:14,kovan2,17996488,17996463,25
2020-04-18 08:39:38,kovan2,17996509,17996505,4
2020-04-18 08:41:01,kovan2,17996533,17996534,-1
2020-04-18 08:42:41,kovan2,17996556,17996557,-1
2020-04-18 08:44:10,kovan2,17996578,17996578,0
2020-04-18 08:45:36,kovan2,17996601,17996601,0
2020-04-18 08:47:08,kovan2,17996622,17996622,0
2020-04-18 08:48:32,kovan2,17996643,17996637,6
2020-04-18 08:49:54,kovan2,17996664,17996658,6
2020-04-18 08:51:18,kovan2,17996684,17996678,6
2020-04-18 08:52:42,kovan2,17996705,17996705,0
2020-04-18 08:54:05,kovan2,17996728,17996726,2
2020-04-18 08:55:37,kovan2,17996749,17996733,16
2020-04-18 08:57:01,kovan2,17996770,17996770,0
2020-04-18 08:58:24,kovan2,17996791,17996778,13
2020-04-18 08:59:48,kovan2,17996811,17996812,-1
2020-04-18 09:01:11,kovan2,17996833,17996830,3
2020-04-18 09:02:36,kovan2,17996853,17996854,-1
2020-04-18 09:03:59,kovan2,17996878,17996869,9
2020-04-18 09:05:35,kovan2,17996899,17996896,3
2020-04-18 09:07:02,kovan2,17996920,17996920,0
2020-04-18 09:08:24,kovan2,17996941,17996923,18
2020-04-18 09:09:47,kovan2,17996962,17996962,0
2020-04-18 09:11:17,kovan2,17996984,17996984,0
2020-04-18 09:12:44,kovan2,17997006,17997006,0
2020-04-18 09:14:12,kovan2,17997027,17997028,-1
2020-04-18 09:15:38,kovan2,17997048,17997048,0
2020-04-18 09:17:02,kovan2,17997073,17997062,11
2020-04-18 09:18:40,kovan2,17997096,17997092,4
2020-04-18 09:20:12,kovan2,17997118,17997112,6
2020-04-18 09:21:41,kovan2,17997139,17997138,1
2020-04-18 09:23:05,kovan2,17997160,17997160,0
2020-04-18 09:24:28,kovan2,17997181,17997175,6
2020-04-18 09:25:51,kovan2,17997204,17997200,4
2020-04-18 09:27:25,kovan2,17997225,17997218,7
2020-04-18 09:28:48,kovan2,17997246,17997235,11
2020-04-18 09:30:13,kovan2,17997267,17997268,-1
2020-04-18 09:31:38,kovan2,17997290,17997280,10
2020-04-18 09:33:06,kovan2,17997310,17997295,15
2020-04-18 09:34:32,kovan2,17997335,17997332,3
2020-04-18 09:36:10,kovan2,17997359,17997348,11
2020-04-18 09:37:44,kovan2,17997380,17997373,7
2020-04-18 09:39:13,kovan2,17997403,17997373,30
2020-04-18 09:40:39,kovan2,17997423,17997408,15
2020-04-18 09:42:02,kovan2,17997445,17997440,5
2020-04-18 09:43:30,kovan2,17997466,17997457,9
2020-04-18 09:44:53,kovan2,17997488,17997457,31
2020-04-18 09:46:20,kovan2,17997509,17997457,52
2020-04-18 09:47:44,kovan2,17997531,17997527,4
2020-04-18 09:49:13,kovan2,17997552,17997552,0
2020-04-18 09:50:37,kovan2,17997574,17997563,11
2020-04-18 09:52:07,kovan2,17997599,17997596,3
2020-04-18 09:53:44,kovan2,17997620,17997621,-1
2020-04-18 09:55:10,kovan2,17997643,17997642,1
2020-04-18 09:56:39,kovan2,17997664,17997657,7
2020-04-18 09:58:06,kovan2,17997685,17997686,-1
2020-04-18 09:59:31,kovan2,17997707,17997689,18
2020-04-18 10:00:55,kovan2,17997732,17997732,0
2020-04-18 10:02:34,kovan2,17997752,17997732,20
2020-04-18 10:03:57,kovan2,17997773,17997732,41
2020-04-18 10:05:21,kovan2,17997794,17997787,7
2020-04-18 10:06:45,kovan2,17997816,17997812,4
2020-04-18 10:08:15,kovan2,17997838,17997838,0
2020-04-18 10:09:38,kovan2,17997859,17997850,9
2020-04-18 10:11:02,kovan2,17997883,17997879,4
2020-04-18 10:12:45,kovan2,17997905,17997893,12
2020-04-18 10:14:08,kovan2,17997926,17997919,7
2020-04-18 10:15:31,kovan2,17997946,17997919,27
2020-04-18 10:16:55,kovan2,17997969,17997960,9
2020-04-18 10:18:26,kovan2,17997991,17997988,3
2020-04-18 10:19:53,kovan2,17998016,17998014,2
2020-04-18 10:21:30,kovan2,17998036,17998019,17
2020-04-18 10:22:53,kovan2,17998057,17998057,0
2020-04-18 10:24:16,kovan2,17998080,17998075,5
2020-04-18 10:25:49,kovan2,17998102,17998099,3
2020-04-18 10:27:15,kovan2,17998123,17998099,24
2020-04-18 10:28:40,kovan2,17998147,17998143,4
2020-04-18 10:30:18,kovan2,17998169,17998163,6
2020-04-18 10:31:43,kovan2,17998190,17998190,0
2020-04-18 10:33:11,kovan2,17998211,17998190,21
2020-04-18 10:34:34,kovan2,17998232,17998232,0
2020-04-18 10:35:57,kovan2,17998253,17998240,13
2020-04-18 10:37:22,kovan2,17998274,17998274,0
2020-04-18 10:38:45,kovan2,17998297,17998278,19
2020-04-18 10:40:19,kovan2,17998318,17998310,8
2020-04-18 10:41:42,kovan2,17998339,17998324,15
2020-04-18 10:43:06,kovan2,17998364,17998357,7
2020-04-18 10:44:45,kovan2,17998384,17998375,9
2020-04-18 10:46:07,kovan2,17998406,17998406,0
2020-04-18 10:47:31,kovan2,17998431,17998423,8
2020-04-18 10:49:15,kovan2,17998456,17998454,2
2020-04-18 10:50:55,kovan2,17998478,17998463,15
2020-04-18 10:52:19,kovan2,17998499,17998499,0
2020-04-18 10:53:42,kovan2,17998520,17998517,3
2020-04-18 10:55:10,kovan2,17998543,17998539,4
2020-04-18 10:56:43,kovan2,17998565,17998556,9
2020-04-18 10:58:11,kovan2,17998588,17998573,15
2020-04-18 10:59:39,kovan2,17998611,17998609,2
2020-04-18 11:01:11,kovan2,17998638,17998630,8
2020-04-18 11:03:03,kovan2,17998663,17998648,15
2020-04-18 11:04:42,kovan2,17998685,17998648,37
2020-04-18 11:06:09,kovan2,17998706,17998705,1
2020-04-18 11:07:35,kovan2,17998729,17998716,13
2020-04-18 11:09:03,kovan2,17998749,17998733,16
2020-04-18 11:10:25,kovan2,17998771,17998764,7
2020-04-18 11:11:54,kovan2,17998793,17998793,0
2020-04-18 11:13:20,kovan2,17998816,17998807,9
2020-04-18 11:14:51,kovan2,17998836,17998834,2
2020-04-18 11:16:16,kovan2,17998858,17998858,0
2020-04-18 11:17:41,kovan2,17998880,17998860,20
2020-04-18 11:19:07,kovan2,17998902,17998902,0
2020-04-18 11:20:36,kovan2,17998923,17998903,20
2020-04-18 11:22:03,kovan2,17998950,17998930,20
2020-04-18 11:23:49,kovan2,17998971,17998960,11
2020-04-18 11:25:11,kovan2,17998997,17998984,13
2020-04-18 11:26:55,kovan2,17999028,17999004,24
2020-04-18 11:29:01,kovan2,17999053,17999030,23
2020-04-18 11:30:41,kovan2,17999075,17999072,3
2020-04-18 11:32:10,kovan2,17999097,17999088,9
2020-04-18 11:33:39,kovan2,17999123,17999122,1
2020-04-18 11:35:21,kovan2,17999144,17999145,-1
2020-04-18 11:36:47,kovan2,17999168,17999149,19
2020-04-18 11:38:22,kovan2,17999189,17999176,13
2020-04-18 11:39:47,kovan2,17999211,17999204,7
2020-04-18 11:41:12,kovan2,17999232,17999232,0
2020-04-18 11:42:38,kovan2,17999253,17999253,0
2020-04-18 11:44:00,kovan2,17999275,17999255,20
2020-04-18 11:45:33,kovan2,17999298,17999298,0
2020-04-18 11:46:59,kovan2,17999319,17999317,2
2020-04-18 11:48:26,kovan2,17999341,17999338,3
2020-04-18 11:49:51,kovan2,17999363,17999361,2
2020-04-18 11:51:21,kovan2,17999386,17999386,0
2020-04-18 11:52:50,kovan2,17999409,17999406,3
2020-04-18 11:54:23,kovan2,17999432,17999430,2
2020-04-18 11:55:56,kovan2,17999460,17999449,11
2020-04-18 11:57:48,kovan2,17999482,17999479,3
2020-04-18 11:59:16,kovan2,17999511,17999499,12
2020-04-18 12:01:14,kovan2,17999534,17999499,35
2020-04-18 12:02:46,kovan2,17999557,17999546,11
2020-04-18 12:04:19,kovan2,17999580,17999566,14
2020-04-18 12:05:50,kovan2,17999601,17999602,-1
2020-04-18 12:07:13,kovan2,17999622,17999620,2
2020-04-18 12:08:39,kovan2,17999644,17999620,24
2020-04-18 12:10:04,kovan2,17999665,17999652,13
2020-04-18 12:11:31,kovan2,17999688,17999685,3
2020-04-18 12:12:59,kovan2,17999711,17999685,26
2020-04-18 12:14:33,kovan2,17999732,17999732,0
2020-04-18 12:15:57,kovan2,17999753,17999751,2
2020-04-18 12:17:22,kovan2,17999775,17999757,18
2020-04-18 12:18:47,kovan2,17999796,17999792,4
2020-04-18 12:20:11,kovan2,17999821,17999808,13
2020-04-18 12:21:52,kovan2,17999842,17999808,34
2020-04-18 12:23:17,kovan2,17999862,17999845,17
2020-04-18 12:24:39,kovan2,17999890,17999845,45
2020-04-18 12:26:31,kovan2,17999913,17999902,11
2020-04-18 12:28:00,kovan2,17999934,17999918,16
2020-04-18 12:29:26,kovan2,17999955,17999955,0
2020-04-18 12:30:49,kovan2,17999976,17999969,7
2020-04-18 12:32:13,kovan2,17999999,17999989,10
2020-04-18 12:33:45,kovan2,18000021,18000022,-1
2020-04-18 12:35:14,kovan2,18000044,18000045,-1
2020-04-18 12:36:46,kovan2,18000065,18000066,-1
2020-04-18 12:38:09,kovan2,18000086,18000087,-1
2020-04-18 12:39:34,kovan2,18000108,18000108,0
2020-04-18 12:40:58,kovan2,18000130,18000130,0
2020-04-18 12:42:28,kovan2,18000151,18000152,-1
2020-04-18 12:43:55,kovan2,18000173,18000169,4
2020-04-18 12:45:21,kovan2,18000194,18000186,8
2020-04-18 12:46:43,kovan2,18000217,18000217,0
2020-04-18 12:48:19,kovan2,18000239,18000239,0
2020-04-18 12:49:43,kovan2,18000260,18000260,0
2020-04-18 12:51:09,kovan2,18000283,18000265,18
2020-04-18 12:52:39,kovan2,18000303,18000265,38
2020-04-18 12:54:02,kovan2,18000324,18000323,1
2020-04-18 12:55:25,kovan2,18000345,18000345,0
2020-04-18 12:56:48,kovan2,18000366,18000366,0
2020-04-18 12:58:12,kovan2,18000388,18000385,3
2020-04-18 12:59:40,kovan2,18000409,18000409,0
2020-04-18 13:01:05,kovan2,18000429,18000421,8
2020-04-18 13:02:27,kovan2,18000450,18000421,29
2020-04-18 13:03:50,kovan2,18000472,18000472,0
2020-04-18 13:05:15,kovan2,18000493,18000494,-1
2020-04-18 13:06:43,kovan2,18000516,18000515,1
2020-04-18 13:08:12,kovan2,18000539,18000534,5
2020-04-18 13:09:45,kovan2,18000560,18000550,10
2020-04-18 13:11:09,kovan2,18000581,18000577,4
2020-04-18 13:12:33,kovan2,18000607,18000605,2
2020-04-18 13:14:19,kovan2,18000633,18000630,3
2020-04-18 13:15:58,kovan2,18000653,18000653,0
2020-04-18 13:17:22,kovan2,18000677,18000677,0
2020-04-18 13:18:55,kovan2,18000698,18000678,20
2020-04-18 13:20:20,kovan2,18000718,18000719,-1
2020-04-18 13:21:43,kovan2,18000739,18000740,-1
2020-04-18 13:23:07,kovan2,18000762,18000763,-1
2020-04-18 13:24:38,kovan2,18000784,18000784,0
2020-04-18 13:26:05,kovan2,18000806,18000806,0
2020-04-18 13:27:33,kovan2,18000827,18000825,2
2020-04-18 13:28:57,kovan2,18000848,18000845,3
2020-04-18 13:30:22,kovan2,18000869,18000865,4
2020-04-18 13:31:47,kovan2,18000890,18000889,1
2020-04-18 13:33:13,kovan2,18000913,18000914,-1
2020-04-18 13:34:47,kovan2,18000935,18000932,3
2020-04-18 13:36:11,kovan2,18000959,18000959,0
2020-04-18 13:37:47,kovan2,18000980,18000981,-1
2020-04-18 13:39:13,kovan2,18001001,18000988,13
2020-04-18 13:40:39,kovan2,18001023,18001012,11
2020-04-18 13:42:04,kovan2,18001047,18001042,5
2020-04-18 13:43:38,kovan2,18001067,18001042,25
2020-04-18 13:45:04,kovan2,18001087,18001042,45
2020-04-18 13:46:26,kovan2,18001109,18001042,67
2020-04-18 13:47:51,kovan2,18001132,18001131,1
2020-04-18 13:49:21,kovan2,18001154,18001141,13
2020-04-18 13:50:47,kovan2,18001174,18001141,33
2020-04-18 13:52:10,kovan2,18001195,18001141,54
2020-04-18 13:53:34,kovan2,18001218,18001215,3
2020-04-18 13:55:05,kovan2,18001239,18001239,0
2020-04-18 13:56:29,kovan2,18001263,18001259,4
2020-04-18 13:58:04,kovan2,18001285,18001285,0
2020-04-18 13:59:30,kovan2,18001307,18001300,7
2020-04-18 14:00:59,kovan2,18001328,18001315,13
2020-04-18 14:02:25,kovan2,18001350,18001336,14
2020-04-18 14:03:52,kovan2,18001371,18001372,-1
2020-04-18 14:05:18,kovan2,18001393,18001392,1
2020-04-18 14:06:47,kovan2,18001417,18001412,5
2020-04-18 14:08:23,kovan2,18001439,18001433,6
2020-04-18 14:09:48,kovan2,18001460,18001461,-1
2020-04-18 14:11:13,kovan2,18001482,18001468,14
2020-04-18 14:12:43,kovan2,18001504,18001504,0
2020-04-18 14:14:07,kovan2,18001524,18001523,1
2020-04-18 14:15:30,kovan2,18001546,18001538,8
2020-04-18 14:16:57,kovan2,18001568,18001557,11
2020-04-18 14:18:27,kovan2,18001591,18001557,34
2020-04-18 14:19:55,kovan2,18001622,18001607,15
2020-04-18 14:22:03,kovan2,18001643,18001607,36
2020-04-18 14:23:26,kovan2,18001664,18001653,11
2020-04-18 14:24:49,kovan2,18001685,18001679,6
2020-04-18 14:26:12,kovan2,18001708,18001697,11
2020-04-18 14:27:44,kovan2,18001730,18001717,13
2020-04-18 14:29:14,kovan2,18001751,18001717,34
2020-04-18 14:30:37,kovan2,18001775,18001769,6
2020-04-18 14:32:14,kovan2,18001797,18001769,28
2020-04-18 14:33:42,kovan2,18001820,18001810,10
2020-04-18 14:35:11,kovan2,18001841,18001810,31
2020-04-18 14:36:36,kovan2,18001862,18001810,52
2020-04-18 14:37:59,kovan2,18001882,18001810,72
2020-04-18 14:39:23,kovan2,18001903,18001810,93
2020-04-18 14:40:47,kovan2,18001924,18001810,114
2020-04-18 14:42:11,kovan2,18001945,18001810,135
2020-04-18 14:43:34,kovan2,18001967,18001959,8
2020-04-18 14:44:59,kovan2,18001987,18001988,-1
2020-04-18 14:46:22,kovan2,18002008,18002009,-1
2020-04-18 14:47:47,kovan2,18002029,18002009,20
2020-04-18 14:49:09,kovan2,18002050,18002009,41
2020-04-18 14:50:33,kovan2,18002071,18002071,0
2020-04-18 14:51:57,kovan2,18002092,18002071,21
2020-04-18 14:53:21,kovan2,18002115,18002098,17
2020-04-18 14:54:51,kovan2,18002136,18002130,6
2020-04-18 14:56:16,kovan2,18002157,18002130,27
2020-04-18 14:57:39,kovan2,18002177,18002130,47
2020-04-18 14:59:03,kovan2,18002199,18002130,69
2020-04-18 15:00:29,kovan2,18002220,18002130,90
2020-04-18 15:01:54,kovan2,18002241,18002130,111
2020-04-18 15:03:17,kovan2,18002263,18002253,10
2020-04-18 15:04:44,kovan2,18002284,18002253,31
2020-04-18 15:06:09,kovan2,18002305,18002253,52
2020-04-18 15:07:32,kovan2,18002325,18002253,72
2020-04-18 15:08:55,kovan2,18002346,18002253,93
2020-04-18 15:10:18,kovan2,18002367,18002253,114
2020-04-18 15:11:41,kovan2,18002388,18002253,135
2020-04-18 15:13:06,kovan2,18002409,18002408,1
2020-04-18 15:14:29,kovan2,18002430,18002408,22
2020-04-18 15:15:52,kovan2,18002449,18002408,41
2020-04-18 15:17:15,kovan2,18002476,18002462,14
2020-04-18 15:19:00,kovan2,18002498,18002462,36
2020-04-18 15:20:23,kovan2,18002518,18002519,-1
2020-04-18 15:21:46,kovan2,18002539,18002523,16
2020-04-18 15:23:10,kovan2,18002565,18002551,14
2020-04-18 15:24:51,kovan2,18002585,18002551,34
2020-04-18 15:26:14,kovan2,18002607,18002608,-1
2020-04-18 15:27:43,kovan2,18002628,18002629,-1
2020-04-18 15:29:07,kovan2,18002650,18002649,1
2020-04-18 15:30:33,kovan2,18002674,18002666,8
2020-04-18 15:32:09,kovan2,18002698,18002683,15
2020-04-18 15:33:45,kovan2,18002718,18002683,35
2020-04-18 15:35:08,kovan2,18002739,18002683,56
2020-04-18 15:36:30,kovan2,18002761,18002683,78
2020-04-18 15:37:54,kovan2,18002782,18002683,99
2020-04-18 15:39:17,kovan2,18002802,18002683,119
2020-04-18 15:40:39,kovan2,18002822,18002683,139
2020-04-18 15:42:02,kovan2,18002843,18002683,160
2020-04-18 15:43:24,kovan2,18002864,18002683,181
2020-04-18 15:44:47,kovan2,18002885,18002683,202
2020-04-18 15:46:11,kovan2,18002905,18002683,222
2020-04-18 15:47:35,kovan2,18002926,18002683,243
2020-04-18 15:48:57,kovan2,18002950,18002683,267
2020-04-18 15:50:31,kovan2,18002974,18002972,2
2020-04-18 15:52:09,kovan2,18002995,18002995,0
2020-04-18 15:53:33,kovan2,18003016,18002995,21
2020-04-18 15:54:57,kovan2,18003037,18002995,42
2020-04-18 15:56:21,kovan2,18003058,18002995,63
2020-04-18 15:57:44,kovan2,18003079,18002995,84
2020-04-18 15:59:08,kovan2,18003100,18002995,105
2020-04-18 16:00:31,kovan2,18003123,18003123,0
2020-04-18 16:02:09,kovan2,18003147,18003148,-1
2020-04-18 16:03:43,kovan2,18003168,18003166,2
2020-04-18 16:05:08,kovan2,18003192,18003193,-1
2020-04-18 16:06:44,kovan2,18003215,18003205,10
2020-04-18 16:08:14,kovan2,18003241,18003233,8
2020-04-18 16:09:55,kovan2,18003262,18003262,0
2020-04-18 16:11:21,kovan2,18003283,18003282,1
2020-04-18 16:12:45,kovan2,18003305,18003288,17
2020-04-18 16:14:12,kovan2,18003330,18003321,9
2020-04-18 16:15:54,kovan2,18003351,18003352,-1
2020-04-18 16:17:18,kovan2,18003372,18003356,16
2020-04-18 16:18:43,kovan2,18003396,18003397,-1
2020-04-18 16:20:18,kovan2,18003417,18003418,-1
2020-04-18 16:21:41,kovan2,18003438,18003432,6
2020-04-18 16:23:06,kovan2,18003459,18003432,27
2020-04-18 16:24:28,kovan2,18003480,18003432,48
2020-04-18 16:25:51,kovan2,18003502,18003502,0
2020-04-18 16:27:22,kovan2,18003524,18003525,-1
2020-04-18 16:28:55,kovan2,18003547,18003547,0
2020-04-18 16:30:23,kovan2,18003567,18003560,7
2020-04-18 16:31:47,kovan2,18003589,18003572,17
2020-04-18 16:33:12,kovan2,18003610,18003572,38
2020-04-18 16:34:36,kovan2,18003630,18003572,58
2020-04-18 16:35:59,kovan2,18003652,18003572,80
2020-04-18 16:37:24,kovan2,18003677,18003661,16
2020-04-18 16:39:05,kovan2,18003698,18003661,37
2020-04-18 16:40:27,kovan2,18003719,18003701,18
2020-04-18 16:41:53,kovan2,18003740,18003721,19
2020-04-18 16:43:15,kovan2,18003763,18003764,-1
2020-04-18 16:44:49,kovan2,18003786,18003778,8
2020-04-18 16:46:21,kovan2,18003807,18003806,1
2020-04-18 16:47:46,kovan2,18003830,18003820,10
2020-04-18 16:49:17,kovan2,18003858,18003853,5
2020-04-18 16:51:11,kovan2,18003880,18003875,5
2020-04-18 16:52:36,kovan2,18003901,18003885,16
2020-04-18 16:53:58,kovan2,18003921,18003920,1
2020-04-18 16:55:21,kovan2,18003940,18003926,14
2020-04-18 16:56:44,kovan2,18003961,18003926,35
2020-04-18 16:58:07,kovan2,18003982,18003926,56
2020-04-18 16:59:32,kovan2,18004004,18003926,78
2020-04-18 17:00:57,kovan2,18004025,18004026,-1
2020-04-18 17:02:23,kovan2,18004047,18004047,0
2020-04-18 17:03:48,kovan2,18004069,18004068,1
2020-04-18 17:05:16,kovan2,18004089,18004068,21
2020-04-18 17:06:38,kovan2,18004109,18004068,41
2020-04-18 17:08:01,kovan2,18004131,18004068,63
2020-04-18 17:09:24,kovan2,18004155,18004156,-1
2020-04-18 17:11:03,kovan2,18004177,18004171,6
2020-04-18 17:12:27,kovan2,18004203,18004195,8
2020-04-18 17:14:13,kovan2,18004225,18004219,6
2020-04-18 17:15:41,kovan2,18004246,18004219,27
2020-04-18 17:17:05,kovan2,18004266,18004267,-1
2020-04-18 17:18:29,kovan2,18004289,18004289,0
2020-04-18 17:19:56,kovan2,18004309,18004293,16
2020-04-18 17:21:19,kovan2,18004331,18004329,2
2020-04-18 17:22:43,kovan2,18004352,18004339,13
2020-04-18 17:24:06,kovan2,18004372,18004339,33
2020-04-18 17:25:31,kovan2,18004393,18004339,54
2020-04-18 17:26:54,kovan2,18004414,18004339,75
2020-04-18 17:28:17,kovan2,18004435,18004339,96
2020-04-18 17:29:42,kovan2,18004456,18004339,117
2020-04-18 17:31:04,kovan2,18004477,18004339,138
2020-04-18 17:32:27,kovan2,18004498,18004339,159
2020-04-18 17:33:50,kovan2,18004518,18004339,179
2020-04-18 17:35:13,kovan2,18004539,18004339,200
2020-04-18 17:36:37,kovan2,18004559,18004339,220
2020-04-18 17:38:00,kovan2,18004582,18004339,243
2020-04-18 17:39:27,kovan2,18004602,18004339,263
2020-04-18 17:40:49,kovan2,18004623,18004615,8
2020-04-18 17:42:12,kovan2,18004644,18004615,29
2020-04-18 17:43:36,kovan2,18004664,18004615,49
2020-04-18 17:44:59,kovan2,18004686,18004615,71
2020-04-18 17:46:27,kovan2,18004707,18004615,92
2020-04-18 17:47:51,kovan2,18004729,18004615,114
2020-04-18 17:49:16,kovan2,18004750,18004739,11
2020-04-18 17:50:41,kovan2,18004771,18004739,32
2020-04-18 17:52:05,kovan2,18004792,18004739,53
2020-04-18 17:53:29,kovan2,18004814,18004793,21
2020-04-18 17:54:55,kovan2,18004835,18004793,42
2020-04-18 17:56:21,kovan2,18004855,18004793,62
2020-04-18 17:57:45,kovan2,18004877,18004793,84
2020-04-18 17:59:08,kovan2,18004897,18004793,104
2020-04-18 18:00:31,kovan2,18004918,18004793,125
2020-04-18 18:01:53,kovan2,18004939,18004940,-1
2020-04-18 18:03:19,kovan2,18004962,18004962,0
2020-04-18 18:04:47,kovan2,18004983,18004964,19
2020-04-18 18:06:10,kovan2,18005004,18004964,40
2020-04-18 18:07:34,kovan2,18005024,18004964,60
2020-04-18 18:08:57,kovan2,18005046,18005044,2
2020-04-18 18:10:25,kovan2,18005066,18005044,22
2020-04-18 18:11:49,kovan2,18005088,18005044,44
2020-04-18 18:13:13,kovan2,18005109,18005044,65
2020-04-18 18:14:36,kovan2,18005130,18005044,86
2020-04-18 18:16:00,kovan2,18005151,18005147,4
2020-04-18 18:17:24,kovan2,18005175,18005171,4
2020-04-18 18:18:59,kovan2,18005196,18005171,25
2020-04-18 18:20:26,kovan2,18005221,18005221,0
2020-04-18 18:22:06,kovan2,18005242,18005242,0
2020-04-18 18:23:29,kovan2,18005262,18005246,16
2020-04-18 18:24:52,kovan2,18005284,18005277,7
2020-04-18 18:26:16,kovan2,18005306,18005303,3
2020-04-18 18:27:46,kovan2,18005327,18005303,24
2020-04-18 18:29:08,kovan2,18005349,18005345,4
2020-04-18 18:30:35,kovan2,18005370,18005370,0
2020-04-18 18:32:01,kovan2,18005392,18005393,-1
2020-04-18 18:33:29,kovan2,18005414,18005414,0
2020-04-18 18:34:57,kovan2,18005438,18005438,0
2020-04-18 18:36:32,kovan2,18005459,18005459,0
2020-04-18 18:37:54,kovan2,18005479,18005464,15
2020-04-18 18:39:17,kovan2,18005500,18005495,5
2020-04-18 18:40:40,kovan2,18005522,18005510,12
2020-04-18 18:42:10,kovan2,18005543,18005544,-1
2020-04-18 18:43:33,kovan2,18005565,18005560,5
2020-04-18 18:45:01,kovan2,18005586,18005582,4
2020-04-18 18:46:24,kovan2,18005609,18005606,3
2020-04-18 18:47:56,kovan2,18005629,18005617,12
2020-04-18 18:49:19,kovan2,18005650,18005649,1
2020-04-18 18:50:43,kovan2,18005672,18005670,2
2020-04-18 18:52:07,kovan2,18005692,18005689,3
2020-04-18 18:53:30,kovan2,18005715,18005714,1
2020-04-18 18:55:02,kovan2,18005738,18005739,-1
2020-04-18 18:56:33,kovan2,18005759,18005752,7
2020-04-18 18:57:56,kovan2,18005784,18005781,3
2020-04-18 18:59:36,kovan2,18005806,18005795,11
2020-04-18 19:01:04,kovan2,18005827,18005795,32
2020-04-18 19:02:27,kovan2,18005847,18005839,8
2020-04-18 19:03:51,kovan2,18005869,18005868,1
2020-04-18 19:05:15,kovan2,18005889,18005877,12
2020-04-18 19:06:43,kovan2,18005911,18005902,9
2020-04-18 19:08:09,kovan2,18005932,18005919,13
2020-04-18 19:09:32,kovan2,18005953,18005943,10
2020-04-18 19:10:55,kovan2,18005975,18005974,1
2020-04-18 19:12:24,kovan2,18005997,18005998,-1
2020-04-18 19:13:54,kovan2,18006018,18006018,0
2020-04-18 19:15:18,kovan2,18006041,18006039,2
2020-04-18 19:16:48,kovan2,18006062,18006054,8
2020-04-18 19:18:14,kovan2,18006083,18006084,-1
2020-04-18 19:19:38,kovan2,18006104,18006105,-1
2020-04-18 19:21:01,kovan2,18006126,18006105,21
2020-04-18 19:22:26,kovan2,18006147,18006148,-1
2020-04-18 19:23:55,kovan2,18006169,18006168,1
2020-04-18 19:25:19,kovan2,18006189,18006190,-1
2020-04-18 19:26:42,kovan2,18006210,18006211,-1
2020-04-18 19:28:07,kovan2,18006231,18006219,12
2020-04-18 19:29:30,kovan2,18006253,18006251,2
2020-04-18 19:30:58,kovan2,18006275,18006276,-1
2020-04-18 19:32:27,kovan2,18006296,18006296,0
2020-04-18 19:33:50,kovan2,18006317,18006300,17
2020-04-18 19:35:12,kovan2,18006338,18006300,38
2020-04-18 19:36:36,kovan2,18006359,18006357,2
2020-04-18 19:38:02,kovan2,18006380,18006379,1
2020-04-18 19:39:26,kovan2,18006402,18006395,7
2020-04-18 19:40:54,kovan2,18006423,18006395,28
2020-04-18 19:42:17,kovan2,18006443,18006395,48
2020-04-18 19:43:41,kovan2,18006465,18006451,14
2020-04-18 19:45:04,kovan2,18006486,18006451,35
2020-04-18 19:46:27,kovan2,18006507,18006451,56
2020-04-18 19:47:50,kovan2,18006527,18006523,4
2020-04-18 19:49:13,kovan2,18006548,18006543,5
2020-04-18 19:50:37,kovan2,18006570,18006568,2
2020-04-18 19:52:05,kovan2,18006591,18006568,23
2020-04-18 19:53:31,kovan2,18006617,18006568,49
2020-04-18 19:55:14,kovan2,18006640,18006640,0
2020-04-18 19:56:44,kovan2,18006662,18006662,0
2020-04-18 19:58:10,kovan2,18006683,18006678,5
2020-04-18 19:59:38,kovan2,18006705,18006705,0
2020-04-18 20:01:04,kovan2,18006726,18006726,0
2020-04-18 20:02:28,kovan2,18006748,18006743,5
2020-04-18 20:03:56,kovan2,18006769,18006760,9
2020-04-18 20:05:22,kovan2,18006790,18006760,30
2020-04-18 20:06:45,kovan2,18006810,18006760,50
2020-04-18 20:08:08,kovan2,18006831,18006760,71
2020-04-18 20:09:30,kovan2,18006854,18006851,3
2020-04-18 20:11:00,kovan2,18006874,18006859,15
2020-04-18 20:12:23,kovan2,18006895,18006890,5
2020-04-18 20:13:47,kovan2,18006917,18006908,9
2020-04-18 20:15:13,kovan2,18006938,18006921,17
2020-04-18 20:16:36,kovan2,18006959,18006950,9
2020-04-18 20:18:01,kovan2,18006980,18006980,0
2020-04-18 20:19:25,kovan2,18007002,18006993,9
2020-04-18 20:20:50,kovan2,18007022,18007009,13
2020-04-18 20:22:14,kovan2,18007047,18007047,0
2020-04-18 20:23:51,kovan2,18007068,18007059,9
2020-04-18 20:25:16,kovan2,18007088,18007083,5
2020-04-18 20:26:40,kovan2,18007110,18007083,27
2020-04-18 20:28:04,kovan2,18007130,18007083,47
2020-04-18 20:29:27,kovan2,18007154,18007154,0
2020-04-18 20:30:59,kovan2,18007174,18007175,-1
2020-04-18 20:32:22,kovan2,18007195,18007181,14
2020-04-18 20:33:45,kovan2,18007217,18007217,0
2020-04-18 20:35:09,kovan2,18007237,18007218,19
2020-04-18 20:36:32,kovan2,18007258,18007249,9
2020-04-18 20:37:56,kovan2,18007280,18007272,8
2020-04-18 20:39:26,kovan2,18007304,18007300,4
2020-04-18 20:41:01,kovan2,18007325,18007300,25
2020-04-18 20:42:26,kovan2,18007347,18007341,6
2020-04-18 20:43:50,kovan2,18007367,18007349,18
2020-04-18 20:45:12,kovan2,18007392,18007376,16
2020-04-18 20:46:50,kovan2,18007412,18007401,11
2020-04-18 20:48:14,kovan2,18007436,18007434,2
2020-04-18 20:49:49,kovan2,18007460,18007449,11
2020-04-18 20:51:21,kovan2,18007480,18007476,4
2020-04-18 20:52:47,kovan2,18007503,18007499,4
2020-04-18 20:54:15,kovan2,18007524,18007525,-1
2020-04-18 20:55:42,kovan2,18007545,18007546,-1
2020-04-18 20:57:06,kovan2,18007567,18007568,-1
2020-04-18 20:58:37,kovan2,18007589,18007589,0
2020-04-18 21:00:00,kovan2,18007610,18007603,7
2020-04-18 21:01:25,kovan2,18007636,18007632,4
2020-04-18 21:03:07,kovan2,18007656,18007657,-1
2020-04-18 21:04:30,kovan2,18007680,18007679,1
2020-04-18 21:06:02,kovan2,18007701,18007691,10
2020-04-18 21:07:26,kovan2,18007721,18007717,4
2020-04-18 21:08:49,kovan2,18007744,18007744,0
2020-04-18 21:10:18,kovan2,18007765,18007766,-1
2020-04-18 21:11:46,kovan2,18007786,18007787,-1
2020-04-18 21:13:09,kovan2,18007807,18007807,0
2020-04-18 21:14:31,kovan2,18007828,18007828,0
2020-04-18 21:15:56,kovan2,18007848,18007849,-1
2020-04-18 21:17:19,kovan2,18007872,18007871,1
2020-04-18 21:18:53,kovan2,18007895,18007894,1
2020-04-18 21:20:25,kovan2,18007913,18007914,-1
2020-04-18 21:21:48,kovan2,18007935,18007935,0
2020-04-18 21:23:12,kovan2,18007956,18007953,3
2020-04-18 21:24:40,kovan2,18007977,18007973,4
2020-04-18 21:26:04,kovan2,18008003,18007973,30
2020-04-18 21:27:43,kovan2,18008024,18008016,8
2020-04-18 21:29:06,kovan2,18008044,18008045,-1
2020-04-18 21:30:30,kovan2,18008065,18008066,-1
2020-04-18 21:31:53,kovan2,18008087,18008081,6
2020-04-18 21:33:23,kovan2,18008110,18008099,11
2020-04-18 21:34:51,kovan2,18008132,18008129,3
2020-04-18 21:36:22,kovan2,18008153,18008139,14
2020-04-18 21:37:44,kovan2,18008174,18008173,1
2020-04-18 21:39:08,kovan2,18008195,18008195,0
2020-04-18 21:40:32,kovan2,18008215,18008201,14
2020-04-18 21:41:55,kovan2,18008236,18008229,7
2020-04-18 21:43:19,kovan2,18008257,18008249,8
2020-04-18 21:44:42,kovan2,18008279,18008273,6
2020-04-18 21:46:06,kovan2,18008300,18008299,1
2020-04-18 21:47:30,kovan2,18008320,18008317,3
2020-04-18 21:48:54,kovan2,18008341,18008342,-1
2020-04-18 21:50:17,kovan2,18008361,18008354,7
2020-04-18 21:51:40,kovan2,18008383,18008378,5
2020-04-18 21:53:04,kovan2,18008408,18008408,0
2020-04-18 21:54:44,kovan2,18008432,18008426,6
2020-04-18 21:56:20,kovan2,18008455,18008453,2
2020-04-18 21:57:53,kovan2,18008475,18008475,0
2020-04-18 21:59:17,kovan2,18008495,18008494,1
2020-04-18 22:00:42,kovan2,18008517,18008517,0
2020-04-18 22:02:06,kovan2,18008540,18008539,1
2020-04-18 22:03:39,kovan2,18008560,18008561,-1
2020-04-18 22:05:04,kovan2,18008587,18008579,8
2020-04-18 22:06:49,kovan2,18008608,18008601,7
2020-04-18 22:08:17,kovan2,18008630,18008618,12
2020-04-18 22:09:41,kovan2,18008651,18008652,-1
2020-04-18 22:11:06,kovan2,18008672,18008661,11
2020-04-18 22:12:30,kovan2,18008694,18008686,8
2020-04-18 22:13:54,kovan2,18008715,18008713,2
2020-04-18 22:15:20,kovan2,18008735,18008713,22
2020-04-18 22:16:42,kovan2,18008758,18008752,6
2020-04-18 22:18:12,kovan2,18008781,18008769,12
2020-04-18 22:19:43,kovan2,18008805,18008797,8
2020-04-18 22:21:21,kovan2,18008826,18008824,2
2020-04-18 22:22:45,kovan2,18008846,18008847,-1
2020-04-18 22:24:07,kovan2,18008868,18008868,0
2020-04-18 22:25:32,kovan2,18008889,18008889,0
2020-04-18 22:26:55,kovan2,18008910,18008911,-1
2020-04-18 22:28:24,kovan2,18008935,18008923,12
2020-04-18 22:29:59,kovan2,18008956,18008945,11
2020-04-18 22:31:28,kovan2,18008983,18008963,20
2020-04-18 22:33:11,kovan2,18009004,18008991,13
2020-04-18 22:34:34,kovan2,18009026,18009019,7
2020-04-18 22:36:03,kovan2,18009048,18009019,29
2020-04-18 22:37:32,kovan2,18009071,18009057,14
2020-04-18 22:39:03,kovan2,18009092,18009085,7
2020-04-18 22:40:27,kovan2,18009113,18009112,1
2020-04-18 22:41:54,kovan2,18009135,18009127,8
2020-04-18 22:43:26,kovan2,18009158,18009155,3
2020-04-18 22:44:53,kovan2,18009181,18009182,-1
2020-04-18 22:46:28,kovan2,18009202,18009203,-1
2020-04-18 22:47:51,kovan2,18009223,18009224,-1
2020-04-18 22:49:14,kovan2,18009247,18009243,4
2020-04-18 22:50:48,kovan2,18009269,18009270,-1
2020-04-18 22:52:17,kovan2,18009290,18009271,19
2020-04-18 22:53:41,kovan2,18009323,18009302,21
2020-04-18 22:55:53,kovan2,18009344,18009336,8
2020-04-18 22:57:18,kovan2,18009366,18009365,1
2020-04-18 22:58:42,kovan2,18009389,18009365,24
2020-04-18 23:00:16,kovan2,18009409,18009397,12
2020-04-18 23:01:38,kovan2,18009430,18009423,7
2020-04-18 23:03:02,kovan2,18009452,18009449,3
2020-04-18 23:04:29,kovan2,18009474,18009472,2
2020-04-18 23:05:59,kovan2,18009495,18009491,4
2020-04-18 23:07:21,kovan2,18009520,18009520,0
2020-04-18 23:08:59,kovan2,18009541,18009535,6
2020-04-18 23:10:24,kovan2,18009562,18009555,7
2020-04-18 23:11:49,kovan2,18009584,18009582,2
2020-04-18 23:13:15,kovan2,18009605,18009582,23
2020-04-18 23:14:41,kovan2,18009627,18009626,1
2020-04-18 23:16:08,kovan2,18009650,18009632,18
2020-04-18 23:17:40,kovan2,18009671,18009665,6
2020-04-18 23:19:04,kovan2,18009695,18009695,0
2020-04-18 23:20:41,kovan2,18009716,18009695,21
2020-04-18 23:22:05,kovan2,18009741,18009734,7
2020-04-18 23:23:43,kovan2,18009762,18009762,0
2020-04-18 23:25:06,kovan2,18009782,18009777,5
2020-04-18 23:26:31,kovan2,18009807,18009807,0
2020-04-18 23:28:08,kovan2,18009830,18009829,1
2020-04-18 23:29:40,kovan2,18009850,18009849,1
2020-04-18 23:31:04,kovan2,18009871,18009867,4
2020-04-18 23:32:27,kovan2,18009892,18009893,-1
2020-04-18 23:33:49,kovan2,18009913,18009913,0
2020-04-18 23:35:12,kovan2,18009935,18009935,0
2020-04-18 23:36:37,kovan2,18009956,18009957,-1
2020-04-18 23:38:06,kovan2,18009983,18009976,7
2020-04-18 23:39:51,kovan2,18010006,18010000,6
2020-04-18 23:41:27,kovan2,18010029,18010018,11
2020-04-18 23:42:55,kovan2,18010050,18010049,1
2020-04-18 23:44:21,kovan2,18010072,18010070,2
2020-04-18 23:45:47,kovan2,18010093,18010094,-1
2020-04-18 23:47:13,kovan2,18010116,18010116,0
2020-04-18 23:48:42,kovan2,18010136,18010137,-1
2020-04-18 23:50:06,kovan2,18010157,18010158,-1
2020-04-18 23:51:29,kovan2,18010178,18010174,4
2020-04-18 23:52:53,kovan2,18010199,18010197,2
2020-04-18 23:54:16,kovan2,18010220,18010197,23
2020-04-18 23:55:40,kovan2,18010241,18010227,14
2020-04-18 23:57:04,kovan2,18010263,18010244,19
2020-04-18 23:58:30,kovan2,18010285,18010275,10
2020-04-18 23:59:59,kovan2,18010305,18010296,9
2020-04-19 00:01:22,kovan2,18010326,18010326,0
2020-04-19 00:02:45,kovan2,18010348,18010339,9
2020-04-19 00:04:17,kovan2,18010369,18010367,2
2020-04-19 00:05:41,kovan2,18010391,18010390,1
2020-04-19 00:07:10,kovan2,18010412,18010411,1
2020-04-19 00:08:33,kovan2,18010433,18010419,14
2020-04-19 00:09:57,kovan2,18010454,18010438,16
2020-04-19 00:11:22,kovan2,18010480,18010480,0
2020-04-19 00:13:04,kovan2,18010501,18010500,1
2020-04-19 00:14:28,kovan2,18010524,18010507,17
2020-04-19 00:16:01,kovan2,18010545,18010535,10
2020-04-19 00:17:25,kovan2,18010566,18010567,-1
2020-04-19 00:18:50,kovan2,18010587,18010588,-1
2020-04-19 00:20:14,kovan2,18010609,18010609,0
2020-04-19 00:21:40,kovan2,18010629,18010630,-1
2020-04-19 00:23:04,kovan2,18010650,18010643,7
2020-04-19 00:24:27,kovan2,18010673,18010671,2
2020-04-19 00:25:57,kovan2,18010694,18010690,4
2020-04-19 00:27:22,kovan2,18010718,18010718,0
2020-04-19 00:28:55,kovan2,18010745,18010720,25
2020-04-19 00:30:47,kovan2,18010767,18010755,12
2020-04-19 00:32:13,kovan2,18010790,18010781,9
2020-04-19 00:33:46,kovan2,18010814,18010781,33
2020-04-19 00:35:19,kovan2,18010834,18010835,-1
2020-04-19 00:36:43,kovan2,18010860,18010843,17
2020-04-19 00:38:23,kovan2,18010881,18010881,0
2020-04-19 00:39:49,kovan2,18010903,18010900,3
2020-04-19 00:41:17,kovan2,18010927,18010926,1
2020-04-19 00:42:57,kovan2,18010952,18010947,5
2020-04-19 00:44:35,kovan2,18010972,18010947,25
2020-04-19 00:45:57,kovan2,18010995,18010996,-1
2020-04-19 00:47:29,kovan2,18011016,18011005,11
2020-04-19 00:48:54,kovan2,18011038,18011038,0
2020-04-19 00:50:20,kovan2,18011059,18011057,2
2020-04-19 00:51:46,kovan2,18011082,18011066,16
2020-04-19 00:53:15,kovan2,18011103,18011098,5
2020-04-19 00:54:40,kovan2,18011124,18011123,1
2020-04-19 00:56:02,kovan2,18011144,18011123,21
2020-04-19 00:57:27,kovan2,18011166,18011166,0
2020-04-19 00:58:54,kovan2,18011188,18011179,9
2020-04-19 01:00:18,kovan2,18011208,18011179,29
2020-04-19 01:01:42,kovan2,18011229,18011179,50
2020-04-19 01:03:05,kovan2,18011250,18011237,13
2020-04-19 01:04:27,kovan2,18011272,18011265,7
2020-04-19 01:05:57,kovan2,18011293,18011294,-1
2020-04-19 01:07:23,kovan2,18011315,18011304,11
2020-04-19 01:08:47,kovan2,18011335,18011326,9
2020-04-19 01:10:10,kovan2,18011356,18011342,14
2020-04-19 01:11:32,kovan2,18011377,18011342,35
2020-04-19 01:12:55,kovan2,18011397,18011342,55
2020-04-19 01:14:18,kovan2,18011418,18011342,76
2020-04-19 01:15:40,kovan2,18011438,18011342,96
2020-04-19 01:17:03,kovan2,18011463,18011462,1
2020-04-19 01:18:44,kovan2,18011484,18011462,22
2020-04-19 01:20:06,kovan2,18011504,18011462,42
2020-04-19 01:21:30,kovan2,18011525,18011520,5
2020-04-19 01:22:53,kovan2,18011546,18011520,26
2020-04-19 01:24:16,kovan2,18011570,18011568,2
2020-04-19 01:25:52,kovan2,18011590,18011584,6
2020-04-19 01:27:14,kovan2,18011612,18011606,6
2020-04-19 01:28:41,kovan2,18011632,18011606,26
2020-04-19 01:30:03,kovan2,18011653,18011606,47
2020-04-19 01:31:27,kovan2,18011674,18011606,68
2020-04-19 01:32:50,kovan2,18011695,18011606,89
2020-04-19 01:34:14,kovan2,18011719,18011719,0
2020-04-19 01:35:48,kovan2,18011740,18011740,0
2020-04-19 01:37:12,kovan2,18011760,18011754,6
2020-04-19 01:38:35,kovan2,18011782,18011775,7
2020-04-19 01:39:59,kovan2,18011802,18011792,10
2020-04-19 01:41:25,kovan2,18011824,18011823,1
2020-04-19 01:42:51,kovan2,18011844,18011844,0
2020-04-19 01:44:17,kovan2,18011865,18011859,6
2020-04-19 01:45:51,kovan2,18011885,18011871,14
2020-04-19 01:47:14,kovan2,18011910,18011902,8
2020-04-19 01:48:59,kovan2,18011932,18011932,0
2020-04-19 01:50:28,kovan2,18011953,18011947,6
2020-04-19 01:51:53,kovan2,18011974,18011947,27
2020-04-19 01:53:15,kovan2,18011995,18011983,12
2020-04-19 01:54:40,kovan2,18012016,18012009,7
2020-04-19 01:56:06,kovan2,18012037,18012024,13
2020-04-19 01:57:28,kovan2,18012058,18012049,9
2020-04-19 01:58:52,kovan2,18012079,18012065,14
2020-04-19 02:00:16,kovan2,18012099,18012065,34
2020-04-19 02:01:38,kovan2,18012119,18012065,54
2020-04-19 02:03:02,kovan2,18012141,18012130,11
2020-04-19 02:04:28,kovan2,18012162,18012163,-1
2020-04-19 02:05:54,kovan2,18012184,18012184,0
2020-04-19 02:07:21,kovan2,18012205,18012205,0
2020-04-19 02:08:44,kovan2,18012226,18012226,0
2020-04-19 02:10:09,kovan2,18012246,18012247,-1
2020-04-19 02:11:32,kovan2,18012269,18012266,3
2020-04-19 02:13:00,kovan2,18012289,18012288,1
2020-04-19 02:14:23,kovan2,18012310,18012311,-1
2020-04-19 02:15:46,kovan2,18012335,18012332,3
2020-04-19 02:17:26,kovan2,18012356,18012348,8
2020-04-19 02:18:51,kovan2,18012377,18012369,8
2020-04-19 02:20:13,kovan2,18012398,18012398,0
2020-04-19 02:21:37,kovan2,18012420,18012417,3
2020-04-19 02:23:02,kovan2,18012440,18012435,5
2020-04-19 02:24:26,kovan2,18012461,18012461,0
2020-04-19 02:25:49,kovan2,18012484,18012482,2
2020-04-19 02:27:22,kovan2,18012506,18012506,0
2020-04-19 02:28:48,kovan2,18012527,18012508,19
2020-04-19 02:30:11,kovan2,18012547,18012536,11
2020-04-19 02:31:35,kovan2,18012568,18012569,-1
2020-04-19 02:32:58,kovan2,18012594,18012578,16
2020-04-19 02:34:43,kovan2,18012617,18012613,4
2020-04-19 02:36:14,kovan2,18012638,18012639,-1
2020-04-19 02:37:38,kovan2,18012660,18012661,-1
2020-04-19 02:39:08,kovan2,18012682,18012682,0
2020-04-19 02:40:31,kovan2,18012703,18012703,0
2020-04-19 02:41:55,kovan2,18012727,18012723,4
2020-04-19 02:43:34,kovan2,18012752,18012752,0
2020-04-19 02:45:13,kovan2,18012773,18012774,-1
2020-04-19 02:46:38,kovan2,18012794,18012794,0
2020-04-19 02:48:00,kovan2,18012814,18012810,4
2020-04-19 02:49:25,kovan2,18012836,18012837,-1
2020-04-19 02:50:49,kovan2,18012857,18012853,4
2020-04-19 02:52:13,kovan2,18012878,18012869,9
2020-04-19 02:53:37,kovan2,18012899,18012900,-1
2020-04-19 02:55:02,kovan2,18012922,18012921,1
2020-04-19 02:56:31,kovan2,18012942,18012943,-1
2020-04-19 02:57:55,kovan2,18012963,18012954,9
2020-04-19 02:59:18,kovan2,18012984,18012954,30
2020-04-19 03:00:41,kovan2,18013005,18012954,51
2020-04-19 03:02:03,kovan2,18013026,18012954,72
2020-04-19 03:03:27,kovan2,18013047,18013008,39
2020-04-19 03:04:50,kovan2,18013067,18013068,-1
2020-04-19 03:06:14,kovan2,18013088,18013085,3
2020-04-19 03:07:39,kovan2,18013110,18013110,0
2020-04-19 03:09:06,kovan2,18013131,18013131,0
2020-04-19 03:10:29,kovan2,18013152,18013153,-1
2020-04-19 03:11:53,kovan2,18013173,18013168,5
2020-04-19 03:13:16,kovan2,18013194,18013194,0
2020-04-19 03:14:42,kovan2,18013215,18013216,-1
2020-04-19 03:16:06,kovan2,18013237,18013237,0
2020-04-19 03:17:31,kovan2,18013258,18013242,16
2020-04-19 03:18:54,kovan2,18013280,18013273,7
2020-04-19 03:20:23,kovan2,18013301,18013301,0
2020-04-19 03:21:47,kovan2,18013322,18013311,11
2020-04-19 03:23:10,kovan2,18013342,18013311,31
2020-04-19 03:24:32,kovan2,18013366,18013360,6
2020-04-19 03:26:10,kovan2,18013387,18013388,-1
2020-04-19 03:27:33,kovan2,18013409,18013406,3
2020-04-19 03:29:02,kovan2,18013433,18013420,13
2020-04-19 03:30:36,kovan2,18013454,18013454,0
2020-04-19 03:31:59,kovan2,18013478,18013478,0
2020-04-19 03:33:34,kovan2,18013498,18013482,16
2020-04-19 03:34:57,kovan2,18013518,18013519,-1
2020-04-19 03:36:20,kovan2,18013541,18013539,2
2020-04-19 03:37:51,kovan2,18013563,18013558,5
2020-04-19 03:39:17,kovan2,18013585,18013584,1
2020-04-19 03:40:43,kovan2,18013609,18013605,4
2020-04-19 03:42:20,kovan2,18013630,18013629,1
2020-04-19 03:43:45,kovan2,18013651,18013651,0
2020-04-19 03:45:08,kovan2,18013672,18013672,0
2020-04-19 03:46:31,kovan2,18013694,18013691,3
2020-04-19 03:48:01,kovan2,18013715,18013713,2
2020-04-19 03:49:26,kovan2,18013736,18013736,0
2020-04-19 03:50:48,kovan2,18013759,18013756,3
2020-04-19 03:52:20,kovan2,18013779,18013780,-1
2020-04-19 03:53:43,kovan2,18013800,18013781,19
2020-04-19 03:55:07,kovan2,18013823,18013823,0
2020-04-19 03:56:36,kovan2,18013844,18013843,1
2020-04-19 03:57:58,kovan2,18013864,18013864,0
2020-04-19 03:59:21,kovan2,18013885,18013886,-1
2020-04-19 04:00:48,kovan2,18013907,18013903,4
2020-04-19 04:02:12,kovan2,18013929,18013924,5
2020-04-19 04:03:41,kovan2,18013954,18013950,4
2020-04-19 04:05:19,kovan2,18013976,18013973,3
2020-04-19 04:06:46,kovan2,18013996,18013996,0
2020-04-19 04:08:09,kovan2,18014017,18014001,16
2020-04-19 04:09:32,kovan2,18014037,18014022,15
2020-04-19 04:10:55,kovan2,18014059,18014057,2
2020-04-19 04:12:26,kovan2,18014081,18014082,-1
2020-04-19 04:13:54,kovan2,18014104,18014095,9
2020-04-19 04:15:23,kovan2,18014124,18014125,-1
2020-04-19 04:16:48,kovan2,18014145,18014146,-1
2020-04-19 04:18:11,kovan2,18014166,18014152,14
2020-04-19 04:19:33,kovan2,18014187,18014152,35
2020-04-19 04:20:56,kovan2,18014208,18014152,56
2020-04-19 04:22:20,kovan2,18014228,18014215,13
2020-04-19 04:23:43,kovan2,18014249,18014241,8
2020-04-19 04:25:07,kovan2,18014270,18014271,-1
2020-04-19 04:26:30,kovan2,18014293,18014288,5
2020-04-19 04:28:01,kovan2,18014314,18014288,26
2020-04-19 04:29:23,kovan2,18014335,18014288,47
2020-04-19 04:30:46,kovan2,18014355,18014288,67
2020-04-19 04:32:10,kovan2,18014375,18014288,87
2020-04-19 04:33:32,kovan2,18014396,18014288,108
2020-04-19 04:34:54,kovan2,18014419,18014414,5
2020-04-19 04:36:29,kovan2,18014441,18014438,3
2020-04-19 04:37:56,kovan2,18014477,18014438,39
2020-04-19 04:40:24,kovan2,18014500,18014438,62
2020-04-19 04:41:57,kovan2,18014520,18014438,82
2020-04-19 04:43:30,kovan2,18014554,18014438,116
2020-04-19 04:45:49,kovan2,18014572,18014438,134
2020-04-19 04:47:12,kovan2,18014592,18014593,-1
2020-04-19 04:48:34,kovan2,18014612,18014609,3
2020-04-19 04:49:57,kovan2,18014633,18014633,0
2020-04-19 04:51:19,kovan2,18014653,18014654,-1
2020-04-19 04:52:43,kovan2,18014675,18014673,2
2020-04-19 04:54:08,kovan2,18014695,18014696,-1
2020-04-19 04:55:31,kovan2,18014715,18014717,-2
2020-04-19 04:56:53,kovan2,18014737,18014720,17
2020-04-19 04:58:15,kovan2,18014757,18014720,37
2020-04-19 04:59:38,kovan2,18014779,18014775,4
2020-04-19 05:01:04,kovan2,18014797,18014798,-1
2020-04-19 05:02:26,kovan2,18014815,18014813,2
2020-04-19 05:03:53,kovan2,18014837,18014837,0
2020-04-19 05:05:33,kovan2,18014857,18014857,0
2020-04-19 05:06:55,kovan2,18014880,18014881,-1
2020-04-19 05:08:32,kovan2,18014901,18014902,-1
2020-04-19 05:09:56,kovan2,18014921,18014921,0
2020-04-19 05:11:19,kovan2,18014941,18014922,19
2020-04-19 05:12:41,kovan2,18014959,18014956,3
2020-04-19 05:14:03,kovan2,18014976,18014975,1
2020-04-19 05:15:30,kovan2,18014993,18014993,0
2020-04-19 05:16:53,kovan2,18015011,18015011,0
2020-04-19 05:18:15,kovan2,18015030,18015031,-1
2020-04-19 05:19:38,kovan2,18015047,18015048,-1
2020-04-19 05:21:00,kovan2,18015066,18015065,1
2020-04-19 05:22:32,kovan2,18015087,18015087,0
2020-04-19 05:23:55,kovan2,18015106,18015103,3
2020-04-19 05:25:19,kovan2,18015126,18015126,0
2020-04-19 05:26:45,kovan2,18015144,18015144,0
2020-04-19 05:28:08,kovan2,18015164,18015164,0
2020-04-19 05:29:30,kovan2,18015180,18015180,0
2020-04-19 05:30:52,kovan2,18015199,18015194,5
2020-04-19 05:32:24,kovan2,18015216,18015216,0
2020-04-19 05:33:52,kovan2,18015232,18015233,-1
2020-04-19 05:35:14,kovan2,18015249,18015246,3
2020-04-19 05:36:37,kovan2,18015266,18015266,0
2020-04-19 05:38:00,kovan2,18015282,18015283,-1
2020-04-19 05:39:22,kovan2,18015299,18015299,0
2020-04-19 05:40:45,kovan2,18015315,18015315,0
2020-04-19 05:42:07,kovan2,18015331,18015332,-1
2020-04-19 05:43:30,kovan2,18015348,18015349,-1
2020-04-19 05:44:53,kovan2,18015365,18015363,2
2020-04-19 05:46:18,kovan2,18015382,18015383,-1
2020-04-19 05:47:44,kovan2,18015399,18015399,0
2020-04-19 05:49:06,kovan2,18015415,18015411,4
2020-04-19 05:50:29,kovan2,18015431,18015432,-1
2020-04-19 05:51:51,kovan2,18015448,18015449,-1
2020-04-19 05:53:13,kovan2,18015466,18015466,0
2020-04-19 05:54:43,kovan2,18015483,18015483,0
2020-04-19 05:56:05,kovan2,18015500,18015497,3
2020-04-19 05:57:31,kovan2,18015517,18015512,5
2020-04-19 05:58:55,kovan2,18015533,18015512,21
2020-04-19 06:00:17,kovan2,18015549,18015512,37
2020-04-19 06:01:40,kovan2,18015567,18015567,0
2020-04-19 06:03:02,kovan2,18015583,18015579,4
2020-04-19 06:04:25,kovan2,18015599,18015579,20
2020-04-19 06:05:49,kovan2,18015615,18015613,2
2020-04-19 06:07:11,kovan2,18015632,18015631,1
2020-04-19 06:08:33,kovan2,18015649,18015649,0
2020-04-19 06:09:56,kovan2,18015665,18015666,-1
2020-04-19 06:11:18,kovan2,18015682,18015682,0
2020-04-19 06:12:40,kovan2,18015698,18015699,-1
2020-04-19 06:14:03,kovan2,18015715,18015715,0
2020-04-19 06:15:26,kovan2,18015731,18015731,0
2020-04-19 06:16:48,kovan2,18015747,18015748,-1
2020-04-19 06:18:10,kovan2,18015764,18015765,-1
2020-04-19 06:19:34,kovan2,18015781,18015779,2
2020-04-19 06:20:56,kovan2,18015797,18015779,18
2020-04-19 06:22:18,kovan2,18015814,18015779,35
2020-04-19 06:23:41,kovan2,18015831,18015779,52
2020-04-19 06:25:04,kovan2,18015847,18015779,68
2020-04-19 06:26:26,kovan2,18015863,18015863,0
2020-04-19 06:27:48,kovan2,18015880,18015880,0
2020-04-19 06:29:11,kovan2,18015896,18015888,8
2020-04-19 06:30:33,kovan2,18015912,18015888,24
2020-04-19 06:31:55,kovan2,18015929,18015930,-1
2020-04-19 06:33:17,kovan2,18015947,18015947,0
2020-04-19 06:34:43,kovan2,18015963,18015962,1
2020-04-19 06:36:05,kovan2,18015978,18015978,0
2020-04-19 06:37:27,kovan2,18015995,18015996,-1
2020-04-19 06:38:54,kovan2,18016012,18016012,0
2020-04-19 06:40:17,kovan2,18016029,18016021,8
2020-04-19 06:41:39,kovan2,18016045,18016045,0
2020-04-19 06:43:01,kovan2,18016062,18016063,-1
2020-04-19 06:44:29,kovan2,18016079,18016080,-1
2020-04-19 06:45:55,kovan2,18016097,18016098,-1
2020-04-19 06:47:22,kovan2,18016115,18016115,0
2020-04-19 06:48:53,kovan2,18016132,18016132,0
2020-04-19 06:50:16,kovan2,18016149,18016149,0
2020-04-19 06:51:39,kovan2,18016165,18016165,0
2020-04-19 06:53:01,kovan2,18016182,18016182,0
2020-04-19 06:54:23,kovan2,18016197,18016197,0
2020-04-19 06:55:46,kovan2,18016214,18016207,7
2020-04-19 06:57:09,kovan2,18016230,18016231,-1
2020-04-19 06:58:31,kovan2,18016247,18016248,-1
2020-04-19 06:59:54,kovan2,18016265,18016263,2
2020-04-19 07:01:22,kovan2,18016282,18016282,0
2020-04-19 07:02:46,kovan2,18016298,18016298,0
2020-04-19 07:04:08,kovan2,18016314,18016316,-2
2020-04-19 07:05:33,kovan2,18016332,18016330,2
2020-04-19 07:06:55,kovan2,18016349,18016349,0
2020-04-19 07:08:19,kovan2,18016368,18016365,3
2020-04-19 07:09:58,kovan2,18016386,18016382,4
2020-04-19 07:11:26,kovan2,18016403,18016403,0
2020-04-19 07:12:53,kovan2,18016420,18016420,0
2020-04-19 07:14:16,kovan2,18016436,18016437,-1
2020-04-19 07:15:38,kovan2,18016454,18016455,-1
2020-04-19 07:17:09,kovan2,18016474,18016475,-1
2020-04-19 07:18:50,kovan2,18016491,18016483,8
2020-04-19 07:20:12,kovan2,18016507,18016483,24
2020-04-19 07:21:34,kovan2,18016524,18016524,0
2020-04-19 07:22:57,kovan2,18016541,18016541,0
2020-04-19 07:24:21,kovan2,18016558,18016558,0
2020-04-19 07:25:46,kovan2,18016574,18016575,-1
2020-04-19 07:27:10,kovan2,18016591,18016592,-1
2020-04-19 07:28:34,kovan2,18016607,18016598,9
2020-04-19 07:29:56,kovan2,18016625,18016598,27
2020-04-19 07:31:19,kovan2,18016641,18016641,0
2020-04-19 07:32:41,kovan2,18016658,18016658,0
2020-04-19 07:34:03,kovan2,18016674,18016674,0
2020-04-19 07:35:28,kovan2,18016690,18016691,-1
2020-04-19 07:36:50,kovan2,18016707,18016707,0
2020-04-19 07:38:12,kovan2,18016724,18016722,2
2020-04-19 07:39:35,kovan2,18016741,18016742,-1
2020-04-19 07:41:05,kovan2,18016758,18016758,0
2020-04-19 07:42:27,kovan2,18016775,18016775,0
2020-04-19 07:43:51,kovan2,18016793,18016790,3
2020-04-19 07:45:20,kovan2,18016809,18016790,19
2020-04-19 07:46:42,kovan2,18016826,18016826,0
2020-04-19 07:48:04,kovan2,18016842,18016842,0
2020-04-19 07:49:26,kovan2,18016858,18016858,0
2020-04-19 07:50:49,kovan2,18016875,18016858,17
2020-04-19 07:52:11,kovan2,18016892,18016892,0
2020-04-19 07:53:33,kovan2,18016908,18016908,0
2020-04-19 07:54:56,kovan2,18016925,18016922,3
2020-04-19 07:56:22,kovan2,18016942,18016938,4
2020-04-19 07:57:44,kovan2,18016958,18016954,4
2020-04-19 07:59:06,kovan2,18016975,18016975,0
2020-04-19 08:00:31,kovan2,18016991,18016992,-1
2020-04-19 08:01:53,kovan2,18017008,18017008,0
2020-04-19 08:03:15,kovan2,18017025,18017025,0
2020-04-19 08:04:38,kovan2,18017041,18017038,3
2020-04-19 08:06:02,kovan2,18017058,18017058,0
2020-04-19 08:07:25,kovan2,18017076,18017073,3
2020-04-19 08:08:54,kovan2,18017092,18017092,0
2020-04-19 08:10:16,kovan2,18017109,18017110,-1
2020-04-19 08:11:44,kovan2,18017126,18017126,0
2020-04-19 08:13:07,kovan2,18017142,18017135,7
2020-04-19 08:14:29,kovan2,18017159,18017159,0
2020-04-19 08:15:51,kovan2,18017176,18017176,0
2020-04-19 08:17:15,kovan2,18017192,18017193,-1
2020-04-19 08:18:38,kovan2,18017209,18017209,0
2020-04-19 08:20:00,kovan2,18017225,18017221,4
2020-04-19 08:21:22,kovan2,18017242,18017237,5
2020-04-19 08:22:48,kovan2,18017259,18017259,0
2020-04-19 08:24:12,kovan2,18017276,18017276,0
2020-04-19 08:25:37,kovan2,18017293,18017293,0
2020-04-19 08:26:59,kovan2,18017309,18017309,0
2020-04-19 08:28:25,kovan2,18017326,18017326,0
2020-04-19 08:29:47,kovan2,18017342,18017343,-1
2020-04-19 08:31:10,kovan2,18017359,18017359,0
2020-04-19 08:32:32,kovan2,18017376,18017376,0
2020-04-19 08:33:54,kovan2,18017392,18017390,2
2020-04-19 08:35:17,kovan2,18017409,18017409,0
2020-04-19 08:36:40,kovan2,18017425,18017425,0
2020-04-19 08:38:02,kovan2,18017441,18017442,-1
2020-04-19 08:39:24,kovan2,18017459,18017456,3
2020-04-19 08:40:52,kovan2,18017476,18017476,0
2020-04-19 08:42:15,kovan2,18017492,18017493,-1
2020-04-19 08:43:37,kovan2,18017510,18017510,0
2020-04-19 08:45:05,kovan2,18017526,18017523,3
2020-04-19 08:46:27,kovan2,18017544,18017545,-1
2020-04-19 08:47:59,kovan2,18017562,18017561,1
2020-04-19 08:49:27,kovan2,18017578,18017579,-1
2020-04-19 08:50:49,kovan2,18017595,18017595,0
2020-04-19 08:52:12,kovan2,18017612,18017607,5
2020-04-19 08:53:34,kovan2,18017629,18017629,0
2020-04-19 08:54:58,kovan2,18017645,18017638,7
2020-04-19 08:56:20,kovan2,18017663,18017663,0
2020-04-19 08:57:52,kovan2,18017679,18017673,6
2020-04-19 08:59:14,kovan2,18017696,18017673,23
2020-04-19 09:00:36,kovan2,18017712,18017713,-1
2020-04-19 09:01:58,kovan2,18017729,18017729,0
2020-04-19 09:03:21,kovan2,18017746,18017746,0
2020-04-19 09:04:44,kovan2,18017762,18017752,10
2020-04-19 09:06:07,kovan2,18017778,18017752,26
2020-04-19 09:07:29,kovan2,18017794,18017752,42
2020-04-19 09:08:52,kovan2,18017811,18017808,3
2020-04-19 09:10:14,kovan2,18017828,18017818,10
2020-04-19 09:11:36,kovan2,18017845,18017845,0
2020-04-19 09:12:59,kovan2,18017862,18017862,0
2020-04-19 09:14:27,kovan2,18017879,18017879,0
2020-04-19 09:15:53,kovan2,18017896,18017896,0
2020-04-19 09:17:15,kovan2,18017912,18017913,-1
2020-04-19 09:18:38,kovan2,18017929,18017929,0
2020-04-19 09:20:01,kovan2,18017945,18017946,-1
2020-04-19 09:21:23,kovan2,18017962,18017962,0
2020-04-19 09:22:46,kovan2,18017978,18017973,5
2020-04-19 09:24:10,kovan2,18017995,18017995,0
2020-04-19 09:25:32,kovan2,18018012,18018013,-1
2020-04-19 09:26:58,kovan2,18018030,18018030,0
2020-04-19 09:28:28,kovan2,18018047,18018044,3
2020-04-19 09:29:54,kovan2,18018066,18018067,-1
2020-04-19 09:31:30,kovan2,18018083,18018083,0
2020-04-19 09:32:52,kovan2,18018101,18018102,-1
2020-04-19 09:34:24,kovan2,18018121,18018121,0
2020-04-19 09:36:00,kovan2,18018138,18018138,0
2020-04-19 09:37:23,kovan2,18018154,18018152,2
2020-04-19 09:38:46,kovan2,18018170,18018168,2
2020-04-19 09:40:08,kovan2,18018186,18018187,-1
2020-04-19 09:41:31,kovan2,18018203,18018204,-1
2020-04-19 09:42:53,kovan2,18018220,18018221,-1
2020-04-19 09:44:18,kovan2,18018237,18018233,4
2020-04-19 09:45:40,kovan2,18018253,18018254,-1
2020-04-19 09:47:02,kovan2,18018269,18018270,-1
2020-04-19 09:48:24,kovan2,18018286,18018286,0
2020-04-19 09:49:47,kovan2,18018302,18018303,-1
2020-04-19 09:51:10,kovan2,18018325,18018321,4
2020-04-19 09:52:58,kovan2,18018341,18018342,-1
2020-04-19 09:54:23,kovan2,18018360,18018360,0
2020-04-19 09:55:59,kovan2,18018377,18018378,-1
2020-04-19 09:57:22,kovan2,18018394,18018388,6
2020-04-19 09:58:44,kovan2,18018410,18018405,5
2020-04-19 10:00:06,kovan2,18018426,18018405,21
2020-04-19 10:01:30,kovan2,18018443,18018443,0
2020-04-19 10:02:53,kovan2,18018459,18018460,-1
2020-04-19 10:04:16,kovan2,18018476,18018477,-1
2020-04-19 10:05:38,kovan2,18018494,18018492,2
2020-04-19 10:07:09,kovan2,18018511,18018498,13
2020-04-19 10:08:32,kovan2,18018528,18018527,1
2020-04-19 10:09:54,kovan2,18018542,18018542,0
2020-04-19 10:11:17,kovan2,18018558,18018559,-1
2020-04-19 10:12:39,kovan2,18018576,18018574,2
2020-04-19 10:14:06,kovan2,18018592,18018585,7
2020-04-19 10:15:28,kovan2,18018608,18018609,-1
2020-04-19 10:16:51,kovan2,18018626,18018626,0
2020-04-19 10:18:16,kovan2,18018642,18018643,-1
2020-04-19 10:19:39,kovan2,18018659,18018660,-1
2020-04-19 10:21:02,kovan2,18018676,18018676,0
2020-04-19 10:22:25,kovan2,18018692,18018688,4
2020-04-19 10:23:48,kovan2,18018709,18018688,21
2020-04-19 10:25:11,kovan2,18018728,18018725,3
2020-04-19 10:26:45,kovan2,18018744,18018744,0
2020-04-19 10:28:07,kovan2,18018763,18018764,-1
2020-04-19 10:29:41,kovan2,18018780,18018780,0
2020-04-19 10:31:05,kovan2,18018796,18018792,4
2020-04-19 10:32:28,kovan2,18018812,18018792,20
2020-04-19 10:33:50,kovan2,18018830,18018792,38
2020-04-19 10:35:14,kovan2,18018846,18018792,54
2020-04-19 10:36:36,kovan2,18018863,18018792,71
2020-04-19 10:37:58,kovan2,18018879,18018879,0
2020-04-19 10:39:21,kovan2,18018896,18018880,16
2020-04-19 10:40:44,kovan2,18018912,18018880,32
2020-04-19 10:42:06,kovan2,18018928,18018880,48
2020-04-19 10:43:29,kovan2,18018944,18018945,-1
2020-04-19 10:44:51,kovan2,18018961,18018962,-1
2020-04-19 10:46:13,kovan2,18018978,18018979,-1
2020-04-19 10:47:37,kovan2,18018994,18018984,10
2020-04-19 10:48:59,kovan2,18019011,18019012,-1
2020-04-19 10:50:22,kovan2,18019028,18019028,0
2020-04-19 10:51:45,kovan2,18019044,18019037,7
2020-04-19 10:53:07,kovan2,18019061,18019058,3
2020-04-19 10:54:30,kovan2,18019077,18019071,6
2020-04-19 10:55:52,kovan2,18019093,18019071,22
2020-04-19 10:57:14,kovan2,18019110,18019111,-1
2020-04-19 10:58:37,kovan2,18019127,18019116,11
2020-04-19 10:59:59,kovan2,18019143,18019116,27
2020-04-19 11:01:21,kovan2,18019160,18019116,44
2020-04-19 11:02:44,kovan2,18019176,18019176,0
2020-04-19 11:04:06,kovan2,18019192,18019192,0
2020-04-19 11:05:28,kovan2,18019210,18019210,0
2020-04-19 11:06:55,kovan2,18019226,18019227,-1
2020-04-19 11:08:19,kovan2,18019244,18019244,0
2020-04-19 11:09:43,kovan2,18019262,18019262,0
2020-04-19 11:11:15,kovan2,18019278,18019279,-1
2020-04-19 11:12:37,kovan2,18019296,18019295,1
2020-04-19 11:14:05,kovan2,18019312,18019308,4
2020-04-19 11:15:27,kovan2,18019328,18019315,13
2020-04-19 11:16:50,kovan2,18019345,18019345,0
2020-04-19 11:18:12,kovan2,18019361,18019354,7
2020-04-19 11:19:34,kovan2,18019378,18019378,0
2020-04-19 11:20:56,kovan2,18019396,18019394,2
2020-04-19 11:22:31,kovan2,18019413,18019394,19
2020-04-19 11:23:53,kovan2,18019430,18019424,6
2020-04-19 11:25:17,kovan2,18019447,18019424,23
2020-04-19 11:26:39,kovan2,18019463,18019424,39
2020-04-19 11:28:02,kovan2,18019480,18019480,0
2020-04-19 11:29:24,kovan2,18019496,18019496,0
2020-04-19 11:30:46,kovan2,18019512,18019512,0
2020-04-19 11:32:10,kovan2,18019529,18019529,0
2020-04-19 11:33:33,kovan2,18019546,18019546,0
2020-04-19 11:34:56,kovan2,18019562,18019555,7
2020-04-19 11:36:18,kovan2,18019580,18019555,25
2020-04-19 11:37:42,kovan2,18019596,18019555,41
2020-04-19 11:39:04,kovan2,18019612,18019613,-1
2020-04-19 11:40:29,kovan2,18019629,18019629,0
2020-04-19 11:41:52,kovan2,18019645,18019636,9
2020-04-19 11:43:14,kovan2,18019662,18019636,26
2020-04-19 11:44:37,kovan2,18019683,18019674,9
2020-04-19 11:46:23,kovan2,18019700,18019674,26
2020-04-19 11:47:46,kovan2,18019716,18019674,42
2020-04-19 11:49:09,kovan2,18019733,18019732,1
2020-04-19 11:50:32,kovan2,18019749,18019745,4
2020-04-19 11:51:54,kovan2,18019766,18019767,-1
2020-04-19 11:53:17,kovan2,18019783,18019783,0
2020-04-19 11:54:39,kovan2,18019800,18019800,0
2020-04-19 11:56:07,kovan2,18019817,18019811,6
2020-04-19 11:57:31,kovan2,18019833,18019831,2
2020-04-19 11:58:53,kovan2,18019850,18019850,0
2020-04-19 12:00:17,kovan2,18019867,18019866,1
2020-04-19 12:01:40,kovan2,18019885,18019886,-1
2020-04-19 12:03:13,kovan2,18019902,18019902,0
2020-04-19 12:04:36,kovan2,18019920,18019914,6
2020-04-19 12:06:11,kovan2,18019937,18019938,-1
2020-04-19 12:07:34,kovan2,18019954,18019954,0
2020-04-19 12:08:56,kovan2,18019972,18019967,5
2020-04-19 12:10:28,kovan2,18019989,18019987,2
2020-04-19 12:11:52,kovan2,18020006,18020006,0
2020-04-19 12:13:14,kovan2,18020024,18020022,2
2020-04-19 12:14:45,kovan2,18020040,18020040,0
2020-04-19 12:16:09,kovan2,18020057,18020058,-1
2020-04-19 12:17:33,kovan2,18020074,18020074,0
2020-04-19 12:18:56,kovan2,18020091,18020091,0
2020-04-19 12:20:23,kovan2,18020108,18020108,0
2020-04-19 12:21:48,kovan2,18020124,18020125,-1
2020-04-19 12:23:12,kovan2,18020142,18020142,0
2020-04-19 12:24:34,kovan2,18020158,18020159,-1
2020-04-19 12:25:58,kovan2,18020174,18020170,4
2020-04-19 12:27:20,kovan2,18020192,18020192,0
2020-04-19 12:28:45,kovan2,18020208,18020208,0
2020-04-19 12:30:07,kovan2,18020224,18020225,-1
2020-04-19 12:31:30,kovan2,18020242,18020242,0
2020-04-19 12:32:56,kovan2,18020258,18020243,15
2020-04-19 12:34:18,kovan2,18020275,18020243,32
2020-04-19 12:35:41,kovan2,18020292,18020243,49
2020-04-19 12:37:04,kovan2,18020308,18020243,65
2020-04-19 12:38:26,kovan2,18020324,18020325,-1
2020-04-19 12:39:49,kovan2,18020341,18020340,1
2020-04-19 12:41:11,kovan2,18020357,18020354,3
2020-04-19 12:42:34,kovan2,18020375,18020367,8
2020-04-19 12:43:59,kovan2,18020391,18020392,-1
2020-04-19 12:45:21,kovan2,18020408,18020392,16
2020-04-19 12:46:45,kovan2,18020424,18020392,32
2020-04-19 12:48:08,kovan2,18020440,18020392,48
2020-04-19 12:49:31,kovan2,18020461,18020456,5
2020-04-19 12:51:10,kovan2,18020477,18020456,21
2020-04-19 12:52:36,kovan2,18020494,18020456,38
2020-04-19 12:53:58,kovan2,18020512,18020456,56
2020-04-19 12:55:22,kovan2,18020528,18020456,72
2020-04-19 12:56:45,kovan2,18020547,18020545,2
2020-04-19 12:58:19,kovan2,18020563,18020564,-1
2020-04-19 12:59:42,kovan2,18020582,18020583,-1
2020-04-19 13:01:18,kovan2,18020600,18020596,4
2020-04-19 13:02:49,kovan2,18020616,18020596,20
2020-04-19 13:04:12,kovan2,18020633,18020596,37
2020-04-19 13:05:34,kovan2,18020651,18020647,4
2020-04-19 13:06:58,kovan2,18020667,18020665,2
2020-04-19 13:08:21,kovan2,18020684,18020684,0
2020-04-19 13:09:44,kovan2,18020700,18020698,2
2020-04-19 13:11:09,kovan2,18020717,18020717,0
2020-04-19 13:12:32,kovan2,18020734,18020717,17
2020-04-19 13:13:54,kovan2,18020750,18020717,33
2020-04-19 13:15:17,kovan2,18020767,18020767,0
2020-04-19 13:16:40,kovan2,18020784,18020770,14
2020-04-19 13:18:02,kovan2,18020800,18020799,1
2020-04-19 13:19:25,kovan2,18020816,18020813,3
2020-04-19 13:20:47,kovan2,18020832,18020813,19
2020-04-19 13:22:09,kovan2,18020850,18020847,3
2020-04-19 13:23:35,kovan2,18020866,18020847,19
2020-04-19 13:24:57,kovan2,18020883,18020847,36
2020-04-19 13:26:20,kovan2,18020899,18020900,-1
2020-04-19 13:27:43,kovan2,18020917,18020914,3
2020-04-19 13:29:12,kovan2,18020934,18020914,20
2020-04-19 13:30:34,kovan2,18020951,18020944,7
2020-04-19 13:31:57,kovan2,18020967,18020944,23
2020-04-19 13:33:21,kovan2,18020986,18020987,-1
2020-04-19 13:34:58,kovan2,18021003,18021003,0
2020-04-19 13:36:20,kovan2,18021020,18021020,0
2020-04-19 13:37:44,kovan2,18021036,18021028,8
2020-04-19 13:39:07,kovan2,18021055,18021055,0
2020-04-19 13:40:38,kovan2,18021072,18021070,2
2020-04-19 13:42:06,kovan2,18021088,18021070,18
2020-04-19 13:43:28,kovan2,18021107,18021106,1
2020-04-19 13:45:02,kovan2,18021124,18021106,18
2020-04-19 13:46:25,kovan2,18021142,18021140,2
2020-04-19 13:47:57,kovan2,18021160,18021160,0
2020-04-19 13:49:26,kovan2,18021177,18021177,0
2020-04-19 13:50:50,kovan2,18021195,18021195,0
2020-04-19 13:52:21,kovan2,18021212,18021212,0
2020-04-19 13:53:47,kovan2,18021228,18021229,-1
2020-04-19 13:55:10,kovan2,18021245,18021234,11
2020-04-19 13:56:34,kovan2,18021262,18021259,3
2020-04-19 13:57:58,kovan2,18021280,18021277,3
2020-04-19 13:59:25,kovan2,18021296,18021296,0
2020-04-19 14:00:47,kovan2,18021313,18021313,0
2020-04-19 14:02:09,kovan2,18021329,18021324,5
2020-04-19 14:03:32,kovan2,18021348,18021345,3
2020-04-19 14:05:05,kovan2,18021364,18021359,5
2020-04-19 14:06:28,kovan2,18021382,18021382,0
2020-04-19 14:07:55,kovan2,18021398,18021395,3
2020-04-19 14:09:18,kovan2,18021415,18021415,0
2020-04-19 14:10:41,kovan2,18021432,18021432,0
2020-04-19 14:12:04,kovan2,18021448,18021448,0
2020-04-19 14:13:26,kovan2,18021466,18021465,1
2020-04-19 14:14:58,kovan2,18021483,18021484,-1
2020-04-19 14:16:22,kovan2,18021499,18021500,-1
2020-04-19 14:17:44,kovan2,18021516,18021510,6
2020-04-19 14:19:06,kovan2,18021532,18021532,0
2020-04-19 14:20:28,kovan2,18021550,18021551,-1
2020-04-19 14:21:58,kovan2,18021567,18021567,0
2020-04-19 14:23:21,kovan2,18021584,18021578,6
2020-04-19 14:24:45,kovan2,18021600,18021597,3
2020-04-19 14:26:07,kovan2,18021617,18021612,5
2020-04-19 14:27:31,kovan2,18021635,18021636,-1
2020-04-19 14:29:02,kovan2,18021652,18021652,0
2020-04-19 14:30:24,kovan2,18021668,18021666,2
2020-04-19 14:31:46,kovan2,18021684,18021684,0
2020-04-19 14:33:09,kovan2,18021703,18021704,-1
2020-04-19 14:34:43,kovan2,18021720,18021721,-1
2020-04-19 14:36:09,kovan2,18021737,18021737,0
2020-04-19 14:37:32,kovan2,18021756,18021757,-1
2020-04-19 14:39:10,kovan2,18021773,18021773,0
2020-04-19 14:40:35,kovan2,18021790,18021788,2
2020-04-19 14:41:58,kovan2,18021808,18021804,4
2020-04-19 14:43:30,kovan2,18021825,18021820,5
2020-04-19 14:44:52,kovan2,18021842,18021820,22
2020-04-19 14:46:16,kovan2,18021860,18021858,2
2020-04-19 14:47:46,kovan2,18021879,18021879,0
2020-04-19 14:49:22,kovan2,18021895,18021892,3
2020-04-19 14:50:44,kovan2,18021912,18021913,-1
2020-04-19 14:52:11,kovan2,18021930,18021930,0
2020-04-19 14:53:35,kovan2,18021949,18021943,6
2020-04-19 14:55:11,kovan2,18021965,18021961,4
2020-04-19 14:56:33,kovan2,18021981,18021982,-1
2020-04-19 14:57:55,kovan2,18021998,18021983,15
2020-04-19 14:59:17,kovan2,18022015,18021983,32
2020-04-19 15:00:40,kovan2,18022032,18022030,2
2020-04-19 15:02:06,kovan2,18022048,18022044,4
2020-04-19 15:03:28,kovan2,18022066,18022067,-1
2020-04-19 15:04:58,kovan2,18022083,18022083,0
2020-04-19 15:06:21,kovan2,18022100,18022100,0
2020-04-19 15:07:48,kovan2,18022116,18022117,-1
2020-04-19 15:09:11,kovan2,18022139,18022133,6
2020-04-19 15:11:00,kovan2,18022157,18022158,-1
2020-04-19 15:12:36,kovan2,18022175,18022176,-1
2020-04-19 15:14:02,kovan2,18022192,18022177,15
2020-04-19 15:15:25,kovan2,18022208,18022197,11
2020-04-19 15:16:47,kovan2,18022226,18022221,5
2020-04-19 15:18:19,kovan2,18022244,18022242,2
2020-04-19 15:19:48,kovan2,18022261,18022261,0
2020-04-19 15:21:15,kovan2,18022279,18022279,0
2020-04-19 15:22:40,kovan2,18022295,18022290,5
2020-04-19 15:24:03,kovan2,18022312,18022290,22
2020-04-19 15:25:25,kovan2,18022329,18022329,0
2020-04-19 15:26:51,kovan2,18022346,18022344,2
2020-04-19 15:28:17,kovan2,18022364,18022344,20
2020-04-19 15:29:44,kovan2,18022380,18022379,1
2020-04-19 15:31:10,kovan2,18022397,18022379,18
2020-04-19 15:32:34,kovan2,18022419,18022411,8
2020-04-19 15:34:22,kovan2,18022438,18022439,-1
2020-04-19 15:35:58,kovan2,18022454,18022439,15
2020-04-19 15:37:21,kovan2,18022472,18022472,0
2020-04-19 15:38:44,kovan2,18022488,18022488,0
2020-04-19 15:40:08,kovan2,18022507,18022500,7
2020-04-19 15:41:41,kovan2,18022524,18022512,12
2020-04-19 15:43:05,kovan2,18022540,18022512,28
2020-04-19 15:44:30,kovan2,18022557,18022512,45
2020-04-19 15:45:52,kovan2,18022574,18022569,5
2020-04-19 15:47:16,kovan2,18022592,18022592,0
2020-04-19 15:48:48,kovan2,18022609,18022609,0
2020-04-19 15:50:13,kovan2,18022626,18022619,7
2020-04-19 15:51:36,kovan2,18022647,18022640,7
2020-04-19 15:53:21,kovan2,18022664,18022659,5
2020-04-19 15:54:47,kovan2,18022685,18022683,2
2020-04-19 15:56:35,kovan2,18022704,18022704,0
2020-04-19 15:58:06,kovan2,18022722,18022706,16
2020-04-19 15:59:35,kovan2,18022739,18022736,3
2020-04-19 16:01:00,kovan2,18022756,18022757,-1
2020-04-19 16:02:29,kovan2,18022773,18022771,2
2020-04-19 16:03:53,kovan2,18022792,18022785,7
2020-04-19 16:05:24,kovan2,18022809,18022785,24
2020-04-19 16:06:53,kovan2,18022826,18022826,0
2020-04-19 16:08:16,kovan2,18022843,18022832,11
2020-04-19 16:09:43,kovan2,18022860,18022852,8
2020-04-19 16:11:08,kovan2,18022878,18022876,2
2020-04-19 16:12:39,kovan2,18022897,18022898,-1
2020-04-19 16:14:14,kovan2,18022916,18022905,11
2020-04-19 16:15:45,kovan2,18022932,18022933,-1
2020-04-19 16:17:13,kovan2,18022950,18022944,6
2020-04-19 16:18:40,kovan2,18022970,18022967,3
2020-04-19 16:20:15,kovan2,18022988,18022979,9
2020-04-19 16:21:47,kovan2,18023005,18022979,26
2020-04-19 16:23:11,kovan2,18023023,18023023,0
2020-04-19 16:24:39,kovan2,18023040,18023040,0
2020-04-19 16:26:04,kovan2,18023057,18023050,7
2020-04-19 16:27:31,kovan2,18023074,18023071,3
2020-04-19 16:28:59,kovan2,18023096,18023096,0
2020-04-19 16:30:45,kovan2,18023114,18023105,9
2020-04-19 16:32:18,kovan2,18023132,18023126,6
2020-04-19 16:33:48,kovan2,18023150,18023151,-1
2020-04-19 16:35:17,kovan2,18023168,18023164,4
2020-04-19 16:36:46,kovan2,18023186,18023186,0
2020-04-19 16:38:17,kovan2,18023204,18023199,5
2020-04-19 16:39:45,kovan2,18023220,18023211,9
2020-04-19 16:41:08,kovan2,18023237,18023211,26
2020-04-19 16:42:32,kovan2,18023254,18023254,0
2020-04-19 16:43:55,kovan2,18023271,18023268,3
2020-04-19 16:45:20,kovan2,18023288,18023281,7
2020-04-19 16:46:44,kovan2,18023304,18023281,23
2020-04-19 16:48:07,kovan2,18023320,18023281,39
2020-04-19 16:49:30,kovan2,18023337,18023332,5
2020-04-19 16:50:55,kovan2,18023358,18023352,6
2020-04-19 16:52:36,kovan2,18023375,18023366,9
2020-04-19 16:53:59,kovan2,18023392,18023392,0
2020-04-19 16:55:25,kovan2,18023411,18023411,0
2020-04-19 16:57:00,kovan2,18023428,18023428,0
2020-04-19 16:58:25,kovan2,18023444,18023444,0
2020-04-19 16:59:48,kovan2,18023461,18023461,0
2020-04-19 17:01:12,kovan2,18023480,18023480,0
2020-04-19 17:02:43,kovan2,18023497,18023497,0
2020-04-19 17:04:12,kovan2,18023516,18023516,0
2020-04-19 17:05:46,kovan2,18023533,18023524,9
2020-04-19 17:07:13,kovan2,18023550,18023543,7
2020-04-19 17:08:38,kovan2,18023567,18023543,24
2020-04-19 17:10:00,kovan2,18023584,18023543,41
2020-04-19 17:11:23,kovan2,18023600,18023543,57
2020-04-19 17:12:46,kovan2,18023616,18023543,73
2020-04-19 17:14:09,kovan2,18023633,18023543,90
2020-04-19 17:15:32,kovan2,18023649,18023543,106
2020-04-19 17:16:54,kovan2,18023666,18023543,123
2020-04-19 17:18:17,kovan2,18023682,18023543,139
2020-04-19 17:19:39,kovan2,18023699,18023543,156
2020-04-19 17:21:03,kovan2,18023716,18023543,173
2020-04-19 17:22:26,kovan2,18023732,18023543,189
2020-04-19 17:23:49,kovan2,18023749,18023543,206
2020-04-19 17:25:11,kovan2,18023766,18023543,223
2020-04-19 17:26:34,kovan2,18023783,18023543,240
2020-04-19 17:27:57,kovan2,18023799,18023543,256
2020-04-19 17:29:20,kovan2,18023820,18023819,1
2020-04-19 17:31:06,kovan2,18023836,18023837,-1
2020-04-19 17:32:29,kovan2,18023855,18023855,0
2020-04-19 17:34:00,kovan2,18023872,18023872,0
2020-04-19 17:35:25,kovan2,18023891,18023885,6
2020-04-19 17:37:01,kovan2,18023909,18023904,5
2020-04-19 17:38:31,kovan2,18023926,18023925,1
2020-04-19 17:39:58,kovan2,18023943,18023925,18
2020-04-19 17:41:21,kovan2,18023960,18023960,0
2020-04-19 17:42:48,kovan2,18023977,18023968,9
2020-04-19 17:44:11,kovan2,18023993,18023994,-1
2020-04-19 17:45:35,kovan2,18024010,18024011,-1
2020-04-19 17:47:01,kovan2,18024028,18024028,0
2020-04-19 17:48:24,kovan2,18024044,18024039,5
2020-04-19 17:49:48,kovan2,18024061,18024062,-1
2020-04-19 17:51:15,kovan2,18024080,18024077,3
2020-04-19 17:52:49,kovan2,18024097,18024085,12
2020-04-19 17:54:13,kovan2,18024114,18024109,5
2020-04-19 17:55:36,kovan2,18024131,18024131,0
2020-04-19 17:57:01,kovan2,18024148,18024148,0
2020-04-19 17:58:29,kovan2,18024166,18024158,8
2020-04-19 17:59:54,kovan2,18024185,18024173,12
2020-04-19 18:01:35,kovan2,18024203,18024199,4
2020-04-19 18:02:59,kovan2,18024219,18024217,2
2020-04-19 18:04:23,kovan2,18024236,18024237,-1
2020-04-19 18:05:49,kovan2,18024253,18024237,16
2020-04-19 18:07:14,kovan2,18024272,18024261,11
2020-04-19 18:08:45,kovan2,18024288,18024288,0
2020-04-19 18:10:10,kovan2,18024305,18024306,-1
2020-04-19 18:11:34,kovan2,18024324,18024316,8
2020-04-19 18:13:08,kovan2,18024343,18024331,12
2020-04-19 18:14:40,kovan2,18024360,18024331,29
2020-04-19 18:16:03,kovan2,18024376,18024368,8
2020-04-19 18:17:26,kovan2,18024394,18024390,4
2020-04-19 18:18:56,kovan2,18024411,18024411,0
2020-04-19 18:20:20,kovan2,18024429,18024419,10
2020-04-19 18:21:56,kovan2,18024447,18024419,28
2020-04-19 18:23:19,kovan2,18024464,18024419,45
2020-04-19 18:24:44,kovan2,18024480,18024419,61
2020-04-19 18:26:07,kovan2,18024497,18024419,78
2020-04-19 18:27:31,kovan2,18024513,18024419,94
2020-04-19 18:28:55,kovan2,18024529,18024419,110
2020-04-19 18:30:17,kovan2,18024548,18024543,5
2020-04-19 18:31:49,kovan2,18024565,18024543,22
2020-04-19 18:33:13,kovan2,18024582,18024543,39
2020-04-19 18:34:37,kovan2,18024598,18024543,55
2020-04-19 18:35:59,kovan2,18024615,18024543,72
2020-04-19 18:37:23,kovan2,18024634,18024630,4
2020-04-19 18:38:57,kovan2,18024655,18024630,25
2020-04-19 18:40:39,kovan2,18024674,18024662,12
2020-04-19 18:42:15,kovan2,18024695,18024690,5
2020-04-19 18:43:48,kovan2,18024715,18024690,25
2020-04-19 18:45:11,kovan2,18024737,18024737,0
2020-04-19 18:46:35,kovan2,18024762,18024740,22
2020-04-19 18:48:17,kovan2,18024783,18024779,4
2020-04-19 18:49:43,kovan2,18024804,18024789,15
2020-04-19 18:51:08,kovan2,18024831,18024828,3
2020-04-19 18:52:52,kovan2,18024852,18024846,6
2020-04-19 18:54:17,kovan2,18024873,18024846,27
2020-04-19 18:55:41,kovan2,18024895,18024875,20
2020-04-19 18:57:09,kovan2,18024920,18024898,22
2020-04-19 18:58:46,kovan2,18024944,18024924,20
2020-04-19 19:00:26,kovan2,18024968,18024953,15
2020-04-19 19:02:01,kovan2,18024989,18024989,0
2020-04-19 19:03:25,kovan2,18025015,18024989,26
2020-04-19 19:05:10,kovan2,18025036,18024989,47
2020-04-19 19:06:34,kovan2,18025060,18025037,23
2020-04-19 19:08:11,kovan2,18025083,18025066,17
2020-04-19 19:09:40,kovan2,18025104,18025066,38
2020-04-19 19:11:06,kovan2,18025126,18025066,60
2020-04-19 19:12:31,kovan2,18025148,18025146,2
2020-04-19 19:13:58,kovan2,18025168,18025146,22
2020-04-19 19:15:22,kovan2,18025190,18025173,17
2020-04-19 19:16:50,kovan2,18025214,18025214,0
2020-04-19 19:18:23,kovan2,18025236,18025235,1
2020-04-19 19:19:52,kovan2,18025258,18025235,23
2020-04-19 19:21:20,kovan2,18025281,18025235,46
2020-04-19 19:22:52,kovan2,18025302,18025235,67
2020-04-19 19:24:17,kovan2,18025323,18025235,88
2020-04-19 19:25:42,kovan2,18025344,18025235,109
2020-04-19 19:27:05,kovan2,18025365,18025235,130
2020-04-19 19:28:28,kovan2,18025387,18025235,152
2020-04-19 19:29:53,kovan2,18025408,18025235,173
2020-04-19 19:31:21,kovan2,18025429,18025235,194
2020-04-19 19:32:46,kovan2,18025450,18025235,215
2020-04-19 19:34:09,kovan2,18025472,18025472,0
2020-04-19 19:35:36,kovan2,18025495,18025474,21
2020-04-19 19:37:09,kovan2,18025516,18025474,42
2020-04-19 19:38:34,kovan2,18025538,18025474,64
2020-04-19 19:39:59,kovan2,18025559,18025474,85
2020-04-19 19:41:24,kovan2,18025580,18025474,106
2020-04-19 19:42:48,kovan2,18025601,18025474,127
2020-04-19 19:44:12,kovan2,18025622,18025474,148
2020-04-19 19:45:38,kovan2,18025646,18025474,172
2020-04-19 19:47:11,kovan2,18025667,18025474,193
2020-04-19 19:48:37,kovan2,18025688,18025474,214
2020-04-19 19:50:01,kovan2,18025709,18025474,235
2020-04-19 19:51:24,kovan2,18025732,18025474,258
2020-04-19 19:52:56,kovan2,18025753,18025601,152
2020-04-19 19:54:21,kovan2,18025775,18025601,174
2020-04-19 19:55:46,kovan2,18025797,18025601,196
2020-04-19 19:57:16,kovan2,18025823,18025601,222
2020-04-19 19:59:03,kovan2,18025845,18025601,244
2020-04-19 20:00:28,kovan2,18025866,18025601,265
2020-04-19 20:01:52,kovan2,18025888,18025601,287
2020-04-19 20:03:21,kovan2,18025910,18025601,309
2020-04-19 20:04:47,kovan2,18025931,18025601,330
2020-04-19 20:06:12,kovan2,18025952,18025601,351
2020-04-19 20:07:38,kovan2,18025973,18025601,372
2020-04-19 20:09:01,kovan2,18025995,18025601,394
2020-04-19 20:10:27,kovan2,18026016,18025601,415
2020-04-19 20:11:53,kovan2,18026043,18025601,442
2020-04-19 20:13:44,kovan2,18026067,18025601,466
2020-04-19 20:15:17,kovan2,18026089,18025601,488
2020-04-19 20:16:46,kovan2,18026112,18025601,511
2020-04-19 20:18:18,kovan2,18026143,18025853,290
2020-04-19 20:20:22,kovan2,18026165,18025853,312
2020-04-19 20:21:50,kovan2,18026186,18025853,333
2020-04-19 20:23:14,kovan2,18026207,18025853,354
2020-04-19 20:24:37,kovan2,18026229,18026106,123
2020-04-19 20:26:03,kovan2,18026250,18026106,144
2020-04-19 20:27:26,kovan2,18026271,18026106,165
2020-04-19 20:28:53,kovan2,18026296,18026232,64
2020-04-19 20:30:34,kovan2,18026317,18026232,85
2020-04-19 20:31:57,kovan2,18026338,18026323,15
2020-04-19 20:33:22,kovan2,18026362,18026323,39
2020-04-19 20:34:56,kovan2,18026383,18026373,10
2020-04-19 20:36:21,kovan2,18026406,18026373,33
2020-04-19 20:37:56,kovan2,18026432,18026426,6
2020-04-19 20:39:39,kovan2,18026454,18026426,28
2020-04-19 20:41:04,kovan2,18026476,18026460,16
2020-04-19 20:42:31,kovan2,18026498,18026499,-1
2020-04-19 20:44:02,kovan2,18026521,18026499,22
2020-04-19 20:45:30,kovan2,18026545,18026531,14
2020-04-19 20:47:10,kovan2,18026568,18026555,13
2020-04-19 20:48:37,kovan2,18026589,18026555,34
2020-04-19 20:50:06,kovan2,18026611,18026555,56
2020-04-19 20:51:31,kovan2,18026635,18026624,11
2020-04-19 20:53:08,kovan2,18026658,18026624,34
2020-04-19 20:54:43,kovan2,18026683,18026663,20
2020-04-19 20:56:21,kovan2,18026704,18026663,41
2020-04-19 20:57:43,kovan2,18026726,18026710,16
2020-04-19 20:59:11,kovan2,18026747,18026738,9
2020-04-19 21:00:38,kovan2,18026768,18026738,30
2020-04-19 21:02:00,kovan2,18026788,18026738,50
2020-04-19 21:03:23,kovan2,18026811,18026805,6
2020-04-19 21:04:53,kovan2,18026833,18026805,28
2020-04-19 21:06:22,kovan2,18026854,18026841,13
2020-04-19 21:07:48,kovan2,18026880,18026841,39
2020-04-19 21:09:31,kovan2,18026904,18026841,63
2020-04-19 21:11:04,kovan2,18026925,18026841,84
2020-04-19 21:12:29,kovan2,18026948,18026841,107
2020-04-19 21:14:01,kovan2,18026970,18026949,21
2020-04-19 21:15:29,kovan2,18026995,18026994,1
2020-04-19 21:17:12,kovan2,18027017,18026994,23
2020-04-19 21:18:35,kovan2,18027042,18027033,9
2020-04-19 21:20:16,kovan2,18027064,18027062,2
2020-04-19 21:21:44,kovan2,18027085,18027062,23
2020-04-19 21:23:08,kovan2,18027106,18027062,44
2020-04-19 21:24:31,kovan2,18027126,18027062,64
2020-04-19 21:25:54,kovan2,18027148,18027141,7
2020-04-19 21:27:20,kovan2,18027179,18027163,16
2020-04-19 21:29:22,kovan2,18027199,18027199,0
2020-04-19 21:30:44,kovan2,18027219,18027221,-2
2020-04-19 21:32:10,kovan2,18027242,18027226,16
2020-04-19 21:33:38,kovan2,18027264,18027226,38
2020-04-19 21:35:05,kovan2,18027285,18027285,0
2020-04-19 21:36:28,kovan2,18027307,18027294,13
2020-04-19 21:37:56,kovan2,18027328,18027294,34
2020-04-19 21:39:21,kovan2,18027349,18027345,4
2020-04-19 21:40:45,kovan2,18027369,18027345,24
2020-04-19 21:42:08,kovan2,18027391,18027378,13
2020-04-19 21:43:30,kovan2,18027412,18027405,7
2020-04-19 21:44:58,kovan2,18027434,18027409,25
2020-04-19 21:46:23,kovan2,18027455,18027409,46
2020-04-19 21:47:47,kovan2,18027475,18027409,66
2020-04-19 21:49:09,kovan2,18027499,18027494,5
2020-04-19 21:50:44,kovan2,18027518,18027494,24
2020-04-19 21:52:07,kovan2,18027539,18027494,45
2020-04-19 21:53:30,kovan2,18027565,18027552,13
2020-04-19 21:55:12,kovan2,18027586,18027572,14
2020-04-19 21:56:37,kovan2,18027607,18027595,12
2020-04-19 21:58:01,kovan2,18027632,18027626,6
2020-04-19 21:59:41,kovan2,18027653,18027654,-1
2020-04-19 22:01:05,kovan2,18027673,18027669,4
2020-04-19 22:02:27,kovan2,18027695,18027669,26
2020-04-19 22:03:53,kovan2,18027717,18027669,48
2020-04-19 22:05:20,kovan2,18027739,18027723,16
2020-04-19 22:06:47,kovan2,18027760,18027759,1
2020-04-19 22:08:10,kovan2,18027782,18027777,5
2020-04-19 22:09:41,kovan2,18027805,18027777,28
2020-04-19 22:11:13,kovan2,18027830,18027816,14
2020-04-19 22:12:54,kovan2,18027852,18027842,10
2020-04-19 22:14:22,kovan2,18027873,18027874,-1
2020-04-19 22:15:48,kovan2,18027895,18027874,21
2020-04-19 22:17:11,kovan2,18027916,18027915,1
2020-04-19 22:18:37,kovan2,18027937,18027915,22
2020-04-19 22:20:00,kovan2,18027957,18027915,42
2020-04-19 22:21:22,kovan2,18027978,18027969,9
2020-04-19 22:22:49,kovan2,18028000,18028001,-1
2020-04-19 22:24:17,kovan2,18028021,18028001,20
2020-04-19 22:25:40,kovan2,18028042,18028001,41
2020-04-19 22:27:05,kovan2,18028063,18028001,62
2020-04-19 22:28:31,kovan2,18028084,18028074,10
2020-04-19 22:29:53,kovan2,18028107,18028107,0
2020-04-19 22:31:23,kovan2,18028126,18028113,13
2020-04-19 22:32:45,kovan2,18028147,18028113,34
2020-04-19 22:34:07,kovan2,18028166,18028113,53
2020-04-19 22:35:30,kovan2,18028187,18028113,74
2020-04-19 22:36:54,kovan2,18028209,18028113,96
2020-04-19 22:38:18,kovan2,18028229,18028113,116
2020-04-19 22:39:42,kovan2,18028250,18028113,137
2020-04-19 22:41:06,kovan2,18028271,18028239,32
2020-04-19 22:42:30,kovan2,18028292,18028276,16
2020-04-19 22:43:53,kovan2,18028315,18028300,15
2020-04-19 22:45:24,kovan2,18028336,18028300,36
2020-04-19 22:46:48,kovan2,18028355,18028348,7
2020-04-19 22:48:12,kovan2,18028377,18028373,4
2020-04-19 22:49:38,kovan2,18028402,18028400,2
2020-04-19 22:51:17,kovan2,18028423,18028400,23
2020-04-19 22:52:44,kovan2,18028450,18028440,10
2020-04-19 22:54:25,kovan2,18028473,18028474,-1
2020-04-19 22:56:02,kovan2,18028494,18028479,15
2020-04-19 22:57:26,kovan2,18028517,18028517,0
2020-04-19 22:58:56,kovan2,18028540,18028524,16
2020-04-19 23:00:32,kovan2,18028560,18028560,0
2020-04-19 23:02:03,kovan2,18028581,18028560,21
2020-04-19 23:03:26,kovan2,18028604,18028600,4
2020-04-19 23:04:56,kovan2,18028630,18028600,30
2020-04-19 23:06:43,kovan2,18028652,18028645,7
2020-04-19 23:08:13,kovan2,18028676,18028645,31
2020-04-19 23:09:47,kovan2,18028703,18028684,19
2020-04-19 23:11:36,kovan2,18028723,18028684,39
2020-04-19 23:12:59,kovan2,18028746,18028684,62
2020-04-19 23:14:29,kovan2,18028767,18028684,83
2020-04-19 23:15:53,kovan2,18028793,18028684,109
2020-04-19 23:17:38,kovan2,18028814,18028684,130
2020-04-19 23:19:01,kovan2,18028840,18028809,31
2020-04-19 23:20:42,kovan2,18028860,18028809,51
2020-04-19 23:22:07,kovan2,18028885,18028861,24
2020-04-19 23:23:46,kovan2,18028910,18028861,49
2020-04-19 23:25:22,kovan2,18028932,18028917,15
2020-04-19 23:26:54,kovan2,18028955,18028917,38
2020-04-19 23:28:23,kovan2,18028979,18028917,62
2020-04-19 23:29:58,kovan2,18028999,18028917,82
2020-04-19 23:31:22,kovan2,18029023,18028917,106
2020-04-19 23:32:56,kovan2,18029044,18029041,3
2020-04-19 23:34:21,kovan2,18029069,18029060,9
2020-04-19 23:35:59,kovan2,18029089,18029060,29
2020-04-19 23:37:21,kovan2,18029111,18029097,14
2020-04-19 23:38:47,kovan2,18029136,18029129,7
2020-04-19 23:40:28,kovan2,18029157,18029129,28
2020-04-19 23:41:55,kovan2,18029178,18029129,49
2020-04-19 23:43:18,kovan2,18029201,18029129,72
2020-04-19 23:44:49,kovan2,18029236,18029129,107
2020-04-19 23:47:09,kovan2,18029259,18029129,130
2020-04-19 23:48:40,kovan2,18029280,18029129,151
2020-04-19 23:50:08,kovan2,18029303,18029129,174
2020-04-19 23:51:37,kovan2,18029323,18029129,194
2020-04-19 23:53:02,kovan2,18029344,18029129,215
2020-04-19 23:54:24,kovan2,18029366,18029255,111
2020-04-19 23:55:51,kovan2,18029385,18029255,130
2020-04-19 23:57:13,kovan2,18029406,18029255,151
2020-04-19 23:58:38,kovan2,18029427,18029428,-1
2020-04-20 00:00:01,kovan2,18029448,18029430,18
2020-04-20 00:01:23,kovan2,18029469,18029470,-1
2020-04-20 00:02:53,kovan2,18029491,18029479,12
2020-04-20 00:04:18,kovan2,18029511,18029479,32
2020-04-20 00:05:41,kovan2,18029531,18029479,52
2020-04-20 00:07:03,kovan2,18029553,18029553,0
2020-04-20 00:08:28,kovan2,18029575,18029574,1
2020-04-20 00:09:54,kovan2,18029596,18029574,22
2020-04-20 00:11:20,kovan2,18029620,18029606,14
2020-04-20 00:13:02,kovan2,18029642,18029606,36
2020-04-20 00:14:27,kovan2,18029664,18029664,0
2020-04-20 00:15:57,kovan2,18029685,18029664,21
2020-04-20 00:17:22,kovan2,18029707,18029688,19
2020-04-20 00:18:51,kovan2,18029728,18029688,40
2020-04-20 00:20:14,kovan2,18029750,18029740,10
2020-04-20 00:21:38,kovan2,18029770,18029740,30
2020-04-20 00:23:02,kovan2,18029793,18029791,2
2020-04-20 00:24:32,kovan2,18029814,18029791,23
2020-04-20 00:25:58,kovan2,18029837,18029826,11
2020-04-20 00:27:27,kovan2,18029857,18029826,31
2020-04-20 00:28:51,kovan2,18029882,18029826,56
2020-04-20 00:30:30,kovan2,18029903,18029826,77
2020-04-20 00:31:54,kovan2,18029923,18029826,97
2020-04-20 00:33:18,kovan2,18029944,18029826,118
2020-04-20 00:34:41,kovan2,18029965,18029826,139
2020-04-20 00:36:05,kovan2,18029989,18029826,163
2020-04-20 00:37:42,kovan2,18030010,18029826,184
2020-04-20 00:39:04,kovan2,18030031,18029826,205
2020-04-20 00:40:29,kovan2,18030054,18030046,8
2020-04-20 00:41:59,kovan2,18030074,18030046,28
2020-04-20 00:43:22,kovan2,18030096,18030046,50
2020-04-20 00:44:48,kovan2,18030116,18030111,5
2020-04-20 00:46:12,kovan2,18030137,18030111,26
2020-04-20 00:47:34,kovan2,18030158,18030158,0
2020-04-20 00:49:00,kovan2,18030179,18030180,-1
2020-04-20 00:50:25,kovan2,18030199,18030191,8
2020-04-20 00:51:48,kovan2,18030220,18030191,29
2020-04-20 00:53:11,kovan2,18030243,18030242,1
2020-04-20 00:54:45,kovan2,18030264,18030242,22
2020-04-20 00:56:08,kovan2,18030284,18030242,42
2020-04-20 00:57:30,kovan2,18030307,18030242,65
2020-04-20 00:58:58,kovan2,18030327,18030328,-1
2020-04-20 01:00:24,kovan2,18030350,18030349,1
2020-04-20 01:01:53,kovan2,18030373,18030349,24
2020-04-20 01:03:23,kovan2,18030394,18030392,2
2020-04-20 01:04:50,kovan2,18030415,18030416,-1
2020-04-20 01:06:14,kovan2,18030436,18030416,20
2020-04-20 01:07:39,kovan2,18030459,18030416,43
2020-04-20 01:09:06,kovan2,18030480,18030416,64
2020-04-20 01:10:32,kovan2,18030506,18030487,19
2020-04-20 01:12:15,kovan2,18030528,18030525,3
2020-04-20 01:13:46,kovan2,18030550,18030525,25
2020-04-20 01:15:14,kovan2,18030572,18030571,1
2020-04-20 01:16:43,kovan2,18030595,18030571,24
2020-04-20 01:18:16,kovan2,18030616,18030603,13
2020-04-20 01:19:45,kovan2,18030638,18030603,35
2020-04-20 01:21:09,kovan2,18030659,18030603,56
2020-04-20 01:22:31,kovan2,18030682,18030603,79
2020-04-20 01:24:05,kovan2,18030703,18030693,10
2020-04-20 01:25:29,kovan2,18030724,18030693,31
2020-04-20 01:26:52,kovan2,18030744,18030734,10
2020-04-20 01:28:17,kovan2,18030766,18030734,32
2020-04-20 01:29:39,kovan2,18030788,18030785,3
2020-04-20 01:31:07,kovan2,18030808,18030785,23
2020-04-20 01:32:31,kovan2,18030829,18030785,44
2020-04-20 01:33:54,kovan2,18030853,18030847,6
2020-04-20 01:35:26,kovan2,18030875,18030866,9
2020-04-20 01:36:58,kovan2,18030896,18030866,30
2020-04-20 01:38:22,kovan2,18030916,18030866,50
2020-04-20 01:39:44,kovan2,18030936,18030866,70
2020-04-20 01:41:07,kovan2,18030957,18030866,91
2020-04-20 01:42:30,kovan2,18030978,18030866,112
2020-04-20 01:43:52,kovan2,18030999,18030866,133
2020-04-20 01:45:17,kovan2,18031020,18030866,154
2020-04-20 01:46:39,kovan2,18031040,18030993,47
2020-04-20 01:48:02,kovan2,18031062,18031053,9
2020-04-20 01:49:26,kovan2,18031085,18031079,6
2020-04-20 01:51:00,kovan2,18031108,18031101,7
2020-04-20 01:52:31,kovan2,18031134,18031101,33
2020-04-20 01:54:17,kovan2,18031155,18031101,54
2020-04-20 01:55:41,kovan2,18031176,18031101,75
2020-04-20 01:57:07,kovan2,18031197,18031178,19
2020-04-20 01:58:29,kovan2,18031221,18031205,16
2020-04-20 02:00:05,kovan2,18031242,18031205,37
2020-04-20 02:01:29,kovan2,18031264,18031259,5
2020-04-20 02:02:59,kovan2,18031283,18031259,24
2020-04-20 02:04:23,kovan2,18031305,18031259,46
2020-04-20 02:05:48,kovan2,18031326,18031259,67
2020-04-20 02:07:12,kovan2,18031347,18031259,88
2020-04-20 02:08:35,kovan2,18031368,18031259,109
2020-04-20 02:09:59,kovan2,18031388,18031259,129
2020-04-20 02:11:21,kovan2,18031409,18031385,24
2020-04-20 02:12:46,kovan2,18031430,18031385,45
2020-04-20 02:14:10,kovan2,18031454,18031385,69
2020-04-20 02:15:45,kovan2,18031474,18031460,14
2020-04-20 02:17:08,kovan2,18031495,18031460,35
2020-04-20 02:18:32,kovan2,18031515,18031460,55
2020-04-20 02:19:55,kovan2,18031537,18031530,7
2020-04-20 02:21:20,kovan2,18031558,18031530,28
2020-04-20 02:22:43,kovan2,18031579,18031569,10
2020-04-20 02:24:10,kovan2,18031602,18031589,13
2020-04-20 02:25:40,kovan2,18031624,18031612,12
2020-04-20 02:27:11,kovan2,18031645,18031612,33
2020-04-20 02:28:35,kovan2,18031664,18031658,6
2020-04-20 02:29:58,kovan2,18031688,18031683,5
2020-04-20 02:31:33,kovan2,18031708,18031683,25
2020-04-20 02:32:55,kovan2,18031730,18031683,47
2020-04-20 02:34:21,kovan2,18031751,18031683,68
2020-04-20 02:35:44,kovan2,18031772,18031773,-1
2020-04-20 02:37:12,kovan2,18031797,18031796,1
2020-04-20 02:38:48,kovan2,18031817,18031796,21
2020-04-20 02:40:11,kovan2,18031839,18031821,18
2020-04-20 02:41:39,kovan2,18031860,18031821,39
2020-04-20 02:43:03,kovan2,18031881,18031821,60
2020-04-20 02:44:25,kovan2,18031899,18031821,78
2020-04-20 02:45:47,kovan2,18031921,18031821,100
2020-04-20 02:47:12,kovan2,18031942,18031821,121
2020-04-20 02:48:38,kovan2,18031963,18031821,142
2020-04-20 02:50:00,kovan2,18031986,18031972,14
2020-04-20 02:51:36,kovan2,18032008,18031997,11
2020-04-20 02:52:59,kovan2,18032028,18031997,31
2020-04-20 02:54:22,kovan2,18032049,18031997,52
2020-04-20 02:55:45,kovan2,18032070,18031997,73
2020-04-20 02:57:09,kovan2,18032091,18031997,94
2020-04-20 02:58:32,kovan2,18032112,18031997,115
2020-04-20 02:59:56,kovan2,18032132,18031997,135
2020-04-20 03:01:18,kovan2,18032156,18032139,17
2020-04-20 03:02:55,kovan2,18032181,18032174,7
2020-04-20 03:04:33,kovan2,18032202,18032203,-1
2020-04-20 03:05:57,kovan2,18032223,18032206,17
2020-04-20 03:07:19,kovan2,18032243,18032244,-1
2020-04-20 03:08:43,kovan2,18032264,18032265,-1
2020-04-20 03:10:07,kovan2,18032285,18032274,11
2020-04-20 03:11:30,kovan2,18032307,18032308,-1
2020-04-20 03:13:00,kovan2,18032330,18032321,9
2020-04-20 03:14:29,kovan2,18032353,18032338,15
2020-04-20 03:16:01,kovan2,18032373,18032358,15
2020-04-20 03:17:25,kovan2,18032394,18032395,-1
2020-04-20 03:18:49,kovan2,18032416,18032404,12
2020-04-20 03:20:15,kovan2,18032438,18032426,12
2020-04-20 03:21:44,kovan2,18032460,18032461,-1
2020-04-20 03:23:17,kovan2,18032481,18032474,7
2020-04-20 03:24:39,kovan2,18032500,18032474,26
2020-04-20 03:26:01,kovan2,18032522,18032515,7
2020-04-20 03:27:29,kovan2,18032543,18032544,-1
2020-04-20 03:28:53,kovan2,18032562,18032545,17
2020-04-20 03:30:16,kovan2,18032583,18032574,9
2020-04-20 03:31:40,kovan2,18032603,18032591,12
2020-04-20 03:33:03,kovan2,18032624,18032606,18
2020-04-20 03:34:26,kovan2,18032645,18032606,39
2020-04-20 03:35:48,kovan2,18032666,18032663,3
2020-04-20 03:37:12,kovan2,18032687,18032663,24
2020-04-20 03:38:34,kovan2,18032711,18032698,13
2020-04-20 03:40:14,kovan2,18032734,18032733,1
2020-04-20 03:41:45,kovan2,18032755,18032733,22
2020-04-20 03:43:08,kovan2,18032776,18032767,9
2020-04-20 03:44:31,kovan2,18032797,18032791,6
2020-04-20 03:45:58,kovan2,18032820,18032820,0
2020-04-20 03:47:25,kovan2,18032843,18032835,8
2020-04-20 03:48:59,kovan2,18032868,18032864,4
2020-04-20 03:50:42,kovan2,18032889,18032879,10
2020-04-20 03:52:05,kovan2,18032910,18032912,-2
2020-04-20 03:53:34,kovan2,18032932,18032933,-1
2020-04-20 03:54:57,kovan2,18032954,18032955,-1
2020-04-20 03:56:26,kovan2,18032977,18032977,0
2020-04-20 03:57:54,kovan2,18033001,18032985,16
2020-04-20 03:59:34,kovan2,18033022,18033008,14
2020-04-20 04:00:58,kovan2,18033044,18033033,11
2020-04-20 04:02:24,kovan2,18033064,18033048,16
2020-04-20 04:03:47,kovan2,18033085,18033078,7
2020-04-20 04:05:10,kovan2,18033106,18033097,9
2020-04-20 04:06:33,kovan2,18033130,18033130,0
2020-04-20 04:08:11,kovan2,18033151,18033150,1
2020-04-20 04:09:34,kovan2,18033174,18033158,16
2020-04-20 04:11:05,kovan2,18033195,18033179,16
2020-04-20 04:12:29,kovan2,18033216,18033203,13
2020-04-20 04:13:53,kovan2,18033237,18033236,1
2020-04-20 04:15:17,kovan2,18033259,18033256,3
2020-04-20 04:16:43,kovan2,18033282,18033275,7
2020-04-20 04:18:16,kovan2,18033303,18033279,24
2020-04-20 04:19:40,kovan2,18033323,18033324,-1
2020-04-20 04:21:03,kovan2,18033350,18033348,2
2020-04-20 04:22:47,kovan2,18033371,18033348,23
2020-04-20 04:24:17,kovan2,18033396,18033393,3
2020-04-20 04:25:53,kovan2,18033421,18033408,13
2020-04-20 04:27:31,kovan2,18033440,18033408,32
2020-04-20 04:28:53,kovan2,18033461,18033451,10
2020-04-20 04:30:20,kovan2,18033483,18033473,10
2020-04-20 04:31:47,kovan2,18033506,18033506,0
2020-04-20 04:33:20,kovan2,18033527,18033511,16
2020-04-20 04:34:44,kovan2,18033550,18033538,12
2020-04-20 04:36:22,kovan2,18033573,18033563,10
2020-04-20 04:37:49,kovan2,18033594,18033585,9
2020-04-20 04:39:15,kovan2,18033615,18033614,1
2020-04-20 04:40:44,kovan2,18033637,18033614,23
2020-04-20 04:42:12,kovan2,18033658,18033641,17
2020-04-20 04:43:37,kovan2,18033678,18033669,9
2020-04-20 04:45:03,kovan2,18033700,18033693,7
2020-04-20 04:46:26,kovan2,18033721,18033718,3
2020-04-20 04:47:58,kovan2,18033740,18033741,-1
2020-04-20 04:49:23,kovan2,18033763,18033759,4
2020-04-20 04:50:55,kovan2,18033784,18033775,9
2020-04-20 04:52:17,kovan2,18033804,18033805,-1
2020-04-20 04:53:41,kovan2,18033826,18033824,2
2020-04-20 04:55:07,kovan2,18033847,18033837,10
2020-04-20 04:56:32,kovan2,18033868,18033837,31
2020-04-20 04:57:54,kovan2,18033888,18033837,51
2020-04-20 04:59:17,kovan2,18033909,18033837,72
2020-04-20 05:00:39,kovan2,18033931,18033931,0
2020-04-20 05:02:06,kovan2,18033950,18033931,19
2020-04-20 05:03:28,kovan2,18033972,18033973,-1
2020-04-20 05:04:57,kovan2,18033994,18033979,15
2020-04-20 05:06:25,kovan2,18034016,18034011,5
2020-04-20 05:07:57,kovan2,18034037,18034011,26
2020-04-20 05:09:19,kovan2,18034057,18034011,46
2020-04-20 05:10:41,kovan2,18034078,18034078,0
2020-04-20 05:12:03,kovan2,18034099,18034098,1
2020-04-20 05:13:29,kovan2,18034121,18034118,3
2020-04-20 05:14:57,kovan2,18034142,18034134,8
2020-04-20 05:16:21,kovan2,18034163,18034164,-1
2020-04-20 05:17:46,kovan2,18034184,18034184,0
2020-04-20 05:19:09,kovan2,18034207,18034188,19
2020-04-20 05:20:38,kovan2,18034226,18034226,0
2020-04-20 05:22:00,kovan2,18034246,18034231,15
2020-04-20 05:23:22,kovan2,18034266,18034253,13
2020-04-20 05:24:44,kovan2,18034286,18034287,-1
2020-04-20 05:26:06,kovan2,18034307,18034295,12
2020-04-20 05:27:28,kovan2,18034328,18034327,1
2020-04-20 05:28:53,kovan2,18034349,18034350,-1
2020-04-20 05:30:20,kovan2,18034370,18034357,13
2020-04-20 05:31:42,kovan2,18034389,18034389,0
2020-04-20 05:33:04,kovan2,18034409,18034402,7
2020-04-20 05:34:28,kovan2,18034428,18034429,-1
2020-04-20 05:35:51,kovan2,18034448,18034447,1
2020-04-20 05:37:15,kovan2,18034469,18034452,17
2020-04-20 05:38:38,kovan2,18034490,18034482,8
2020-04-20 05:40:01,kovan2,18034513,18034513,0
2020-04-20 05:41:34,kovan2,18034533,18034529,4
2020-04-20 05:43:00,kovan2,18034554,18034545,9
2020-04-20 05:44:23,kovan2,18034574,18034571,3
2020-04-20 05:45:46,kovan2,18034596,18034596,0
2020-04-20 05:47:09,kovan2,18034618,18034618,0
2020-04-20 05:48:40,kovan2,18034638,18034639,-1
2020-04-20 05:50:02,kovan2,18034662,18034657,5
2020-04-20 05:51:35,kovan2,18034685,18034678,7
2020-04-20 05:53:09,kovan2,18034705,18034706,-1
2020-04-20 05:54:36,kovan2,18034726,18034713,13
2020-04-20 05:55:58,kovan2,18034747,18034739,8
2020-04-20 05:57:26,kovan2,18034769,18034760,9
2020-04-20 05:58:54,kovan2,18034792,18034789,3
2020-04-20 06:00:25,kovan2,18034815,18034815,0
2020-04-20 06:01:55,kovan2,18034835,18034836,-1
2020-04-20 06:03:20,kovan2,18034856,18034856,0
2020-04-20 06:04:43,kovan2,18034876,18034876,0
2020-04-20 06:06:05,kovan2,18034897,18034896,1
2020-04-20 06:07:32,kovan2,18034916,18034914,2
2020-04-20 06:08:57,kovan2,18034936,18034937,-1
2020-04-20 06:10:19,kovan2,18034957,18034942,15
2020-04-20 06:11:41,kovan2,18034978,18034967,11
2020-04-20 06:13:04,kovan2,18034998,18034992,6
2020-04-20 06:14:29,kovan2,18035020,18035021,-1
2020-04-20 06:15:58,kovan2,18035043,18035044,-1
2020-04-20 06:17:33,kovan2,18035064,18035048,16
2020-04-20 06:18:55,kovan2,18035085,18035082,3
2020-04-20 06:20:21,kovan2,18035105,18035093,12
2020-04-20 06:21:43,kovan2,18035125,18035093,32
2020-04-20 06:23:05,kovan2,18035145,18035146,-1
2020-04-20 06:24:27,kovan2,18035165,18035166,-1
2020-04-20 06:25:49,kovan2,18035188,18035175,13
2020-04-20 06:27:23,kovan2,18035209,18035210,-1
2020-04-20 06:28:47,kovan2,18035231,18035221,10
2020-04-20 06:30:12,kovan2,18035251,18035251,0
2020-04-20 06:31:34,kovan2,18035272,18035272,0
2020-04-20 06:33:00,kovan2,18035293,18035293,0
2020-04-20 06:34:24,kovan2,18035314,18035312,2
2020-04-20 06:35:46,kovan2,18035334,18035334,0
2020-04-20 06:37:11,kovan2,18035355,18035345,10
2020-04-20 06:38:33,kovan2,18035376,18035371,5
2020-04-20 06:40:00,kovan2,18035397,18035393,4
2020-04-20 06:41:26,kovan2,18035418,18035407,11
2020-04-20 06:42:49,kovan2,18035439,18035416,23
2020-04-20 06:44:12,kovan2,18035460,18035460,0
2020-04-20 06:45:36,kovan2,18035481,18035468,13
2020-04-20 06:46:58,kovan2,18035501,18035468,33
2020-04-20 06:48:20,kovan2,18035521,18035468,53
2020-04-20 06:49:42,kovan2,18035542,18035468,74
2020-04-20 06:51:04,kovan2,18035562,18035468,94
2020-04-20 06:52:26,kovan2,18035583,18035468,115
2020-04-20 06:53:48,kovan2,18035604,18035468,136
2020-04-20 06:55:11,kovan2,18035624,18035625,-1
2020-04-20 06:56:33,kovan2,18035645,18035636,9
2020-04-20 06:57:57,kovan2,18035665,18035636,29
2020-04-20 06:59:20,kovan2,18035686,18035636,50
2020-04-20 07:00:42,kovan2,18035707,18035636,71
2020-04-20 07:02:05,kovan2,18035727,18035728,-1
2020-04-20 07:03:27,kovan2,18035748,18035736,12
2020-04-20 07:04:49,kovan2,18035769,18035736,33
2020-04-20 07:06:12,kovan2,18035790,18035736,54
2020-04-20 07:07:35,kovan2,18035810,18035736,74
2020-04-20 07:08:57,kovan2,18035831,18035736,95
2020-04-20 07:10:19,kovan2,18035854,18035853,1
2020-04-20 07:11:53,kovan2,18035882,18035874,8
2020-04-20 07:13:45,kovan2,18035903,18035903,0
2020-04-20 07:15:08,kovan2,18035925,18035921,4
2020-04-20 07:16:35,kovan2,18035949,18035949,0
2020-04-20 07:18:10,kovan2,18035970,18035962,8
2020-04-20 07:19:35,kovan2,18035991,18035992,-1
2020-04-20 07:21:02,kovan2,18036012,18035994,18
2020-04-20 07:22:25,kovan2,18036033,18035994,39
2020-04-20 07:23:48,kovan2,18036054,18035994,60
2020-04-20 07:25:10,kovan2,18036074,18035994,80
2020-04-20 07:26:32,kovan2,18036095,18035994,101
2020-04-20 07:27:55,kovan2,18036116,18035994,122
2020-04-20 07:29:17,kovan2,18036136,18035994,142
2020-04-20 07:30:39,kovan2,18036156,18035994,162
2020-04-20 07:32:01,kovan2,18036176,18035994,182
2020-04-20 07:33:23,kovan2,18036197,18035994,203
2020-04-20 07:34:47,kovan2,18036218,18035994,224
2020-04-20 07:36:09,kovan2,18036238,18035994,244
2020-04-20 07:37:31,kovan2,18036260,18035994,266
2020-04-20 07:38:54,kovan2,18036280,18035994,286
2020-04-20 07:40:17,kovan2,18036301,18036301,0
2020-04-20 07:41:41,kovan2,18036325,18036321,4
2020-04-20 07:43:14,kovan2,18036345,18036346,-1
2020-04-20 07:44:37,kovan2,18036366,18036352,14
2020-04-20 07:46:01,kovan2,18036386,18036352,34
2020-04-20 07:47:23,kovan2,18036407,18036407,0
2020-04-20 07:48:45,kovan2,18036430,18036430,0
2020-04-20 07:50:16,kovan2,18036450,18036432,18
2020-04-20 07:51:38,kovan2,18036471,18036472,-1
2020-04-20 07:53:01,kovan2,18036496,18036497,-1
2020-04-20 07:54:43,kovan2,18036523,18036517,6
2020-04-20 07:56:31,kovan2,18036544,18036517,27
2020-04-20 07:57:53,kovan2,18036564,18036565,-1
2020-04-20 07:59:15,kovan2,18036585,18036566,19
2020-04-20 08:00:38,kovan2,18036609,18036602,7
2020-04-20 08:02:12,kovan2,18036631,18036632,-1
2020-04-20 08:03:44,kovan2,18036654,18036646,8
2020-04-20 08:05:12,kovan2,18036676,18036646,30
2020-04-20 08:06:45,kovan2,18036706,18036706,0
2020-04-20 08:08:40,kovan2,18036736,18036729,7
2020-04-20 08:10:42,kovan2,18036758,18036748,10
2020-04-20 08:12:12,kovan2,18036785,18036785,0
2020-04-20 08:13:57,kovan2,18036817,18036800,17
2020-04-20 08:16:08,kovan2,18036843,18036840,3
2020-04-20 08:17:50,kovan2,18036864,18036849,15
2020-04-20 08:19:14,kovan2,18036888,18036881,7
2020-04-20 08:20:46,kovan2,18036911,18036899,12
2020-04-20 08:22:21,kovan2,18036931,18036932,-1
2020-04-20 08:23:43,kovan2,18036953,18036953,0
2020-04-20 08:25:08,kovan2,18036980,18036965,15
2020-04-20 08:26:56,kovan2,18037000,18036965,35
2020-04-20 08:28:18,kovan2,18037023,18037022,1
2020-04-20 08:29:47,kovan2,18037043,18037037,6
2020-04-20 08:31:11,kovan2,18037065,18037037,28
2020-04-20 08:32:35,kovan2,18037085,18037073,12
2020-04-20 08:33:57,kovan2,18037106,18037098,8
2020-04-20 08:35:22,kovan2,18037130,18037124,6
2020-04-20 08:36:56,kovan2,18037151,18037145,6
2020-04-20 08:38:21,kovan2,18037171,18037160,11
2020-04-20 08:39:43,kovan2,18037192,18037193,-1
2020-04-20 08:41:05,kovan2,18037213,18037213,0
2020-04-20 08:42:28,kovan2,18037233,18037225,8
2020-04-20 08:43:50,kovan2,18037254,18037255,-1
2020-04-20 08:45:13,kovan2,18037277,18037267,10
2020-04-20 08:46:43,kovan2,18037298,18037267,31
2020-04-20 08:48:07,kovan2,18037319,18037267,52
2020-04-20 08:49:31,kovan2,18037339,18037340,-1
2020-04-20 08:50:53,kovan2,18037360,18037350,10
2020-04-20 08:52:16,kovan2,18037380,18037350,30
2020-04-20 08:53:39,kovan2,18037402,18037397,5
2020-04-20 08:55:04,kovan2,18037422,18037422,0
2020-04-20 08:56:26,kovan2,18037443,18037440,3
2020-04-20 08:57:53,kovan2,18037464,18037464,0
2020-04-20 08:59:15,kovan2,18037489,18037477,12
2020-04-20 09:00:58,kovan2,18037510,18037511,-1
2020-04-20 09:02:26,kovan2,18037531,18037523,8
2020-04-20 09:03:50,kovan2,18037553,18037540,13
2020-04-20 09:05:18,kovan2,18037574,18037574,0
2020-04-20 09:06:41,kovan2,18037598,18037586,12
2020-04-20 09:08:16,kovan2,18037619,18037604,15
2020-04-20 09:09:39,kovan2,18037639,18037632,7
2020-04-20 09:11:03,kovan2,18037660,18037661,-1
2020-04-20 09:12:26,kovan2,18037682,18037680,2
2020-04-20 09:13:54,kovan2,18037702,18037680,22
2020-04-20 09:15:17,kovan2,18037724,18037724,0
2020-04-20 09:16:39,kovan2,18037745,18037731,14
2020-04-20 09:18:03,kovan2,18037766,18037731,35
2020-04-20 09:19:25,kovan2,18037786,18037731,55
2020-04-20 09:20:49,kovan2,18037806,18037731,75
2020-04-20 09:22:11,kovan2,18037826,18037731,95
2020-04-20 09:23:33,kovan2,18037846,18037731,115
2020-04-20 09:24:55,kovan2,18037867,18037731,136
2020-04-20 09:26:17,kovan2,18037888,18037731,157
2020-04-20 09:27:39,kovan2,18037908,18037731,177
2020-04-20 09:29:01,kovan2,18037929,18037930,-1
2020-04-20 09:30:26,kovan2,18037951,18037951,0
2020-04-20 09:31:54,kovan2,18037971,18037971,0
2020-04-20 09:33:16,kovan2,18037993,18037993,0
2020-04-20 09:34:43,kovan2,18038014,18038004,10
2020-04-20 09:36:09,kovan2,18038033,18038034,-1
2020-04-20 09:37:31,kovan2,18038054,18038054,0
2020-04-20 09:38:53,kovan2,18038074,18038054,20
2020-04-20 09:40:15,kovan2,18038095,18038096,-1
2020-04-20 09:41:37,kovan2,18038116,18038116,0
2020-04-20 09:43:00,kovan2,18038136,18038137,-1
2020-04-20 09:44:23,kovan2,18038157,18038157,0
2020-04-20 09:45:45,kovan2,18038176,18038177,-1
2020-04-20 09:47:07,kovan2,18038199,18038199,0
2020-04-20 09:48:36,kovan2,18038219,18038209,10
2020-04-20 09:49:58,kovan2,18038240,18038240,0
2020-04-20 09:51:20,kovan2,18038260,18038261,-1
2020-04-20 09:52:42,kovan2,18038284,18038285,-1
2020-04-20 09:54:17,kovan2,18038304,18038305,-1
2020-04-20 09:55:39,kovan2,18038326,18038326,0
2020-04-20 09:57:05,kovan2,18038347,18038347,0
2020-04-20 09:58:28,kovan2,18038371,18038371,0
2020-04-20 10:00:02,kovan2,18038392,18038392,0
2020-04-20 10:01:28,kovan2,18038413,18038410,3
2020-04-20 10:02:53,kovan2,18038434,18038434,0
2020-04-20 10:04:16,kovan2,18038454,18038455,-1
2020-04-20 10:05:38,kovan2,18038475,18038472,3
2020-04-20 10:07:01,kovan2,18038496,18038496,0
2020-04-20 10:08:23,kovan2,18038517,18038517,0
2020-04-20 10:09:46,kovan2,18038537,18038520,17
2020-04-20 10:11:12,kovan2,18038558,18038559,-1
2020-04-20 10:12:34,kovan2,18038579,18038580,-1
2020-04-20 10:13:58,kovan2,18038600,18038600,0
2020-04-20 10:15:20,kovan2,18038621,18038621,0
2020-04-20 10:16:43,kovan2,18038641,18038642,-1
2020-04-20 10:18:07,kovan2,18038663,18038663,0
2020-04-20 10:19:32,kovan2,18038683,18038684,-1
2020-04-20 10:20:54,kovan2,18038705,18038690,15
2020-04-20 10:22:24,kovan2,18038726,18038727,-1
2020-04-20 10:23:47,kovan2,18038747,18038748,-1
2020-04-20 10:25:09,kovan2,18038768,18038769,-1
2020-04-20 10:26:33,kovan2,18038793,18038791,2
2020-04-20 10:28:12,kovan2,18038817,18038816,1
2020-04-20 10:29:50,kovan2,18038837,18038816,21
2020-04-20 10:31:12,kovan2,18038857,18038816,41
2020-04-20 10:32:34,kovan2,18038882,18038869,13
2020-04-20 10:34:14,kovan2,18038904,18038905,-1
2020-04-20 10:35:41,kovan2,18038926,18038926,0
2020-04-20 10:37:08,kovan2,18038948,18038944,4
2020-04-20 10:38:36,kovan2,18038969,18038969,0
2020-04-20 10:40:00,kovan2,18038989,18038990,-1
2020-04-20 10:41:22,kovan2,18039011,18039011,0
2020-04-20 10:42:48,kovan2,18039032,18039033,-1
2020-04-20 10:44:13,kovan2,18039055,18039054,1
2020-04-20 10:45:46,kovan2,18039075,18039075,0
2020-04-20 10:47:08,kovan2,18039099,18039086,13
2020-04-20 10:48:46,kovan2,18039122,18039122,0
2020-04-20 10:50:14,kovan2,18039142,18039140,2
2020-04-20 10:51:37,kovan2,18039163,18039158,5
2020-04-20 10:53:02,kovan2,18039184,18039174,10
2020-04-20 10:54:24,kovan2,18039205,18039205,0
2020-04-20 10:55:46,kovan2,18039227,18039226,1
2020-04-20 10:57:15,kovan2,18039247,18039246,1
2020-04-20 10:58:38,kovan2,18039268,18039264,4
2020-04-20 11:00:02,kovan2,18039289,18039289,0
2020-04-20 11:01:24,kovan2,18039312,18039310,2
2020-04-20 11:02:55,kovan2,18039333,18039326,7
2020-04-20 11:04:18,kovan2,18039353,18039354,-1
2020-04-20 11:05:43,kovan2,18039374,18039374,0
2020-04-20 11:07:05,kovan2,18039394,18039393,1
2020-04-20 11:08:27,kovan2,18039415,18039416,-1
2020-04-20 11:09:49,kovan2,18039435,18039436,-1
2020-04-20 11:11:11,kovan2,18039456,18039456,0
2020-04-20 11:12:34,kovan2,18039478,18039478,0
2020-04-20 11:13:59,kovan2,18039499,18039499,0
2020-04-20 11:15:22,kovan2,18039518,18039519,-1
2020-04-20 11:16:47,kovan2,18039539,18039539,0
2020-04-20 11:18:09,kovan2,18039560,18039560,0
2020-04-20 11:19:31,kovan2,18039581,18039581,0
2020-04-20 11:20:54,kovan2,18039602,18039600,2
2020-04-20 11:22:17,kovan2,18039622,18039623,-1
2020-04-20 11:23:42,kovan2,18039645,18039643,2
2020-04-20 11:25:14,kovan2,18039666,18039667,-1
2020-04-20 11:26:37,kovan2,18039687,18039687,0
2020-04-20 11:27:59,kovan2,18039710,18039710,0
2020-04-20 11:29:33,kovan2,18039731,18039718,13
2020-04-20 11:30:55,kovan2,18039751,18039752,-1
2020-04-20 11:32:17,kovan2,18039771,18039772,-1
2020-04-20 11:33:40,kovan2,18039792,18039793,-1
2020-04-20 11:35:02,kovan2,18039813,18039813,0
2020-04-20 11:36:25,kovan2,18039834,18039834,0
2020-04-20 11:37:47,kovan2,18039856,18039857,-1
2020-04-20 11:39:17,kovan2,18039877,18039877,0
2020-04-20 11:40:39,kovan2,18039899,18039893,6
2020-04-20 11:42:07,kovan2,18039920,18039920,0
2020-04-20 11:43:32,kovan2,18039941,18039941,0
2020-04-20 11:44:55,kovan2,18039961,18039960,1
2020-04-20 11:46:19,kovan2,18039982,18039983,-1
2020-04-20 11:47:42,kovan2,18040003,18040004,-1
2020-04-20 11:49:05,kovan2,18040024,18040025,-1
2020-04-20 11:50:29,kovan2,18040045,18040045,0
2020-04-20 11:51:51,kovan2,18040065,18040066,-1
2020-04-20 11:53:13,kovan2,18040086,18040077,9
2020-04-20 11:54:36,kovan2,18040106,18040107,-1
2020-04-20 11:55:58,kovan2,18040128,18040129,-1
2020-04-20 11:57:26,kovan2,18040149,18040149,0
2020-04-20 11:58:48,kovan2,18040172,18040169,3
2020-04-20 12:00:19,kovan2,18040192,18040193,-1
2020-04-20 12:01:42,kovan2,18040215,18040214,1
2020-04-20 12:03:14,kovan2,18040237,18040237,0
2020-04-20 12:04:41,kovan2,18040257,18040258,-1
2020-04-20 12:06:04,kovan2,18040278,18040279,-1
2020-04-20 12:07:26,kovan2,18040298,18040288,10
2020-04-20 12:08:48,kovan2,18040319,18040320,-1
2020-04-20 12:10:10,kovan2,18040340,18040337,3
2020-04-20 12:11:33,kovan2,18040361,18040361,0
2020-04-20 12:12:57,kovan2,18040382,18040381,1
2020-04-20 12:14:23,kovan2,18040403,18040399,4
2020-04-20 12:15:45,kovan2,18040424,18040425,-1
2020-04-20 12:17:09,kovan2,18040445,18040445,0
2020-04-20 12:18:32,kovan2,18040466,18040459,7
2020-04-20 12:19:54,kovan2,18040486,18040475,11
2020-04-20 12:21:17,kovan2,18040507,18040475,32
2020-04-20 12:22:40,kovan2,18040527,18040475,52
2020-04-20 12:24:02,kovan2,18040551,18040543,8
2020-04-20 12:25:38,kovan2,18040572,18040543,29
2020-04-20 12:27:02,kovan2,18040594,18040594,0
2020-04-20 12:28:27,kovan2,18040615,18040607,8
2020-04-20 12:29:52,kovan2,18040636,18040632,4
2020-04-20 12:31:16,kovan2,18040657,18040632,25
2020-04-20 12:32:38,kovan2,18040677,18040632,45
2020-04-20 12:34:03,kovan2,18040698,18040632,66
2020-04-20 12:35:25,kovan2,18040719,18040720,-1
2020-04-20 12:36:50,kovan2,18040740,18040722,18
2020-04-20 12:38:13,kovan2,18040761,18040722,39
2020-04-20 12:39:35,kovan2,18040782,18040722,60
2020-04-20 12:41:00,kovan2,18040805,18040800,5
2020-04-20 12:42:33,kovan2,18040827,18040821,6
2020-04-20 12:44:04,kovan2,18040849,18040847,2
2020-04-20 12:45:26,kovan2,18040869,18040865,4
2020-04-20 12:46:49,kovan2,18040891,18040891,0
2020-04-20 12:48:14,kovan2,18040911,18040908,3
2020-04-20 12:49:38,kovan2,18040932,18040930,2
2020-04-20 12:51:01,kovan2,18040955,18040955,0
2020-04-20 12:52:31,kovan2,18040975,18040976,-1
2020-04-20 12:53:53,kovan2,18040996,18040977,19
2020-04-20 12:55:16,kovan2,18041017,18041015,2
2020-04-20 12:56:46,kovan2,18041040,18041037,3
2020-04-20 12:58:13,kovan2,18041060,18041060,0
2020-04-20 12:59:35,kovan2,18041084,18041080,4
2020-04-20 13:01:16,kovan2,18041107,18041107,0
2020-04-20 13:02:43,kovan2,18041126,18041128,-2
2020-04-20 13:04:06,kovan2,18041148,18041137,11
2020-04-20 13:05:30,kovan2,18041168,18041169,-1
2020-04-20 13:06:52,kovan2,18041194,18041180,14
2020-04-20 13:08:31,kovan2,18041214,18041203,11
2020-04-20 13:09:53,kovan2,18041237,18041230,7
2020-04-20 13:11:28,kovan2,18041258,18041252,6
2020-04-20 13:12:52,kovan2,18041279,18041280,-1
2020-04-20 13:14:14,kovan2,18041302,18041302,0
2020-04-20 13:15:47,kovan2,18041326,18041318,8
2020-04-20 13:17:20,kovan2,18041346,18041347,-1
2020-04-20 13:18:42,kovan2,18041369,18041362,7
2020-04-20 13:20:11,kovan2,18041391,18041377,14
2020-04-20 13:21:40,kovan2,18041413,18041411,2
2020-04-20 13:23:09,kovan2,18041434,18041429,5
2020-04-20 13:24:32,kovan2,18041455,18041452,3
2020-04-20 13:25:56,kovan2,18041479,18041472,7
2020-04-20 13:27:32,kovan2,18041501,18041492,9
2020-04-20 13:29:01,kovan2,18041523,18041510,13
2020-04-20 13:30:31,kovan2,18041544,18041545,-1
2020-04-20 13:31:53,kovan2,18041566,18041563,3
2020-04-20 13:33:24,kovan2,18041588,18041580,8
2020-04-20 13:34:48,kovan2,18041613,18041605,8
2020-04-20 13:36:32,kovan2,18041633,18041634,-1
2020-04-20 13:37:56,kovan2,18041655,18041655,0
2020-04-20 13:39:19,kovan2,18041677,18041674,3
2020-04-20 13:40:49,kovan2,18041698,18041698,0
2020-04-20 13:42:12,kovan2,18041722,18041717,5
2020-04-20 13:43:50,kovan2,18041748,18041740,8
2020-04-20 13:45:35,kovan2,18041771,18041770,1
2020-04-20 13:47:07,kovan2,18041793,18041794,-1
2020-04-20 13:48:33,kovan2,18041815,18041815,0
2020-04-20 13:49:59,kovan2,18041835,18041819,16
2020-04-20 13:51:22,kovan2,18041855,18041848,7
2020-04-20 13:52:46,kovan2,18041876,18041864,12
2020-04-20 13:54:10,kovan2,18041898,18041885,13
2020-04-20 13:55:39,kovan2,18041919,18041909,10
2020-04-20 13:57:04,kovan2,18041942,18041941,1
2020-04-20 13:58:31,kovan2,18041965,18041963,2
2020-04-20 14:00:04,kovan2,18041985,18041986,-1
2020-04-20 14:01:27,kovan2,18042007,18042008,-1
2020-04-20 14:02:53,kovan2,18042036,18042026,10
2020-04-20 14:04:49,kovan2,18042057,18042026,31
2020-04-20 14:06:13,kovan2,18042077,18042072,5
2020-04-20 14:07:35,kovan2,18042100,18042099,1
2020-04-20 14:09:06,kovan2,18042123,18042116,7
2020-04-20 14:10:36,kovan2,18042144,18042135,9
2020-04-20 14:12:01,kovan2,18042164,18042141,23
2020-04-20 14:13:23,kovan2,18042188,18042185,3
2020-04-20 14:15:00,kovan2,18042210,18042210,0
2020-04-20 14:16:26,kovan2,18042234,18042228,6
2020-04-20 14:17:59,kovan2,18042257,18042258,-1
2020-04-20 14:19:33,kovan2,18042277,18042269,8
2020-04-20 14:20:55,kovan2,18042301,18042301,0
2020-04-20 14:22:26,kovan2,18042321,18042317,4
2020-04-20 14:23:50,kovan2,18042342,18042339,3
2020-04-20 14:25:12,kovan2,18042364,18042363,1
2020-04-20 14:26:38,kovan2,18042384,18042378,6
2020-04-20 14:28:00,kovan2,18042404,18042404,0
2020-04-20 14:29:23,kovan2,18042427,18042424,3
2020-04-20 14:30:54,kovan2,18042448,18042440,8
2020-04-20 14:32:16,kovan2,18042468,18042469,-1
2020-04-20 14:33:39,kovan2,18042489,18042489,0
2020-04-20 14:35:01,kovan2,18042512,18042510,2
2020-04-20 14:36:33,kovan2,18042534,18042530,4
2020-04-20 14:38:00,kovan2,18042556,18042555,1
2020-04-20 14:39:30,kovan2,18042577,18042577,0
2020-04-20 14:40:53,kovan2,18042598,18042593,5
2020-04-20 14:42:17,kovan2,18042618,18042619,-1
2020-04-20 14:43:40,kovan2,18042640,18042629,11
2020-04-20 14:45:03,kovan2,18042664,18042660,4
2020-04-20 14:46:48,kovan2,18042685,18042678,7
2020-04-20 14:48:10,kovan2,18042707,18042705,2
2020-04-20 14:49:38,kovan2,18042728,18042712,16
2020-04-20 14:51:02,kovan2,18042750,18042738,12
2020-04-20 14:52:29,kovan2,18042771,18042738,33
2020-04-20 14:53:53,kovan2,18042791,18042792,-1
2020-04-20 14:55:16,kovan2,18042813,18042795,18
2020-04-20 14:56:41,kovan2,18042835,18042795,40
2020-04-20 14:58:06,kovan2,18042855,18042795,60
2020-04-20 14:59:30,kovan2,18042876,18042795,81
2020-04-20 15:00:55,kovan2,18042898,18042889,9
2020-04-20 15:02:21,kovan2,18042918,18042889,29
2020-04-20 15:03:43,kovan2,18042939,18042939,0
2020-04-20 15:05:06,kovan2,18042959,18042959,0
2020-04-20 15:06:33,kovan2,18042980,18042980,0
2020-04-20 15:07:55,kovan2,18043001,18043001,0
2020-04-20 15:09:18,kovan2,18043022,18043017,5
2020-04-20 15:10:46,kovan2,18043047,18043036,11
2020-04-20 15:12:25,kovan2,18043068,18043068,0
2020-04-20 15:13:48,kovan2,18043089,18043089,0
2020-04-20 15:15:12,kovan2,18043110,18043104,6
2020-04-20 15:16:35,kovan2,18043131,18043131,0
2020-04-20 15:18:01,kovan2,18043152,18043152,0
2020-04-20 15:19:23,kovan2,18043173,18043162,11
2020-04-20 15:20:47,kovan2,18043195,18043193,2
2020-04-20 15:22:16,kovan2,18043216,18043211,5
2020-04-20 15:23:42,kovan2,18043237,18043237,0
2020-04-20 15:25:04,kovan2,18043257,18043258,-1
2020-04-20 15:26:27,kovan2,18043279,18043279,0
2020-04-20 15:27:52,kovan2,18043305,18043296,9
2020-04-20 15:29:35,kovan2,18043325,18043326,-1
2020-04-20 15:30:57,kovan2,18043346,18043347,-1
2020-04-20 15:32:22,kovan2,18043367,18043352,15
2020-04-20 15:33:44,kovan2,18043388,18043384,4
2020-04-20 15:35:08,kovan2,18043410,18043411,-1
2020-04-20 15:36:40,kovan2,18043433,18043433,0
2020-04-20 15:38:08,kovan2,18043455,18043456,-1
2020-04-20 15:39:39,kovan2,18043476,18043477,-1
2020-04-20 15:41:03,kovan2,18043497,18043497,0
2020-04-20 15:42:25,kovan2,18043521,18043518,3
2020-04-20 15:44:02,kovan2,18043543,18043537,6
2020-04-20 15:45:30,kovan2,18043567,18043567,0
2020-04-20 15:47:01,kovan2,18043588,18043584,4
2020-04-20 15:48:30,kovan2,18043609,18043609,0
2020-04-20 15:49:52,kovan2,18043631,18043632,-1
2020-04-20 15:51:22,kovan2,18043654,18043652,2
2020-04-20 15:52:50,kovan2,18043674,18043672,2
2020-04-20 15:54:14,kovan2,18043696,18043696,0
2020-04-20 15:55:41,kovan2,18043718,18043713,5
2020-04-20 15:57:09,kovan2,18043738,18043738,0
2020-04-20 15:58:31,kovan2,18043758,18043759,-1
2020-04-20 15:59:54,kovan2,18043780,18043780,0
2020-04-20 16:01:19,kovan2,18043800,18043795,5
2020-04-20 16:02:42,kovan2,18043821,18043795,26
2020-04-20 16:04:04,kovan2,18043841,18043837,4
2020-04-20 16:05:28,kovan2,18043863,18043864,-1
2020-04-20 16:06:54,kovan2,18043884,18043884,0
2020-04-20 16:08:16,kovan2,18043905,18043891,14
2020-04-20 16:09:39,kovan2,18043925,18043891,34
2020-04-20 16:11:01,kovan2,18043946,18043935,11
2020-04-20 16:12:26,kovan2,18043969,18043961,8
2020-04-20 16:13:56,kovan2,18043991,18043990,1
2020-04-20 16:15:25,kovan2,18044012,18044013,-1
2020-04-20 16:16:52,kovan2,18044033,18044034,-1
2020-04-20 16:18:14,kovan2,18044054,18044054,0
2020-04-20 16:19:37,kovan2,18044075,18044075,0
2020-04-20 16:20:59,kovan2,18044095,18044092,3
2020-04-20 16:22:23,kovan2,18044116,18044116,0
2020-04-20 16:23:48,kovan2,18044137,18044136,1
2020-04-20 16:25:13,kovan2,18044160,18044159,1
2020-04-20 16:26:44,kovan2,18044181,18044176,5
2020-04-20 16:28:07,kovan2,18044201,18044176,25
2020-04-20 16:29:30,kovan2,18044222,18044176,46
2020-04-20 16:30:52,kovan2,18044243,18044176,67
2020-04-20 16:32:14,kovan2,18044263,18044263,0
2020-04-20 16:33:37,kovan2,18044284,18044281,3
2020-04-20 16:35:02,kovan2,18044305,18044300,5
2020-04-20 16:36:28,kovan2,18044326,18044327,-1
2020-04-20 16:37:51,kovan2,18044347,18044348,-1
2020-04-20 16:39:15,kovan2,18044373,18044371,2
2020-04-20 16:40:59,kovan2,18044397,18044395,2
2020-04-20 16:42:30,kovan2,18044420,18044408,12
2020-04-20 16:44:06,kovan2,18044444,18044439,5
2020-04-20 16:45:42,kovan2,18044466,18044466,0
2020-04-20 16:47:08,kovan2,18044487,18044485,2
2020-04-20 16:48:33,kovan2,18044508,18044497,11
2020-04-20 16:49:55,kovan2,18044528,18044497,31
2020-04-20 16:51:18,kovan2,18044551,18044550,1
2020-04-20 16:52:50,kovan2,18044571,18044573,-2
2020-04-20 16:54:13,kovan2,18044594,18044580,14
2020-04-20 16:55:42,kovan2,18044616,18044615,1
2020-04-20 16:57:09,kovan2,18044637,18044620,17
2020-04-20 16:58:31,kovan2,18044657,18044649,8
2020-04-20 16:59:55,kovan2,18044680,18044669,11
2020-04-20 17:01:22,kovan2,18044704,18044697,7
2020-04-20 17:03:01,kovan2,18044728,18044728,0
2020-04-20 17:04:37,kovan2,18044749,18044739,10
2020-04-20 17:05:59,kovan2,18044769,18044770,-1
2020-04-20 17:07:22,kovan2,18044789,18044790,-1
2020-04-20 17:08:44,kovan2,18044810,18044811,-1
2020-04-20 17:10:07,kovan2,18044833,18044833,0
2020-04-20 17:11:34,kovan2,18044855,18044836,19
2020-04-20 17:13:04,kovan2,18044875,18044861,14
2020-04-20 17:14:27,kovan2,18044897,18044898,-1
2020-04-20 17:15:54,kovan2,18044919,18044919,0
2020-04-20 17:17:18,kovan2,18044939,18044939,0
2020-04-20 17:18:41,kovan2,18044965,18044951,14
2020-04-20 17:20:25,kovan2,18044986,18044986,0
2020-04-20 17:21:50,kovan2,18045008,18045008,0
2020-04-20 17:23:17,kovan2,18045030,18045015,15
2020-04-20 17:24:48,kovan2,18045052,18045044,8
2020-04-20 17:26:15,kovan2,18045073,18045074,-1
2020-04-20 17:27:38,kovan2,18045094,18045094,0
2020-04-20 17:29:00,kovan2,18045115,18045099,16
2020-04-20 17:30:24,kovan2,18045136,18045131,5
2020-04-20 17:31:52,kovan2,18045157,18045156,1
2020-04-20 17:33:16,kovan2,18045178,18045178,0
2020-04-20 17:34:39,kovan2,18045199,18045200,-1
2020-04-20 17:36:06,kovan2,18045223,18045220,3
2020-04-20 17:37:41,kovan2,18045246,18045246,0
2020-04-20 17:39:12,kovan2,18045266,18045267,-1
2020-04-20 17:40:35,kovan2,18045287,18045288,-1
2020-04-20 17:41:57,kovan2,18045308,18045308,0
2020-04-20 17:43:21,kovan2,18045329,18045330,-1
2020-04-20 17:44:46,kovan2,18045353,18045351,2
2020-04-20 17:46:20,kovan2,18045376,18045371,5
2020-04-20 17:47:51,kovan2,18045397,18045395,2
2020-04-20 17:49:15,kovan2,18045417,18045414,3
2020-04-20 17:50:37,kovan2,18045437,18045437,0
2020-04-20 17:52:00,kovan2,18045457,18045458,-1
2020-04-20 17:53:23,kovan2,18045481,18045475,6
2020-04-20 17:54:54,kovan2,18045501,18045495,6
2020-04-20 17:56:17,kovan2,18045521,18045512,9
2020-04-20 17:57:43,kovan2,18045543,18045543,0
2020-04-20 17:59:08,kovan2,18045563,18045560,3
2020-04-20 18:00:31,kovan2,18045584,18045560,24
2020-04-20 18:01:54,kovan2,18045606,18045606,0
2020-04-20 18:03:18,kovan2,18045626,18045627,-1
2020-04-20 18:04:41,kovan2,18045646,18045647,-1
2020-04-20 18:06:04,kovan2,18045667,18045668,-1
2020-04-20 18:07:29,kovan2,18045690,18045686,4
2020-04-20 18:08:54,kovan2,18045711,18045712,-1
2020-04-20 18:10:22,kovan2,18045732,18045728,4
2020-04-20 18:11:46,kovan2,18045753,18045754,-1
2020-04-20 18:13:09,kovan2,18045781,18045782,-1
2020-04-20 18:15:03,kovan2,18045802,18045802,0
2020-04-20 18:16:26,kovan2,18045833,18045817,16
2020-04-20 18:18:28,kovan2,18045853,18045817,36
2020-04-20 18:19:50,kovan2,18045874,18045869,5
2020-04-20 18:21:13,kovan2,18045895,18045895,0
2020-04-20 18:22:36,kovan2,18045916,18045916,0
2020-04-20 18:23:59,kovan2,18045937,18045926,11
2020-04-20 18:25:24,kovan2,18045958,18045958,0
2020-04-20 18:26:47,kovan2,18045978,18045966,12
2020-04-20 18:28:09,kovan2,18045998,18045966,32
2020-04-20 18:29:31,kovan2,18046020,18046020,0
2020-04-20 18:30:57,kovan2,18046041,18046035,6
2020-04-20 18:32:19,kovan2,18046061,18046062,-1
2020-04-20 18:33:43,kovan2,18046082,18046082,0
2020-04-20 18:35:05,kovan2,18046103,18046082,21
2020-04-20 18:36:28,kovan2,18046124,18046082,42
2020-04-20 18:37:52,kovan2,18046145,18046082,63
2020-04-20 18:39:14,kovan2,18046165,18046153,12
2020-04-20 18:40:37,kovan2,18046185,18046153,32
2020-04-20 18:41:59,kovan2,18046207,18046207,0
2020-04-20 18:43:24,kovan2,18046227,18046228,-1
2020-04-20 18:44:47,kovan2,18046248,18046249,-1
2020-04-20 18:46:10,kovan2,18046270,18046271,-1
2020-04-20 18:47:41,kovan2,18046291,18046291,0
2020-04-20 18:49:03,kovan2,18046313,18046314,-1
2020-04-20 18:50:30,kovan2,18046334,18046314,20
2020-04-20 18:51:55,kovan2,18046355,18046355,0
2020-04-20 18:53:17,kovan2,18046376,18046376,0
2020-04-20 18:54:39,kovan2,18046398,18046378,20
2020-04-20 18:56:07,kovan2,18046421,18046421,0
2020-04-20 18:57:39,kovan2,18046441,18046428,13
2020-04-20 18:59:03,kovan2,18046462,18046462,0
2020-04-20 19:00:25,kovan2,18046483,18046466,17
2020-04-20 19:01:52,kovan2,18046505,18046494,11
2020-04-20 19:03:23,kovan2,18046529,18046520,9
2020-04-20 19:04:55,kovan2,18046550,18046550,0
2020-04-20 19:06:21,kovan2,18046570,18046556,14
2020-04-20 19:07:43,kovan2,18046594,18046592,2
2020-04-20 19:09:20,kovan2,18046618,18046608,10
2020-04-20 19:10:57,kovan2,18046639,18046630,9
2020-04-20 19:12:20,kovan2,18046662,18046648,14
2020-04-20 19:13:52,kovan2,18046683,18046677,6
2020-04-20 19:15:16,kovan2,18046702,18046703,-1
2020-04-20 19:16:39,kovan2,18046726,18046722,4
2020-04-20 19:18:09,kovan2,18046750,18046722,28
2020-04-20 19:19:49,kovan2,18046772,18046773,-1
2020-04-20 19:21:18,kovan2,18046796,18046783,13
2020-04-20 19:22:53,kovan2,18046821,18046808,13
2020-04-20 19:24:30,kovan2,18046843,18046838,5
2020-04-20 19:26:02,kovan2,18046864,18046862,2
2020-04-20 19:27:27,kovan2,18046888,18046880,8
2020-04-20 19:28:59,kovan2,18046908,18046894,14
2020-04-20 19:30:21,kovan2,18046933,18046921,12
2020-04-20 19:31:59,kovan2,18046954,18046921,33
2020-04-20 19:33:23,kovan2,18046974,18046921,53
2020-04-20 19:34:46,kovan2,18046995,18046995,0
2020-04-20 19:36:08,kovan2,18047018,18047018,0
2020-04-20 19:37:40,kovan2,18047038,18047018,20
2020-04-20 19:39:02,kovan2,18047059,18047053,6
2020-04-20 19:40:25,kovan2,18047079,18047079,0
2020-04-20 19:41:47,kovan2,18047099,18047098,1
2020-04-20 19:43:16,kovan2,18047120,18047120,0
2020-04-20 19:44:38,kovan2,18047140,18047140,0
2020-04-20 19:46:01,kovan2,18047161,18047161,0
2020-04-20 19:47:25,kovan2,18047182,18047172,10
2020-04-20 19:48:48,kovan2,18047203,18047204,-1
2020-04-20 19:50:13,kovan2,18047225,18047217,8
2020-04-20 19:51:38,kovan2,18047245,18047246,-1
2020-04-20 19:53:02,kovan2,18047270,18047262,8
2020-04-20 19:54:41,kovan2,18047291,18047283,8
2020-04-20 19:56:06,kovan2,18047313,18047313,0
2020-04-20 19:57:32,kovan2,18047335,18047332,3
2020-04-20 19:59:00,kovan2,18047355,18047347,8
2020-04-20 20:00:22,kovan2,18047376,18047376,0
2020-04-20 20:01:45,kovan2,18047396,18047397,-1
2020-04-20 20:03:08,kovan2,18047419,18047420,-1
2020-04-20 20:04:39,kovan2,18047440,18047435,5
2020-04-20 20:06:01,kovan2,18047460,18047456,4
2020-04-20 20:07:24,kovan2,18047481,18047480,1
2020-04-20 20:08:46,kovan2,18047502,18047480,22
2020-04-20 20:10:08,kovan2,18047523,18047523,0
2020-04-20 20:11:31,kovan2,18047545,18047533,12
2020-04-20 20:13:04,kovan2,18047566,18047560,6
2020-04-20 20:14:27,kovan2,18047591,18047586,5
2020-04-20 20:16:07,kovan2,18047612,18047613,-1
2020-04-20 20:17:29,kovan2,18047637,18047632,5
2020-04-20 20:19:10,kovan2,18047659,18047657,2
2020-04-20 20:20:37,kovan2,18047682,18047665,17
2020-04-20 20:22:13,kovan2,18047706,18047706,0
2020-04-20 20:23:48,kovan2,18047727,18047718,9
2020-04-20 20:25:11,kovan2,18047747,18047746,1
2020-04-20 20:26:33,kovan2,18047768,18047768,0
2020-04-20 20:27:56,kovan2,18047790,18047790,0
2020-04-20 20:29:24,kovan2,18047811,18047810,1
2020-04-20 20:30:47,kovan2,18047832,18047832,0
2020-04-20 20:32:12,kovan2,18047854,18047852,2
2020-04-20 20:33:40,kovan2,18047875,18047852,23
2020-04-20 20:35:04,kovan2,18047895,18047852,43
2020-04-20 20:36:26,kovan2,18047916,18047852,64
2020-04-20 20:37:51,kovan2,18047936,18047852,84
2020-04-20 20:39:14,kovan2,18047959,18047959,0
2020-04-20 20:40:42,kovan2,18047980,18047980,0
2020-04-20 20:42:05,kovan2,18048000,18047989,11
2020-04-20 20:43:27,kovan2,18048021,18048022,-1
2020-04-20 20:44:50,kovan2,18048045,18048033,12
2020-04-20 20:46:27,kovan2,18048066,18048033,33
2020-04-20 20:47:49,kovan2,18048087,18048033,54
2020-04-20 20:49:12,kovan2,18048108,18048108,0
2020-04-20 20:50:35,kovan2,18048129,18048119,10
2020-04-20 20:52:01,kovan2,18048149,18048119,30
2020-04-20 20:53:24,kovan2,18048170,18048171,-1
2020-04-20 20:54:46,kovan2,18048191,18048185,6
2020-04-20 20:56:09,kovan2,18048212,18048185,27
2020-04-20 20:57:33,kovan2,18048233,18048185,48
2020-04-20 20:58:56,kovan2,18048253,18048185,68
2020-04-20 21:00:19,kovan2,18048273,18048185,88
2020-04-20 21:01:41,kovan2,18048294,18048185,109
2020-04-20 21:03:05,kovan2,18048315,18048185,130
2020-04-20 21:04:28,kovan2,18048335,18048185,150
2020-04-20 21:05:50,kovan2,18048355,18048185,170
2020-04-20 21:07:12,kovan2,18048376,18048185,191
2020-04-20 21:08:35,kovan2,18048396,18048185,211
2020-04-20 21:09:57,kovan2,18048416,18048185,231
2020-04-20 21:11:20,kovan2,18048437,18048185,252
2020-04-20 21:12:44,kovan2,18048459,18048185,274
2020-04-20 21:14:08,kovan2,18048480,18048185,295
2020-04-20 21:15:31,kovan2,18048499,18048185,314
2020-04-20 21:16:53,kovan2,18048526,18048518,8
2020-04-20 21:18:43,kovan2,18048548,18048544,4
2020-04-20 21:20:10,kovan2,18048569,18048562,7
2020-04-20 21:21:33,kovan2,18048590,18048562,28
2020-04-20 21:22:57,kovan2,18048611,18048562,49
2020-04-20 21:24:19,kovan2,18048631,18048562,69
2020-04-20 21:25:41,kovan2,18048652,18048652,0
2020-04-20 21:27:04,kovan2,18048672,18048673,-1
2020-04-20 21:28:27,kovan2,18048693,18048692,1
2020-04-20 21:29:50,kovan2,18048714,18048715,-1
2020-04-20 21:31:13,kovan2,18048738,18048735,3
2020-04-20 21:32:49,kovan2,18048759,18048735,24
2020-04-20 21:34:13,kovan2,18048780,18048735,45
2020-04-20 21:35:35,kovan2,18048800,18048800,0
2020-04-20 21:36:58,kovan2,18048827,18048822,5
2020-04-20 21:38:48,kovan2,18048850,18048841,9
2020-04-20 21:40:16,kovan2,18048872,18048872,0
2020-04-20 21:41:43,kovan2,18048892,18048893,-1
2020-04-20 21:43:07,kovan2,18048914,18048907,7
2020-04-20 21:44:31,kovan2,18048935,18048907,28
2020-04-20 21:45:55,kovan2,18048955,18048956,-1
2020-04-20 21:47:18,kovan2,18048976,18048961,15
2020-04-20 21:48:40,kovan2,18048996,18048994,2
2020-04-20 21:50:04,kovan2,18049017,18049017,0
2020-04-20 21:51:26,kovan2,18049038,18049027,11
2020-04-20 21:52:50,kovan2,18049060,18049027,33
2020-04-20 21:54:14,kovan2,18049080,18049027,53
2020-04-20 21:55:36,kovan2,18049099,18049027,72
2020-04-20 21:56:59,kovan2,18049120,18049113,7
2020-04-20 21:58:22,kovan2,18049141,18049113,28
2020-04-20 21:59:44,kovan2,18049162,18049163,-1
2020-04-20 22:01:09,kovan2,18049183,18049183,0
2020-04-20 22:02:32,kovan2,18049204,18049183,21
2020-04-20 22:03:55,kovan2,18049224,18049224,0
2020-04-20 22:05:17,kovan2,18049245,18049238,7
2020-04-20 22:06:39,kovan2,18049265,18049238,27
2020-04-20 22:08:03,kovan2,18049286,18049238,48
2020-04-20 22:09:25,kovan2,18049307,18049238,69
2020-04-20 22:10:47,kovan2,18049328,18049238,90
2020-04-20 22:12:11,kovan2,18049349,18049348,1
2020-04-20 22:13:40,kovan2,18049372,18049367,5
2020-04-20 22:15:10,kovan2,18049394,18049391,3
2020-04-20 22:16:37,kovan2,18049417,18049414,3
2020-04-20 22:18:10,kovan2,18049440,18049440,0
2020-04-20 22:19:39,kovan2,18049460,18049461,-1
2020-04-20 22:21:01,kovan2,18049480,18049473,7
2020-04-20 22:22:24,kovan2,18049501,18049496,5
2020-04-20 22:23:47,kovan2,18049522,18049523,-1
2020-04-20 22:25:11,kovan2,18049543,18049544,-1
2020-04-20 22:26:34,kovan2,18049565,18049566,-1
2020-04-20 22:28:02,kovan2,18049588,18049567,21
2020-04-20 22:29:32,kovan2,18049609,18049602,7
2020-04-20 22:30:54,kovan2,18049629,18049630,-1
2020-04-20 22:32:20,kovan2,18049651,18049651,0
2020-04-20 22:33:45,kovan2,18049673,18049672,1
2020-04-20 22:35:11,kovan2,18049695,18049695,0
2020-04-20 22:36:40,kovan2,18049715,18049705,10
2020-04-20 22:38:02,kovan2,18049737,18049738,-1
2020-04-20 22:39:30,kovan2,18049761,18049762,-1
2020-04-20 22:41:06,kovan2,18049782,18049763,19
2020-04-20 22:42:28,kovan2,18049803,18049802,1
2020-04-20 22:43:55,kovan2,18049824,18049815,9
2020-04-20 22:45:18,kovan2,18049849,18049840,9
2020-04-20 22:46:57,kovan2,18049870,18049865,5
2020-04-20 22:48:24,kovan2,18049891,18049892,-1
2020-04-20 22:49:46,kovan2,18049912,18049902,10
2020-04-20 22:51:09,kovan2,18049936,18049929,7
2020-04-20 22:52:44,kovan2,18049958,18049959,-1
2020-04-20 22:54:14,kovan2,18049978,18049966,12
2020-04-20 22:55:37,kovan2,18050002,18050000,2
2020-04-20 22:57:09,kovan2,18050026,18050021,5
2020-04-20 22:58:45,kovan2,18050048,18050049,-1
2020-04-20 23:00:14,kovan2,18050071,18050070,1
2020-04-20 23:01:46,kovan2,18050092,18050081,11
2020-04-20 23:03:08,kovan2,18050112,18050101,11
2020-04-20 23:04:31,kovan2,18050134,18050133,1
2020-04-20 23:05:58,kovan2,18050155,18050155,0
2020-04-20 23:07:21,kovan2,18050176,18050171,5
2020-04-20 23:08:49,kovan2,18050198,18050198,0
2020-04-20 23:10:11,kovan2,18050218,18050219,-1
2020-04-20 23:11:34,kovan2,18050242,18050237,5
2020-04-20 23:13:08,kovan2,18050263,18050260,3
2020-04-20 23:14:35,kovan2,18050287,18050288,-1
2020-04-20 23:16:10,kovan2,18050307,18050297,10
2020-04-20 23:17:33,kovan2,18050330,18050327,3
2020-04-20 23:19:04,kovan2,18050354,18050347,7
2020-04-20 23:20:36,kovan2,18050378,18050366,12
2020-04-20 23:22:12,kovan2,18050403,18050385,18
2020-04-20 23:23:52,kovan2,18050424,18050425,-1
2020-04-20 23:25:17,kovan2,18050445,18050436,9
2020-04-20 23:26:41,kovan2,18050468,18050469,-1
2020-04-20 23:28:15,kovan2,18050489,18050469,20
2020-04-20 23:29:38,kovan2,18050514,18050508,6
2020-04-20 23:31:17,kovan2,18050534,18050535,-1
2020-04-20 23:32:39,kovan2,18050555,18050556,-1
2020-04-20 23:34:02,kovan2,18050576,18050572,4
2020-04-20 23:35:24,kovan2,18050598,18050598,0
2020-04-20 23:36:53,kovan2,18050619,18050619,0
2020-04-20 23:38:15,kovan2,18050645,18050620,25
2020-04-20 23:39:58,kovan2,18050665,18050666,-1
2020-04-20 23:41:22,kovan2,18050689,18050672,17
2020-04-20 23:42:57,kovan2,18050713,18050714,-1
2020-04-20 23:44:35,kovan2,18050734,18050720,14
2020-04-20 23:45:58,kovan2,18050756,18050746,10
2020-04-20 23:47:23,kovan2,18050777,18050776,1
2020-04-20 23:48:50,kovan2,18050798,18050798,0
2020-04-20 23:50:12,kovan2,18050819,18050800,19
2020-04-20 23:51:36,kovan2,18050840,18050825,15
2020-04-20 23:52:59,kovan2,18050860,18050825,35
2020-04-20 23:54:21,kovan2,18050881,18050825,56
2020-04-20 23:55:44,kovan2,18050902,18050825,77
2020-04-20 23:57:07,kovan2,18050923,18050825,98
2020-04-20 23:58:30,kovan2,18050943,18050825,118
2020-04-20 23:59:52,kovan2,18050963,18050825,138
2020-04-21 00:01:15,kovan2,18050984,18050825,159
2020-04-21 00:02:37,kovan2,18051005,18050825,180
2020-04-21 00:04:01,kovan2,18051026,18050825,201
2020-04-21 00:05:24,kovan2,18051046,18050825,221
2020-04-21 00:06:47,kovan2,18051067,18050825,242
2020-04-21 00:08:09,kovan2,18051089,18050952,137
2020-04-21 00:09:39,kovan2,18051110,18050952,158
2020-04-21 00:11:01,kovan2,18051130,18051122,8
2020-04-21 00:12:24,kovan2,18051152,18051135,17
2020-04-21 00:13:48,kovan2,18051172,18051153,19
2020-04-21 00:15:11,kovan2,18051194,18051192,2
2020-04-21 00:16:36,kovan2,18051214,18051215,-1
2020-04-21 00:17:58,kovan2,18051235,18051216,19
2020-04-21 00:19:21,kovan2,18051258,18051255,3
2020-04-21 00:20:56,kovan2,18051279,18051280,-1
2020-04-21 00:22:21,kovan2,18051303,18051301,2
2020-04-21 00:23:51,kovan2,18051325,18051325,0
2020-04-21 00:25:21,kovan2,18051347,18051333,14
2020-04-21 00:26:51,kovan2,18051368,18051369,-1
2020-04-21 00:28:13,kovan2,18051390,18051388,2
2020-04-21 00:29:42,kovan2,18051411,18051411,0
2020-04-21 00:31:05,kovan2,18051432,18051432,0
2020-04-21 00:32:29,kovan2,18051454,18051454,0
2020-04-21 00:33:56,kovan2,18051474,18051471,3
2020-04-21 00:35:18,kovan2,18051498,18051499,-1
2020-04-21 00:36:54,kovan2,18051519,18051501,18
2020-04-21 00:38:17,kovan2,18051540,18051535,5
2020-04-21 00:39:39,kovan2,18051561,18051561,0
2020-04-21 00:41:02,kovan2,18051581,18051580,1
2020-04-21 00:42:28,kovan2,18051603,18051604,-1
2020-04-21 00:43:54,kovan2,18051626,18051622,4
2020-04-21 00:45:25,kovan2,18051646,18051647,-1
2020-04-21 00:46:47,kovan2,18051670,18051662,8
2020-04-21 00:48:21,kovan2,18051693,18051693,0
2020-04-21 00:49:51,kovan2,18051714,18051714,0
2020-04-21 00:51:15,kovan2,18051734,18051735,-1
2020-04-21 00:52:39,kovan2,18051758,18051736,22
2020-04-21 00:54:13,kovan2,18051778,18051779,-1
2020-04-21 00:55:36,kovan2,18051800,18051783,17
2020-04-21 00:56:59,kovan2,18051819,18051814,5
2020-04-21 00:58:22,kovan2,18051841,18051841,0
2020-04-21 00:59:44,kovan2,18051862,18051863,-1
2020-04-21 01:01:11,kovan2,18051891,18051872,19
2020-04-21 01:03:06,kovan2,18051911,18051907,4
2020-04-21 01:04:29,kovan2,18051935,18051907,28
2020-04-21 01:06:04,kovan2,18051959,18051950,9
2020-04-21 01:07:34,kovan2,18051979,18051966,13
2020-04-21 01:09:00,kovan2,18052000,18052001,-1
2020-04-21 01:10:22,kovan2,18052022,18052021,1
2020-04-21 01:11:48,kovan2,18052045,18052035,10
2020-04-21 01:13:21,kovan2,18052068,18052069,-1
2020-04-21 01:14:54,kovan2,18052090,18052069,21
2020-04-21 01:16:19,kovan2,18052112,18052113,-1
2020-04-21 01:17:50,kovan2,18052134,18052123,11
2020-04-21 01:19:18,kovan2,18052155,18052145,10
2020-04-21 01:20:40,kovan2,18052176,18052145,31
2020-04-21 01:22:04,kovan2,18052198,18052190,8
2020-04-21 01:23:33,kovan2,18052223,18052216,7
2020-04-21 01:25:10,kovan2,18052243,18052244,-1
2020-04-21 01:26:33,kovan2,18052265,18052251,14
2020-04-21 01:28:01,kovan2,18052285,18052278,7
2020-04-21 01:29:24,kovan2,18052306,18052306,0
2020-04-21 01:30:46,kovan2,18052327,18052306,21
2020-04-21 01:32:10,kovan2,18052352,18052349,3
2020-04-21 01:33:46,kovan2,18052372,18052372,0
2020-04-21 01:35:09,kovan2,18052395,18052379,16
2020-04-21 01:36:40,kovan2,18052421,18052404,17
2020-04-21 01:38:26,kovan2,18052443,18052441,2
2020-04-21 01:39:54,kovan2,18052464,18052441,23
2020-04-21 01:41:20,kovan2,18052485,18052477,8
2020-04-21 01:42:42,kovan2,18052506,18052507,-1
2020-04-21 01:44:06,kovan2,18052533,18052529,4
2020-04-21 01:45:54,kovan2,18052555,18052554,1
2020-04-21 01:47:23,kovan2,18052578,18052561,17
2020-04-21 01:48:50,kovan2,18052600,18052598,2
2020-04-21 01:50:21,kovan2,18052620,18052621,-1
2020-04-21 01:51:43,kovan2,18052644,18052626,18
2020-04-21 01:53:16,kovan2,18052664,18052657,7
2020-04-21 01:54:39,kovan2,18052685,18052684,1
2020-04-21 01:56:01,kovan2,18052706,18052706,0
2020-04-21 01:57:24,kovan2,18052734,18052726,8
2020-04-21 01:59:17,kovan2,18052756,18052756,0
2020-04-21 02:00:45,kovan2,18052781,18052770,11
2020-04-21 02:02:25,kovan2,18052802,18052791,11
2020-04-21 02:03:50,kovan2,18052826,18052813,13
2020-04-21 02:05:25,kovan2,18052847,18052847,0
2020-04-21 02:06:47,kovan2,18052871,18052867,4
2020-04-21 02:08:22,kovan2,18052892,18052867,25
2020-04-21 02:09:46,kovan2,18052913,18052911,2
2020-04-21 02:11:13,kovan2,18052936,18052912,24
2020-04-21 02:12:43,kovan2,18052956,18052943,13
2020-04-21 02:14:06,kovan2,18052978,18052973,5
2020-04-21 02:15:33,kovan2,18052999,18052973,26
2020-04-21 02:16:57,kovan2,18053020,18053011,9
2020-04-21 02:18:20,kovan2,18053042,18053037,5
2020-04-21 02:19:53,kovan2,18053069,18053050,19
2020-04-21 02:21:34,kovan2,18053090,18053085,5
2020-04-21 02:23:02,kovan2,18053111,18053111,0
2020-04-21 02:24:24,kovan2,18053132,18053116,16
2020-04-21 02:25:50,kovan2,18053153,18053138,15
2020-04-21 02:27:14,kovan2,18053180,18053171,9
2020-04-21 02:29:01,kovan2,18053202,18053194,8
2020-04-21 02:30:31,kovan2,18053225,18053210,15
2020-04-21 02:31:59,kovan2,18053245,18053245,0
2020-04-21 02:33:21,kovan2,18053270,18053249,21
2020-04-21 02:35:03,kovan2,18053291,18053249,42
2020-04-21 02:36:26,kovan2,18053312,18053300,12
2020-04-21 02:37:50,kovan2,18053337,18053300,37
2020-04-21 02:39:29,kovan2,18053359,18053360,-1
2020-04-21 02:40:57,kovan2,18053380,18053360,20
2020-04-21 02:42:19,kovan2,18053401,18053390,11
2020-04-21 02:43:46,kovan2,18053423,18053408,15
2020-04-21 02:45:11,kovan2,18053444,18053440,4
2020-04-21 02:46:37,kovan2,18053467,18053466,1
2020-04-21 02:48:09,kovan2,18053488,18053477,11
2020-04-21 02:49:33,kovan2,18053509,18053509,0
2020-04-21 02:50:57,kovan2,18053529,18053515,14
2020-04-21 02:52:18,kovan2,18053550,18053539,11
2020-04-21 02:53:40,kovan2,18053573,18053539,34
2020-04-21 02:55:12,kovan2,18053597,18053576,21
2020-04-21 02:56:51,kovan2,18053623,18053611,12
2020-04-21 02:58:30,kovan2,18053645,18053633,12
2020-04-21 02:59:59,kovan2,18053665,18053652,13
2020-04-21 03:01:23,kovan2,18053687,18053683,4
2020-04-21 03:02:51,kovan2,18053707,18053707,0
2020-04-21 03:04:13,kovan2,18053728,18053711,17
2020-04-21 03:05:43,kovan2,18053749,18053733,16
2020-04-21 03:07:05,kovan2,18053771,18053771,0
2020-04-21 03:08:33,kovan2,18053792,18053775,17
2020-04-21 03:09:55,kovan2,18053813,18053814,-1
2020-04-21 03:11:21,kovan2,18053835,18053824,11
2020-04-21 03:12:49,kovan2,18053858,18053844,14
2020-04-21 03:14:22,kovan2,18053879,18053871,8
2020-04-21 03:15:44,kovan2,18053899,18053871,28
2020-04-21 03:17:06,kovan2,18053923,18053911,12
2020-04-21 03:18:39,kovan2,18053944,18053935,9
2020-04-21 03:20:02,kovan2,18053965,18053959,6
2020-04-21 03:21:29,kovan2,18053986,18053978,8
2020-04-21 03:22:55,kovan2,18054009,18054008,1
2020-04-21 03:24:24,kovan2,18054031,18054008,23
2020-04-21 03:25:53,kovan2,18054052,18054050,2
2020-04-21 03:27:15,kovan2,18054072,18054068,4
2020-04-21 03:28:37,kovan2,18054092,18054091,1
2020-04-21 03:29:59,kovan2,18054113,18054091,22
2020-04-21 03:31:21,kovan2,18054133,18054091,42
2020-04-21 03:32:43,kovan2,18054157,18054145,12
2020-04-21 03:34:16,kovan2,18054178,18054178,0
2020-04-21 03:35:40,kovan2,18054201,18054198,3
2020-04-21 03:37:11,kovan2,18054221,18054216,5
2020-04-21 03:38:33,kovan2,18054242,18054241,1
2020-04-21 03:39:55,kovan2,18054262,18054263,-1
2020-04-21 03:41:19,kovan2,18054283,18054273,10
2020-04-21 03:42:41,kovan2,18054304,18054304,0
2020-04-21 03:44:04,kovan2,18054324,18054305,19
2020-04-21 03:45:26,kovan2,18054347,18054330,17
2020-04-21 03:46:56,kovan2,18054367,18054358,9
2020-04-21 03:48:18,kovan2,18054389,18054379,10
2020-04-21 03:49:44,kovan2,18054409,18054398,11
2020-04-21 03:51:08,kovan2,18054431,18054428,3
2020-04-21 03:52:35,kovan2,18054453,18054428,25
2020-04-21 03:53:59,kovan2,18054474,18054474,0
2020-04-21 03:55:24,kovan2,18054497,18054490,7
2020-04-21 03:56:55,kovan2,18054517,18054518,-1
2020-04-21 03:58:19,kovan2,18054538,18054537,1
2020-04-21 03:59:43,kovan2,18054560,18054560,0
2020-04-21 04:01:06,kovan2,18054580,18054568,12
2020-04-21 04:02:28,kovan2,18054604,18054600,4
2020-04-21 04:04:04,kovan2,18054626,18054616,10
2020-04-21 04:05:33,kovan2,18054649,18054616,33
2020-04-21 04:07:03,kovan2,18054669,18054664,5
2020-04-21 04:08:27,kovan2,18054690,18054664,26
2020-04-21 04:09:50,kovan2,18054713,18054697,16
2020-04-21 04:11:20,kovan2,18054733,18054719,14
2020-04-21 04:12:42,kovan2,18054755,18054739,16
2020-04-21 04:14:08,kovan2,18054776,18054774,2
2020-04-21 04:15:31,kovan2,18054797,18054794,3
2020-04-21 04:16:56,kovan2,18054819,18054819,0
2020-04-21 04:18:25,kovan2,18054840,18054820,20
2020-04-21 04:19:48,kovan2,18054862,18054855,7
2020-04-21 04:21:18,kovan2,18054884,18054870,14
2020-04-21 04:22:46,kovan2,18054907,18054899,8
2020-04-21 04:24:17,kovan2,18054928,18054928,0
2020-04-21 04:25:41,kovan2,18054952,18054949,3
2020-04-21 04:27:13,kovan2,18054975,18054949,26
2020-04-21 04:28:50,kovan2,18054996,18054984,12
2020-04-21 04:30:13,kovan2,18055017,18055003,14
2020-04-21 04:31:35,kovan2,18055038,18055026,12
2020-04-21 04:32:59,kovan2,18055060,18055053,7
2020-04-21 04:34:29,kovan2,18055081,18055080,1
2020-04-21 04:35:51,kovan2,18055103,18055080,23
2020-04-21 04:37:20,kovan2,18055124,18055117,7
2020-04-21 04:38:44,kovan2,18055146,18055117,29
2020-04-21 04:40:15,kovan2,18055167,18055158,9
2020-04-21 04:41:40,kovan2,18055190,18055184,6
2020-04-21 04:43:07,kovan2,18055211,18055184,27
2020-04-21 04:44:33,kovan2,18055232,18055184,48
2020-04-21 04:45:56,kovan2,18055253,18055247,6
2020-04-21 04:47:23,kovan2,18055277,18055273,4
2020-04-21 04:48:56,kovan2,18055298,18055298,0
2020-04-21 04:50:24,kovan2,18055323,18055318,5
2020-04-21 04:51:58,kovan2,18055344,18055339,5
2020-04-21 04:53:25,kovan2,18055368,18055339,29
2020-04-21 04:55:01,kovan2,18055389,18055390,-1
2020-04-21 04:56:27,kovan2,18055414,18055404,10
2020-04-21 04:58:08,kovan2,18055437,18055437,0
2020-04-21 04:59:35,kovan2,18055458,18055458,0
2020-04-21 05:00:57,kovan2,18055478,18055478,0
2020-04-21 05:02:21,kovan2,18055504,18055501,3
2020-04-21 05:04:06,kovan2,18055527,18055518,9
2020-04-21 05:05:37,kovan2,18055551,18055552,-1
2020-04-21 05:07:14,kovan2,18055576,18055555,21
2020-04-21 05:08:54,kovan2,18055597,18055586,11
2020-04-21 05:10:17,kovan2,18055617,18055586,31
2020-04-21 05:11:39,kovan2,18055645,18055629,16
2020-04-21 05:13:29,kovan2,18055666,18055666,0
2020-04-21 05:14:53,kovan2,18055688,18055669,19
2020-04-21 05:16:22,kovan2,18055710,18055695,15
2020-04-21 05:17:53,kovan2,18055733,18055733,0
2020-04-21 05:19:19,kovan2,18055756,18055744,12
2020-04-21 05:20:50,kovan2,18055778,18055763,15
2020-04-21 05:22:21,kovan2,18055801,18055802,-1
2020-04-21 05:23:55,kovan2,18055822,18055823,-1
2020-04-21 05:25:18,kovan2,18055843,18055843,0
2020-04-21 05:26:41,kovan2,18055863,18055848,15
2020-04-21 05:28:03,kovan2,18055884,18055884,0
2020-04-21 05:29:25,kovan2,18055904,18055889,15
2020-04-21 05:30:47,kovan2,18055925,18055926,-1
2020-04-21 05:32:10,kovan2,18055947,18055947,0
2020-04-21 05:33:37,kovan2,18055968,18055954,14
2020-04-21 05:35:00,kovan2,18055991,18055988,3
2020-04-21 05:36:32,kovan2,18056012,18056002,10
2020-04-21 05:37:55,kovan2,18056033,18056025,8
2020-04-21 05:39:22,kovan2,18056054,18056054,0
2020-04-21 05:40:44,kovan2,18056079,18056068,11
2020-04-21 05:42:22,kovan2,18056101,18056081,20
2020-04-21 05:43:52,kovan2,18056124,18056111,13
2020-04-21 05:45:25,kovan2,18056145,18056145,0
2020-04-21 05:46:49,kovan2,18056167,18056159,8
2020-04-21 05:48:16,kovan2,18056191,18056190,1
2020-04-21 05:49:53,kovan2,18056213,18056214,-1
2020-04-21 05:51:22,kovan2,18056234,18056235,-1
2020-04-21 05:52:47,kovan2,18056258,18056247,11
2020-04-21 05:54:21,kovan2,18056287,18056280,7
2020-04-21 05:56:17,kovan2,18056309,18056310,-1
2020-04-21 05:57:45,kovan2,18056332,18056314,18
2020-04-21 05:59:17,kovan2,18056352,18056314,38
2020-04-21 06:00:39,kovan2,18056377,18056368,9
2020-04-21 06:02:18,kovan2,18056402,18056393,9
2020-04-21 06:03:55,kovan2,18056426,18056410,16
2020-04-21 06:05:33,kovan2,18056448,18056444,4
2020-04-21 06:07:00,kovan2,18056469,18056469,0
2020-04-21 06:08:23,kovan2,18056494,18056490,4
2020-04-21 06:10:02,kovan2,18056514,18056512,2
2020-04-21 06:11:26,kovan2,18056538,18056538,0
2020-04-21 06:12:58,kovan2,18056563,18056550,13
2020-04-21 06:14:40,kovan2,18056589,18056550,39
2020-04-21 06:16:22,kovan2,18056609,18056610,-1
2020-04-21 06:17:45,kovan2,18056630,18056618,12
2020-04-21 06:19:08,kovan2,18056650,18056651,-1
2020-04-21 06:20:31,kovan2,18056671,18056658,13
2020-04-21 06:21:53,kovan2,18056694,18056695,-1
2020-04-21 06:23:26,kovan2,18056716,18056717,-1
2020-04-21 06:24:53,kovan2,18056737,18056723,14
2020-04-21 06:26:16,kovan2,18056758,18056723,35
2020-04-21 06:27:38,kovan2,18056779,18056768,11
2020-04-21 06:29:06,kovan2,18056800,18056796,4
2020-04-21 06:30:28,kovan2,18056820,18056821,-1
2020-04-21 06:31:50,kovan2,18056843,18056834,9
2020-04-21 06:33:19,kovan2,18056863,18056834,29
2020-04-21 06:34:41,kovan2,18056884,18056877,7
2020-04-21 06:36:07,kovan2,18056907,18056907,0
2020-04-21 06:37:36,kovan2,18056928,18056908,20
2020-04-21 06:39:02,kovan2,18056950,18056950,0
2020-04-21 06:40:27,kovan2,18056973,18056965,8
2020-04-21 06:41:59,kovan2,18056998,18056989,9
2020-04-21 06:43:42,kovan2,18057024,18057024,0
2020-04-21 06:45:26,kovan2,18057044,18057044,0
2020-04-21 06:46:48,kovan2,18057065,18057048,17
2020-04-21 06:48:10,kovan2,18057086,18057085,1
2020-04-21 06:49:38,kovan2,18057107,18057104,3
2020-04-21 06:51:03,kovan2,18057128,18057104,24
2020-04-21 06:52:25,kovan2,18057149,18057104,45
2020-04-21 06:53:49,kovan2,18057175,18057163,12
2020-04-21 06:55:32,kovan2,18057198,18057189,9
2020-04-21 06:57:05,kovan2,18057221,18057219,2
2020-04-21 06:58:37,kovan2,18057242,18057243,-1
2020-04-21 07:00:02,kovan2,18057270,18057255,15
2020-04-21 07:01:52,kovan2,18057291,18057288,3
2020-04-21 07:03:19,kovan2,18057314,18057312,2
2020-04-21 07:04:47,kovan2,18057335,18057336,-1
2020-04-21 07:06:13,kovan2,18057356,18057348,8
2020-04-21 07:07:37,kovan2,18057377,18057377,0
2020-04-21 07:09:01,kovan2,18057398,18057389,9
2020-04-21 07:10:25,kovan2,18057420,18057413,7
2020-04-21 07:11:53,kovan2,18057442,18057442,0
2020-04-21 07:13:21,kovan2,18057463,18057447,16
2020-04-21 07:14:44,kovan2,18057484,18057447,37
2020-04-21 07:16:08,kovan2,18057504,18057447,57
2020-04-21 07:17:30,kovan2,18057529,18057527,2
2020-04-21 07:19:07,kovan2,18057550,18057533,17
2020-04-21 07:20:34,kovan2,18057571,18057533,38
2020-04-21 07:21:56,kovan2,18057591,18057583,8
2020-04-21 07:23:20,kovan2,18057613,18057583,30
2020-04-21 07:24:43,kovan2,18057633,18057634,-1
2020-04-21 07:26:06,kovan2,18057660,18057649,11
2020-04-21 07:27:50,kovan2,18057680,18057670,10
2020-04-21 07:29:13,kovan2,18057703,18057692,11
2020-04-21 07:30:48,kovan2,18057724,18057716,8
2020-04-21 07:32:10,kovan2,18057745,18057716,29
2020-04-21 07:33:32,kovan2,18057766,18057716,50
2020-04-21 07:34:55,kovan2,18057786,18057716,70
2020-04-21 07:36:17,kovan2,18057809,18057807,2
2020-04-21 07:37:50,kovan2,18057831,18057830,1
2020-04-21 07:39:18,kovan2,18057852,18057853,-1
2020-04-21 07:40:43,kovan2,18057874,18057874,0
2020-04-21 07:42:07,kovan2,18057894,18057879,15
2020-04-21 07:43:30,kovan2,18057919,18057902,17
2020-04-21 07:45:12,kovan2,18057940,18057941,-1
2020-04-21 07:46:34,kovan2,18057961,18057957,4
2020-04-21 07:47:56,kovan2,18057981,18057982,-1
2020-04-21 07:49:18,kovan2,18058002,18058003,-1
2020-04-21 07:50:42,kovan2,18058025,18058023,2
2020-04-21 07:52:11,kovan2,18058045,18058043,2
2020-04-21 07:53:37,kovan2,18058070,18058069,1
2020-04-21 07:55:12,kovan2,18058092,18058091,1
2020-04-21 07:56:42,kovan2,18058113,18058102,11
2020-04-21 07:58:04,kovan2,18058136,18058135,1
2020-04-21 07:59:38,kovan2,18058157,18058135,22
2020-04-21 08:01:02,kovan2,18058183,18058184,-1
2020-04-21 08:02:45,kovan2,18058208,18058198,10
2020-04-21 08:04:27,kovan2,18058237,18058237,0
2020-04-21 08:06:21,kovan2,18058275,18058275,0
2020-04-21 08:08:52,kovan2,18058298,18058298,0
2020-04-21 08:10:22,kovan2,18058322,18058314,8
2020-04-21 08:12:03,kovan2,18058350,18058342,8
2020-04-21 08:13:53,kovan2,18058376,18058369,7
2020-04-21 08:15:42,kovan2,18058410,18058401,9
2020-04-21 08:17:53,kovan2,18058443,18058437,6
2020-04-21 08:20:07,kovan2,18058469,18058464,5
2020-04-21 08:21:48,kovan2,18058490,18058490,0
2020-04-21 08:23:11,kovan2,18058511,18058496,15
2020-04-21 08:24:35,kovan2,18058535,18058528,7
2020-04-21 08:26:10,kovan2,18058556,18058554,2
2020-04-21 08:27:40,kovan2,18058577,18058554,23
2020-04-21 08:29:03,kovan2,18058597,18058554,43
2020-04-21 08:30:24,kovan2,18058618,18058554,64
2020-04-21 08:31:48,kovan2,18058641,18058641,0
2020-04-21 08:33:19,kovan2,18058661,18058661,0
2020-04-21 08:34:42,kovan2,18058681,18058661,20
2020-04-21 08:36:04,kovan2,18058702,18058690,12
2020-04-21 08:37:30,kovan2,18058727,18058714,13
2020-04-21 08:39:08,kovan2,18058751,18058745,6
2020-04-21 08:40:44,kovan2,18058773,18058771,2
2020-04-21 08:42:08,kovan2,18058794,18058777,17
2020-04-21 08:43:31,kovan2,18058814,18058808,6
2020-04-21 08:44:53,kovan2,18058835,18058808,27
2020-04-21 08:46:15,kovan2,18058855,18058808,47
2020-04-21 08:47:37,kovan2,18058876,18058808,68
2020-04-21 08:48:59,kovan2,18058896,18058893,3
2020-04-21 08:50:22,kovan2,18058917,18058893,24
2020-04-21 08:51:46,kovan2,18058937,18058927,10
2020-04-21 08:53:10,kovan2,18058962,18058952,10
2020-04-21 08:54:47,kovan2,18058983,18058979,4
2020-04-21 08:56:10,kovan2,18059003,18058993,10
2020-04-21 08:57:34,kovan2,18059030,18059020,10
2020-04-21 08:59:23,kovan2,18059056,18059041,15
2020-04-21 09:01:03,kovan2,18059078,18059066,12
2020-04-21 09:02:34,kovan2,18059100,18059090,10
2020-04-21 09:04:01,kovan2,18059120,18059109,11
2020-04-21 09:05:23,kovan2,18059141,18059138,3
2020-04-21 09:06:46,kovan2,18059164,18059147,17
2020-04-21 09:08:17,kovan2,18059187,18059186,1
2020-04-21 09:09:48,kovan2,18059212,18059212,0
2020-04-21 09:11:31,kovan2,18059233,18059225,8
2020-04-21 09:12:53,kovan2,18059262,18059241,21
2020-04-21 09:14:49,kovan2,18059283,18059241,42
2020-04-21 09:16:11,kovan2,18059304,18059241,63
2020-04-21 09:17:34,kovan2,18059324,18059241,83
2020-04-21 09:18:56,kovan2,18059344,18059241,103
2020-04-21 09:20:19,kovan2,18059367,18059367,0
2020-04-21 09:21:46,kovan2,18059387,18059387,0
2020-04-21 09:23:08,kovan2,18059408,18059393,15
2020-04-21 09:24:31,kovan2,18059428,18059416,12
2020-04-21 09:25:53,kovan2,18059451,18059445,6
2020-04-21 09:27:25,kovan2,18059472,18059471,1
2020-04-21 09:28:49,kovan2,18059493,18059476,17
2020-04-21 09:30:11,kovan2,18059514,18059501,13
2020-04-21 09:31:34,kovan2,18059534,18059501,33
2020-04-21 09:32:57,kovan2,18059555,18059540,15
2020-04-21 09:34:19,kovan2,18059576,18059574,2
2020-04-21 09:35:49,kovan2,18059597,18059585,12
2020-04-21 09:37:11,kovan2,18059618,18059585,33
2020-04-21 09:38:33,kovan2,18059640,18059641,-1
2020-04-21 09:40:02,kovan2,18059662,18059646,16
2020-04-21 09:41:30,kovan2,18059688,18059682,6
2020-04-21 09:43:11,kovan2,18059708,18059698,10
2020-04-21 09:44:34,kovan2,18059730,18059721,9
2020-04-21 09:46:01,kovan2,18059756,18059743,13
2020-04-21 09:47:42,kovan2,18059777,18059743,34
2020-04-21 09:49:06,kovan2,18059799,18059792,7
2020-04-21 09:50:37,kovan2,18059821,18059817,4
2020-04-21 09:52:06,kovan2,18059846,18059840,6
2020-04-21 09:53:46,kovan2,18059867,18059863,4
2020-04-21 09:55:09,kovan2,18059890,18059885,5
2020-04-21 09:56:40,kovan2,18059913,18059914,-1
2020-04-21 09:58:14,kovan2,18059935,18059933,2
2020-04-21 09:59:42,kovan2,18059956,18059957,-1
2020-04-21 10:01:06,kovan2,18059985,18059985,0
2020-04-21 10:02:59,kovan2,18060008,18059999,9
2020-04-21 10:04:33,kovan2,18060031,18060022,9
2020-04-21 10:06:06,kovan2,18060053,18060044,9
2020-04-21 10:07:32,kovan2,18060077,18060074,3
2020-04-21 10:09:07,kovan2,18060099,18060100,-1
2020-04-21 10:10:38,kovan2,18060122,18060122,0
2020-04-21 10:12:09,kovan2,18060146,18060146,0
2020-04-21 10:13:44,kovan2,18060166,18060150,16
2020-04-21 10:15:07,kovan2,18060188,18060181,7
2020-04-21 10:16:32,kovan2,18060208,18060209,-1
2020-04-21 10:17:55,kovan2,18060233,18060233,0
2020-04-21 10:19:31,kovan2,18060254,18060254,0
2020-04-21 10:20:55,kovan2,18060275,18060275,0
2020-04-21 10:22:21,kovan2,18060299,18060276,23
2020-04-21 10:23:55,kovan2,18060320,18060320,0
2020-04-21 10:25:20,kovan2,18060341,18060341,0
2020-04-21 10:26:42,kovan2,18060362,18060363,-1
2020-04-21 10:28:11,kovan2,18060383,18060377,6
2020-04-21 10:29:34,kovan2,18060409,18060401,8
2020-04-21 10:31:15,kovan2,18060430,18060401,29
2020-04-21 10:32:42,kovan2,18060451,18060401,50
2020-04-21 10:34:04,kovan2,18060471,18060472,-1
2020-04-21 10:35:27,kovan2,18060493,18060482,11
2020-04-21 10:36:52,kovan2,18060514,18060512,2
2020-04-21 10:38:17,kovan2,18060535,18060536,-1
2020-04-21 10:39:42,kovan2,18060556,18060556,0
2020-04-21 10:41:05,kovan2,18060577,18060568,9
2020-04-21 10:42:31,kovan2,18060598,18060595,3
2020-04-21 10:43:54,kovan2,18060620,18060620,0
2020-04-21 10:45:21,kovan2,18060644,18060636,8
2020-04-21 10:46:57,kovan2,18060666,18060658,8
2020-04-21 10:48:26,kovan2,18060690,18060685,5
2020-04-21 10:50:00,kovan2,18060712,18060705,7
2020-04-21 10:51:28,kovan2,18060732,18060727,5
2020-04-21 10:52:50,kovan2,18060753,18060727,26
2020-04-21 10:54:12,kovan2,18060776,18060777,-1
2020-04-21 10:55:46,kovan2,18060797,18060797,0
2020-04-21 10:57:08,kovan2,18060820,18060813,7
2020-04-21 10:58:40,kovan2,18060843,18060832,11
2020-04-21 11:00:13,kovan2,18060867,18060855,12
2020-04-21 11:01:48,kovan2,18060891,18060881,10
2020-04-21 11:03:24,kovan2,18060911,18060912,-1
2020-04-21 11:04:46,kovan2,18060933,18060933,0
2020-04-21 11:06:10,kovan2,18060953,18060944,9
2020-04-21 11:07:32,kovan2,18060975,18060974,1
2020-04-21 11:09:00,kovan2,18060995,18060996,-1
2020-04-21 11:10:23,kovan2,18061017,18061016,1
2020-04-21 11:11:49,kovan2,18061038,18061032,6
2020-04-21 11:13:13,kovan2,18061060,18061056,4
2020-04-21 11:14:41,kovan2,18061082,18061081,1
2020-04-21 11:16:12,kovan2,18061103,18061102,1
2020-04-21 11:17:35,kovan2,18061129,18061127,2
2020-04-21 11:19:17,kovan2,18061153,18061140,13
2020-04-21 11:20:54,kovan2,18061174,18061157,17
2020-04-21 11:22:18,kovan2,18061196,18061193,3
2020-04-21 11:23:45,kovan2,18061220,18061220,0
2020-04-21 11:25:19,kovan2,18061240,18061237,3
2020-04-21 11:26:41,kovan2,18061261,18061255,6
2020-04-21 11:28:05,kovan2,18061281,18061282,-1
2020-04-21 11:29:27,kovan2,18061306,18061301,5
2020-04-21 11:31:06,kovan2,18061327,18061308,19
2020-04-21 11:32:29,kovan2,18061348,18061348,0
2020-04-21 11:33:51,kovan2,18061369,18061361,8
2020-04-21 11:35:16,kovan2,18061390,18061391,-1
2020-04-21 11:36:41,kovan2,18061410,18061406,4
2020-04-21 11:38:04,kovan2,18061434,18061420,14
2020-04-21 11:39:38,kovan2,18061455,18061455,0
2020-04-21 11:41:01,kovan2,18061476,18061476,0
2020-04-21 11:42:27,kovan2,18061497,18061488,9
2020-04-21 11:43:54,kovan2,18061518,18061515,3
2020-04-21 11:45:17,kovan2,18061538,18061537,1
2020-04-21 11:46:40,kovan2,18061560,18061556,4
2020-04-21 11:48:07,kovan2,18061582,18061577,5
2020-04-21 11:49:34,kovan2,18061605,18061598,7
2020-04-21 11:51:04,kovan2,18061626,18061598,28
2020-04-21 11:52:28,kovan2,18061647,18061598,49
2020-04-21 11:53:51,kovan2,18061668,18061662,6
2020-04-21 11:55:16,kovan2,18061689,18061662,27
2020-04-21 11:56:41,kovan2,18061710,18061711,-1
2020-04-21 11:58:05,kovan2,18061733,18061733,0
2020-04-21 11:59:36,kovan2,18061754,18061754,0
2020-04-21 12:00:59,kovan2,18061775,18061776,-1
2020-04-21 12:02:26,kovan2,18061798,18061796,2
2020-04-21 12:04:00,kovan2,18061819,18061820,-1
2020-04-21 12:05:25,kovan2,18061840,18061824,16
2020-04-21 12:06:50,kovan2,18061863,18061848,15
2020-04-21 12:08:23,kovan2,18061886,18061887,-1
2020-04-21 12:09:54,kovan2,18061915,18061915,0
2020-04-21 12:11:46,kovan2,18061935,18061936,-1
2020-04-21 12:13:11,kovan2,18061956,18061947,9
2020-04-21 12:14:34,kovan2,18061978,18061971,7
2020-04-21 12:15:59,kovan2,18061998,18061998,0
2020-04-21 12:17:22,kovan2,18062020,18062017,3
2020-04-21 12:18:51,kovan2,18062043,18062042,1
2020-04-21 12:20:24,kovan2,18062063,18062062,1
2020-04-21 12:21:48,kovan2,18062084,18062062,22
2020-04-21 12:23:10,kovan2,18062105,18062062,43
2020-04-21 12:24:34,kovan2,18062126,18062125,1
2020-04-21 12:25:58,kovan2,18062147,18062125,22
2020-04-21 12:27:20,kovan2,18062167,18062125,42
2020-04-21 12:28:42,kovan2,18062191,18062179,12
2020-04-21 12:30:18,kovan2,18062213,18062213,0
2020-04-21 12:31:45,kovan2,18062234,18062218,16
2020-04-21 12:33:11,kovan2,18062256,18062256,0
2020-04-21 12:34:36,kovan2,18062277,18062276,1
2020-04-21 12:36:01,kovan2,18062297,18062298,-1
2020-04-21 12:37:24,kovan2,18062323,18062323,0
2020-04-21 12:39:03,kovan2,18062344,18062344,0
2020-04-21 12:40:29,kovan2,18062369,18062357,12
2020-04-21 12:42:11,kovan2,18062390,18062391,-1
2020-04-21 12:43:40,kovan2,18062414,18062393,21
2020-04-21 12:45:17,kovan2,18062439,18062440,-1
2020-04-21 12:46:54,kovan2,18062461,18062441,20
2020-04-21 12:48:18,kovan2,18062483,18062472,11
2020-04-21 12:49:48,kovan2,18062503,18062504,-1
2020-04-21 12:51:10,kovan2,18062524,18062524,0
2020-04-21 12:52:32,kovan2,18062545,18062540,5
2020-04-21 12:53:55,kovan2,18062565,18062566,-1
2020-04-21 12:55:17,kovan2,18062586,18062582,4
2020-04-21 12:56:41,kovan2,18062606,18062607,-1
2020-04-21 12:58:04,kovan2,18062630,18062630,0
2020-04-21 12:59:36,kovan2,18062650,18062651,-1
2020-04-21 13:00:59,kovan2,18062673,18062673,0
2020-04-21 13:02:27,kovan2,18062697,18062687,10
2020-04-21 13:04:04,kovan2,18062718,18062718,0
2020-04-21 13:05:27,kovan2,18062739,18062721,18
2020-04-21 13:06:51,kovan2,18062759,18062760,-1
2020-04-21 13:08:14,kovan2,18062783,18062782,1
2020-04-21 13:09:48,kovan2,18062805,18062804,1
2020-04-21 13:11:16,kovan2,18062826,18062826,0
2020-04-21 13:12:39,kovan2,18062846,18062831,15
2020-04-21 13:14:02,kovan2,18062867,18062849,18
2020-04-21 13:15:24,kovan2,18062888,18062849,39
2020-04-21 13:16:46,kovan2,18062908,18062849,59
2020-04-21 13:18:10,kovan2,18062929,18062849,80
2020-04-21 13:19:32,kovan2,18062950,18062949,1
2020-04-21 13:20:55,kovan2,18062970,18062971,-1
2020-04-21 13:22:18,kovan2,18062991,18062987,4
2020-04-21 13:23:40,kovan2,18063011,18062987,24
2020-04-21 13:25:03,kovan2,18063032,18062987,45
2020-04-21 13:26:25,kovan2,18063052,18063045,7
2020-04-21 13:27:47,kovan2,18063074,18063074,0
2020-04-21 13:29:12,kovan2,18063095,18063076,19
2020-04-21 13:30:39,kovan2,18063118,18063118,0
2020-04-21 13:32:09,kovan2,18063138,18063118,20
2020-04-21 13:33:32,kovan2,18063160,18063153,7
2020-04-21 13:34:58,kovan2,18063185,18063153,32
2020-04-21 13:36:37,kovan2,18063208,18063200,8
2020-04-21 13:38:06,kovan2,18063228,18063228,0
2020-04-21 13:39:29,kovan2,18063249,18063249,0
2020-04-21 13:40:51,kovan2,18063269,18063266,3
2020-04-21 13:42:15,kovan2,18063290,18063281,9
2020-04-21 13:43:38,kovan2,18063312,18063292,20
2020-04-21 13:45:03,kovan2,18063333,18063326,7
2020-04-21 13:46:31,kovan2,18063354,18063350,4
2020-04-21 13:47:55,kovan2,18063375,18063376,-1
2020-04-21 13:49:17,kovan2,18063398,18063388,10
2020-04-21 13:50:47,kovan2,18063419,18063419,0
2020-04-21 13:52:12,kovan2,18063440,18063440,0
2020-04-21 13:53:36,kovan2,18063460,18063457,3
2020-04-21 13:54:59,kovan2,18063481,18063457,24
2020-04-21 13:56:22,kovan2,18063502,18063489,13
2020-04-21 13:57:45,kovan2,18063523,18063523,0
2020-04-21 13:59:07,kovan2,18063546,18063528,18
2020-04-21 14:00:41,kovan2,18063566,18063528,38
2020-04-21 14:02:03,kovan2,18063588,18063572,16
2020-04-21 14:03:27,kovan2,18063608,18063589,19
2020-04-21 14:04:50,kovan2,18063629,18063589,40
2020-04-21 14:06:12,kovan2,18063650,18063650,0
2020-04-21 14:07:37,kovan2,18063672,18063673,-1
2020-04-21 14:09:09,kovan2,18063695,18063696,-1
2020-04-21 14:10:37,kovan2,18063720,18063706,14
2020-04-21 14:12:19,kovan2,18063741,18063706,35
2020-04-21 14:13:41,kovan2,18063761,18063706,55
2020-04-21 14:15:04,kovan2,18063782,18063706,76
2020-04-21 14:16:26,kovan2,18063804,18063706,98
2020-04-21 14:17:52,kovan2,18063824,18063807,17
2020-04-21 14:19:15,kovan2,18063846,18063845,1
2020-04-21 14:20:44,kovan2,18063866,18063855,11
2020-04-21 14:22:07,kovan2,18063886,18063855,31
2020-04-21 14:23:30,kovan2,18063908,18063855,53
2020-04-21 14:24:52,kovan2,18063930,18063924,6
2020-04-21 14:26:20,kovan2,18063951,18063945,6
2020-04-21 14:27:43,kovan2,18063972,18063972,0
2020-04-21 14:29:09,kovan2,18063995,18063987,8
2020-04-21 14:30:40,kovan2,18064017,18064012,5
2020-04-21 14:32:11,kovan2,18064038,18064039,-1
2020-04-21 14:33:34,kovan2,18064058,18064044,14
2020-04-21 14:34:57,kovan2,18064083,18064071,12
2020-04-21 14:36:38,kovan2,18064107,18064095,12
2020-04-21 14:38:14,kovan2,18064128,18064128,0
2020-04-21 14:39:36,kovan2,18064149,18064149,0
2020-04-21 14:41:03,kovan2,18064170,18064159,11
2020-04-21 14:42:25,kovan2,18064194,18064181,13
2020-04-21 14:44:00,kovan2,18064218,18064219,-1
2020-04-21 14:45:38,kovan2,18064242,18064239,3
2020-04-21 14:47:13,kovan2,18064263,18064239,24
2020-04-21 14:48:35,kovan2,18064286,18064276,10
2020-04-21 14:50:09,kovan2,18064307,18064307,0
2020-04-21 14:51:35,kovan2,18064328,18064307,21
2020-04-21 14:52:57,kovan2,18064349,18064307,42
2020-04-21 14:54:20,kovan2,18064369,18064354,15
2020-04-21 14:55:44,kovan2,18064390,18064391,-1
2020-04-21 14:57:06,kovan2,18064411,18064396,15
2020-04-21 14:58:31,kovan2,18064432,18064396,36
2020-04-21 14:59:53,kovan2,18064453,18064396,57
2020-04-21 15:01:18,kovan2,18064474,18064396,78
2020-04-21 15:02:40,kovan2,18064495,18064396,99
2020-04-21 15:04:06,kovan2,18064516,18064396,120
2020-04-21 15:05:28,kovan2,18064537,18064396,141
2020-04-21 15:06:51,kovan2,18064558,18064558,0
2020-04-21 15:08:16,kovan2,18064578,18064560,18
2020-04-21 15:09:38,kovan2,18064599,18064560,39
2020-04-21 15:11:00,kovan2,18064621,18064606,15
2020-04-21 15:12:33,kovan2,18064642,18064606,36
2020-04-21 15:13:56,kovan2,18064662,18064606,56
2020-04-21 15:15:18,kovan2,18064684,18064673,11
2020-04-21 15:16:47,kovan2,18064712,18064712,0
2020-04-21 15:18:37,kovan2,18064734,18064713,21
2020-04-21 15:20:03,kovan2,18064754,18064753,1
2020-04-21 15:21:29,kovan2,18064774,18064753,21
2020-04-21 15:22:51,kovan2,18064796,18064753,43
2020-04-21 15:24:16,kovan2,18064817,18064753,64
2020-04-21 15:25:42,kovan2,18064838,18064753,85
2020-04-21 15:27:07,kovan2,18064861,18064862,-1
2020-04-21 15:28:40,kovan2,18064883,18064869,14
2020-04-21 15:30:03,kovan2,18064903,18064869,34
2020-04-21 15:31:25,kovan2,18064925,18064924,1
2020-04-21 15:32:52,kovan2,18064946,18064946,0
2020-04-21 15:34:16,kovan2,18064966,18064947,19
2020-04-21 15:35:39,kovan2,18064986,18064976,10
2020-04-21 15:37:03,kovan2,18065006,18064992,14
2020-04-21 15:38:26,kovan2,18065028,18065023,5
2020-04-21 15:39:50,kovan2,18065048,18065042,6
2020-04-21 15:41:12,kovan2,18065074,18065071,3
2020-04-21 15:42:54,kovan2,18065094,18065074,20
2020-04-21 15:44:17,kovan2,18065115,18065074,41
2020-04-21 15:45:40,kovan2,18065135,18065136,-1
2020-04-21 15:47:02,kovan2,18065158,18065143,15
2020-04-21 15:48:32,kovan2,18065178,18065171,7
2020-04-21 15:49:55,kovan2,18065206,18065190,16
2020-04-21 15:51:46,kovan2,18065230,18065213,17
2020-04-21 15:53:20,kovan2,18065251,18065236,15
2020-04-21 15:54:45,kovan2,18065271,18065236,35
2020-04-21 15:56:08,kovan2,18065293,18065236,57
2020-04-21 15:57:35,kovan2,18065314,18065236,78
2020-04-21 15:58:57,kovan2,18065335,18065236,99
2020-04-21 16:00:20,kovan2,18065356,18065236,120
2020-04-21 16:01:48,kovan2,18065378,18065236,142
2020-04-21 16:03:12,kovan2,18065397,18065236,161
2020-04-21 16:04:35,kovan2,18065416,18065236,180
2020-04-21 16:05:57,kovan2,18065438,18065438,0
2020-04-21 16:07:22,kovan2,18065459,18065445,14
2020-04-21 16:08:47,kovan2,18065480,18065445,35
2020-04-21 16:10:12,kovan2,18065501,18065445,56
2020-04-21 16:11:35,kovan2,18065521,18065445,76
2020-04-21 16:12:57,kovan2,18065543,18065445,98
2020-04-21 16:14:26,kovan2,18065564,18065564,0
2020-04-21 16:15:48,kovan2,18065585,18065575,10
2020-04-21 16:17:10,kovan2,18065605,18065575,30
2020-04-21 16:18:35,kovan2,18065627,18065575,52
2020-04-21 16:20:00,kovan2,18065648,18065647,1
2020-04-21 16:21:27,kovan2,18065672,18065672,0
2020-04-21 16:22:59,kovan2,18065699,18065683,16
2020-04-21 16:24:47,kovan2,18065721,18065721,0
2020-04-21 16:26:16,kovan2,18065742,18065743,-1
2020-04-21 16:27:43,kovan2,18065763,18065763,0
2020-04-21 16:29:05,kovan2,18065785,18065786,-1
2020-04-21 16:30:33,kovan2,18065807,18065807,0
2020-04-21 16:32:00,kovan2,18065829,18065830,-1
2020-04-21 16:33:29,kovan2,18065853,18065840,13
2020-04-21 16:35:05,kovan2,18065875,18065857,18
2020-04-21 16:36:31,kovan2,18065895,18065857,38
2020-04-21 16:37:53,kovan2,18065917,18065917,0
2020-04-21 16:39:20,kovan2,18065938,18065938,0
2020-04-21 16:40:45,kovan2,18065958,18065941,17
2020-04-21 16:42:07,kovan2,18065981,18065969,12
2020-04-21 16:43:35,kovan2,18066001,18065993,8
2020-04-21 16:44:58,kovan2,18066024,18066015,9
2020-04-21 16:46:35,kovan2,18066046,18066046,0
2020-04-21 16:47:59,kovan2,18066068,18066066,2
2020-04-21 16:49:30,kovan2,18066090,18066066,24
2020-04-21 16:50:55,kovan2,18066111,18066111,0
2020-04-21 16:52:18,kovan2,18066133,18066126,7
2020-04-21 16:53:48,kovan2,18066153,18066146,7
2020-04-21 16:55:11,kovan2,18066175,18066175,0
2020-04-21 16:56:36,kovan2,18066196,18066178,18
2020-04-21 16:58:00,kovan2,18066216,18066208,8
2020-04-21 16:59:23,kovan2,18066237,18066237,0
2020-04-21 17:00:47,kovan2,18066258,18066244,14
2020-04-21 17:02:13,kovan2,18066281,18066282,-1
2020-04-21 17:03:46,kovan2,18066302,18066287,15
2020-04-21 17:05:10,kovan2,18066325,18066324,1
2020-04-21 17:06:43,kovan2,18066348,18066348,0
2020-04-21 17:08:12,kovan2,18066369,18066369,0
2020-04-21 17:09:36,kovan2,18066391,18066380,11
2020-04-21 17:11:06,kovan2,18066413,18066380,33
2020-04-21 17:12:32,kovan2,18066433,18066434,-1
2020-04-21 17:13:55,kovan2,18066459,18066452,7
2020-04-21 17:15:39,kovan2,18066481,18066474,7
2020-04-21 17:17:06,kovan2,18066503,18066501,2
2020-04-21 17:18:32,kovan2,18066524,18066525,-1
2020-04-21 17:19:59,kovan2,18066545,18066535,10
2020-04-21 17:21:22,kovan2,18066566,18066567,-1
2020-04-21 17:22:46,kovan2,18066591,18066588,3
2020-04-21 17:24:28,kovan2,18066612,18066588,24
2020-04-21 17:25:50,kovan2,18066634,18066588,46
2020-04-21 17:27:16,kovan2,18066655,18066588,67
2020-04-21 17:28:41,kovan2,18066674,18066588,86
2020-04-21 17:30:04,kovan2,18066696,18066588,108
2020-04-21 17:31:28,kovan2,18066716,18066717,-1
2020-04-21 17:32:51,kovan2,18066737,18066725,12
2020-04-21 17:34:13,kovan2,18066759,18066750,9
2020-04-21 17:35:43,kovan2,18066780,18066781,-1
2020-04-21 17:37:06,kovan2,18066803,18066800,3
2020-04-21 17:38:37,kovan2,18066824,18066800,24
2020-04-21 17:39:59,kovan2,18066844,18066842,2
2020-04-21 17:41:22,kovan2,18066867,18066842,25
2020-04-21 17:42:51,kovan2,18066887,18066845,42
2020-04-21 17:44:16,kovan2,18066908,18066889,19
2020-04-21 17:45:38,kovan2,18066930,18066931,-1
2020-04-21 17:47:10,kovan2,18066951,18066951,0
2020-04-21 17:48:33,kovan2,18066971,18066968,3
2020-04-21 17:49:56,kovan2,18066993,18066993,0
2020-04-21 17:51:21,kovan2,18067015,18067016,-1
2020-04-21 17:52:50,kovan2,18067036,18067031,5
2020-04-21 17:54:13,kovan2,18067056,18067057,-1
2020-04-21 17:55:35,kovan2,18067078,18067064,14
2020-04-21 17:57:01,kovan2,18067099,18067064,35
2020-04-21 17:58:24,kovan2,18067119,18067120,-1
2020-04-21 17:59:46,kovan2,18067140,18067140,0
2020-04-21 18:01:08,kovan2,18067161,18067162,-1
2020-04-21 18:02:34,kovan2,18067184,18067181,3
2020-04-21 18:04:06,kovan2,18067205,18067188,17
2020-04-21 18:05:29,kovan2,18067226,18067188,38
2020-04-21 18:06:52,kovan2,18067247,18067247,0
2020-04-21 18:08:14,kovan2,18067268,18067268,0
2020-04-21 18:09:39,kovan2,18067288,18067270,18
2020-04-21 18:11:02,kovan2,18067310,18067311,-1
2020-04-21 18:12:30,kovan2,18067334,18067335,-1
2020-04-21 18:14:06,kovan2,18067355,18067356,-1
2020-04-21 18:15:29,kovan2,18067376,18067375,1
2020-04-21 18:16:53,kovan2,18067397,18067397,0
2020-04-21 18:18:15,kovan2,18067420,18067420,0
2020-04-21 18:19:48,kovan2,18067443,18067438,5
2020-04-21 18:21:19,kovan2,18067464,18067438,26
2020-04-21 18:22:47,kovan2,18067485,18067438,47
2020-04-21 18:24:09,kovan2,18067506,18067438,68
2020-04-21 18:25:32,kovan2,18067527,18067516,11
2020-04-21 18:26:54,kovan2,18067550,18067539,11
2020-04-21 18:28:30,kovan2,18067571,18067569,2
2020-04-21 18:29:53,kovan2,18067593,18067576,17
2020-04-21 18:31:20,kovan2,18067613,18067613,0
2020-04-21 18:32:46,kovan2,18067635,18067634,1
2020-04-21 18:34:11,kovan2,18067658,18067646,12
2020-04-21 18:35:44,kovan2,18067678,18067679,-1
2020-04-21 18:37:06,kovan2,18067700,18067697,3
2020-04-21 18:38:35,kovan2,18067721,18067721,0
2020-04-21 18:39:57,kovan2,18067743,18067740,3
2020-04-21 18:41:24,kovan2,18067764,18067764,0
2020-04-21 18:42:48,kovan2,18067786,18067772,14
2020-04-21 18:44:14,kovan2,18067807,18067797,10
2020-04-21 18:45:45,kovan2,18067829,18067797,32
2020-04-21 18:47:10,kovan2,18067850,18067797,53
2020-04-21 18:48:32,kovan2,18067873,18067863,10
2020-04-21 18:50:04,kovan2,18067895,18067892,3
2020-04-21 18:51:33,kovan2,18067916,18067917,-1
2020-04-21 18:52:58,kovan2,18067939,18067940,-1
2020-04-21 18:54:29,kovan2,18067960,18067960,0
2020-04-21 18:55:52,kovan2,18067981,18067978,3
2020-04-21 18:57:17,kovan2,18068003,18067996,7
2020-04-21 18:58:45,kovan2,18068024,18068017,7
2020-04-21 19:00:11,kovan2,18068046,18068042,4
2020-04-21 19:01:36,kovan2,18068068,18068063,5
2020-04-21 19:03:07,kovan2,18068089,18068078,11
2020-04-21 19:04:30,kovan2,18068111,18068112,-1
2020-04-21 19:05:57,kovan2,18068132,18068119,13
2020-04-21 19:07:22,kovan2,18068153,18068119,34
2020-04-21 19:08:46,kovan2,18068174,18068169,5
2020-04-21 19:10:09,kovan2,18068195,18068170,25
2020-04-21 19:11:32,kovan2,18068215,18068195,20
2020-04-21 19:12:54,kovan2,18068236,18068195,41
2020-04-21 19:14:16,kovan2,18068256,18068195,61
2020-04-21 19:15:39,kovan2,18068277,18068195,82
2020-04-21 19:17:03,kovan2,18068300,18068301,-1
2020-04-21 19:18:34,kovan2,18068321,18068322,-1
2020-04-21 19:19:58,kovan2,18068346,18068343,3
2020-04-21 19:21:39,kovan2,18068367,18068358,9
2020-04-21 19:23:02,kovan2,18068388,18068379,9
2020-04-21 19:24:30,kovan2,18068410,18068410,0
2020-04-21 19:25:52,kovan2,18068431,18068429,2
2020-04-21 19:27:18,kovan2,18068452,18068437,15
2020-04-21 19:28:43,kovan2,18068472,18068437,35
2020-04-21 19:30:05,kovan2,18068494,18068437,57
2020-04-21 19:31:28,kovan2,18068516,18068437,79
2020-04-21 19:32:55,kovan2,18068536,18068437,99
2020-04-21 19:34:17,kovan2,18068557,18068437,120
2020-04-21 19:35:43,kovan2,18068579,18068437,142
2020-04-21 19:37:08,kovan2,18068600,18068437,163
2020-04-21 19:38:34,kovan2,18068621,18068437,184
2020-04-21 19:39:57,kovan2,18068642,18068437,205
2020-04-21 19:41:21,kovan2,18068664,18068663,1
2020-04-21 19:42:48,kovan2,18068684,18068685,-1
2020-04-21 19:44:11,kovan2,18068706,18068698,8
2020-04-21 19:45:37,kovan2,18068731,18068698,33
2020-04-21 19:47:16,kovan2,18068753,18068698,55
2020-04-21 19:48:42,kovan2,18068773,18068698,75
2020-04-21 19:50:04,kovan2,18068799,18068800,-1
2020-04-21 19:51:51,kovan2,18068821,18068814,7
2020-04-21 19:53:17,kovan2,18068844,18068845,-1
2020-04-21 19:54:51,kovan2,18068865,18068847,18
2020-04-21 19:56:14,kovan2,18068887,18068881,6
2020-04-21 19:57:40,kovan2,18068911,18068904,7
2020-04-21 19:59:16,kovan2,18068936,18068925,11
2020-04-21 20:00:55,kovan2,18068957,18068949,8
2020-04-21 20:02:22,kovan2,18068978,18068968,10
2020-04-21 20:03:46,kovan2,18068997,18068997,0
2020-04-21 20:05:09,kovan2,18069018,18069019,-1
2020-04-21 20:06:33,kovan2,18069038,18069030,8
2020-04-21 20:07:55,kovan2,18069059,18069030,29
2020-04-21 20:09:18,kovan2,18069082,18069082,0
2020-04-21 20:10:49,kovan2,18069103,18069087,16
2020-04-21 20:12:13,kovan2,18069125,18069115,10
2020-04-21 20:13:39,kovan2,18069148,18069144,4
2020-04-21 20:15:13,kovan2,18069169,18069155,14
2020-04-21 20:16:36,kovan2,18069193,18069180,13
2020-04-21 20:18:13,kovan2,18069214,18069211,3
2020-04-21 20:19:37,kovan2,18069234,18069235,-1
2020-04-21 20:21:02,kovan2,18069255,18069241,14
2020-04-21 20:22:24,kovan2,18069277,18069267,10
2020-04-21 20:23:53,kovan2,18069298,18069298,0
2020-04-21 20:25:15,kovan2,18069319,18069310,9
2020-04-21 20:26:40,kovan2,18069339,18069310,29
2020-04-21 20:28:02,kovan2,18069360,18069346,14
2020-04-21 20:29:26,kovan2,18069382,18069376,6
2020-04-21 20:30:51,kovan2,18069402,18069396,6
2020-04-21 20:32:13,kovan2,18069422,18069423,-1
2020-04-21 20:33:35,kovan2,18069445,18069435,10
2020-04-21 20:35:04,kovan2,18069465,18069466,-1
2020-04-21 20:36:26,kovan2,18069490,18069485,5
2020-04-21 20:38:07,kovan2,18069512,18069485,27
2020-04-21 20:39:32,kovan2,18069540,18069531,9
2020-04-21 20:41:26,kovan2,18069560,18069561,-1
2020-04-21 20:42:50,kovan2,18069582,18069569,13
2020-04-21 20:44:20,kovan2,18069607,18069598,9
2020-04-21 20:45:57,kovan2,18069627,18069627,0
2020-04-21 20:47:19,kovan2,18069648,18069637,11
2020-04-21 20:48:43,kovan2,18069668,18069667,1
2020-04-21 20:50:05,kovan2,18069690,18069687,3
2020-04-21 20:51:35,kovan2,18069716,18069687,29
2020-04-21 20:53:16,kovan2,18069737,18069735,2
2020-04-21 20:54:45,kovan2,18069759,18069760,-1
2020-04-21 20:56:10,kovan2,18069779,18069772,7
2020-04-21 20:57:32,kovan2,18069801,18069801,0
2020-04-21 20:58:54,kovan2,18069823,18069806,17
2020-04-21 21:00:24,kovan2,18069844,18069806,38
2020-04-21 21:01:49,kovan2,18069870,18069862,8
2020-04-21 21:03:34,kovan2,18069891,18069884,7
2020-04-21 21:04:58,kovan2,18069912,18069902,10
2020-04-21 21:06:20,kovan2,18069931,18069919,12
2020-04-21 21:07:43,kovan2,18069952,18069919,33
2020-04-21 21:09:06,kovan2,18069975,18069972,3
2020-04-21 21:10:34,kovan2,18069998,18069995,3
2020-04-21 21:12:10,kovan2,18070019,18069995,24
2020-04-21 21:13:33,kovan2,18070040,18069995,45
2020-04-21 21:14:56,kovan2,18070062,18070042,20
2020-04-21 21:16:25,kovan2,18070082,18070042,40
2020-04-21 21:17:47,kovan2,18070100,18070098,2
2020-04-21 21:19:13,kovan2,18070121,18070098,23
2020-04-21 21:20:37,kovan2,18070141,18070141,0
2020-04-21 21:21:59,kovan2,18070166,18070151,15
2020-04-21 21:23:37,kovan2,18070186,18070186,0
2020-04-21 21:25:01,kovan2,18070207,18070206,1
2020-04-21 21:26:26,kovan2,18070231,18070207,24
2020-04-21 21:28:02,kovan2,18070252,18070243,9
2020-04-21 21:29:27,kovan2,18070273,18070263,10
2020-04-21 21:30:49,kovan2,18070294,18070295,-1
2020-04-21 21:32:13,kovan2,18070319,18070301,18
2020-04-21 21:33:54,kovan2,18070340,18070301,39
2020-04-21 21:35:18,kovan2,18070361,18070361,0
2020-04-21 21:36:40,kovan2,18070381,18070382,-1
2020-04-21 21:38:04,kovan2,18070402,18070401,1
2020-04-21 21:39:26,kovan2,18070426,18070409,17
2020-04-21 21:41:02,kovan2,18070447,18070409,38
2020-04-21 21:42:26,kovan2,18070468,18070468,0
2020-04-21 21:43:48,kovan2,18070492,18070478,14
2020-04-21 21:45:23,kovan2,18070512,18070511,1
2020-04-21 21:46:46,kovan2,18070535,18070526,9
2020-04-21 21:48:16,kovan2,18070558,18070557,1
2020-04-21 21:49:50,kovan2,18070580,18070572,8
2020-04-21 21:51:20,kovan2,18070601,18070582,19
2020-04-21 21:52:44,kovan2,18070623,18070613,10
2020-04-21 21:54:08,kovan2,18070644,18070639,5
2020-04-21 21:55:32,kovan2,18070666,18070656,10
2020-04-21 21:57:02,kovan2,18070690,18070690,0
2020-04-21 21:58:37,kovan2,18070711,18070692,19
2020-04-21 22:00:02,kovan2,18070735,18070736,-1
2020-04-21 22:01:39,kovan2,18070759,18070759,0
2020-04-21 22:03:11,kovan2,18070781,18070774,7
2020-04-21 22:04:40,kovan2,18070804,18070805,-1
2020-04-21 22:06:14,kovan2,18070824,18070809,15
2020-04-21 22:07:36,kovan2,18070846,18070809,37
2020-04-21 22:08:58,kovan2,18070866,18070809,57
2020-04-21 22:10:20,kovan2,18070886,18070809,77
2020-04-21 22:11:42,kovan2,18070907,18070809,98
2020-04-21 22:13:07,kovan2,18070928,18070929,-1
2020-04-21 22:14:30,kovan2,18070955,18070937,18
2020-04-21 22:16:18,kovan2,18070976,18070937,39
2020-04-21 22:17:41,kovan2,18070998,18070997,1
2020-04-21 22:19:09,kovan2,18071020,18070997,23
2020-04-21 22:20:35,kovan2,18071040,18071036,4
2020-04-21 22:21:58,kovan2,18071061,18071057,4
2020-04-21 22:23:21,kovan2,18071082,18071057,25
2020-04-21 22:24:44,kovan2,18071103,18071057,46
2020-04-21 22:26:07,kovan2,18071123,18071057,66
2020-04-21 22:27:30,kovan2,18071145,18071145,0
2020-04-21 22:28:55,kovan2,18071165,18071166,-1
2020-04-21 22:30:17,kovan2,18071186,18071180,6
2020-04-21 22:31:44,kovan2,18071207,18071200,7
2020-04-21 22:33:07,kovan2,18071227,18071200,27
2020-04-21 22:34:29,kovan2,18071248,18071248,0
2020-04-21 22:35:51,kovan2,18071268,18071266,2
2020-04-21 22:37:14,kovan2,18071289,18071282,7
2020-04-21 22:38:37,kovan2,18071310,18071310,0
2020-04-21 22:40:00,kovan2,18071330,18071311,19
2020-04-21 22:41:22,kovan2,18071351,18071351,0
2020-04-21 22:42:44,kovan2,18071372,18071362,10
2020-04-21 22:44:08,kovan2,18071401,18071385,16
2020-04-21 22:46:06,kovan2,18071422,18071416,6
2020-04-21 22:47:30,kovan2,18071443,18071444,-1
2020-04-21 22:48:54,kovan2,18071464,18071464,0
2020-04-21 22:50:16,kovan2,18071486,18071476,10
2020-04-21 22:51:44,kovan2,18071507,18071507,0
2020-04-21 22:53:08,kovan2,18071530,18071520,10
2020-04-21 22:54:40,kovan2,18071550,18071551,-1
2020-04-21 22:56:03,kovan2,18071571,18071563,8
2020-04-21 22:57:26,kovan2,18071592,18071592,0
2020-04-21 22:58:49,kovan2,18071613,18071613,0
2020-04-21 23:00:11,kovan2,18071634,18071626,8
2020-04-21 23:01:35,kovan2,18071654,18071655,-1
2020-04-21 23:02:58,kovan2,18071677,18071670,7
2020-04-21 23:04:29,kovan2,18071699,18071698,1
2020-04-21 23:05:59,kovan2,18071720,18071721,-1
2020-04-21 23:07:22,kovan2,18071741,18071732,9
2020-04-21 23:08:44,kovan2,18071761,18071762,-1
2020-04-21 23:10:08,kovan2,18071782,18071771,11
2020-04-21 23:11:31,kovan2,18071804,18071801,3
2020-04-21 23:12:57,kovan2,18071827,18071820,7
2020-04-21 23:14:28,kovan2,18071848,18071848,0
2020-04-21 23:15:52,kovan2,18071869,18071869,0
2020-04-21 23:17:17,kovan2,18071892,18071881,11
2020-04-21 23:18:49,kovan2,18071912,18071907,5
2020-04-21 23:20:13,kovan2,18071933,18071921,12
2020-04-21 23:21:35,kovan2,18071955,18071951,4
2020-04-21 23:23:00,kovan2,18071975,18071951,24
2020-04-21 23:24:22,kovan2,18071997,18071997,0
2020-04-21 23:25:49,kovan2,18072018,18072018,0
2020-04-21 23:27:12,kovan2,18072039,18072026,13
2020-04-21 23:28:35,kovan2,18072059,18072045,14
2020-04-21 23:29:57,kovan2,18072081,18072076,5
2020-04-21 23:31:25,kovan2,18072102,18072077,25
2020-04-21 23:32:48,kovan2,18072124,18072120,4
2020-04-21 23:34:16,kovan2,18072144,18072145,-1
2020-04-21 23:35:39,kovan2,18072169,18072159,10
2020-04-21 23:37:17,kovan2,18072194,18072185,9
2020-04-21 23:38:55,kovan2,18072215,18072215,0
2020-04-21 23:40:18,kovan2,18072235,18072235,0
2020-04-21 23:41:40,kovan2,18072255,18072244,11
2020-04-21 23:43:03,kovan2,18072279,18072280,-1
2020-04-21 23:44:39,kovan2,18072301,18072289,12
2020-04-21 23:46:04,kovan2,18072325,18072311,14
2020-04-21 23:47:44,kovan2,18072346,18072347,-1
2020-04-21 23:49:06,kovan2,18072368,18072369,-1
2020-04-21 23:50:33,kovan2,18072388,18072389,-1
2020-04-21 23:51:56,kovan2,18072412,18072412,0
2020-04-21 23:53:29,kovan2,18072432,18072421,11
2020-04-21 23:54:51,kovan2,18072453,18072442,11
2020-04-21 23:56:14,kovan2,18072476,18072476,0
2020-04-21 23:57:44,kovan2,18072497,18072480,17
2020-04-21 23:59:08,kovan2,18072517,18072480,37
2020-04-22 00:00:31,kovan2,18072538,18072480,58
2020-04-22 00:01:53,kovan2,18072559,18072480,79
2020-04-22 00:03:15,kovan2,18072579,18072580,-1
2020-04-22 00:04:38,kovan2,18072600,18072587,13
2020-04-22 00:06:02,kovan2,18072624,18072621,3
2020-04-22 00:07:36,kovan2,18072653,18072642,11
2020-04-22 00:09:33,kovan2,18072681,18072668,13
2020-04-22 00:11:27,kovan2,18072706,18072705,1
2020-04-22 00:13:06,kovan2,18072727,18072727,0
2020-04-22 00:14:28,kovan2,18072748,18072746,2
2020-04-22 00:15:55,kovan2,18072769,18072746,23
2020-04-22 00:17:17,kovan2,18072792,18072790,2
2020-04-22 00:18:50,kovan2,18072815,18072811,4
2020-04-22 00:20:22,kovan2,18072837,18072831,6
2020-04-22 00:21:50,kovan2,18072859,18072859,0
2020-04-22 00:23:14,kovan2,18072879,18072863,16
2020-04-22 00:24:36,kovan2,18072900,18072900,0
2020-04-22 00:25:59,kovan2,18072925,18072919,6
2020-04-22 00:27:39,kovan2,18072951,18072939,12
2020-04-22 00:29:24,kovan2,18072973,18072970,3
2020-04-22 00:30:53,kovan2,18072994,18072970,24
2020-04-22 00:32:16,kovan2,18073014,18073007,7
2020-04-22 00:33:38,kovan2,18073041,18073030,11
2020-04-22 00:35:28,kovan2,18073065,18073064,1
2020-04-22 00:37:01,kovan2,18073086,18073080,6
2020-04-22 00:38:26,kovan2,18073109,18073096,13
2020-04-22 00:39:57,kovan2,18073135,18073129,6
2020-04-22 00:41:43,kovan2,18073157,18073156,1
2020-04-22 00:43:09,kovan2,18073178,18073178,0
2020-04-22 00:44:31,kovan2,18073198,18073199,-1
2020-04-22 00:45:53,kovan2,18073220,18073217,3
2020-04-22 00:47:20,kovan2,18073244,18073242,2
2020-04-22 00:48:56,kovan2,18073264,18073242,22
2020-04-22 00:50:18,kovan2,18073288,18073283,5
2020-04-22 00:51:55,kovan2,18073309,18073283,26
2020-04-22 00:53:18,kovan2,18073330,18073283,47
2020-04-22 00:54:40,kovan2,18073351,18073341,10
2020-04-22 00:56:03,kovan2,18073371,18073367,4
2020-04-22 00:57:26,kovan2,18073392,18073392,0
2020-04-22 00:58:48,kovan2,18073417,18073406,11
2020-04-22 01:00:29,kovan2,18073438,18073439,-1
2020-04-22 01:01:54,kovan2,18073459,18073456,3
2020-04-22 01:03:17,kovan2,18073480,18073456,24
2020-04-22 01:04:42,kovan2,18073501,18073493,8
2020-04-22 01:06:06,kovan2,18073522,18073522,0
2020-04-22 01:07:28,kovan2,18073543,18073528,15
2020-04-22 01:08:52,kovan2,18073564,18073564,0
2020-04-22 01:10:14,kovan2,18073587,18073575,12
2020-04-22 01:11:48,kovan2,18073607,18073601,6
2020-04-22 01:13:10,kovan2,18073629,18073627,2
2020-04-22 01:14:36,kovan2,18073650,18073645,5
2020-04-22 01:15:59,kovan2,18073671,18073668,3
2020-04-22 01:17:24,kovan2,18073699,18073690,9
2020-04-22 01:19:15,kovan2,18073719,18073720,-1
2020-04-22 01:20:38,kovan2,18073742,18073743,-1
2020-04-22 01:22:10,kovan2,18073766,18073745,21
2020-04-22 01:23:46,kovan2,18073788,18073789,-1
2020-04-22 01:25:13,kovan2,18073808,18073796,12
2020-04-22 01:26:35,kovan2,18073830,18073829,1
2020-04-22 01:28:03,kovan2,18073853,18073852,1
2020-04-22 01:46:02,kovan2,18074120,18074107,13
2020-04-22 01:47:25,kovan2,18074141,18074134,7
2020-04-22 01:48:48,kovan2,18074161,18074162,-1
2020-04-22 01:50:10,kovan2,18074185,18074185,0
2020-04-22 01:51:44,kovan2,18074206,18074198,8
2020-04-22 01:53:08,kovan2,18074226,18074227,-1
2020-04-22 01:54:30,kovan2,18074248,18074243,5
2020-04-22 01:55:57,kovan2,18074269,18074269,0
2020-04-22 01:57:20,kovan2,18074297,18074283,14
2020-04-22 01:59:11,kovan2,18074317,18074318,-1
2020-04-22 02:00:33,kovan2,18074338,18074328,10
2020-04-22 02:01:57,kovan2,18074357,18074328,29
2020-04-22 02:03:19,kovan2,18074378,18074377,1
2020-04-22 02:04:41,kovan2,18074399,18074399,0
2020-04-22 02:06:03,kovan2,18074419,18074419,0
2020-04-22 02:07:25,kovan2,18074440,18074440,0
2020-04-22 02:08:47,kovan2,18074460,18074448,12
2020-04-22 02:10:10,kovan2,18074481,18074482,-1
2020-04-22 02:11:33,kovan2,18074501,18074502,-1
2020-04-22 02:12:55,kovan2,18074524,18074514,10
2020-04-22 02:14:23,kovan2,18074547,18074545,2
2020-04-22 02:15:56,kovan2,18074568,18074545,23
2020-04-22 02:17:19,kovan2,18074589,18074581,8
2020-04-22 02:18:44,kovan2,18074612,18074601,11
2020-04-22 02:20:16,kovan2,18074636,18074632,4
2020-04-22 02:21:55,kovan2,18074657,18074632,25
2020-04-22 02:23:17,kovan2,18074678,18074666,12
2020-04-22 02:24:40,kovan2,18074698,18074699,-1
2020-04-22 02:26:03,kovan2,18074719,18074706,13
2020-04-22 02:27:26,kovan2,18074739,18074740,-1
2020-04-22 02:28:49,kovan2,18074760,18074758,2
2020-04-22 02:30:10,kovan2,18074781,18074758,23
2020-04-22 02:31:34,kovan2,18074802,18074802,0
2020-04-22 02:32:56,kovan2,18074823,18074823,0
2020-04-22 02:34:20,kovan2,18074843,18074839,4
2020-04-22 02:35:43,kovan2,18074864,18074854,10
2020-04-22 02:37:06,kovan2,18074885,18074886,-1
2020-04-22 02:38:30,kovan2,18074908,18074894,14
2020-04-22 02:39:59,kovan2,18074932,18074915,17
2020-04-22 02:41:36,kovan2,18074953,18074940,13
2020-04-22 02:43:00,kovan2,18074973,18074961,12
2020-04-22 02:44:22,kovan2,18074994,18074993,1
2020-04-22 02:45:44,kovan2,18075015,18075002,13
2020-04-22 02:47:08,kovan2,18075036,18075024,12
2020-04-22 02:48:30,kovan2,18075057,18075058,-1
2020-04-22 02:49:59,kovan2,18075079,18075079,0
2020-04-22 02:51:24,kovan2,18075100,18075089,11
2020-04-22 02:52:47,kovan2,18075120,18075121,-1
2020-04-22 02:54:10,kovan2,18075144,18075144,0
2020-04-22 02:55:43,kovan2,18075168,18075168,0
2020-04-22 02:57:17,kovan2,18075188,18075184,4
2020-04-22 02:58:39,kovan2,18075208,18075209,-1
2020-04-22 03:00:01,kovan2,18075228,18075229,-1
2020-04-22 03:01:23,kovan2,18075249,18075246,3
2020-04-22 03:02:47,kovan2,18075270,18075246,24
2020-04-22 03:04:09,kovan2,18075290,18075246,44
2020-04-22 03:05:31,kovan2,18075311,18075246,65
2020-04-22 03:06:53,kovan2,18075332,18075246,86
2020-04-22 03:08:15,kovan2,18075352,18075246,106
2020-04-22 03:09:39,kovan2,18075373,18075246,127
2020-04-22 03:11:01,kovan2,18075394,18075246,148
2020-04-22 03:12:23,kovan2,18075414,18075246,168
2020-04-22 03:13:46,kovan2,18075435,18075246,189
2020-04-22 03:15:08,kovan2,18075456,18075246,210
2020-04-22 03:16:30,kovan2,18075476,18075246,230
2020-04-22 03:17:52,kovan2,18075497,18075246,251
2020-04-22 03:19:15,kovan2,18075517,18075246,271
2020-04-22 03:20:37,kovan2,18075537,18075246,291
2020-04-22 03:21:59,kovan2,18075558,18075246,312
2020-04-22 03:23:21,kovan2,18075578,18075579,-1
2020-04-22 03:24:43,kovan2,18075599,18075594,5
2020-04-22 03:26:05,kovan2,18075620,18075618,2
2020-04-22 03:27:29,kovan2,18075641,18075618,23
2020-04-22 03:28:51,kovan2,18075661,18075662,-1
2020-04-22 03:30:15,kovan2,18075682,18075675,7
2020-04-22 03:31:37,kovan2,18075703,18075704,-1
2020-04-22 03:33:02,kovan2,18075724,18075708,16
2020-04-22 03:34:25,kovan2,18075745,18075708,37
2020-04-22 03:35:49,kovan2,18075768,18075766,2
2020-04-22 03:37:20,kovan2,18075789,18075789,0
2020-04-22 03:38:42,kovan2,18075812,18075800,12
2020-04-22 03:40:17,kovan2,18075835,18075833,2
2020-04-22 03:41:49,kovan2,18075856,18075856,0
2020-04-22 03:43:11,kovan2,18075876,18075866,10
2020-04-22 03:44:33,kovan2,18075897,18075897,0
2020-04-22 03:45:55,kovan2,18075917,18075918,-1
2020-04-22 03:47:17,kovan2,18075941,18075928,13
2020-04-22 03:48:52,kovan2,18075961,18075962,-1
2020-04-22 03:50:14,kovan2,18075987,18075973,14
2020-04-22 03:51:54,kovan2,18076007,18076007,0
2020-04-22 03:53:16,kovan2,18076029,18076026,3
2020-04-22 03:54:46,kovan2,18076052,18076053,-1
2020-04-22 03:56:19,kovan2,18076074,18076066,8
2020-04-22 03:57:43,kovan2,18076097,18076095,2
2020-04-22 03:59:18,kovan2,18076118,18076095,23
2020-04-22 04:00:40,kovan2,18076138,18076139,-1
2020-04-22 04:02:02,kovan2,18076159,18076160,-1
2020-04-22 04:03:25,kovan2,18076180,18076175,5
2020-04-22 04:04:49,kovan2,18076201,18076198,3
2020-04-22 04:06:11,kovan2,18076222,18076220,2
2020-04-22 04:07:34,kovan2,18076245,18076233,12
2020-04-22 04:09:09,kovan2,18076266,18076266,0
2020-04-22 04:10:31,kovan2,18076286,18076286,0
2020-04-22 04:11:54,kovan2,18076307,18076308,-1
2020-04-22 04:13:19,kovan2,18076332,18076333,-1
2020-04-22 04:14:57,kovan2,18076353,18076348,5
2020-04-22 04:16:19,kovan2,18076373,18076371,2
2020-04-22 04:17:43,kovan2,18076394,18076371,23
2020-04-22 04:19:05,kovan2,18076417,18076417,0
2020-04-22 04:20:35,kovan2,18076437,18076434,3
2020-04-22 04:21:57,kovan2,18076457,18076457,0
2020-04-22 04:23:19,kovan2,18076480,18076473,7
2020-04-22 04:24:51,kovan2,18076504,18076503,1
2020-04-22 04:26:22,kovan2,18076524,18076508,16
2020-04-22 04:27:45,kovan2,18076545,18076539,6
2020-04-22 04:29:10,kovan2,18076568,18076560,8
2020-04-22 04:30:44,kovan2,18076591,18076579,12
2020-04-22 04:32:12,kovan2,18076614,18076610,4
2020-04-22 04:33:45,kovan2,18076635,18076635,0
2020-04-22 04:35:07,kovan2,18076655,18076641,14
2020-04-22 04:36:29,kovan2,18076678,18076676,2
2020-04-22 04:38:03,kovan2,18076702,18076695,7
2020-04-22 04:39:38,kovan2,18076723,18076695,28
2020-04-22 04:41:00,kovan2,18076744,18076743,1
2020-04-22 04:42:25,kovan2,18076768,18076766,2
2020-04-22 04:43:59,kovan2,18076787,18076776,11
2020-04-22 04:45:21,kovan2,18076809,18076808,1
2020-04-22 04:46:43,kovan2,18076830,18076831,-1
2020-04-22 04:48:10,kovan2,18076851,18076850,1
2020-04-22 04:49:34,kovan2,18076872,18076872,0
2020-04-22 04:50:56,kovan2,18076893,18076886,7
2020-04-22 04:52:19,kovan2,18076915,18076915,0
2020-04-22 04:53:49,kovan2,18076936,18076935,1
2020-04-22 04:55:13,kovan2,18076960,18076935,25
2020-04-22 04:56:49,kovan2,18076981,18076935,46
2020-04-22 04:58:12,kovan2,18077001,18076935,66
2020-04-22 04:59:35,kovan2,18077023,18076935,88
2020-04-22 05:00:57,kovan2,18077043,18076935,108
2020-04-22 05:02:21,kovan2,18077063,18076935,128
2020-04-22 05:03:43,kovan2,18077084,18076935,149
2020-04-22 05:05:05,kovan2,18077104,18076935,169
2020-04-22 05:06:27,kovan2,18077125,18076935,190
2020-04-22 05:07:50,kovan2,18077145,18076935,210
2020-04-22 05:09:12,kovan2,18077166,18076935,231
2020-04-22 05:10:34,kovan2,18077187,18076935,252
2020-04-22 05:11:57,kovan2,18077207,18077208,-1
2020-04-22 05:13:19,kovan2,18077228,18077229,-1
2020-04-22 05:14:42,kovan2,18077250,18077245,5
2020-04-22 05:16:07,kovan2,18077271,18077271,0
2020-04-22 05:17:35,kovan2,18077293,18077293,0
2020-04-22 05:18:59,kovan2,18077313,18077303,10
2020-04-22 05:20:21,kovan2,18077335,18077336,-1
2020-04-22 05:21:50,kovan2,18077359,18077338,21
2020-04-22 05:23:23,kovan2,18077381,18077375,6
2020-04-22 05:24:51,kovan2,18077402,18077402,0
2020-04-22 05:26:17,kovan2,18077422,18077403,19
2020-04-22 05:27:39,kovan2,18077445,18077444,1
2020-04-22 05:29:09,kovan2,18077471,18077472,-1
2020-04-22 05:30:54,kovan2,18077493,18077489,4
2020-04-22 05:32:18,kovan2,18077513,18077513,0
2020-04-22 05:33:42,kovan2,18077534,18077534,0
2020-04-22 05:35:04,kovan2,18077554,18077542,12
2020-04-22 05:36:26,kovan2,18077579,18077569,10
2020-04-22 05:38:04,kovan2,18077599,18077585,14
2020-04-22 05:39:27,kovan2,18077623,18077614,9
2020-04-22 05:40:59,kovan2,18077643,18077635,8
2020-04-22 05:42:23,kovan2,18077664,18077635,29
2020-04-22 05:43:46,kovan2,18077685,18077684,1
2020-04-22 05:45:08,kovan2,18077706,18077701,5
2020-04-22 05:46:33,kovan2,18077727,18077727,0
2020-04-22 05:47:57,kovan2,18077748,18077738,10
2020-04-22 05:49:22,kovan2,18077771,18077759,12
2020-04-22 05:50:53,kovan2,18077794,18077794,0
2020-04-22 05:52:24,kovan2,18077814,18077815,-1
2020-04-22 05:53:47,kovan2,18077838,18077838,0
2020-04-22 05:55:21,kovan2,18077858,18077859,-1
2020-04-22 05:56:43,kovan2,18077880,18077879,1
2020-04-22 05:58:10,kovan2,18077903,18077902,1
2020-04-22 05:59:43,kovan2,18077923,18077902,21
2020-04-22 06:01:05,kovan2,18077944,18077945,-1
2020-04-22 06:02:29,kovan2,18077964,18077965,-1
2020-04-22 06:03:52,kovan2,18077983,18077984,-1
2020-04-22 06:05:16,kovan2,18078003,18078003,0
2020-04-22 06:06:42,kovan2,18078023,18078010,13
2020-04-22 06:08:04,kovan2,18078044,18078040,4
2020-04-22 06:09:27,kovan2,18078065,18078054,11
2020-04-22 06:10:51,kovan2,18078090,18078081,9
2020-04-22 06:12:27,kovan2,18078111,18078111,0
2020-04-22 06:13:52,kovan2,18078132,18078120,12
2020-04-22 06:15:16,kovan2,18078154,18078150,4
2020-04-22 06:16:45,kovan2,18078175,18078165,10
2020-04-22 06:18:09,kovan2,18078196,18078165,31
2020-04-22 06:19:32,kovan2,18078216,18078200,16
2020-04-22 06:20:54,kovan2,18078239,18078239,0
2020-04-22 06:22:23,kovan2,18078259,18078245,14
2020-04-22 06:23:45,kovan2,18078283,18078281,2
2020-04-22 06:25:22,kovan2,18078303,18078281,22
2020-04-22 06:26:44,kovan2,18078324,18078281,43
2020-04-22 06:28:07,kovan2,18078348,18078341,7
2020-04-22 06:29:41,kovan2,18078369,18078363,6
2020-04-22 06:31:04,kovan2,18078389,18078380,9
2020-04-22 06:32:28,kovan2,18078411,18078380,31
2020-04-22 06:33:51,kovan2,18078431,18078380,51
2020-04-22 06:35:15,kovan2,18078452,18078380,72
2020-04-22 06:36:37,kovan2,18078473,18078380,93
2020-04-22 06:38:00,kovan2,18078494,18078380,114
2020-04-22 06:39:23,kovan2,18078514,18078380,134
2020-04-22 06:40:45,kovan2,18078535,18078380,155
2020-04-22 06:42:07,kovan2,18078555,18078380,175
2020-04-22 06:43:29,kovan2,18078575,18078380,195
2020-04-22 06:44:51,kovan2,18078597,18078380,217
2020-04-22 06:46:15,kovan2,18078617,18078380,237
2020-04-22 06:47:37,kovan2,18078638,18078380,258
2020-04-22 06:48:59,kovan2,18078658,18078647,11
2020-04-22 06:50:21,kovan2,18078679,18078647,32
2020-04-22 06:51:43,kovan2,18078699,18078647,52
2020-04-22 06:53:05,kovan2,18078720,18078647,73
2020-04-22 06:54:28,kovan2,18078741,18078647,94
2020-04-22 06:55:51,kovan2,18078761,18078647,114
2020-04-22 06:57:14,kovan2,18078782,18078647,135
2020-04-22 06:58:37,kovan2,18078802,18078647,155
2020-04-22 06:59:59,kovan2,18078824,18078647,177
2020-04-22 07:01:23,kovan2,18078845,18078647,198
2020-04-22 07:02:46,kovan2,18078865,18078865,0
2020-04-22 07:04:09,kovan2,18078888,18078872,16
2020-04-22 07:05:39,kovan2,18078909,18078872,37
2020-04-22 07:07:03,kovan2,18078930,18078872,58
2020-04-22 07:08:26,kovan2,18078950,18078872,78
2020-04-22 07:09:50,kovan2,18078970,18078872,98
2020-04-22 07:11:12,kovan2,18078991,18078872,119
2020-04-22 07:12:34,kovan2,18079012,18078872,140
2020-04-22 07:13:57,kovan2,18079031,18078872,159
2020-04-22 07:15:21,kovan2,18079050,18078872,178
2020-04-22 07:16:45,kovan2,18079067,18078872,195
2020-04-22 07:18:07,kovan2,18079087,18078872,215
2020-04-22 07:19:31,kovan2,18079105,18078872,233
2020-04-22 07:20:53,kovan2,18079127,18079125,2
2020-04-22 07:22:22,kovan2,18079148,18079125,23
2020-04-22 07:23:45,kovan2,18079169,18079125,44
2020-04-22 07:25:07,kovan2,18079192,18079183,9
2020-04-22 07:26:43,kovan2,18079213,18079183,30
2020-04-22 07:28:06,kovan2,18079234,18079183,51
2020-04-22 07:29:28,kovan2,18079255,18079183,72
2020-04-22 07:30:51,kovan2,18079276,18079258,18
2020-04-22 07:32:15,kovan2,18079300,18079289,11
2020-04-22 07:33:50,kovan2,18079320,18079289,31
2020-04-22 07:35:13,kovan2,18079341,18079327,14
2020-04-22 07:36:37,kovan2,18079362,18079348,14
2020-04-22 07:37:59,kovan2,18079384,18079367,17
2020-04-22 07:39:29,kovan2,18079410,18079406,4
2020-04-22 07:41:13,kovan2,18079433,18079430,3
2020-04-22 07:42:46,kovan2,18079461,18079454,7
2020-04-22 07:44:41,kovan2,18079483,18079469,14
2020-04-22 07:46:04,kovan2,18079504,18079503,1
2020-04-22 07:47:30,kovan2,18079525,18079525,0
2020-04-22 07:48:52,kovan2,18079546,18079535,11
2020-04-22 07:50:16,kovan2,18079567,18079549,18
2020-04-22 07:51:39,kovan2,18079587,18079549,38
2020-04-22 07:53:01,kovan2,18079610,18079604,6
2020-04-22 07:54:30,kovan2,18079631,18079631,0
2020-04-22 07:55:54,kovan2,18079651,18079649,2
2020-04-22 07:57:18,kovan2,18079672,18079673,-1
2020-04-22 07:58:43,kovan2,18079695,18079693,2
2020-04-22 08:00:14,kovan2,18079720,18079719,1
2020-04-22 08:01:52,kovan2,18079749,18079750,-1
2020-04-22 08:03:49,kovan2,18079787,18079788,-1
2020-04-22 08:06:21,kovan2,18079810,18079810,0
2020-04-22 08:07:52,kovan2,18079835,18079813,22
2020-04-22 08:09:35,kovan2,18079868,18079867,1
2020-04-22 08:11:54,kovan2,18079895,18079885,10
2020-04-22 08:13:33,kovan2,18079918,18079917,1
2020-04-22 08:15:07,kovan2,18079945,18079946,-1
2020-04-22 08:16:53,kovan2,18079970,18079971,-1
2020-04-22 08:18:33,kovan2,18079996,18079992,4
2020-04-22 08:20:18,kovan2,18080017,18080002,15
2020-04-22 08:21:41,kovan2,18080039,18080038,1
2020-04-22 08:23:10,kovan2,18080060,18080059,1
2020-04-22 08:24:35,kovan2,18080082,18080082,0
2020-04-22 08:25:58,kovan2,18080102,18080086,16
2020-04-22 08:27:22,kovan2,18080123,18080124,-1
2020-04-22 08:28:47,kovan2,18080144,18080145,-1
2020-04-22 08:30:11,kovan2,18080165,18080166,-1
2020-04-22 08:31:34,kovan2,18080187,18080172,15
2020-04-22 08:32:58,kovan2,18080207,18080195,12
2020-04-22 08:34:22,kovan2,18080230,18080230,0
2020-04-22 08:35:51,kovan2,18080251,18080251,0
2020-04-22 08:37:14,kovan2,18080272,18080259,13
2020-04-22 08:38:41,kovan2,18080294,18080295,-1
2020-04-22 08:40:09,kovan2,18080315,18080295,20
2020-04-22 08:41:33,kovan2,18080336,18080331,5
2020-04-22 08:42:55,kovan2,18080356,18080331,25
2020-04-22 08:44:18,kovan2,18080377,18080364,13
2020-04-22 08:45:41,kovan2,18080398,18080393,5
2020-04-22 08:47:07,kovan2,18080420,18080420,0
2020-04-22 08:48:31,kovan2,18080440,18080423,17
2020-04-22 08:49:53,kovan2,18080461,18080461,0
2020-04-22 08:51:16,kovan2,18080481,18080482,-1
2020-04-22 08:52:38,kovan2,18080503,18080503,0
2020-04-22 08:54:02,kovan2,18080524,18080523,1
2020-04-22 08:55:29,kovan2,18080545,18080540,5
2020-04-22 08:56:53,kovan2,18080571,18080567,4
2020-04-22 08:58:39,kovan2,18080595,18080593,2
2020-04-22 09:00:12,kovan2,18080621,18080617,4
2020-04-22 09:01:54,kovan2,18080643,18080644,-1
2020-04-22 09:03:31,kovan2,18080664,18080665,-1
2020-04-22 09:04:54,kovan2,18080695,18080678,17
2020-04-22 09:06:56,kovan2,18080718,18080719,-1
2020-04-22 09:08:30,kovan2,18080746,18080724,22
2020-04-22 09:10:19,kovan2,18080775,18080761,14
2020-04-22 09:12:17,kovan2,18080806,18080783,23
2020-04-22 09:14:24,kovan2,18080837,18080822,15
2020-04-22 09:16:25,kovan2,18080859,18080822,37
2020-04-22 09:17:50,kovan2,18080881,18080822,59
2020-04-22 09:19:22,kovan2,18080902,18080903,-1
2020-04-22 09:20:45,kovan2,18080923,18080923,0
2020-04-22 09:22:07,kovan2,18080943,18080944,-1
2020-04-22 09:23:31,kovan2,18080964,18080961,3
2020-04-22 09:24:53,kovan2,18080988,18080987,1
2020-04-22 09:26:27,kovan2,18081009,18081010,-1
2020-04-22 09:27:54,kovan2,18081031,18081031,0
2020-04-22 09:29:21,kovan2,18081052,18081051,1
2020-04-22 09:30:44,kovan2,18081073,18081051,22
2020-04-22 09:32:09,kovan2,18081093,18081051,42
2020-04-22 09:33:33,kovan2,18081114,18081114,0
2020-04-22 09:34:55,kovan2,18081136,18081133,3
2020-04-22 09:36:26,kovan2,18081158,18081158,0
2020-04-22 09:37:51,kovan2,18081180,18081180,0
2020-04-22 09:39:20,kovan2,18081201,18081201,0
2020-04-22 09:40:45,kovan2,18081222,18081223,-1
2020-04-22 09:42:09,kovan2,18081243,18081235,8
2020-04-22 09:43:34,kovan2,18081264,18081264,0
2020-04-22 09:44:57,kovan2,18081284,18081285,-1
2020-04-22 09:46:19,kovan2,18081305,18081305,0
2020-04-22 09:47:41,kovan2,18081326,18081321,5
2020-04-22 09:49:05,kovan2,18081346,18081323,23
2020-04-22 09:50:27,kovan2,18081369,18081364,5
2020-04-22 09:51:56,kovan2,18081390,18081389,1
2020-04-22 09:53:22,kovan2,18081412,18081408,4
2020-04-22 09:54:46,kovan2,18081432,18081432,0
2020-04-22 09:56:08,kovan2,18081455,18081454,1
2020-04-22 09:57:41,kovan2,18081475,18081476,-1
2020-04-22 09:59:04,kovan2,18081497,18081498,-1
2020-04-22 10:00:31,kovan2,18081522,18081523,-1
2020-04-22 10:02:09,kovan2,18081544,18081544,0
2020-04-22 10:03:37,kovan2,18081567,18081567,0
2020-04-22 10:05:09,kovan2,18081588,18081588,0
2020-04-22 10:06:31,kovan2,18081608,18081605,3
2020-04-22 10:07:56,kovan2,18081630,18081630,0
2020-04-22 10:09:19,kovan2,18081651,18081650,1
2020-04-22 10:10:46,kovan2,18081671,18081672,-1
2020-04-22 10:12:09,kovan2,18081693,18081694,-1
2020-04-22 10:13:34,kovan2,18081717,18081712,5
2020-04-22 10:15:08,kovan2,18081736,18081713,23
2020-04-22 10:16:30,kovan2,18081756,18081745,11
2020-04-22 10:17:52,kovan2,18081777,18081776,1
2020-04-22 10:19:16,kovan2,18081800,18081800,0
2020-04-22 10:20:49,kovan2,18081822,18081822,0
2020-04-22 10:22:15,kovan2,18081842,18081835,7
2020-04-22 10:23:37,kovan2,18081865,18081865,0
2020-04-22 10:25:10,kovan2,18081886,18081886,0
2020-04-22 10:26:34,kovan2,18081907,18081907,0
2020-04-22 10:27:56,kovan2,18081928,18081928,0
2020-04-22 10:29:18,kovan2,18081949,18081945,4
2020-04-22 10:30:44,kovan2,18081972,18081972,0
2020-04-22 10:32:16,kovan2,18081993,18081993,0
2020-04-22 10:33:39,kovan2,18082013,18082013,0
2020-04-22 10:35:01,kovan2,18082043,18082020,23
2020-04-22 10:37:01,kovan2,18082065,18082020,45
2020-04-22 10:38:27,kovan2,18082086,18082086,0
2020-04-22 10:39:53,kovan2,18082108,18082090,18
2020-04-22 10:41:19,kovan2,18082128,18082090,38
2020-04-22 10:42:43,kovan2,18082149,18082090,59
2020-04-22 10:44:05,kovan2,18082170,18082170,0
2020-04-22 10:45:29,kovan2,18082191,18082191,0
2020-04-22 10:46:57,kovan2,18082213,18082213,0
2020-04-22 10:48:26,kovan2,18082235,18082225,10
2020-04-22 10:49:50,kovan2,18082255,18082225,30
2020-04-22 10:51:12,kovan2,18082276,18082225,51
2020-04-22 10:52:37,kovan2,18082297,18082225,72
2020-04-22 10:53:59,kovan2,18082318,18082225,93
2020-04-22 10:55:23,kovan2,18082339,18082340,-1
2020-04-22 10:56:50,kovan2,18082361,18082342,19
2020-04-22 10:58:17,kovan2,18082381,18082342,39
2020-04-22 10:59:39,kovan2,18082403,18082403,0
2020-04-22 11:01:04,kovan2,18082424,18082424,0
2020-04-22 11:02:28,kovan2,18082446,18082447,-1
2020-04-22 11:03:57,kovan2,18082466,18082454,12
2020-04-22 11:05:26,kovan2,18082486,18082454,32
2020-04-22 11:06:50,kovan2,18082506,18082454,52
2020-04-22 11:08:13,kovan2,18082529,18082529,0
2020-04-22 11:09:39,kovan2,18082549,18082529,20
2020-04-22 11:11:01,kovan2,18082570,18082529,41
2020-04-22 11:12:25,kovan2,18082590,18082529,61
2020-04-22 11:13:47,kovan2,18082614,18082529,85
2020-04-22 11:15:18,kovan2,18082634,18082529,105
2020-04-22 11:16:41,kovan2,18082654,18082529,125
2020-04-22 11:18:03,kovan2,18082675,18082676,-1
2020-04-22 11:19:26,kovan2,18082696,18082679,17
2020-04-22 11:20:48,kovan2,18082722,18082705,17
2020-04-22 11:22:29,kovan2,18082742,18082743,-1
2020-04-22 11:23:55,kovan2,18082765,18082750,15
2020-04-22 11:25:25,kovan2,18082789,18082786,3
2020-04-22 11:27:03,kovan2,18082811,18082811,0
2020-04-22 11:28:28,kovan2,18082832,18082822,10
2020-04-22 11:29:52,kovan2,18082854,18082851,3
2020-04-22 11:31:21,kovan2,18082876,18082874,2
2020-04-22 11:32:50,kovan2,18082897,18082883,14
2020-04-22 11:34:12,kovan2,18082919,18082906,13
2020-04-22 11:35:41,kovan2,18082943,18082931,12
2020-04-22 11:37:19,kovan2,18082964,18082953,11
2020-04-22 11:38:43,kovan2,18082985,18082953,32
2020-04-22 11:40:06,kovan2,18083006,18082953,53
2020-04-22 11:41:29,kovan2,18083027,18082953,74
2020-04-22 11:42:58,kovan2,18083050,18082953,97
2020-04-22 11:44:29,kovan2,18083072,18082953,119
2020-04-22 11:45:57,kovan2,18083093,18083084,9
2020-04-22 11:47:23,kovan2,18083114,18083115,-1
2020-04-22 11:48:46,kovan2,18083136,18083134,2
2020-04-22 11:50:12,kovan2,18083159,18083141,18
2020-04-22 11:51:44,kovan2,18083180,18083181,-1
2020-04-22 11:53:09,kovan2,18083203,18083193,10
2020-04-22 11:54:40,kovan2,18083223,18083224,-1
2020-04-22 11:56:03,kovan2,18083246,18083242,4
2020-04-22 11:57:31,kovan2,18083269,18083266,3
2020-04-22 11:59:04,kovan2,18083293,18083293,0
2020-04-22 12:00:41,kovan2,18083313,18083314,-1
2020-04-22 12:02:04,kovan2,18083335,18083329,6
2020-04-22 12:03:27,kovan2,18083356,18083329,27
2020-04-22 12:04:51,kovan2,18083376,18083329,47
2020-04-22 12:06:13,kovan2,18083397,18083329,68
2020-04-22 12:07:35,kovan2,18083419,18083412,7
2020-04-22 12:09:04,kovan2,18083440,18083439,1
2020-04-22 12:10:26,kovan2,18083461,18083456,5
2020-04-22 12:11:51,kovan2,18083481,18083456,25
2020-04-22 12:13:14,kovan2,18083502,18083456,46
2020-04-22 12:14:37,kovan2,18083523,18083456,67
2020-04-22 12:15:59,kovan2,18083543,18083456,87
2020-04-22 12:17:21,kovan2,18083564,18083563,1
2020-04-22 12:18:45,kovan2,18083584,18083584,0
2020-04-22 12:20:07,kovan2,18083605,18083606,-1
2020-04-22 12:21:30,kovan2,18083627,18083628,-1
2020-04-22 12:22:58,kovan2,18083649,18083649,0
2020-04-22 12:24:24,kovan2,18083672,18083671,1
2020-04-22 12:25:57,kovan2,18083693,18083671,22
2020-04-22 12:27:19,kovan2,18083713,18083671,42
2020-04-22 12:28:41,kovan2,18083734,18083671,63
2020-04-22 12:30:04,kovan2,18083754,18083755,-1
2020-04-22 12:31:26,kovan2,18083776,18083759,17
2020-04-22 12:32:55,kovan2,18083797,18083795,2
2020-04-22 12:34:18,kovan2,18083820,18083821,-1
2020-04-22 12:35:49,kovan2,18083842,18083842,0
2020-04-22 12:37:16,kovan2,18083863,18083853,10
2020-04-22 12:38:39,kovan2,18083883,18083884,-1
2020-04-22 12:40:01,kovan2,18083904,18083904,0
2020-04-22 12:41:24,kovan2,18083926,18083905,21
2020-04-22 12:42:53,kovan2,18083950,18083949,1
2020-04-22 12:44:29,kovan2,18083971,18083949,22
2020-04-22 12:45:53,kovan2,18083993,18083983,10
2020-04-22 12:47:20,kovan2,18084013,18084014,-1
2020-04-22 12:48:42,kovan2,18084034,18084035,-1
2020-04-22 12:50:09,kovan2,18084054,18084045,9
2020-04-22 12:51:31,kovan2,18084076,18084076,0
2020-04-22 12:52:56,kovan2,18084097,18084097,0
2020-04-22 12:54:21,kovan2,18084119,18084109,10
2020-04-22 12:55:50,kovan2,18084140,18084138,2
2020-04-22 12:57:12,kovan2,18084161,18084154,7
2020-04-22 12:58:36,kovan2,18084182,18084182,0
2020-04-22 12:59:58,kovan2,18084205,18084192,13
2020-04-22 13:01:33,kovan2,18084232,18084222,10
2020-04-22 13:03:22,kovan2,18084253,18084254,-1
2020-04-22 13:04:46,kovan2,18084274,18084274,0
2020-04-22 13:06:08,kovan2,18084298,18084288,10
2020-04-22 13:07:44,kovan2,18084322,18084312,10
2020-04-22 13:09:19,kovan2,18084346,18084339,7
2020-04-22 13:10:56,kovan2,18084368,18084368,0
2020-04-22 13:12:24,kovan2,18084389,18084386,3
2020-04-22 13:13:47,kovan2,18084409,18084410,-1
2020-04-22 13:15:10,kovan2,18084430,18084430,0
2020-04-22 13:16:35,kovan2,18084454,18084445,9
2020-04-22 13:18:07,kovan2,18084474,18084475,-1
2020-04-22 13:19:30,kovan2,18084496,18084493,3
2020-04-22 13:21:03,kovan2,18084518,18084503,15
2020-04-22 13:22:30,kovan2,18084539,18084526,13
2020-04-22 13:23:59,kovan2,18084561,18084557,4
2020-04-22 13:25:26,kovan2,18084584,18084575,9
2020-04-22 13:27:01,kovan2,18084608,18084608,0
2020-04-22 13:28:36,kovan2,18084631,18084625,6
2020-04-22 13:30:09,kovan2,18084654,18084655,-1
2020-04-22 13:31:42,kovan2,18084676,18084676,0
2020-04-22 13:33:08,kovan2,18084697,18084677,20
2020-04-22 13:34:30,kovan2,18084723,18084716,7
2020-04-22 13:36:15,kovan2,18084742,18084740,2
2020-04-22 13:37:37,kovan2,18084763,18084750,13
2020-04-22 13:39:01,kovan2,18084788,18084764,24
2020-04-22 13:40:41,kovan2,18084809,18084804,5
2020-04-22 13:42:05,kovan2,18084831,18084823,8
2020-04-22 13:43:31,kovan2,18084853,18084853,0
2020-04-22 13:44:58,kovan2,18084872,18084870,2
2020-04-22 13:46:22,kovan2,18084894,18084895,-1
2020-04-22 13:47:49,kovan2,18084915,18084908,7
2020-04-22 13:49:11,kovan2,18084937,18084937,0
2020-04-22 13:50:40,kovan2,18084957,18084957,0
2020-04-22 13:52:02,kovan2,18084980,18084981,-1
2020-04-22 13:53:33,kovan2,18085003,18084993,10
2020-04-22 13:55:07,kovan2,18085022,18085017,5
2020-04-22 13:56:32,kovan2,18085043,18085043,0
2020-04-22 13:57:56,kovan2,18085065,18085051,14
2020-04-22 13:59:25,kovan2,18085086,18085071,15
2020-04-22 14:00:47,kovan2,18085112,18085108,4
2020-04-22 14:02:38,kovan2,18085135,18085135,0
2020-04-22 14:04:10,kovan2,18085156,18085142,14
2020-04-22 14:05:39,kovan2,18085177,18085142,35
2020-04-22 14:07:02,kovan2,18085196,18085183,13
2020-04-22 14:08:26,kovan2,18085216,18085202,14
2020-04-22 14:09:48,kovan2,18085241,18085234,7
2020-04-22 14:11:24,kovan2,18085261,18085262,-1
2020-04-22 14:12:47,kovan2,18085282,18085281,1
2020-04-22 14:14:11,kovan2,18085306,18085281,25
2020-04-22 14:15:48,kovan2,18085332,18085327,5
2020-04-22 14:17:32,kovan2,18085359,18085327,32
2020-04-22 14:19:23,kovan2,18085384,18085327,57
2020-04-22 14:21:01,kovan2,18085406,18085327,79
2020-04-22 14:22:27,kovan2,18085429,18085410,19
2020-04-22 14:24:01,kovan2,18085451,18085449,2
2020-04-22 14:25:30,kovan2,18085474,18085470,4
2020-04-22 14:27:01,kovan2,18085496,18085492,4
2020-04-22 14:28:29,kovan2,18085517,18085514,3
2020-04-22 14:29:52,kovan2,18085543,18085519,24
2020-04-22 14:31:35,kovan2,18085564,18085564,0
2020-04-22 14:33:02,kovan2,18085589,18085577,12
2020-04-22 14:34:39,kovan2,18085610,18085577,33
2020-04-22 14:36:03,kovan2,18085638,18085577,61
2020-04-22 14:37:57,kovan2,18085662,18085663,-1
2020-04-22 14:39:36,kovan2,18085683,18085666,17
2020-04-22 14:40:58,kovan2,18085704,18085704,0
2020-04-22 14:42:21,kovan2,18085733,18085709,24
2020-04-22 14:44:15,kovan2,18085754,18085709,45
2020-04-22 14:45:40,kovan2,18085774,18085709,65
2020-04-22 14:47:02,kovan2,18085797,18085709,88
2020-04-22 14:48:36,kovan2,18085819,18085816,3
2020-04-22 14:50:00,kovan2,18085844,18085835,9
2020-04-22 14:51:40,kovan2,18085870,18085864,6
2020-04-22 14:53:27,kovan2,18085891,18085880,11
2020-04-22 14:54:51,kovan2,18085916,18085906,10
2020-04-22 14:56:30,kovan2,18085937,18085906,31
2020-04-22 14:57:55,kovan2,18085959,18085947,12
2020-04-22 14:59:24,kovan2,18085981,18085970,11
2020-04-22 15:00:49,kovan2,18086002,18085970,32
2020-04-22 15:02:13,kovan2,18086023,18086014,9
2020-04-22 15:03:40,kovan2,18086044,18086014,30
2020-04-22 15:05:12,kovan2,18086064,18086014,50
2020-04-22 15:06:40,kovan2,18086087,18086014,73
2020-04-22 15:08:09,kovan2,18086109,18086105,4
2020-04-22 15:09:35,kovan2,18086130,18086105,25
2020-04-22 15:10:58,kovan2,18086152,18086136,16
2020-04-22 15:12:28,kovan2,18086174,18086136,38
2020-04-22 15:13:55,kovan2,18086195,18086186,9
2020-04-22 15:15:23,kovan2,18086216,18086186,30
2020-04-22 15:16:48,kovan2,18086238,18086219,19
2020-04-22 15:18:14,kovan2,18086259,18086219,40
2020-04-22 15:19:36,kovan2,18086280,18086219,61
2020-04-22 15:21:04,kovan2,18086306,18086291,15
2020-04-22 15:22:45,kovan2,18086337,18086291,46
2020-04-22 15:24:49,kovan2,18086364,18086348,16
2020-04-22 15:26:38,kovan2,18086385,18086348,37
2020-04-22 15:28:01,kovan2,18086408,18086405,3
2020-04-22 15:29:31,kovan2,18086429,18086405,24
2020-04-22 15:30:55,kovan2,18086453,18086405,48
2020-04-22 15:32:37,kovan2,18086476,18086477,-1
2020-04-22 15:34:10,kovan2,18086498,18086480,18
2020-04-22 15:35:37,kovan2,18086521,18086480,41
2020-04-22 15:37:08,kovan2,18086542,18086480,62
2020-04-22 15:38:33,kovan2,18086566,18086555,11
2020-04-22 15:40:09,kovan2,18086587,18086585,2
2020-04-22 15:41:32,kovan2,18086613,18086585,28
2020-04-22 15:47:12,kovan2,18086694,18086585,109
2020-04-22 15:48:42,kovan2,18086719,18086585,134
2020-04-22 15:50:18,kovan2,18086744,18086709,35
2020-04-22 15:52:02,kovan2,18086768,18086758,10
2020-04-22 15:53:37,kovan2,18086792,18086788,4
2020-04-22 15:55:14,kovan2,18086814,18086788,26
2020-04-22 15:56:42,kovan2,18086837,18086820,17
2020-04-22 15:58:14,kovan2,18086859,18086854,5
2020-04-22 15:59:39,kovan2,18086881,18086854,27
2020-04-22 16:01:09,kovan2,18086901,18086902,-1
2020-04-22 16:02:31,kovan2,18086922,18086913,9
2020-04-22 16:03:55,kovan2,18086950,18086913,37
2020-04-22 16:05:46,kovan2,18086985,18086913,72
2020-04-22 16:08:05,kovan2,18087010,18087006,4
2020-04-22 16:09:45,kovan2,18087031,18087031,0
2020-04-22 16:11:07,kovan2,18087061,18087060,1
2020-04-22 16:13:11,kovan2,18087083,18087077,6
2020-04-22 16:14:39,kovan2,18087103,18087103,0
2020-04-22 16:16:01,kovan2,18087125,18087103,22
2020-04-22 16:17:26,kovan2,18087147,18087139,8
2020-04-22 16:18:54,kovan2,18087168,18087139,29
2020-04-22 16:20:18,kovan2,18087190,18087139,51
2020-04-22 16:21:46,kovan2,18087211,18087139,72
2020-04-22 16:23:09,kovan2,18087232,18087221,11
2020-04-22 16:24:33,kovan2,18087253,18087221,32
2020-04-22 16:25:59,kovan2,18087275,18087221,54
2020-04-22 16:27:28,kovan2,18087301,18087295,6
2020-04-22 16:29:09,kovan2,18087326,18087320,6
2020-04-22 16:30:48,kovan2,18087349,18087349,0
2020-04-22 16:32:17,kovan2,18087369,18087354,15
2020-04-22 16:33:44,kovan2,18087394,18087354,40
2020-04-22 16:35:22,kovan2,18087417,18087354,63
2020-04-22 16:36:55,kovan2,18087438,18087354,84
2020-04-22 16:38:18,kovan2,18087460,18087354,106
2020-04-22 16:39:44,kovan2,18087482,18087354,128
2020-04-22 16:41:11,kovan2,18087503,18087354,149
2020-04-22 16:42:36,kovan2,18087525,18087354,171
2020-04-22 16:44:04,kovan2,18087553,18087552,1
2020-04-22 16:45:58,kovan2,18087575,18087552,23
2020-04-22 16:47:28,kovan2,18087596,18087552,44
2020-04-22 16:48:51,kovan2,18087618,18087552,66
2020-04-22 16:50:16,kovan2,18087642,18087552,90
2020-04-22 16:51:52,kovan2,18087664,18087648,16
2020-04-22 16:53:21,kovan2,18087687,18087680,7
2020-04-22 16:54:54,kovan2,18087711,18087680,31
2020-04-22 16:56:30,kovan2,18087736,18087680,56
2020-04-22 16:58:08,kovan2,18087757,18087680,77
2020-04-22 16:59:33,kovan2,18087788,18087762,26
2020-04-22 17:01:37,kovan2,18087809,18087762,47
2020-04-22 17:03:00,kovan2,18087830,18087762,68
2020-04-22 17:04:26,kovan2,18087852,18087762,90
2020-04-22 17:05:53,kovan2,18087874,18087857,17
2020-04-22 17:07:22,kovan2,18087896,18087857,39
2020-04-22 17:08:47,kovan2,18087916,18087916,0
2020-04-22 17:10:10,kovan2,18087937,18087916,21
2020-04-22 17:11:33,kovan2,18087959,18087946,13
2020-04-22 17:13:01,kovan2,18087981,18087946,35
2020-04-22 17:14:27,kovan2,18088004,18087946,58
2020-04-22 17:16:02,kovan2,18088026,18087946,80
2020-04-22 17:17:31,kovan2,18088047,18087946,101
2020-04-22 17:18:53,kovan2,18088068,18087946,122
2020-04-22 17:20:18,kovan2,18088090,18087946,144
2020-04-22 17:21:43,kovan2,18088111,18087946,165
2020-04-22 17:23:18,kovan2,18088132,18087946,186
2020-04-22 17:24:40,kovan2,18088153,18088133,20
2020-04-22 17:26:04,kovan2,18088183,18088133,50
2020-04-22 17:28:05,kovan2,18088204,18088133,71
2020-04-22 17:29:30,kovan2,18088225,18088133,92
2020-04-22 17:30:55,kovan2,18088246,18088133,113
2020-04-22 17:32:18,kovan2,18088270,18088133,137
2020-04-22 17:33:56,kovan2,18088294,18088290,4
2020-04-22 17:35:29,kovan2,18088316,18088290,26
2020-04-22 17:37:01,kovan2,18088339,18088330,9
2020-04-22 17:38:35,kovan2,18088362,18088353,9
2020-04-22 17:40:03,kovan2,18088387,18088379,8
2020-04-22 17:41:46,kovan2,18088410,18088403,7
2020-04-22 17:43:16,kovan2,18088430,18088427,3
2020-04-22 17:44:40,kovan2,18088453,18088443,10
2020-04-22 17:46:08,kovan2,18088475,18088470,5
2020-04-22 17:47:43,kovan2,18088497,18088498,-1
2020-04-22 17:49:11,kovan2,18088519,18088514,5
2020-04-22 17:50:37,kovan2,18088547,18088538,9
2020-04-22 17:52:30,kovan2,18088568,18088538,30
2020-04-22 17:53:53,kovan2,18088590,18088591,-1
2020-04-22 17:55:22,kovan2,18088612,18088592,20
2020-04-22 17:56:51,kovan2,18088632,18088633,-1
2020-04-22 17:58:16,kovan2,18088655,18088634,21
2020-04-22 17:59:47,kovan2,18088678,18088666,12
2020-04-22 18:01:20,kovan2,18088700,18088666,34
2020-04-22 18:02:45,kovan2,18088726,18088723,3
2020-04-22 18:04:26,kovan2,18088751,18088723,28
2020-04-22 18:06:07,kovan2,18088771,18088756,15
2020-04-22 18:07:31,kovan2,18088792,18088756,36
2020-04-22 18:08:56,kovan2,18088817,18088795,22
2020-04-22 18:10:38,kovan2,18088839,18088795,44
2020-04-22 18:12:04,kovan2,18088860,18088846,14
2020-04-22 18:13:27,kovan2,18088882,18088846,36
2020-04-22 18:14:58,kovan2,18088907,18088846,61
2020-04-22 18:16:41,kovan2,18088931,18088846,85
2020-04-22 18:18:15,kovan2,18088957,18088846,111
2020-04-22 18:19:55,kovan2,18088981,18088962,19
2020-04-22 18:21:31,kovan2,18089006,18088962,44
2020-04-22 18:23:12,kovan2,18089027,18088962,65
2020-04-22 18:24:36,kovan2,18089048,18088962,86
2020-04-22 18:26:05,kovan2,18089073,18088962,111
2020-04-22 18:27:41,kovan2,18089098,18088962,136
2020-04-22 18:29:19,kovan2,18089125,18089107,18
2020-04-22 18:31:08,kovan2,18089152,18089107,45
2020-04-22 18:32:58,kovan2,18089175,18089107,68
2020-04-22 18:34:26,kovan2,18089196,18089107,89
2020-04-22 18:35:54,kovan2,18089219,18089107,112
2020-04-22 18:37:26,kovan2,18089240,18089107,133
2020-04-22 18:38:49,kovan2,18089261,18089107,154
2020-04-22 18:40:13,kovan2,18089286,18089286,0
2020-04-22 18:41:51,kovan2,18089315,18089287,28
2020-04-22 18:43:50,kovan2,18089339,18089287,52
2020-04-22 18:45:27,kovan2,18089359,18089348,11
2020-04-22 18:46:50,kovan2,18089390,18089348,42
2020-04-22 18:48:53,kovan2,18089413,18089408,5
2020-04-22 18:50:23,kovan2,18089433,18089430,3
2020-04-22 18:51:48,kovan2,18089457,18089444,13
2020-04-22 18:53:20,kovan2,18089481,18089444,37
2020-04-22 18:54:54,kovan2,18089505,18089483,22
2020-04-22 18:56:41,kovan2,18089526,18089483,43
2020-04-22 18:58:07,kovan2,18089547,18089483,64
2020-04-22 18:59:30,kovan2,18089569,18089483,86
2020-04-22 19:00:55,kovan2,18089591,18089575,16
2020-04-22 19:02:25,kovan2,18089612,18089575,37
2020-04-22 19:03:52,kovan2,18089635,18089626,9
2020-04-22 19:05:19,kovan2,18089655,18089626,29
2020-04-22 19:06:42,kovan2,18089676,18089626,50
2020-04-22 19:08:07,kovan2,18089695,18089696,-1
2020-04-22 19:09:33,kovan2,18089716,18089717,-1
2020-04-22 19:10:57,kovan2,18089737,18089717,20
2020-04-22 19:12:22,kovan2,18089759,18089760,-1
2020-04-22 19:13:49,kovan2,18089782,18089782,0
2020-04-22 19:15:21,kovan2,18089806,18089798,8
2020-04-22 19:16:57,kovan2,18089830,18089798,32
2020-04-22 19:18:32,kovan2,18089853,18089798,55
2020-04-22 19:20:08,kovan2,18089876,18089798,78
2020-04-22 19:21:35,kovan2,18089899,18089798,101
2020-04-22 19:23:09,kovan2,18089921,18089920,1
2020-04-22 19:24:40,kovan2,18089945,18089936,9
2020-04-22 19:26:12,kovan2,18089972,18089936,36
2020-04-22 19:28:03,kovan2,18089997,18089979,18
2020-04-22 19:29:40,kovan2,18090019,18090009,10
2020-04-22 19:31:07,kovan2,18090039,18090023,16
2020-04-22 19:32:31,kovan2,18090062,18090052,10
2020-04-22 19:33:59,kovan2,18090086,18090077,9
2020-04-22 19:35:38,kovan2,18090110,18090077,33
2020-04-22 19:37:12,kovan2,18090130,18090120,10
2020-04-22 19:38:35,kovan2,18090151,18090120,31
2020-04-22 19:39:57,kovan2,18090172,18090120,52
2020-04-22 19:41:20,kovan2,18090193,18090120,73
2020-04-22 19:42:48,kovan2,18090215,18090120,95
2020-04-22 19:44:14,kovan2,18090236,18090120,116
2020-04-22 19:45:36,kovan2,18090258,18090120,138
2020-04-22 19:47:06,kovan2,18090286,18090120,166
2020-04-22 19:48:59,kovan2,18090308,18090305,3
2020-04-22 19:50:24,kovan2,18090329,18090316,13
2020-04-22 19:51:50,kovan2,18090352,18090316,36
2020-04-22 19:53:20,kovan2,18090374,18090360,14
2020-04-22 19:54:48,kovan2,18090400,18090360,40
2020-04-22 19:56:34,kovan2,18090421,18090360,61
2020-04-22 19:57:59,kovan2,18090442,18090443,-1
2020-04-22 19:59:22,kovan2,18090470,18090454,16
2020-04-22 20:01:12,kovan2,18090492,18090492,0
2020-04-22 20:02:39,kovan2,18090513,18090494,19
2020-04-22 20:04:06,kovan2,18090535,18090494,41
2020-04-22 20:05:30,kovan2,18090559,18090552,7
2020-04-22 20:07:06,kovan2,18090579,18090552,27
2020-04-22 20:08:29,kovan2,18090600,18090602,-2
2020-04-22 20:09:57,kovan2,18090623,18090603,20
2020-04-22 20:11:23,kovan2,18090644,18090603,41
2020-04-22 20:12:46,kovan2,18090667,18090603,64
2020-04-22 20:14:19,kovan2,18090689,18090603,86
2020-04-22 20:15:46,kovan2,18090709,18090699,10
2020-04-22 20:17:08,kovan2,18090731,18090713,18
2020-04-22 20:18:37,kovan2,18090752,18090752,0
2020-04-22 20:20:03,kovan2,18090774,18090752,22
2020-04-22 20:21:28,kovan2,18090796,18090752,44
2020-04-22 20:22:59,kovan2,18090819,18090812,7
2020-04-22 20:24:27,kovan2,18090842,18090828,14
2020-04-22 20:26:02,kovan2,18090866,18090862,4
2020-04-22 20:27:35,kovan2,18090888,18090886,2
2020-04-22 20:29:05,kovan2,18090910,18090893,17
2020-04-22 20:30:31,kovan2,18090930,18090924,6
2020-04-22 20:31:55,kovan2,18090954,18090948,6
2020-04-22 20:33:31,kovan2,18090976,18090948,28
2020-04-22 20:34:59,kovan2,18091012,18091013,-1
2020-04-22 20:37:26,kovan2,18091036,18091014,22
2020-04-22 20:38:58,kovan2,18091059,18091051,8
2020-04-22 20:40:33,kovan2,18091081,18091051,30
2020-04-22 20:42:02,kovan2,18091103,18091088,15
2020-04-22 20:43:30,kovan2,18091124,18091118,6
2020-04-22 20:44:54,kovan2,18091147,18091147,0
2020-04-22 20:46:26,kovan2,18091169,18091153,16
2020-04-22 20:47:53,kovan2,18091193,18091153,40
2020-04-22 20:49:27,kovan2,18091214,18091153,61
2020-04-22 20:50:53,kovan2,18091235,18091153,82
2020-04-22 20:52:17,kovan2,18091256,18091153,103
2020-04-22 20:53:40,kovan2,18091277,18091153,124
2020-04-22 20:55:05,kovan2,18091299,18091153,146
2020-04-22 20:56:34,kovan2,18091321,18091153,168
2020-04-22 20:58:02,kovan2,18091342,18091279,63
2020-04-22 20:59:26,kovan2,18091363,18091279,84
2020-04-22 21:00:48,kovan2,18091385,18091279,106
2020-04-22 21:02:15,kovan2,18091407,18091399,8
2020-04-22 21:03:47,kovan2,18091428,18091425,3
2020-04-22 21:05:12,kovan2,18091452,18091430,22
2020-04-22 21:06:49,kovan2,18091477,18091458,19
2020-04-22 21:08:28,kovan2,18091499,18091458,41
2020-04-22 21:09:57,kovan2,18091525,18091525,0
2020-04-22 21:11:39,kovan2,18091548,18091529,19
2020-04-22 21:13:13,kovan2,18091568,18091529,39
2020-04-22 21:14:37,kovan2,18091590,18091529,61
2020-04-22 21:16:03,kovan2,18091610,18091529,81
2020-04-22 21:17:26,kovan2,18091631,18091529,102
2020-04-22 21:18:48,kovan2,18091652,18091529,123
2020-04-22 21:20:15,kovan2,18091675,18091529,146
2020-04-22 21:21:43,kovan2,18091700,18091529,171
2020-04-22 21:23:25,kovan2,18091721,18091529,192
2020-04-22 21:24:47,kovan2,18091743,18091529,214
2020-04-22 21:26:17,kovan2,18091764,18091529,235
2020-04-22 21:27:40,kovan2,18091786,18091529,257
2020-04-22 21:29:08,kovan2,18091807,18091529,278
2020-04-22 21:30:31,kovan2,18091827,18091529,298
2020-04-22 21:31:59,kovan2,18091851,18091529,322
2020-04-22 21:33:32,kovan2,18091873,18091656,217
2020-04-22 21:35:00,kovan2,18091895,18091656,239
2020-04-22 21:36:30,kovan2,18091918,18091656,262
2020-04-22 21:38:02,kovan2,18091939,18091910,29
2020-04-22 21:39:25,kovan2,18091960,18091910,50
2020-04-22 21:40:49,kovan2,18091982,18091910,72
2020-04-22 21:42:15,kovan2,18092002,18091910,92
2020-04-22 21:43:38,kovan2,18092026,18091910,116
2020-04-22 21:45:14,kovan2,18092047,18092047,0
2020-04-22 21:46:39,kovan2,18092070,18092054,16
2020-04-22 21:48:11,kovan2,18092090,18092054,36
2020-04-22 21:49:34,kovan2,18092111,18092054,57
2020-04-22 21:50:57,kovan2,18092133,18092054,79
2020-04-22 21:52:25,kovan2,18092157,18092146,11
2020-04-22 21:54:04,kovan2,18092178,18092146,32
2020-04-22 21:55:27,kovan2,18092200,18092146,54
2020-04-22 21:56:51,kovan2,18092221,18092146,75
2020-04-22 21:58:16,kovan2,18092241,18092146,95
2020-04-22 21:59:40,kovan2,18092264,18092146,118
2020-04-22 22:01:08,kovan2,18092285,18092146,139
2020-04-22 22:02:32,kovan2,18092307,18092146,161
2020-04-22 22:04:00,kovan2,18092329,18092146,183
2020-04-22 22:05:30,kovan2,18092351,18092273,78
2020-04-22 22:06:57,kovan2,18092372,18092273,99
2020-04-22 22:08:22,kovan2,18092395,18092273,122
2020-04-22 22:09:57,kovan2,18092418,18092408,10
2020-04-22 22:11:31,kovan2,18092441,18092436,5
2020-04-22 22:13:00,kovan2,18092462,18092452,10
2020-04-22 22:14:26,kovan2,18092483,18092472,11
2020-04-22 22:15:49,kovan2,18092505,18092505,0
2020-04-22 22:17:14,kovan2,18092528,18092521,7
2020-04-22 22:18:47,kovan2,18092549,18092550,-1
2020-04-22 22:20:14,kovan2,18092570,18092571,-1
2020-04-22 22:21:43,kovan2,18092593,18092572,21
2020-04-22 22:23:13,kovan2,18092615,18092572,43
2020-04-22 22:24:43,kovan2,18092638,18092622,16
2020-04-22 22:26:12,kovan2,18092665,18092650,15
2020-04-22 22:28:00,kovan2,18092689,18092650,39
2020-04-22 22:29:35,kovan2,18092709,18092695,14
2020-04-22 22:30:58,kovan2,18092731,18092726,5
2020-04-22 22:32:27,kovan2,18092752,18092753,-1
2020-04-22 22:33:54,kovan2,18092774,18092765,9
2020-04-22 22:35:22,kovan2,18092796,18092765,31
2020-04-22 22:36:48,kovan2,18092818,18092816,2
2020-04-22 22:38:19,kovan2,18092839,18092831,8
2020-04-22 22:39:42,kovan2,18092862,18092845,17
2020-04-22 22:41:13,kovan2,18092884,18092864,20
2020-04-22 22:42:40,kovan2,18092906,18092887,19
2020-04-22 22:44:08,kovan2,18092928,18092914,14
2020-04-22 22:45:37,kovan2,18092949,18092944,5
2020-04-22 22:47:04,kovan2,18092971,18092965,6
2020-04-22 22:48:34,kovan2,18092992,18092985,7
2020-04-22 22:49:58,kovan2,18093014,18093006,8
2020-04-22 22:51:28,kovan2,18093036,18093020,16
2020-04-22 22:52:54,kovan2,18093068,18093044,24
2020-04-22 22:55:00,kovan2,18093088,18093089,-1
2020-04-22 22:56:24,kovan2,18093111,18093091,20
2020-04-22 22:57:52,kovan2,18093132,18093123,9
2020-04-22 22:59:17,kovan2,18093153,18093123,30
2020-04-22 23:00:40,kovan2,18093175,18093123,52
2020-04-22 23:02:11,kovan2,18093197,18093123,74
2020-04-22 23:03:37,kovan2,18093228,18093198,30
2020-04-22 23:05:40,kovan2,18093249,18093198,51
2020-04-22 23:07:04,kovan2,18093270,18093198,72
2020-04-22 23:08:30,kovan2,18093292,18093291,1
2020-04-22 23:09:57,kovan2,18093318,18093297,21
2020-04-22 23:11:41,kovan2,18093339,18093339,0
2020-04-22 23:13:05,kovan2,18093368,18093344,24
2020-04-22 23:14:59,kovan2,18093389,18093344,45
2020-04-22 23:16:28,kovan2,18093411,18093344,67
2020-04-22 23:17:53,kovan2,18093434,18093416,18
2020-04-22 23:19:24,kovan2,18093455,18093449,6
2020-04-22 23:20:47,kovan2,18093477,18093449,28
2020-04-22 23:22:14,kovan2,18093498,18093499,-1
2020-04-22 23:23:41,kovan2,18093521,18093514,7
2020-04-22 23:25:10,kovan2,18093542,18093536,6
2020-04-22 23:26:37,kovan2,18093563,18093551,12
2020-04-22 23:28:00,kovan2,18093584,18093573,11
2020-04-22 23:29:27,kovan2,18093611,18093598,13
2020-04-22 23:31:14,kovan2,18093632,18093614,18
2020-04-22 23:32:40,kovan2,18093653,18093633,20
2020-04-22 23:34:04,kovan2,18093677,18093673,4
2020-04-22 23:35:38,kovan2,18093699,18093694,5
2020-04-22 23:37:08,kovan2,18093724,18093694,30
2020-04-22 23:38:49,kovan2,18093746,18093738,8
2020-04-22 23:40:16,kovan2,18093772,18093744,28
2020-04-22 23:42:02,kovan2,18093795,18093796,-1
2020-04-22 23:43:33,kovan2,18093820,18093806,14
2020-04-22 23:45:13,kovan2,18093841,18093806,35
2020-04-22 23:46:40,kovan2,18093868,18093842,26
2020-04-22 23:48:24,kovan2,18093888,18093880,8
2020-04-22 23:49:48,kovan2,18093909,18093880,29
2020-04-22 23:51:10,kovan2,18093933,18093924,9
2020-04-22 23:52:44,kovan2,18093953,18093924,29
2020-04-22 23:54:07,kovan2,18093976,18093924,52
2020-04-22 23:55:38,kovan2,18093997,18093980,17
2020-04-22 23:57:01,kovan2,18094019,18093980,39
2020-04-22 23:58:31,kovan2,18094043,18093980,63
2020-04-23 00:00:04,kovan2,18094072,18093980,92
2020-04-23 00:02:00,kovan2,18094096,18094093,3
2020-04-23 00:03:37,kovan2,18094124,18094093,31
2020-04-23 00:05:29,kovan2,18094148,18094093,55
2020-04-23 00:07:04,kovan2,18094169,18094093,76
2020-04-23 00:08:30,kovan2,18094192,18094179,13
2020-04-23 00:09:59,kovan2,18094214,18094203,11
2020-04-23 00:11:30,kovan2,18094236,18094203,33
2020-04-23 00:12:56,kovan2,18094256,18094203,53
2020-04-23 00:14:18,kovan2,18094277,18094278,-1
2020-04-23 00:15:42,kovan2,18094299,18094293,6
2020-04-23 00:17:09,kovan2,18094321,18094319,2
2020-04-23 00:18:36,kovan2,18094344,18094339,5
2020-04-23 00:20:06,kovan2,18094366,18094339,27
2020-04-23 00:21:41,kovan2,18094388,18094389,-1
2020-04-23 00:23:07,kovan2,18094409,18094390,19
2020-04-23 00:24:31,kovan2,18094432,18094426,6
2020-04-23 00:26:04,kovan2,18094454,18094426,28
2020-04-23 00:27:30,kovan2,18094476,18094465,11
2020-04-23 00:28:59,kovan2,18094497,18094492,5
2020-04-23 00:30:22,kovan2,18094519,18094518,1
2020-04-23 00:31:52,kovan2,18094541,18094518,23
2020-04-23 00:33:19,kovan2,18094562,18094556,6
2020-04-23 00:34:45,kovan2,18094583,18094565,18
2020-04-23 00:36:11,kovan2,18094607,18094603,4
2020-04-23 00:37:45,kovan2,18094628,18094620,8
2020-04-23 00:39:09,kovan2,18094649,18094620,29
2020-04-23 00:40:31,kovan2,18094670,18094620,50
2020-04-23 00:41:54,kovan2,18094691,18094684,7
2020-04-23 00:43:22,kovan2,18094712,18094684,28
2020-04-23 00:44:44,kovan2,18094733,18094684,49
2020-04-23 00:46:08,kovan2,18094754,18094684,70
2020-04-23 00:47:33,kovan2,18094776,18094765,11
2020-04-23 00:48:58,kovan2,18094798,18094792,6
2020-04-23 00:50:27,kovan2,18094818,18094808,10
2020-04-23 00:51:50,kovan2,18094839,18094835,4
2020-04-23 00:53:13,kovan2,18094862,18094862,0
2020-04-23 00:54:43,kovan2,18094883,18094867,16
2020-04-23 00:56:12,kovan2,18094908,18094897,11
2020-04-23 00:57:48,kovan2,18094929,18094929,0
2020-04-23 00:59:12,kovan2,18094949,18094929,20
2020-04-23 01:00:34,kovan2,18094974,18094929,45
2020-04-23 01:02:11,kovan2,18094996,18094929,67
2020-04-23 01:03:40,kovan2,18095019,18094929,90
2020-04-23 01:05:10,kovan2,18095043,18094929,114
2020-04-23 01:06:47,kovan2,18095065,18094929,136
2020-04-23 01:08:16,kovan2,18095086,18094929,157
2020-04-23 01:09:42,kovan2,18095110,18095101,9
2020-04-23 01:11:17,kovan2,18095131,18095101,30
2020-04-23 01:12:42,kovan2,18095152,18095101,51
2020-04-23 01:14:07,kovan2,18095174,18095171,3
2020-04-23 01:15:31,kovan2,18095194,18095195,-1
2020-04-23 01:16:56,kovan2,18095217,18095218,-1
2020-04-23 01:18:26,kovan2,18095238,18095228,10
2020-04-23 01:19:51,kovan2,18095261,18095261,0
2020-04-23 01:21:20,kovan2,18095283,18095283,0
2020-04-23 01:22:53,kovan2,18095308,18095283,25
2020-04-23 01:24:32,kovan2,18095330,18095315,15
2020-04-23 01:26:01,kovan2,18095353,18095354,-1
2020-04-23 01:27:34,kovan2,18095379,18095356,23
2020-04-23 01:29:18,kovan2,18095402,18095401,1
2020-04-23 01:30:46,kovan2,18095423,18095401,22
2020-04-23 01:32:14,kovan2,18095445,18095428,17
2020-04-23 01:33:39,kovan2,18095466,18095466,0
2020-04-23 01:35:06,kovan2,18095488,18095466,22
2020-04-23 01:36:34,kovan2,18095509,18095500,9
2020-04-23 01:37:58,kovan2,18095530,18095514,16
2020-04-23 01:39:22,kovan2,18095555,18095535,20
2020-04-23 01:41:01,kovan2,18095580,18095572,8
2020-04-23 01:42:43,kovan2,18095602,18095572,30
2020-04-23 01:44:09,kovan2,18095629,18095606,23
2020-04-23 01:45:57,kovan2,18095652,18095635,17
2020-04-23 01:47:28,kovan2,18095673,18095673,0
2020-04-23 01:48:52,kovan2,18095694,18095691,3
2020-04-23 01:50:16,kovan2,18095720,18095720,0
2020-04-23 01:52:02,kovan2,18095743,18095720,23
2020-04-23 01:53:33,kovan2,18095765,18095759,6
2020-04-23 01:55:02,kovan2,18095792,18095778,14
2020-04-23 01:56:46,kovan2,18095814,18095814,0
2020-04-23 01:58:19,kovan2,18095837,18095814,23
2020-04-23 01:59:49,kovan2,18095861,18095844,17
2020-04-23 02:01:24,kovan2,18095884,18095871,13
2020-04-23 02:02:57,kovan2,18095907,18095901,6
2020-04-23 02:04:26,kovan2,18095928,18095901,27
2020-04-23 02:05:55,kovan2,18095950,18095936,14
2020-04-23 02:07:20,kovan2,18095973,18095960,13
2020-04-23 02:08:54,kovan2,18095997,18095960,37
2020-04-23 02:10:29,kovan2,18096019,18096002,17
2020-04-23 02:11:57,kovan2,18096040,18096002,38
2020-04-23 02:13:21,kovan2,18096060,18096062,-2
2020-04-23 02:14:46,kovan2,18096090,18096076,14
2020-04-23 02:16:40,kovan2,18096114,18096096,18
2020-04-23 02:18:15,kovan2,18096138,18096127,11
2020-04-23 02:19:50,kovan2,18096161,18096127,34
2020-04-23 02:21:24,kovan2,18096181,18096173,8
2020-04-23 02:22:48,kovan2,18096202,18096197,5
2020-04-23 02:24:10,kovan2,18096223,18096197,26
2020-04-23 02:25:33,kovan2,18096244,18096225,19
2020-04-23 02:27:00,kovan2,18096270,18096263,7
2020-04-23 02:28:43,kovan2,18096292,18096263,29
2020-04-23 02:30:10,kovan2,18096319,18096300,19
2020-04-23 02:31:53,kovan2,18096345,18096335,10
2020-04-23 02:33:41,kovan2,18096366,18096335,31
2020-04-23 02:35:06,kovan2,18096387,18096376,11
2020-04-23 02:36:31,kovan2,18096409,18096401,8
2020-04-23 02:37:55,kovan2,18096435,18096401,34
2020-04-23 02:39:39,kovan2,18096457,18096453,4
2020-04-23 02:41:08,kovan2,18096478,18096474,4
2020-04-23 02:42:32,kovan2,18096502,18096490,12
2020-04-23 02:44:07,kovan2,18096524,18096517,7
2020-04-23 02:45:36,kovan2,18096545,18096531,14
2020-04-23 02:47:01,kovan2,18096567,18096531,36
2020-04-23 02:48:26,kovan2,18096594,18096578,16
2020-04-23 02:50:17,kovan2,18096615,18096612,3
2020-04-23 02:51:40,kovan2,18096637,18096629,8
2020-04-23 02:53:09,kovan2,18096659,18096646,13
2020-04-23 02:54:37,kovan2,18096681,18096671,10
2020-04-23 02:56:04,kovan2,18096706,18096690,16
2020-04-23 02:57:46,kovan2,18096727,18096728,-1
2020-04-23 02:59:10,kovan2,18096749,18096730,19
2020-04-23 03:00:36,kovan2,18096773,18096730,43
2020-04-23 03:02:15,kovan2,18096794,18096730,64
2020-04-23 03:03:39,kovan2,18096816,18096812,4
2020-04-23 03:05:04,kovan2,18096836,18096837,-1
2020-04-23 03:06:27,kovan2,18096857,18096853,4
2020-04-23 03:07:50,kovan2,18096878,18096878,0
2020-04-23 03:09:13,kovan2,18096899,18096886,13
2020-04-23 03:10:36,kovan2,18096923,18096907,16
2020-04-23 03:12:12,kovan2,18096944,18096935,9
2020-04-23 03:13:38,kovan2,18096965,18096936,29
2020-04-23 03:15:01,kovan2,18096988,18096965,23
2020-04-23 03:16:31,kovan2,18097009,18096999,10
2020-04-23 03:17:58,kovan2,18097031,18097031,0
2020-04-23 03:19:22,kovan2,18097055,18097055,0
2020-04-23 03:20:58,kovan2,18097075,18097063,12
2020-04-23 03:22:22,kovan2,18097100,18097099,1
2020-04-23 03:24:02,kovan2,18097121,18097119,2
2020-04-23 03:25:26,kovan2,18097142,18097143,-1
2020-04-23 03:26:51,kovan2,18097165,18097146,19
2020-04-23 03:28:20,kovan2,18097186,18097175,11
2020-04-23 03:29:43,kovan2,18097210,18097202,8
2020-04-23 03:31:23,kovan2,18097232,18097217,15
2020-04-23 03:32:52,kovan2,18097252,18097217,35
2020-04-23 03:34:15,kovan2,18097273,18097217,56
2020-04-23 03:35:39,kovan2,18097295,18097217,78
2020-04-23 03:37:05,kovan2,18097318,18097311,7
2020-04-23 03:38:35,kovan2,18097339,18097311,28
2020-04-23 03:40:00,kovan2,18097360,18097342,18
2020-04-23 03:41:27,kovan2,18097388,18097376,12
2020-04-23 03:43:20,kovan2,18097418,18097376,42
2020-04-23 03:45:14,kovan2,18097438,18097376,62
2020-04-23 03:46:39,kovan2,18097460,18097376,84
2020-04-23 03:48:06,kovan2,18097481,18097376,105
2020-04-23 03:49:29,kovan2,18097502,18097376,126
2020-04-23 03:50:53,kovan2,18097522,18097376,146
2020-04-23 03:52:16,kovan2,18097545,18097376,169
2020-04-23 03:53:51,kovan2,18097567,18097376,191
2020-04-23 03:55:15,kovan2,18097587,18097376,211
2020-04-23 03:56:37,kovan2,18097608,18097376,232
2020-04-23 03:58:00,kovan2,18097633,18097376,257
2020-04-23 03:59:41,kovan2,18097657,18097650,7
2020-04-23 04:01:15,kovan2,18097680,18097670,10
2020-04-23 04:02:51,kovan2,18097704,18097670,34
2020-04-23 04:04:25,kovan2,18097725,18097708,17
2020-04-23 04:05:50,kovan2,18097747,18097739,8
2020-04-23 04:07:15,kovan2,18097768,18097739,29
2020-04-23 04:08:43,kovan2,18097789,18097739,50
2020-04-23 04:10:05,kovan2,18097811,18097739,72
2020-04-23 04:11:32,kovan2,18097832,18097739,93
2020-04-23 04:12:54,kovan2,18097853,18097739,114
2020-04-23 04:14:21,kovan2,18097874,18097739,135
2020-04-23 04:15:44,kovan2,18097897,18097739,158
2020-04-23 04:17:18,kovan2,18097918,18097739,179
2020-04-23 04:18:42,kovan2,18097940,18097923,17
2020-04-23 04:20:09,kovan2,18097962,18097923,39
2020-04-23 04:21:35,kovan2,18097983,18097923,60
2020-04-23 04:23:02,kovan2,18098006,18097923,83
2020-04-23 04:24:33,kovan2,18098028,18097923,105
2020-04-23 04:26:00,kovan2,18098050,18098047,3
2020-04-23 04:27:30,kovan2,18098072,18098063,9
2020-04-23 04:28:56,kovan2,18098093,18098080,13
2020-04-23 04:30:19,kovan2,18098116,18098099,17
2020-04-23 04:31:52,kovan2,18098142,18098129,13
2020-04-23 04:33:36,kovan2,18098162,18098129,33
2020-04-23 04:34:58,kovan2,18098184,18098178,6
2020-04-23 04:36:26,kovan2,18098207,18098193,14
2020-04-23 04:37:55,kovan2,18098227,18098193,34
2020-04-23 04:39:18,kovan2,18098250,18098246,4
2020-04-23 04:40:46,kovan2,18098271,18098246,25
2020-04-23 04:42:11,kovan2,18098301,18098293,8
2020-04-23 04:44:11,kovan2,18098331,18098309,22
2020-04-23 04:46:10,kovan2,18098354,18098309,45
2020-04-23 04:47:43,kovan2,18098375,18098376,-1
2020-04-23 04:49:10,kovan2,18098401,18098385,16
2020-04-23 04:50:53,kovan2,18098421,18098411,10
2020-04-23 04:52:15,kovan2,18098443,18098423,20
2020-04-23 04:53:41,kovan2,18098468,18098449,19
2020-04-23 04:55:20,kovan2,18098488,18098449,39
2020-04-23 04:56:44,kovan2,18098511,18098449,62
2020-04-23 04:58:13,kovan2,18098532,18098533,-1
2020-04-23 04:59:40,kovan2,18098554,18098534,20
2020-04-23 05:01:05,kovan2,18098576,18098574,2
2020-04-23 05:02:34,kovan2,18098598,18098574,24
2020-04-23 05:04:03,kovan2,18098621,18098574,47
2020-04-23 05:05:30,kovan2,18098642,18098625,17
2020-04-23 05:07:00,kovan2,18098663,18098661,2
2020-04-23 05:08:27,kovan2,18098682,18098676,6
2020-04-23 05:09:50,kovan2,18098701,18098702,-1
2020-04-23 05:11:13,kovan2,18098723,18098710,13
2020-04-23 05:12:47,kovan2,18098746,18098742,4
2020-04-23 05:14:23,kovan2,18098767,18098742,25
2020-04-23 05:15:48,kovan2,18098789,18098778,11
2020-04-23 05:17:19,kovan2,18098810,18098810,0
2020-04-23 05:18:42,kovan2,18098836,18098825,11
2020-04-23 05:20:26,kovan2,18098869,18098825,44
2020-04-23 05:22:36,kovan2,18098890,18098871,19
2020-04-23 05:24:00,kovan2,18098915,18098890,25
2020-04-23 05:25:41,kovan2,18098936,18098890,46
2020-04-23 05:27:09,kovan2,18098958,18098890,68
2020-04-23 05:28:39,kovan2,18098981,18098972,9
2020-04-23 05:30:13,kovan2,18099002,18098972,30
2020-04-23 05:31:40,kovan2,18099023,18098972,51
2020-04-23 05:33:02,kovan2,18099044,18099044,0
2020-04-23 05:34:29,kovan2,18099066,18099044,22
2020-04-23 05:35:58,kovan2,18099089,18099067,22
2020-04-23 05:37:26,kovan2,18099113,18099108,5
2020-04-23 05:39:06,kovan2,18099141,18099108,33
2020-04-23 05:40:56,kovan2,18099168,18099149,19
2020-04-23 05:42:43,kovan2,18099189,18099149,40
2020-04-23 05:44:09,kovan2,18099209,18099210,-1
2020-04-23 05:45:31,kovan2,18099232,18099225,7
2020-04-23 05:47:01,kovan2,18099253,18099244,9
2020-04-23 05:48:25,kovan2,18099275,18099274,1
2020-04-23 05:49:51,kovan2,18099297,18099274,23
2020-04-23 05:51:21,kovan2,18099318,18099314,4
2020-04-23 05:52:45,kovan2,18099339,18099314,25
2020-04-23 05:54:08,kovan2,18099362,18099345,17
2020-04-23 05:55:39,kovan2,18099382,18099372,10
2020-04-23 05:57:02,kovan2,18099406,18099384,22
2020-04-23 05:58:35,kovan2,18099428,18099418,10
2020-04-23 06:00:05,kovan2,18099451,18099449,2
2020-04-23 06:01:37,kovan2,18099472,18099466,6
2020-04-23 06:03:00,kovan2,18099494,18099480,14
2020-04-23 06:04:28,kovan2,18099516,18099514,2
2020-04-23 06:05:57,kovan2,18099539,18099514,25
2020-04-23 06:07:28,kovan2,18099561,18099553,8
2020-04-23 06:08:56,kovan2,18099585,18099579,6
2020-04-23 06:10:33,kovan2,18099605,18099607,-2
2020-04-23 06:11:58,kovan2,18099628,18099628,0
2020-04-23 06:13:23,kovan2,18099650,18099636,14
2020-04-23 06:14:54,kovan2,18099673,18099669,4
2020-04-23 06:16:27,kovan2,18099705,18099669,36
2020-04-23 06:18:31,kovan2,18099727,18099712,15
2020-04-23 06:20:00,kovan2,18099754,18099712,42
2020-04-23 06:21:51,kovan2,18099784,18099712,72
2020-04-23 06:23:49,kovan2,18099805,18099712,93
2020-04-23 06:25:11,kovan2,18099826,18099712,114
2020-04-23 06:26:38,kovan2,18099850,18099712,138
2020-04-23 06:28:14,kovan2,18099874,18099837,37
2020-04-23 06:29:49,kovan2,18099896,18099887,9
2020-04-23 06:31:17,kovan2,18099918,18099887,31
2020-04-23 06:32:45,kovan2,18099939,18099887,52
2020-04-23 06:34:07,kovan2,18099961,18099952,9
2020-04-23 06:35:33,kovan2,18099981,18099952,29
2020-04-23 06:36:58,kovan2,18100003,18099999,4
2020-04-23 06:38:26,kovan2,18100028,18100021,7
2020-04-23 06:40:04,kovan2,18100053,18100038,15
2020-04-23 06:41:43,kovan2,18100074,18100038,36
2020-04-23 06:43:08,kovan2,18100095,18100093,2
2020-04-23 06:44:31,kovan2,18100118,18100093,25
2020-04-23 06:46:03,kovan2,18100138,18100093,45
2020-04-23 06:47:28,kovan2,18100158,18100159,-1
2020-04-23 06:48:52,kovan2,18100181,18100181,0
2020-04-23 06:50:21,kovan2,18100202,18100191,11
2020-04-23 06:51:47,kovan2,18100227,18100216,11
2020-04-23 06:53:24,kovan2,18100251,18100240,11
2020-04-23 06:55:05,kovan2,18100275,18100276,-1
2020-04-23 06:56:44,kovan2,18100299,18100283,16
2020-04-23 06:58:17,kovan2,18100321,18100315,6
2020-04-23 06:59:45,kovan2,18100344,18100315,29
2020-04-23 07:01:16,kovan2,18100364,18100355,9
2020-04-23 07:02:41,kovan2,18100387,18100355,32
2020-04-23 07:04:12,kovan2,18100410,18100394,16
2020-04-23 07:05:45,kovan2,18100431,18100394,37
2020-04-23 07:07:09,kovan2,18100452,18100394,58
2020-04-23 07:08:35,kovan2,18100473,18100394,79
2020-04-23 07:10:03,kovan2,18100494,18100394,100
2020-04-23 07:11:25,kovan2,18100516,18100394,122
2020-04-23 07:12:51,kovan2,18100536,18100394,142
2020-04-23 07:14:14,kovan2,18100559,18100394,165
2020-04-23 07:15:54,kovan2,18100581,18100394,187
2020-04-23 07:17:20,kovan2,18100602,18100394,208
2020-04-23 07:18:47,kovan2,18100622,18100520,102
2020-04-23 07:20:10,kovan2,18100643,18100627,16
2020-04-23 07:21:34,kovan2,18100665,18100627,38
2020-04-23 07:22:58,kovan2,18100685,18100627,58
2020-04-23 07:24:22,kovan2,18100706,18100705,1
2020-04-23 07:25:45,kovan2,18100726,18100724,2
2020-04-23 07:27:13,kovan2,18100745,18100724,21
2020-04-23 07:28:38,kovan2,18100767,18100752,15
2020-04-23 07:30:10,kovan2,18100788,18100775,13
2020-04-23 07:31:37,kovan2,18100808,18100803,5
2020-04-23 07:33:00,kovan2,18100829,18100803,26
2020-04-23 07:34:26,kovan2,18100852,18100803,49
2020-04-23 07:35:57,kovan2,18100873,18100803,70
2020-04-23 07:37:21,kovan2,18100895,18100895,0
2020-04-23 07:38:49,kovan2,18100917,18100915,2
2020-04-23 07:40:15,kovan2,18100937,18100926,11
2020-04-23 07:41:37,kovan2,18100964,18100955,9
2020-04-23 07:43:27,kovan2,18100989,18100955,34
2020-04-23 07:45:15,kovan2,18101016,18101002,14
2020-04-23 07:47:13,kovan2,18101035,18101036,-1
2020-04-23 07:48:39,kovan2,18101057,18101036,21
2020-04-23 07:50:08,kovan2,18101078,18101073,5
2020-04-23 07:51:40,kovan2,18101100,18101100,0
2020-04-23 07:53:11,kovan2,18101121,18101111,10
2020-04-23 07:54:35,kovan2,18101140,18101134,6
2020-04-23 07:55:57,kovan2,18101168,18101156,12
2020-04-23 07:57:50,kovan2,18101191,18101156,35
2020-04-23 07:59:26,kovan2,18101214,18101156,58
2020-04-23 08:00:57,kovan2,18101239,18101156,83
2020-04-23 08:02:37,kovan2,18101266,18101156,110
2020-04-23 08:04:24,kovan2,18101291,18101156,135
2020-04-23 08:06:04,kovan2,18101316,18101156,160
2020-04-23 08:07:47,kovan2,18101339,18101156,183
2020-04-23 08:09:23,kovan2,18101364,18101156,208
2020-04-23 08:11:00,kovan2,18101396,18101283,113
2020-04-23 08:13:14,kovan2,18101419,18101283,136
2020-04-23 08:14:41,kovan2,18101443,18101283,160
2020-04-23 08:16:15,kovan2,18101470,18101468,2
2020-04-23 08:18:04,kovan2,18101495,18101468,27
2020-04-23 08:19:47,kovan2,18101518,18101497,21
2020-04-23 08:21:16,kovan2,18101540,18101497,43
2020-04-23 08:22:46,kovan2,18101572,18101554,18
2020-04-23 08:24:51,kovan2,18101592,18101554,38
2020-04-23 08:26:14,kovan2,18101614,18101554,60
2020-04-23 08:27:41,kovan2,18101639,18101554,85
2020-04-23 08:29:20,kovan2,18101659,18101655,4
2020-04-23 08:30:43,kovan2,18101680,18101655,25
2020-04-23 08:32:05,kovan2,18101701,18101655,46
2020-04-23 08:33:27,kovan2,18101723,18101655,68
2020-04-23 08:34:54,kovan2,18101744,18101740,4
2020-04-23 08:36:23,kovan2,18101765,18101740,25
2020-04-23 08:37:45,kovan2,18101788,18101771,17
2020-04-23 08:39:19,kovan2,18101811,18101812,-1
2020-04-23 08:40:52,kovan2,18101836,18101816,20
2020-04-23 08:42:29,kovan2,18101856,18101816,40
2020-04-23 08:43:53,kovan2,18101879,18101866,13
2020-04-23 08:45:27,kovan2,18101900,18101866,34
2020-04-23 08:46:49,kovan2,18101923,18101866,57
2020-04-23 08:48:21,kovan2,18101946,18101866,80
2020-04-23 08:49:55,kovan2,18101968,18101948,20
2020-04-23 08:51:22,kovan2,18101996,18101983,13
2020-04-23 08:53:12,kovan2,18102019,18102015,4
2020-04-23 08:54:46,kovan2,18102041,18102032,9
2020-04-23 08:56:11,kovan2,18102064,18102032,32
2020-04-23 08:57:49,kovan2,18102086,18102032,54
2020-04-23 08:59:16,kovan2,18102106,18102032,74
2020-04-23 09:00:39,kovan2,18102132,18102119,13
2020-04-23 09:02:31,kovan2,18102157,18102142,15
2020-04-23 09:04:08,kovan2,18102178,18102166,12
2020-04-23 09:05:33,kovan2,18102211,18102166,45
2020-04-23 09:07:45,kovan2,18102236,18102166,70
2020-04-23 09:09:29,kovan2,18102258,18102166,92
2020-04-23 09:10:56,kovan2,18102285,18102166,119
2020-04-23 09:12:51,kovan2,18102311,18102166,145
2020-04-23 09:14:26,kovan2,18102334,18102166,168
2020-04-23 09:15:58,kovan2,18102355,18102166,189
2020-04-23 09:17:26,kovan2,18102380,18102166,214
2020-04-23 09:19:07,kovan2,18102405,18102166,239
2020-04-23 09:20:48,kovan2,18102426,18102166,260
2020-04-23 09:22:11,kovan2,18102459,18102445,14
2020-04-23 09:24:20,kovan2,18102481,18102445,36
2020-04-23 09:25:51,kovan2,18102505,18102445,60
2020-04-23 09:27:25,kovan2,18102527,18102445,82
2020-04-23 09:28:52,kovan2,18102546,18102541,5
2020-04-23 09:30:15,kovan2,18102570,18102541,29
2020-04-23 09:31:55,kovan2,18102596,18102574,22
2020-04-23 09:33:38,kovan2,18102618,18102603,15
2020-04-23 09:35:09,kovan2,18102641,18102631,10
2020-04-23 09:36:43,kovan2,18102665,18102652,13
2020-04-23 09:38:14,kovan2,18102701,18102685,16
2020-04-23 09:40:41,kovan2,18102724,18102685,39
2020-04-23 09:42:17,kovan2,18102744,18102685,59
2020-04-23 09:43:45,kovan2,18102765,18102685,80
2020-04-23 09:45:11,kovan2,18102789,18102685,104
2020-04-23 09:47:03,kovan2,18102810,18102685,125
2020-04-23 09:48:28,kovan2,18102835,18102811,24
2020-04-23 09:50:05,kovan2,18102856,18102848,8
2020-04-23 09:51:39,kovan2,18102876,18102848,28
2020-04-23 09:53:08,kovan2,18102896,18102848,48
2020-04-23 09:54:33,kovan2,18102922,18102907,15
2020-04-23 09:56:18,kovan2,18102944,18102907,37
2020-04-23 09:57:42,kovan2,18102969,18102949,20
2020-04-23 09:59:26,kovan2,18102991,18102949,42
2020-04-23 10:00:51,kovan2,18103013,18102991,22
2020-04-23 10:02:19,kovan2,18103033,18102991,42
2020-04-23 10:03:42,kovan2,18103055,18102991,64
2020-04-23 10:05:10,kovan2,18103078,18102991,87
2020-04-23 10:06:40,kovan2,18103100,18102991,109
2020-04-23 10:08:10,kovan2,18103123,18102991,132
2020-04-23 10:09:40,kovan2,18103145,18102991,154
2020-04-23 10:11:07,kovan2,18103166,18102991,175
2020-04-23 10:12:31,kovan2,18103187,18103174,13
2020-04-23 10:13:56,kovan2,18103209,18103174,35
2020-04-23 10:15:24,kovan2,18103230,18103174,56
2020-04-23 10:16:50,kovan2,18103253,18103174,79
2020-04-23 10:18:19,kovan2,18103279,18103174,105
2020-04-23 10:20:04,kovan2,18103300,18103174,126
2020-04-23 10:21:32,kovan2,18103321,18103174,147
2020-04-23 10:22:54,kovan2,18103343,18103174,169
2020-04-23 10:24:21,kovan2,18103364,18103174,190
2020-04-23 10:25:47,kovan2,18103387,18103174,213
2020-04-23 10:27:16,kovan2,18103408,18103174,234
2020-04-23 10:28:43,kovan2,18103431,18103174,257
2020-04-23 10:30:13,kovan2,18103456,18103174,282
2020-04-23 10:31:54,kovan2,18103478,18103174,304
2020-04-23 10:33:21,kovan2,18103498,18103174,324
2020-04-23 10:34:43,kovan2,18103519,18103298,221
2020-04-23 10:36:07,kovan2,18103540,18103298,242
2020-04-23 10:37:31,kovan2,18103562,18103298,264
2020-04-23 10:38:56,kovan2,18103584,18103298,286
2020-04-23 10:40:25,kovan2,18103604,18103298,306
2020-04-23 10:41:49,kovan2,18103627,18103424,203
2020-04-23 10:43:25,kovan2,18103649,18103631,18
2020-04-23 10:44:53,kovan2,18103673,18103666,7
2020-04-23 10:46:29,kovan2,18103694,18103666,28
2020-04-23 10:47:53,kovan2,18103719,18103702,17
2020-04-23 10:49:32,kovan2,18103743,18103702,41
2020-04-23 10:51:09,kovan2,18103764,18103702,62
2020-04-23 10:52:32,kovan2,18103784,18103702,82
2020-04-23 10:53:55,kovan2,18103807,18103702,105
2020-04-23 10:55:23,kovan2,18103829,18103702,127
2020-04-23 10:56:51,kovan2,18103849,18103828,21
2020-04-23 10:58:14,kovan2,18103870,18103828,42
2020-04-23 10:59:36,kovan2,18103891,18103828,63
2020-04-23 11:01:01,kovan2,18103914,18103899,15
2020-04-23 11:02:32,kovan2,18103937,18103921,16
2020-04-23 11:04:04,kovan2,18103960,18103950,10
2020-04-23 11:05:35,kovan2,18103981,18103977,4
2020-04-23 11:07:02,kovan2,18104005,18103996,9
2020-04-23 11:08:38,kovan2,18104027,18103996,31
2020-04-23 11:10:04,kovan2,18104048,18103996,52
2020-04-23 11:11:28,kovan2,18104069,18104054,15
2020-04-23 11:12:54,kovan2,18104100,18104082,18
2020-04-23 11:15:02,kovan2,18104123,18104121,2
2020-04-23 11:16:32,kovan2,18104144,18104121,23
2020-04-23 11:17:55,kovan2,18104168,18104121,47
2020-04-23 11:19:29,kovan2,18104188,18104183,5
2020-04-23 11:20:54,kovan2,18104211,18104183,28
2020-04-23 11:22:27,kovan2,18104233,18104225,8
2020-04-23 11:23:50,kovan2,18104254,18104225,29
2020-04-23 11:25:19,kovan2,18104276,18104261,15
2020-04-23 11:26:43,kovan2,18104298,18104261,37
2020-04-23 11:28:11,kovan2,18104318,18104261,57
2020-04-23 11:29:33,kovan2,18104341,18104325,16
2020-04-23 11:31:06,kovan2,18104362,18104356,6
2020-04-23 11:32:32,kovan2,18104382,18104380,2
2020-04-23 11:33:55,kovan2,18104403,18104404,-1
2020-04-23 11:35:17,kovan2,18104426,18104411,15
2020-04-23 11:36:53,kovan2,18104447,18104435,12
2020-04-23 11:38:16,kovan2,18104469,18104454,15
2020-04-23 11:39:46,kovan2,18104492,18104454,38
2020-04-23 11:41:18,kovan2,18104515,18104511,4
2020-04-23 11:42:51,kovan2,18104538,18104511,27
2020-04-23 11:44:23,kovan2,18104560,18104544,16
2020-04-23 11:45:48,kovan2,18104579,18104568,11
2020-04-23 11:47:11,kovan2,18104602,18104568,34
2020-04-23 11:48:39,kovan2,18104637,18104637,0
2020-04-23 11:51:00,kovan2,18104658,18104637,21
2020-04-23 11:52:24,kovan2,18104690,18104637,53
2020-04-23 11:54:35,kovan2,18104713,18104709,4
2020-04-23 11:56:02,kovan2,18104734,18104709,25
2020-04-23 11:57:30,kovan2,18104756,18104709,47
2020-04-23 11:58:58,kovan2,18104779,18104772,7
2020-04-23 12:00:27,kovan2,18104801,18104793,8
2020-04-23 12:01:58,kovan2,18104822,18104793,29
2020-04-23 12:03:20,kovan2,18104842,18104834,8
2020-04-23 12:04:49,kovan2,18104864,18104834,30
2020-04-23 12:06:18,kovan2,18104889,18104884,5
2020-04-23 12:07:56,kovan2,18104913,18104884,29
2020-04-23 12:09:33,kovan2,18104935,18104884,51
2020-04-23 12:11:00,kovan2,18104955,18104955,0
2020-04-23 12:12:23,kovan2,18104979,18104955,24
2020-04-23 12:13:57,kovan2,18105002,18104955,47
2020-04-23 12:15:29,kovan2,18105025,18104955,70
2020-04-23 12:17:01,kovan2,18105047,18104955,92
2020-04-23 12:18:28,kovan2,18105068,18104955,113
2020-04-23 12:19:52,kovan2,18105092,18105080,12
2020-04-23 12:21:27,kovan2,18105116,18105080,36
2020-04-23 12:23:09,kovan2,18105138,18105129,9
2020-04-23 12:24:38,kovan2,18105160,18105129,31
2020-04-23 12:26:09,kovan2,18105182,18105129,53
2020-04-23 12:27:37,kovan2,18105204,18105129,75
2020-04-23 12:29:03,kovan2,18105224,18105215,9
2020-04-23 12:30:26,kovan2,18105249,18105215,34
2020-04-23 12:32:10,kovan2,18105270,18105215,55
2020-04-23 12:33:32,kovan2,18105293,18105215,78
2020-04-23 12:35:06,kovan2,18105321,18105308,13
2020-04-23 12:36:57,kovan2,18105343,18105341,2
2020-04-23 12:38:25,kovan2,18105374,18105374,0
2020-04-23 12:40:29,kovan2,18105399,18105380,19
2020-04-23 12:42:10,kovan2,18105423,18105380,43
2020-04-23 12:43:44,kovan2,18105444,18105380,64
2020-04-23 12:45:12,kovan2,18105467,18105452,15
2020-04-23 12:46:45,kovan2,18105497,18105452,45
2020-04-23 12:48:47,kovan2,18105520,18105452,68
2020-04-23 12:50:17,kovan2,18105542,18105525,17
2020-04-23 12:51:48,kovan2,18105563,18105545,18
2020-04-23 12:53:11,kovan2,18105584,18105566,18
2020-04-23 12:54:37,kovan2,18105604,18105566,38
2020-04-23 12:55:59,kovan2,18105625,18105566,59
2020-04-23 12:57:28,kovan2,18105646,18105566,80
2020-04-23 12:58:51,kovan2,18105672,18105646,26
2020-04-23 13:00:37,kovan2,18105693,18105646,47
2020-04-23 13:02:05,kovan2,18105716,18105703,13
2020-04-23 13:03:34,kovan2,18105736,18105737,-1
2020-04-23 13:04:58,kovan2,18105759,18105749,10
2020-04-23 13:06:32,kovan2,18105779,18105749,30
2020-04-23 13:07:58,kovan2,18105801,18105749,52
2020-04-23 13:09:22,kovan2,18105825,18105821,4
2020-04-23 13:10:57,kovan2,18105846,18105821,25
2020-04-23 13:12:26,kovan2,18105869,18105859,10
2020-04-23 13:13:57,kovan2,18105892,18105881,11
2020-04-23 13:15:27,kovan2,18105913,18105881,32
2020-04-23 13:16:52,kovan2,18105934,18105934,0
2020-04-23 13:18:20,kovan2,18105955,18105934,21
2020-04-23 13:19:53,kovan2,18105989,18105981,8
2020-04-23 13:22:05,kovan2,18106013,18105994,19
2020-04-23 13:23:41,kovan2,18106036,18106031,5
2020-04-23 13:25:14,kovan2,18106058,18106031,27
2020-04-23 13:26:39,kovan2,18106078,18106078,0
2020-04-23 13:28:01,kovan2,18106106,18106079,27
2020-04-23 13:29:53,kovan2,18106127,18106079,48
2020-04-23 13:31:19,kovan2,18106150,18106129,21
2020-04-23 13:32:57,kovan2,18106170,18106129,41
2020-04-23 13:34:21,kovan2,18106192,18106129,63
2020-04-23 13:35:49,kovan2,18106224,18106129,95
2020-04-23 13:37:54,kovan2,18106248,18106129,119
2020-04-23 13:39:33,kovan2,18106269,18106129,140
2020-04-23 13:40:57,kovan2,18106300,18106129,171
2020-04-23 13:43:02,kovan2,18106321,18106129,192
2020-04-23 13:44:26,kovan2,18106344,18106129,215
2020-04-23 13:45:59,kovan2,18106367,18106129,238
2020-04-23 13:47:29,kovan2,18106397,18106254,143
2020-04-23 13:49:27,kovan2,18106429,18106412,17
2020-04-23 13:51:37,kovan2,18106456,18106453,3
2020-04-23 13:53:24,kovan2,18106478,18106453,25
2020-04-23 13:57:24,kovan2,18106538,18106484,54
2020-04-23 13:58:55,kovan2,18106567,18106548,19
2020-04-23 14:00:47,kovan2,18106598,18106548,50
2020-04-23 14:02:56,kovan2,18106623,18106577,46
2020-04-23 14:04:35,kovan2,18106652,18106624,28
2020-04-23 14:06:32,kovan2,18106673,18106624,49
2020-04-23 14:07:58,kovan2,18106695,18106624,71
2020-04-23 14:09:25,kovan2,18106728,18106624,104
2020-04-23 14:11:35,kovan2,18106755,18106624,131
2020-04-23 14:13:25,kovan2,18106779,18106750,29
2020-04-23 14:15:00,kovan2,18106812,18106750,62
2020-04-23 14:17:16,kovan2,18106836,18106831,5
2020-04-23 14:18:51,kovan2,18106860,18106831,29
2020-04-23 14:20:24,kovan2,18106890,18106881,9
2020-04-23 14:22:24,kovan2,18106911,18106911,0
2020-04-23 14:23:47,kovan2,18106932,18106924,8
2020-04-23 14:25:13,kovan2,18106957,18106924,33
2020-04-23 14:26:52,kovan2,18106979,18106969,10
2020-04-23 14:28:20,kovan2,18107000,18106969,31
2020-04-23 14:29:43,kovan2,18107040,18106969,71
2020-04-23 14:32:25,kovan2,18107062,18106969,93
2020-04-23 14:33:52,kovan2,18107081,18107080,1
2020-04-23 14:35:15,kovan2,18107109,18107080,29
2020-04-23 14:37:04,kovan2,18107131,18107128,3
2020-04-23 14:38:32,kovan2,18107154,18107128,26
2020-04-23 14:40:03,kovan2,18107176,18107129,47
2020-04-23 14:41:35,kovan2,18107206,18107129,77
2020-04-23 14:43:33,kovan2,18107228,18107208,20
2020-04-23 14:45:01,kovan2,18107255,18107208,47
2020-04-23 14:46:51,kovan2,18107278,18107208,70
2020-04-23 14:48:24,kovan2,18107301,18107294,7
2020-04-23 14:49:53,kovan2,18107323,18107311,12
2020-04-23 14:51:21,kovan2,18107342,18107311,31
2020-04-23 14:52:52,kovan2,18107363,18107311,52
2020-04-23 14:54:17,kovan2,18107385,18107367,18
2020-04-23 14:55:44,kovan2,18107406,18107367,39
2020-04-23 14:57:11,kovan2,18107432,18107367,65
2020-04-23 14:58:54,kovan2,18107454,18107367,87
2020-04-23 15:00:22,kovan2,18107480,18107367,113
2020-04-23 15:02:06,kovan2,18107502,18107367,135
2020-04-23 15:03:33,kovan2,18107523,18107367,156
2020-04-23 15:04:56,kovan2,18107552,18107367,185
2020-04-23 15:06:53,kovan2,18107574,18107367,207
2020-04-23 15:08:23,kovan2,18107595,18107367,228
2020-04-23 15:09:47,kovan2,18107616,18107367,249
2020-04-23 15:11:09,kovan2,18107638,18107367,271
2020-04-23 15:12:38,kovan2,18107662,18107620,42
2020-04-23 15:14:12,kovan2,18107682,18107682,0
2020-04-23 15:15:35,kovan2,18107707,18107682,25
2020-04-23 15:17:12,kovan2,18107733,18107711,22
2020-04-23 15:18:56,kovan2,18107756,18107735,21
2020-04-23 15:20:27,kovan2,18107783,18107761,22
2020-04-23 15:22:16,kovan2,18107806,18107802,4
2020-04-23 15:23:47,kovan2,18107828,18107802,26
2020-04-23 15:25:17,kovan2,18107852,18107850,2
2020-04-23 15:26:53,kovan2,18107875,18107875,0
2020-04-23 15:28:25,kovan2,18107897,18107897,0
2020-04-23 15:29:50,kovan2,18107919,18107900,19
2020-04-23 15:31:21,kovan2,18107953,18107924,29
2020-04-23 15:33:36,kovan2,18107974,18107957,17
2020-04-23 15:35:00,kovan2,18108005,18107982,23
2020-04-23 15:37:06,kovan2,18108056,18107982,74
2020-04-23 15:40:31,kovan2,18108079,18107982,97
2020-04-23 15:42:01,kovan2,18108109,18107982,127
2020-04-23 15:44:03,kovan2,18108134,18107982,152
2020-04-23 15:45:39,kovan2,18108155,18108107,48
2020-04-23 15:47:06,kovan2,18108179,18108107,72
2020-04-23 15:48:42,kovan2,18108202,18108186,16
2020-04-23 15:50:10,kovan2,18108222,18108206,16
2020-04-23 15:51:33,kovan2,18108245,18108240,5
2020-04-23 15:53:02,kovan2,18108266,18108254,12
2020-04-23 15:54:28,kovan2,18108291,18108254,37
2020-04-23 15:56:10,kovan2,18108315,18108308,7
2020-04-23 15:57:45,kovan2,18108337,18108308,29
2020-04-23 15:59:12,kovan2,18108360,18108308,52
2020-04-23 16:00:45,kovan2,18108385,18108308,77
2020-04-23 16:02:26,kovan2,18108412,18108308,104
2020-04-23 16:04:16,kovan2,18108438,18108308,130
2020-04-23 16:05:54,kovan2,18108467,18108433,34
2020-04-23 16:07:54,kovan2,18108490,18108433,57
2020-04-23 16:09:25,kovan2,18108512,18108433,79
2020-04-23 16:10:53,kovan2,18108535,18108512,23
2020-04-23 16:12:26,kovan2,18108560,18108512,48
2020-04-23 16:14:03,kovan2,18108581,18108582,-1
2020-04-23 16:15:30,kovan2,18108605,18108587,18
2020-04-23 16:17:04,kovan2,18108627,18108587,40
2020-04-23 16:18:33,kovan2,18108656,18108587,69
2020-04-23 16:20:27,kovan2,18108679,18108587,92
2020-04-23 16:22:01,kovan2,18108700,18108587,113
2020-04-23 16:23:23,kovan2,18108720,18108587,133
2020-04-23 16:24:45,kovan2,18108745,18108587,158
2020-04-23 16:26:26,kovan2,18108766,18108587,179
2020-04-23 16:27:48,kovan2,18108788,18108587,201
2020-04-23 16:29:14,kovan2,18108808,18108587,221
2020-04-23 16:30:37,kovan2,18108828,18108587,241
2020-04-23 16:32:00,kovan2,18108851,18108587,264
2020-04-23 16:33:31,kovan2,18108872,18108587,285
2020-04-23 16:34:54,kovan2,18108892,18108587,305
2020-04-23 16:36:18,kovan2,18108913,18108587,326
2020-04-23 16:37:43,kovan2,18108946,18108928,18
2020-04-23 16:39:52,kovan2,18108969,18108960,9
2020-04-23 16:41:25,kovan2,18108991,18108992,-1
2020-04-23 16:42:54,kovan2,18109013,18109002,11
2020-04-23 16:44:21,kovan2,18109057,18109002,55
2020-04-23 16:47:20,kovan2,18109079,18109002,77
2020-04-23 16:48:48,kovan2,18109100,18109003,97
2020-04-23 16:50:13,kovan2,18109122,18109099,23
2020-04-23 16:51:47,kovan2,18109145,18109136,9
2020-04-23 16:53:15,kovan2,18109167,18109136,31
2020-04-23 16:54:45,kovan2,18109191,18109136,55
2020-04-23 16:56:22,kovan2,18109214,18109136,78
2020-04-23 16:57:52,kovan2,18109243,18109229,14
2020-04-23 16:59:49,kovan2,18109265,18109229,36
2020-04-23 17:01:17,kovan2,18109287,18109287,0
2020-04-23 17:02:42,kovan2,18109313,18109291,22
2020-04-23 17:04:27,kovan2,18109335,18109332,3
2020-04-23 17:05:56,kovan2,18109358,18109332,26
2020-04-23 17:07:30,kovan2,18109384,18109374,10
2020-04-23 17:09:10,kovan2,18109405,18109404,1
2020-04-23 17:10:33,kovan2,18109434,18109404,30
2020-04-23 17:12:31,kovan2,18109457,18109440,17
2020-04-23 17:14:04,kovan2,18109482,18109466,16
2020-04-23 17:15:45,kovan2,18109506,18109496,10
2020-04-23 17:17:21,kovan2,18109529,18109496,33
2020-04-23 17:18:53,kovan2,18109550,18109496,54
2020-04-23 17:20:17,kovan2,18109571,18109496,75
2020-04-23 17:21:39,kovan2,18109591,18109496,95
2020-04-23 17:23:01,kovan2,18109614,18109496,118
2020-04-23 17:24:32,kovan2,18109636,18109496,140
2020-04-23 17:26:00,kovan2,18109658,18109496,162
2020-04-23 17:27:29,kovan2,18109681,18109496,185
2020-04-23 17:29:01,kovan2,18109706,18109496,210
2020-04-23 17:30:41,kovan2,18109729,18109496,233
2020-04-23 17:32:10,kovan2,18109749,18109496,253
2020-04-23 17:33:36,kovan2,18109772,18109750,22
2020-04-23 17:35:03,kovan2,18109793,18109792,1
2020-04-23 17:36:27,kovan2,18109814,18109792,22
2020-04-23 17:37:53,kovan2,18109837,18109792,45
2020-04-23 17:39:22,kovan2,18109859,18109844,15
2020-04-23 17:40:55,kovan2,18109881,18109880,1
2020-04-23 17:42:21,kovan2,18109902,18109880,22
2020-04-23 17:43:47,kovan2,18109924,18109880,44
2020-04-23 17:45:15,kovan2,18109947,18109880,67
2020-04-23 17:46:44,kovan2,18109973,18109954,19
2020-04-23 17:48:30,kovan2,18109994,18109954,40
2020-04-23 17:49:54,kovan2,18110019,18110009,10
2020-04-23 17:51:31,kovan2,18110042,18110009,33
2020-04-23 17:53:04,kovan2,18110063,18110047,16
2020-04-23 17:54:28,kovan2,18110084,18110076,8
2020-04-23 17:55:54,kovan2,18110106,18110076,30
2020-04-23 17:57:19,kovan2,18110127,18110076,51
2020-04-23 17:58:41,kovan2,18110147,18110076,71
2020-04-23 18:00:04,kovan2,18110169,18110076,93
2020-04-23 18:01:34,kovan2,18110192,18110076,116
2020-04-23 18:03:04,kovan2,18110213,18110076,137
2020-04-23 18:04:29,kovan2,18110235,18110076,159
2020-04-23 18:05:58,kovan2,18110261,18110076,185
2020-04-23 18:07:41,kovan2,18110282,18110076,206
2020-04-23 18:09:03,kovan2,18110303,18110076,227
2020-04-23 18:10:29,kovan2,18110324,18110076,248
2020-04-23 18:11:54,kovan2,18110350,18110076,274
2020-04-23 18:13:37,kovan2,18110375,18110076,299
2020-04-23 18:15:18,kovan2,18110396,18110076,320
2020-04-23 18:16:41,kovan2,18110418,18110076,342
2020-04-23 18:18:07,kovan2,18110440,18110076,364
2020-04-23 18:19:38,kovan2,18110462,18110456,6
2020-04-23 18:21:04,kovan2,18110487,18110456,31
2020-04-23 18:22:44,kovan2,18110512,18110456,56
2020-04-23 18:24:23,kovan2,18110534,18110525,9
2020-04-23 18:25:53,kovan2,18110557,18110525,32
2020-04-23 18:27:24,kovan2,18110579,18110525,54
2020-04-23 18:28:55,kovan2,18110603,18110525,78
2020-04-23 18:30:28,kovan2,18110625,18110525,100
2020-04-23 18:32:00,kovan2,18110645,18110525,120
2020-04-23 18:33:25,kovan2,18110668,18110525,143
2020-04-23 18:34:55,kovan2,18110693,18110649,44
2020-04-23 18:36:36,kovan2,18110715,18110716,-1
2020-04-23 18:38:06,kovan2,18110736,18110718,18
2020-04-23 18:39:32,kovan2,18110759,18110746,13
2020-04-23 18:40:59,kovan2,18110779,18110776,3
2020-04-23 18:42:24,kovan2,18110803,18110798,5
2020-04-23 18:43:56,kovan2,18110824,18110824,0
2020-04-23 18:45:20,kovan2,18110849,18110849,0
2020-04-23 18:47:00,kovan2,18110870,18110870,0
2020-04-23 18:48:24,kovan2,18110892,18110871,21
2020-04-23 18:49:54,kovan2,18110917,18110899,18
2020-04-23 18:51:31,kovan2,18110938,18110930,8
2020-04-23 18:52:58,kovan2,18110959,18110930,29
2020-04-23 18:54:20,kovan2,18110993,18110959,34
2020-04-23 18:56:37,kovan2,18111019,18111000,19
2020-04-23 18:58:21,kovan2,18111052,18111036,16
2020-04-23 19:00:31,kovan2,18111073,18111036,37
2020-04-23 19:01:59,kovan2,18111093,18111036,57
2020-04-23 19:03:21,kovan2,18111114,18111036,78
2020-04-23 19:04:47,kovan2,18111139,18111036,103
2020-04-23 19:06:26,kovan2,18111160,18111036,124
2020-04-23 19:07:48,kovan2,18111181,18111163,18
2020-04-23 19:09:13,kovan2,18111203,18111163,40
2020-04-23 19:10:41,kovan2,18111231,18111209,22
2020-04-23 19:12:33,kovan2,18111252,18111209,43
2020-04-23 19:13:57,kovan2,18111275,18111254,21
2020-04-23 19:15:27,kovan2,18111296,18111254,42
2020-04-23 19:16:56,kovan2,18111319,18111254,65
2020-04-23 19:18:30,kovan2,18111346,18111337,9
2020-04-23 19:20:16,kovan2,18111367,18111337,30
2020-04-23 19:21:39,kovan2,18111399,18111382,17
2020-04-23 19:23:52,kovan2,18111421,18111382,39
2020-04-23 19:25:16,kovan2,18111444,18111421,23
2020-04-23 19:26:49,kovan2,18111465,18111421,44
2020-04-23 19:28:12,kovan2,18111486,18111421,65
2020-04-23 19:29:36,kovan2,18111513,18111421,92
2020-04-23 19:31:23,kovan2,18111541,18111421,120
2020-04-23 19:33:17,kovan2,18111564,18111421,143
2020-04-23 19:34:51,kovan2,18111587,18111547,40
2020-04-23 19:36:25,kovan2,18111610,18111547,63
2020-04-23 19:37:52,kovan2,18111635,18111617,18
2020-04-23 19:39:33,kovan2,18111663,18111652,11
2020-04-23 19:41:23,kovan2,18111689,18111652,37
2020-04-23 19:43:05,kovan2,18111712,18111652,60
2020-04-23 19:44:37,kovan2,18111732,18111652,80
2020-04-23 19:46:01,kovan2,18111755,18111748,7
2020-04-23 19:47:32,kovan2,18111779,18111748,31
2020-04-23 19:49:11,kovan2,18111802,18111797,5
2020-04-23 19:50:39,kovan2,18111825,18111797,28
2020-04-23 19:52:13,kovan2,18111847,18111835,12
2020-04-23 19:53:44,kovan2,18111873,18111835,38
2020-04-23 19:55:26,kovan2,18111904,18111835,69
2020-04-23 19:57:28,kovan2,18111933,18111835,98
2020-04-23 19:59:26,kovan2,18111959,18111938,21
2020-04-23 20:01:10,kovan2,18111983,18111938,45
2020-04-23 20:02:45,kovan2,18112015,18111938,77
2020-04-23 20:04:53,kovan2,18112049,18112029,20
2020-04-23 20:07:07,kovan2,18112071,18112029,42
2020-04-23 20:08:37,kovan2,18112096,18112078,18
2020-04-23 20:10:15,kovan2,18112127,18112078,49
2020-04-23 20:12:21,kovan2,18112150,18112138,12
2020-04-23 20:13:51,kovan2,18112178,18112138,40
2020-04-23 20:15:45,kovan2,18112199,18112138,61
2020-04-23 20:17:07,kovan2,18112224,18112205,19
2020-04-23 20:18:49,kovan2,18112250,18112205,45
2020-04-23 20:20:31,kovan2,18112274,18112255,19
2020-04-23 20:22:16,kovan2,18112294,18112255,39
2020-04-23 20:23:38,kovan2,18112321,18112321,0
2020-04-23 20:25:25,kovan2,18112345,18112321,24
2020-04-23 20:27:01,kovan2,18112367,18112321,46
2020-04-23 20:28:27,kovan2,18112389,18112321,68
2020-04-23 20:29:57,kovan2,18112412,18112399,13
2020-04-23 20:31:30,kovan2,18112436,18112399,37
2020-04-23 20:33:06,kovan2,18112459,18112453,6
2020-04-23 20:34:40,kovan2,18112485,18112453,32
2020-04-23 20:36:23,kovan2,18112507,18112453,54
2020-04-23 20:37:47,kovan2,18112533,18112453,80
2020-04-23 20:39:31,kovan2,18112553,18112453,100
2020-04-23 20:40:55,kovan2,18112577,18112453,124
2020-04-23 20:42:32,kovan2,18112599,18112453,146
2020-04-23 20:43:58,kovan2,18112619,18112580,39
2020-04-23 20:45:23,kovan2,18112639,18112580,59
2020-04-23 20:46:45,kovan2,18112661,18112580,81
2020-04-23 20:48:11,kovan2,18112685,18112580,105
2020-04-23 20:49:51,kovan2,18112707,18112580,127
2020-04-23 20:51:17,kovan2,18112744,18112580,164
2020-04-23 20:53:45,kovan2,18112767,18112580,187
2020-04-23 20:55:16,kovan2,18112795,18112705,90
2020-04-23 20:57:10,kovan2,18112817,18112705,112
2020-04-23 20:58:38,kovan2,18112839,18112705,134
2020-04-23 21:00:05,kovan2,18112860,18112705,155
2020-04-23 21:01:29,kovan2,18112881,18112705,176
2020-04-23 21:02:56,kovan2,18112902,18112902,0
2020-04-23 21:04:19,kovan2,18112935,18112917,18
2020-04-23 21:06:29,kovan2,18112960,18112959,1
2020-04-23 21:08:11,kovan2,18112989,18112979,10
2020-04-23 21:10:11,kovan2,18113013,18112979,34
2020-04-23 21:11:46,kovan2,18113035,18113015,20
2020-04-23 21:13:13,kovan2,18113058,18113052,6
2020-04-23 21:14:43,kovan2,18113079,18113052,27
2020-04-23 21:16:09,kovan2,18113099,18113052,47
2020-04-23 21:17:33,kovan2,18113123,18113052,71
2020-04-23 21:19:06,kovan2,18113144,18113052,92
2020-04-23 21:20:34,kovan2,18113165,18113052,113
2020-04-23 21:21:57,kovan2,18113189,18113052,137
2020-04-23 21:23:30,kovan2,18113211,18113052,159
2020-04-23 21:25:02,kovan2,18113240,18113052,188
2020-04-23 21:26:54,kovan2,18113261,18113052,209
2020-04-23 21:28:21,kovan2,18113283,18113264,19
2020-04-23 21:29:51,kovan2,18113305,18113264,41
2020-04-23 21:31:18,kovan2,18113327,18113264,63
2020-04-23 21:32:46,kovan2,18113350,18113329,21
2020-04-23 21:34:19,kovan2,18113371,18113329,42
2020-04-23 21:35:43,kovan2,18113398,18113376,22
2020-04-23 21:37:30,kovan2,18113420,18113376,44
2020-04-23 21:38:58,kovan2,18113444,18113436,8
2020-04-23 21:40:29,kovan2,18113471,18113436,35
2020-04-23 21:42:18,kovan2,18113495,18113486,9
2020-04-23 21:43:57,kovan2,18113517,18113518,-1
2020-04-23 21:45:25,kovan2,18113540,18113524,16
2020-04-23 21:47:01,kovan2,18113564,18113560,4
2020-04-23 21:48:40,kovan2,18113586,18113586,0
2020-04-23 21:50:03,kovan2,18113606,18113594,12
2020-04-23 21:51:27,kovan2,18113629,18113619,10
2020-04-23 21:52:57,kovan2,18113650,18113619,31
2020-04-23 21:54:19,kovan2,18113672,18113619,53
2020-04-23 21:55:50,kovan2,18113697,18113697,0
2020-04-23 21:57:26,kovan2,18113720,18113703,17
2020-04-23 21:59:00,kovan2,18113742,18113727,15
2020-04-23 22:00:30,kovan2,18113766,18113727,39
2020-04-23 22:02:09,kovan2,18113788,18113727,61
2020-04-23 22:03:36,kovan2,18113810,18113800,10
2020-04-23 22:05:03,kovan2,18113831,18113830,1
2020-04-23 22:06:28,kovan2,18113852,18113830,22
2020-04-23 22:07:53,kovan2,18113873,18113870,3
2020-04-23 22:09:17,kovan2,18113898,18113894,4
2020-04-23 22:10:57,kovan2,18113926,18113919,7
2020-04-23 22:12:47,kovan2,18113947,18113919,28
2020-04-23 22:14:13,kovan2,18113968,18113962,6
2020-04-23 22:15:37,kovan2,18113988,18113988,0
2020-04-23 22:17:00,kovan2,18114017,18113997,20
2020-04-23 22:18:57,kovan2,18114039,18114026,13
2020-04-23 22:20:24,kovan2,18114060,18114040,20
2020-04-23 22:21:49,kovan2,18114085,18114071,14
2020-04-23 22:23:29,kovan2,18114107,18114101,6
2020-04-23 22:24:59,kovan2,18114132,18114127,5
2020-04-23 22:26:33,kovan2,18114154,18114150,4
2020-04-23 22:28:06,kovan2,18114178,18114169,9
2020-04-23 22:29:40,kovan2,18114205,18114191,14
2020-04-23 22:31:28,kovan2,18114230,18114219,11
2020-04-23 22:33:07,kovan2,18114251,18114250,1
2020-04-23 22:34:32,kovan2,18114272,18114272,0
2020-04-23 22:35:56,kovan2,18114293,18114293,0
2020-04-23 22:37:19,kovan2,18114315,18114304,11
2020-04-23 22:38:49,kovan2,18114336,18114320,16
2020-04-23 22:40:14,kovan2,18114364,18114360,4
2020-04-23 22:42:05,kovan2,18114386,18114375,11
2020-04-23 22:43:31,kovan2,18114409,18114394,15
2020-04-23 22:45:07,kovan2,18114433,18114420,13
2020-04-23 22:46:41,kovan2,18114457,18114448,9
2020-04-23 22:48:16,kovan2,18114479,18114471,8
2020-04-23 22:49:46,kovan2,18114502,18114499,3
2020-04-23 22:51:17,kovan2,18114524,18114522,2
2020-04-23 22:52:47,kovan2,18114546,18114522,24
2020-04-23 22:54:11,kovan2,18114568,18114553,15
2020-04-23 22:55:40,kovan2,18114595,18114576,19
2020-04-23 22:57:29,kovan2,18114616,18114605,11
2020-04-23 22:58:52,kovan2,18114636,18114605,31
2020-04-23 23:00:15,kovan2,18114657,18114648,9
2020-04-23 23:01:39,kovan2,18114677,18114648,29
2020-04-23 23:03:02,kovan2,18114698,18114648,50
2020-04-23 23:04:25,kovan2,18114720,18114648,72
2020-04-23 23:05:50,kovan2,18114740,18114648,92
2020-04-23 23:07:15,kovan2,18114763,18114753,10
2020-04-23 23:08:48,kovan2,18114789,18114776,13
2020-04-23 23:10:28,kovan2,18114811,18114811,0
2020-04-23 23:11:56,kovan2,18114831,18114812,19
2020-04-23 23:13:19,kovan2,18114852,18114812,40
2020-04-23 23:14:41,kovan2,18114873,18114812,61
2020-04-23 23:16:04,kovan2,18114903,18114892,11
2020-04-23 23:18:05,kovan2,18114924,18114892,32
2020-04-23 23:19:27,kovan2,18114945,18114892,53
2020-04-23 23:20:51,kovan2,18114966,18114892,74
2020-04-23 23:22:16,kovan2,18114987,18114892,95
2020-04-23 23:23:41,kovan2,18115008,18114892,116
2020-04-23 23:25:04,kovan2,18115028,18114892,136
2020-04-23 23:26:26,kovan2,18115054,18115040,14
2020-04-23 23:28:08,kovan2,18115075,18115040,35
2020-04-23 23:29:30,kovan2,18115095,18115089,6
2020-04-23 23:30:53,kovan2,18115116,18115089,27
2020-04-23 23:32:20,kovan2,18115137,18115089,48
2020-04-23 23:33:43,kovan2,18115158,18115089,69
2020-04-23 23:35:08,kovan2,18115179,18115168,11
2020-04-23 23:36:34,kovan2,18115200,18115168,32
2020-04-23 23:37:56,kovan2,18115222,18115168,54
2020-04-23 23:39:22,kovan2,18115245,18115236,9
2020-04-23 23:40:54,kovan2,18115265,18115251,14
2020-04-23 23:42:20,kovan2,18115287,18115274,13
2020-04-23 23:43:51,kovan2,18115309,18115296,13
2020-04-23 23:45:15,kovan2,18115330,18115311,19
2020-04-23 23:46:44,kovan2,18115352,18115340,12
2020-04-23 23:48:13,kovan2,18115373,18115366,7
2020-04-23 23:49:37,kovan2,18115400,18115395,5
2020-04-23 23:51:25,kovan2,18115422,18115395,27
2020-04-23 23:52:51,kovan2,18115442,18115395,47
2020-04-23 23:54:13,kovan2,18115462,18115453,9
2020-04-23 23:55:35,kovan2,18115483,18115453,30
2020-04-23 23:56:59,kovan2,18115505,18115453,52
2020-04-23 23:58:27,kovan2,18115527,18115453,74
2020-04-23 23:59:51,kovan2,18115548,18115453,95
2020-04-24 00:01:15,kovan2,18115567,18115453,114
2020-04-24 00:02:38,kovan2,18115587,18115453,134
2020-04-24 00:04:03,kovan2,18115609,18115453,156
2020-04-24 00:05:27,kovan2,18115630,18115579,51
2020-04-24 00:06:52,kovan2,18115650,18115579,71
2020-04-24 00:08:15,kovan2,18115671,18115579,92
2020-04-24 00:09:37,kovan2,18115692,18115579,113
2020-04-24 00:11:00,kovan2,18115713,18115692,21
2020-04-24 00:12:24,kovan2,18115734,18115692,42
2020-04-24 00:13:48,kovan2,18115755,18115692,63
2020-04-24 00:15:11,kovan2,18115776,18115776,0
2020-04-24 00:16:36,kovan2,18115797,18115781,16
2020-04-24 00:18:02,kovan2,18115821,18115813,8
2020-04-24 00:19:38,kovan2,18115842,18115838,4
2020-04-24 00:21:03,kovan2,18115863,18115864,-1
2020-04-24 00:22:28,kovan2,18115887,18115866,21
2020-04-24 00:24:02,kovan2,18115909,18115902,7
2020-04-24 00:25:29,kovan2,18115934,18115935,-1
2020-04-24 00:27:09,kovan2,18115960,18115955,5
2020-04-24 00:28:51,kovan2,18115981,18115981,0
2020-04-24 00:30:15,kovan2,18116000,18115985,15
2020-04-24 00:31:39,kovan2,18116022,18116019,3
2020-04-24 00:33:05,kovan2,18116044,18116041,3
2020-04-24 00:34:34,kovan2,18116068,18116041,27
2020-04-24 00:36:08,kovan2,18116091,18116077,14
2020-04-24 00:37:43,kovan2,18116115,18116100,15
2020-04-24 00:39:19,kovan2,18116139,18116127,12
2020-04-24 00:40:59,kovan2,18116161,18116127,34
2020-04-24 00:42:25,kovan2,18116182,18116165,17
2020-04-24 00:43:47,kovan2,18116202,18116165,37
2020-04-24 00:45:10,kovan2,18116224,18116213,11
2020-04-24 00:46:40,kovan2,18116246,18116243,3
2020-04-24 00:48:09,kovan2,18116275,18116274,1
2020-04-24 00:50:04,kovan2,18116302,18116284,18
2020-04-24 00:51:52,kovan2,18116327,18116321,6
2020-04-24 00:53:32,kovan2,18116347,18116337,10
2020-04-24 00:54:55,kovan2,18116370,18116364,6
2020-04-24 00:56:27,kovan2,18116394,18116391,3
2020-04-24 00:58:02,kovan2,18116417,18116418,-1
2020-04-24 00:59:35,kovan2,18116443,18116425,18
2020-04-24 01:01:16,kovan2,18116464,18116425,39
2020-04-24 01:02:38,kovan2,18116484,18116484,0
2020-04-24 01:04:01,kovan2,18116505,18116484,21
2020-04-24 01:05:28,kovan2,18116526,18116523,3
2020-04-24 01:06:53,kovan2,18116547,18116523,24
2020-04-24 01:08:18,kovan2,18116572,18116572,0
2020-04-24 01:09:56,kovan2,18116595,18116573,22
2020-04-24 01:11:28,kovan2,18116618,18116599,19
2020-04-24 01:13:00,kovan2,18116642,18116636,6
2020-04-24 01:14:33,kovan2,18116665,18116636,29
2020-04-24 01:16:10,kovan2,18116688,18116671,17
2020-04-24 01:17:38,kovan2,18116720,18116671,49
2020-04-24 01:19:46,kovan2,18116742,18116743,-1
2020-04-24 01:21:17,kovan2,18116763,18116762,1
2020-04-24 01:22:40,kovan2,18116783,18116762,21
2020-04-24 01:24:03,kovan2,18116805,18116797,8
2020-04-24 01:25:28,kovan2,18116826,18116809,17
2020-04-24 01:26:52,kovan2,18116847,18116809,38
2020-04-24 01:28:15,kovan2,18116871,18116868,3
2020-04-24 01:29:52,kovan2,18116892,18116883,9
2020-04-24 01:31:17,kovan2,18116912,18116883,29
2020-04-24 01:32:41,kovan2,18116935,18116925,10
2020-04-24 01:34:12,kovan2,18116956,18116949,7
2020-04-24 01:35:38,kovan2,18116984,18116972,12
2020-04-24 01:37:27,kovan2,18117005,18116972,33
2020-04-24 01:38:52,kovan2,18117026,18117013,13
2020-04-24 01:40:15,kovan2,18117049,18117041,8
2020-04-24 01:41:49,kovan2,18117070,18117070,0
2020-04-24 01:43:12,kovan2,18117091,18117074,17
2020-04-24 01:44:35,kovan2,18117112,18117105,7
2020-04-24 01:46:00,kovan2,18117133,18117118,15
2020-04-24 01:47:25,kovan2,18117158,18117153,5
2020-04-24 01:49:05,kovan2,18117181,18117176,5
2020-04-24 01:50:35,kovan2,18117201,18117176,25
2020-04-24 01:51:58,kovan2,18117223,18117203,20
2020-04-24 01:53:27,kovan2,18117246,18117232,14
2020-04-24 01:54:57,kovan2,18117269,18117270,-1
2020-04-24 01:56:30,kovan2,18117292,18117270,22
2020-04-24 01:58:01,kovan2,18117316,18117303,13
2020-04-24 01:59:35,kovan2,18117337,18117325,12
2020-04-24 02:01:01,kovan2,18117358,18117358,0
2020-04-24 02:02:27,kovan2,18117379,18117376,3
2020-04-24 02:03:54,kovan2,18117401,18117396,5
2020-04-24 02:05:20,kovan2,18117423,18117421,2
2020-04-24 02:06:49,kovan2,18117445,18117425,20
2020-04-24 02:08:19,kovan2,18117467,18117452,15
2020-04-24 02:09:44,kovan2,18117491,18117486,5
2020-04-24 02:11:19,kovan2,18117513,18117513,0
2020-04-24 02:12:46,kovan2,18117533,18117513,20
2020-04-24 02:14:11,kovan2,18117560,18117546,14
2020-04-24 02:15:54,kovan2,18117582,18117564,18
2020-04-24 02:17:26,kovan2,18117604,18117564,40
2020-04-24 02:18:52,kovan2,18117625,18117614,11
2020-04-24 02:20:17,kovan2,18117649,18117643,6
2020-04-24 02:21:53,kovan2,18117670,18117655,15
2020-04-24 02:23:19,kovan2,18117692,18117689,3
2020-04-24 02:24:44,kovan2,18117713,18117689,24
2020-04-24 02:26:08,kovan2,18117735,18117720,15
2020-04-24 02:27:37,kovan2,18117757,18117720,37
2020-04-24 02:29:02,kovan2,18117778,18117776,2
2020-04-24 02:30:28,kovan2,18117798,18117781,17
2020-04-24 02:31:53,kovan2,18117822,18117807,15
2020-04-24 02:33:29,kovan2,18117844,18117832,12
2020-04-24 02:34:55,kovan2,18117867,18117860,7
2020-04-24 02:36:28,kovan2,18117889,18117882,7
2020-04-24 02:37:58,kovan2,18117911,18117905,6
2020-04-24 02:39:27,kovan2,18117932,18117933,-1
2020-04-24 02:40:51,kovan2,18117955,18117935,20
2020-04-24 02:42:22,kovan2,18117977,18117956,21
2020-04-24 02:43:47,kovan2,18118000,18117992,8
2020-04-24 02:45:21,kovan2,18118021,18118021,0
2020-04-24 02:46:44,kovan2,18118046,18118023,23
2020-04-24 02:48:25,kovan2,18118067,18118054,13
2020-04-24 02:49:48,kovan2,18118088,18118088,0
2020-04-24 02:51:13,kovan2,18118108,18118090,18
2020-04-24 02:52:36,kovan2,18118129,18118115,14
2020-04-24 02:53:59,kovan2,18118153,18118138,15
2020-04-24 02:55:33,kovan2,18118173,18118154,19
2020-04-24 02:56:55,kovan2,18118195,18118188,7
2020-04-24 02:58:24,kovan2,18118217,18118217,0
2020-04-24 02:59:48,kovan2,18118238,18118220,18
2020-04-24 03:01:13,kovan2,18118257,18118244,13
2020-04-24 03:02:35,kovan2,18118278,18118264,14
2020-04-24 03:04:00,kovan2,18118298,18118264,34
2020-04-24 03:05:22,kovan2,18118319,18118264,55
2020-04-24 03:06:46,kovan2,18118340,18118338,2
2020-04-24 03:08:09,kovan2,18118361,18118338,23
2020-04-24 03:09:35,kovan2,18118386,18118387,-1
2020-04-24 03:11:15,kovan2,18118410,18118389,21
2020-04-24 03:12:48,kovan2,18118434,18118415,19
2020-04-24 03:14:27,kovan2,18118457,18118455,2
2020-04-24 03:15:55,kovan2,18118477,18118455,22
2020-04-24 03:17:19,kovan2,18118497,18118487,10
2020-04-24 03:18:47,kovan2,18118518,18118514,4
2020-04-24 03:20:10,kovan2,18118539,18118514,25
2020-04-24 03:21:34,kovan2,18118560,18118545,15
2020-04-24 03:22:57,kovan2,18118581,18118567,14
2020-04-24 03:24:22,kovan2,18118602,18118593,9
2020-04-24 03:25:47,kovan2,18118625,18118617,8
2020-04-24 03:27:19,kovan2,18118647,18118634,13
2020-04-24 03:28:43,kovan2,18118669,18118656,13
2020-04-24 03:30:12,kovan2,18118690,18118656,34
2020-04-24 03:31:38,kovan2,18118710,18118711,-1
2020-04-24 03:33:03,kovan2,18118734,18118731,3
2020-04-24 03:34:40,kovan2,18118756,18118749,7
2020-04-24 03:36:04,kovan2,18118781,18118772,9
2020-04-24 03:37:43,kovan2,18118803,18118772,31
2020-04-24 03:39:14,kovan2,18118825,18118816,9
2020-04-24 03:40:41,kovan2,18118846,18118847,-1
2020-04-24 03:42:06,kovan2,18118868,18118847,21
2020-04-24 03:43:31,kovan2,18118894,18118889,5
2020-04-24 03:45:17,kovan2,18118914,18118889,25
2020-04-24 03:46:42,kovan2,18118934,18118930,4
2020-04-24 03:48:04,kovan2,18118956,18118930,26
2020-04-24 03:49:28,kovan2,18118978,18118962,16
2020-04-24 03:50:58,kovan2,18118999,18118962,37
2020-04-24 03:52:21,kovan2,18119020,18118962,58
2020-04-24 03:53:43,kovan2,18119042,18119041,1
2020-04-24 03:55:11,kovan2,18119068,18119041,27
2020-04-24 03:56:57,kovan2,18119089,18119041,48
2020-04-24 03:58:20,kovan2,18119110,18119041,69
2020-04-24 03:59:44,kovan2,18119131,18119116,15
2020-04-24 04:01:09,kovan2,18119152,18119148,4
2020-04-24 04:02:37,kovan2,18119174,18119148,26
2020-04-24 04:04:09,kovan2,18119196,18119148,48
2020-04-24 04:05:33,kovan2,18119216,18119148,68
2020-04-24 04:06:56,kovan2,18119237,18119148,89
2020-04-24 04:08:22,kovan2,18119257,18119259,-2
2020-04-24 04:09:45,kovan2,18119280,18119260,20
2020-04-24 04:11:09,kovan2,18119300,18119260,40
2020-04-24 04:12:32,kovan2,18119323,18119309,14
2020-04-24 04:14:03,kovan2,18119348,18119337,11
2020-04-24 04:15:45,kovan2,18119368,18119337,31
2020-04-24 04:17:07,kovan2,18119389,18119390,-1
2020-04-24 04:18:30,kovan2,18119411,18119393,18
2020-04-24 04:19:59,kovan2,18119435,18119428,7
2020-04-24 04:21:29,kovan2,18119455,18119428,27
2020-04-24 04:22:52,kovan2,18119475,18119428,47
2020-04-24 04:24:14,kovan2,18119496,18119428,68
2020-04-24 04:25:39,kovan2,18119519,18119509,10
2020-04-24 04:27:09,kovan2,18119540,18119509,31
2020-04-24 04:28:33,kovan2,18119560,18119509,51
2020-04-24 04:29:55,kovan2,18119582,18119509,73
2020-04-24 04:31:21,kovan2,18119602,18119587,15
2020-04-24 04:32:45,kovan2,18119623,18119587,36
2020-04-24 04:34:07,kovan2,18119644,18119636,8
2020-04-24 04:35:33,kovan2,18119669,18119658,11
2020-04-24 04:37:12,kovan2,18119695,18119684,11
2020-04-24 04:38:55,kovan2,18119716,18119684,32
2020-04-24 04:40:20,kovan2,18119737,18119684,53
2020-04-24 04:41:45,kovan2,18119758,18119684,74
2020-04-24 04:43:07,kovan2,18119779,18119684,95
2020-04-24 04:44:32,kovan2,18119800,18119684,116
2020-04-24 04:45:56,kovan2,18119820,18119684,136
2020-04-24 04:47:19,kovan2,18119842,18119684,158
2020-04-24 04:48:45,kovan2,18119863,18119684,179
2020-04-24 04:50:08,kovan2,18119884,18119882,2
2020-04-24 04:51:37,kovan2,18119902,18119894,8
2020-04-24 04:53:06,kovan2,18119921,18119894,27
2020-04-24 04:54:29,kovan2,18119943,18119935,8
2020-04-24 04:55:53,kovan2,18119963,18119948,15
2020-04-24 04:57:17,kovan2,18119984,18119978,6
2020-04-24 04:58:41,kovan2,18120005,18119999,6
2020-04-24 05:00:04,kovan2,18120025,18120005,20
2020-04-24 05:01:29,kovan2,18120050,18120040,10
2020-04-24 05:03:10,kovan2,18120070,18120040,30
2020-04-24 05:04:32,kovan2,18120091,18120040,51
2020-04-24 05:05:55,kovan2,18120112,18120040,72
2020-04-24 05:07:18,kovan2,18120135,18120134,1
2020-04-24 05:08:49,kovan2,18120156,18120156,0
2020-04-24 05:10:13,kovan2,18120184,18120162,22
2020-04-24 05:12:05,kovan2,18120206,18120193,13
2020-04-24 05:13:30,kovan2,18120229,18120213,16
2020-04-24 05:15:06,kovan2,18120250,18120213,37
2020-04-24 05:16:28,kovan2,18120270,18120213,57
2020-04-24 05:17:53,kovan2,18120293,18120285,8
2020-04-24 05:19:19,kovan2,18120314,18120309,5
2020-04-24 05:20:44,kovan2,18120335,18120330,5
2020-04-24 05:22:08,kovan2,18120356,18120354,2
2020-04-24 05:23:31,kovan2,18120376,18120354,22
2020-04-24 05:24:56,kovan2,18120404,18120396,8
2020-04-24 05:26:46,kovan2,18120427,18120421,6
2020-04-24 05:28:14,kovan2,18120448,18120421,27
2020-04-24 05:29:41,kovan2,18120470,18120471,-1
2020-04-24 05:31:10,kovan2,18120494,18120487,7
2020-04-24 05:32:48,kovan2,18120514,18120511,3
2020-04-24 05:34:11,kovan2,18120535,18120532,3
2020-04-24 05:35:35,kovan2,18120561,18120550,11
2020-04-24 05:37:16,kovan2,18120587,18120574,13
2020-04-24 05:39:01,kovan2,18120607,18120599,8
2020-04-24 05:40:24,kovan2,18120629,18120629,0
2020-04-24 05:41:47,kovan2,18120649,18120630,19
2020-04-24 05:43:09,kovan2,18120669,18120630,39
2020-04-24 05:44:31,kovan2,18120695,18120694,1
2020-04-24 05:46:11,kovan2,18120719,18120720,-1
2020-04-24 05:47:50,kovan2,18120743,18120722,21
2020-04-24 05:49:27,kovan2,18120768,18120754,14
2020-04-24 05:51:03,kovan2,18120788,18120775,13
2020-04-24 05:52:33,kovan2,18120811,18120794,17
2020-04-24 05:54:07,kovan2,18120835,18120795,40
2020-04-24 05:55:39,kovan2,18120856,18120832,24
2020-04-24 05:57:05,kovan2,18120876,18120832,44
2020-04-24 05:58:27,kovan2,18120896,18120832,64
2020-04-24 05:59:49,kovan2,18120918,18120915,3
2020-04-24 06:01:20,kovan2,18120936,18120936,0
2020-04-24 06:02:45,kovan2,18120957,18120936,21
2020-04-24 06:04:09,kovan2,18120978,18120960,18
2020-04-24 06:05:33,kovan2,18120999,18120997,2
2020-04-24 06:06:56,kovan2,18121023,18120997,26
2020-04-24 06:08:31,kovan2,18121043,18120997,46
2020-04-24 06:09:54,kovan2,18121066,18121062,4
2020-04-24 06:11:23,kovan2,18121087,18121062,25
2020-04-24 06:12:49,kovan2,18121110,18121110,0
2020-04-24 06:14:19,kovan2,18121132,18121127,5
2020-04-24 06:15:48,kovan2,18121153,18121145,8
2020-04-24 06:17:11,kovan2,18121174,18121145,29
2020-04-24 06:18:36,kovan2,18121200,18121191,9
2020-04-24 06:20:20,kovan2,18121221,18121217,4
2020-04-24 06:21:46,kovan2,18121243,18121233,10
2020-04-24 06:23:11,kovan2,18121271,18121253,18
2020-04-24 06:25:04,kovan2,18121293,18121286,7
2020-04-24 06:26:32,kovan2,18121317,18121313,4
2020-04-24 06:28:11,kovan2,18121344,18121330,14
2020-04-24 06:29:56,kovan2,18121365,18121365,0
2020-04-24 06:31:21,kovan2,18121386,18121372,14
2020-04-24 06:32:47,kovan2,18121406,18121405,1
2020-04-24 06:34:09,kovan2,18121429,18121425,4
2020-04-24 06:35:39,kovan2,18121449,18121426,23
2020-04-24 06:37:03,kovan2,18121470,18121468,2
2020-04-24 06:38:27,kovan2,18121494,18121490,4
2020-04-24 06:40:01,kovan2,18121521,18121519,2
2020-04-24 06:41:48,kovan2,18121541,18121519,22
2020-04-24 06:43:10,kovan2,18121566,18121544,22
2020-04-24 06:44:49,kovan2,18121587,18121544,43
2020-04-24 06:46:15,kovan2,18121609,18121544,65
2020-04-24 06:47:39,kovan2,18121632,18121616,16
2020-04-24 06:49:14,kovan2,18121654,18121649,5
2020-04-24 06:50:40,kovan2,18121677,18121649,28
2020-04-24 06:52:11,kovan2,18121698,18121679,19
2020-04-24 06:53:34,kovan2,18121718,18121679,39
2020-04-24 06:54:57,kovan2,18121740,18121728,12
2020-04-24 06:56:25,kovan2,18121764,18121750,14
2020-04-24 06:58:02,kovan2,18121787,18121777,10
2020-04-24 06:59:36,kovan2,18121810,18121805,5
2020-04-24 07:01:03,kovan2,18121830,18121805,25
2020-04-24 07:02:28,kovan2,18121852,18121805,47
2020-04-24 07:03:52,kovan2,18121874,18121864,10
2020-04-24 07:05:22,kovan2,18121895,18121864,31
2020-04-24 07:06:45,kovan2,18121916,18121864,52
2020-04-24 07:08:08,kovan2,18121937,18121864,73
2020-04-24 07:09:31,kovan2,18121959,18121949,10
2020-04-24 07:10:58,kovan2,18121979,18121949,30
2020-04-24 07:12:21,kovan2,18121999,18121949,50
2020-04-24 07:13:44,kovan2,18122020,18121949,71
2020-04-24 07:15:07,kovan2,18122041,18122041,0
2020-04-24 07:16:29,kovan2,18122064,18122050,14
2020-04-24 07:18:04,kovan2,18122085,18122050,35
2020-04-24 07:19:26,kovan2,18122109,18122099,10
2020-04-24 07:21:03,kovan2,18122130,18122099,31
2020-04-24 07:22:28,kovan2,18122151,18122099,52
2020-04-24 07:23:54,kovan2,18122172,18122099,73
2020-04-24 07:25:16,kovan2,18122193,18122099,94
2020-04-24 07:26:42,kovan2,18122214,18122099,115
2020-04-24 07:28:06,kovan2,18122233,18122099,134
2020-04-24 07:29:31,kovan2,18122255,18122099,156
2020-04-24 07:30:56,kovan2,18122275,18122099,176
2020-04-24 07:32:20,kovan2,18122295,18122099,196
2020-04-24 07:33:44,kovan2,18122317,18122099,218
2020-04-24 07:35:08,kovan2,18122337,18122099,238
2020-04-24 07:36:31,kovan2,18122359,18122099,260
2020-04-24 07:37:55,kovan2,18122380,18122099,281
2020-04-24 07:39:20,kovan2,18122400,18122099,301
2020-04-24 07:40:43,kovan2,18122421,18122099,322
2020-04-24 07:42:05,kovan2,18122442,18122099,343
2020-04-24 07:43:27,kovan2,18122463,18122099,364
2020-04-24 07:44:52,kovan2,18122484,18122099,385
2020-04-24 07:46:15,kovan2,18122505,18122099,406
2020-04-24 07:47:37,kovan2,18122525,18122099,426
2020-04-24 07:49:02,kovan2,18122546,18122099,447
2020-04-24 07:50:25,kovan2,18122567,18122099,468
2020-04-24 07:51:47,kovan2,18122588,18122099,489
2020-04-24 07:53:13,kovan2,18122609,18122099,510
2020-04-24 07:54:38,kovan2,18122630,18122099,531
2020-04-24 07:56:01,kovan2,18122651,18122099,552
2020-04-24 07:57:24,kovan2,18122672,18122099,573
2020-04-24 07:58:49,kovan2,18122693,18122099,594
2020-04-24 08:00:12,kovan2,18122715,18122099,616
2020-04-24 08:01:38,kovan2,18122738,18122099,639
2020-04-24 08:03:24,kovan2,18122762,18122099,663
2020-04-24 08:04:55,kovan2,18122784,18122099,685
2020-04-24 08:06:23,kovan2,18122809,18122099,710
2020-04-24 08:08:02,kovan2,18122833,18122099,734
2020-04-24 08:09:36,kovan2,18122856,18122099,757
2020-04-24 08:11:10,kovan2,18122878,18122099,779
2020-04-24 08:12:36,kovan2,18122902,18122099,803
2020-04-24 08:14:16,kovan2,18122925,18122099,826
2020-04-24 08:15:53,kovan2,18122960,18122224,736
2020-04-24 08:18:10,kovan2,18122982,18122224,758
2020-04-24 08:19:41,kovan2,18123011,18122350,661
2020-04-24 08:21:36,kovan2,18123031,18122350,681
2020-04-24 08:23:01,kovan2,18123053,18122731,322
2020-04-24 08:24:28,kovan2,18123074,18122985,89
2020-04-24 08:25:55,kovan2,18123095,18123081,14
2020-04-24 08:27:24,kovan2,18123117,18123112,5
2020-04-24 08:28:51,kovan2,18123138,18123130,8
2020-04-24 08:30:16,kovan2,18123156,18123152,4
2020-04-24 08:31:42,kovan2,18123178,18123166,12
2020-04-24 08:33:08,kovan2,18123198,18123166,32
2020-04-24 08:34:30,kovan2,18123222,18123166,56
2020-04-24 08:36:07,kovan2,18123243,18123166,77
2020-04-24 08:37:32,kovan2,18123264,18123253,11
2020-04-24 08:38:56,kovan2,18123286,18123253,33
2020-04-24 08:40:24,kovan2,18123308,18123296,12
2020-04-24 08:41:53,kovan2,18123329,18123323,6
2020-04-24 08:43:17,kovan2,18123350,18123323,27
2020-04-24 08:44:40,kovan2,18123374,18123369,5
2020-04-24 08:46:16,kovan2,18123395,18123369,26
2020-04-24 08:47:39,kovan2,18123415,18123400,15
2020-04-24 08:49:03,kovan2,18123437,18123438,-1
2020-04-24 08:50:29,kovan2,18123458,18123438,20
2020-04-24 08:51:53,kovan2,18123480,18123481,-1
2020-04-24 08:53:21,kovan2,18123505,18123505,0
2020-04-24 08:54:58,kovan2,18123526,18123525,1
2020-04-24 08:56:27,kovan2,18123549,18123525,24
2020-04-24 08:58:05,kovan2,18123570,18123554,16
2020-04-24 08:59:30,kovan2,18123593,18123594,-1
2020-04-24 09:01:03,kovan2,18123620,18123594,26
2020-04-24 09:02:47,kovan2,18123643,18123594,49
2020-04-24 09:04:24,kovan2,18123667,18123602,65
2020-04-24 09:05:56,kovan2,18123706,18123683,23
2020-04-24 09:08:42,kovan2,18123734,18123719,15
2020-04-24 09:10:30,kovan2,18123760,18123719,41
2020-04-24 09:12:12,kovan2,18123782,18123719,63
2020-04-24 09:13:41,kovan2,18123805,18123719,86
2020-04-24 09:15:12,kovan2,18123828,18123719,109
2020-04-24 09:16:48,kovan2,18123852,18123719,133
2020-04-24 09:18:29,kovan2,18123873,18123719,154
2020-04-24 09:19:52,kovan2,18123893,18123719,174
2020-04-24 09:21:15,kovan2,18123914,18123719,195
2020-04-24 09:22:37,kovan2,18123936,18123719,217
2020-04-24 09:24:03,kovan2,18123959,18123944,15
2020-04-24 09:25:35,kovan2,18123981,18123976,5
2020-04-24 09:27:05,kovan2,18124002,18123976,26
2020-04-24 09:28:28,kovan2,18124025,18124025,0
2020-04-24 09:29:59,kovan2,18124049,18124029,20
2020-04-24 09:31:42,kovan2,18124077,18124029,48
2020-04-24 09:33:32,kovan2,18124098,18124029,69
2020-04-24 09:34:57,kovan2,18124120,18124107,13
2020-04-24 09:36:25,kovan2,18124141,18124107,34
2020-04-24 09:37:47,kovan2,18124162,18124163,-1
2020-04-24 09:39:16,kovan2,18124185,18124179,6
2020-04-24 09:40:47,kovan2,18124208,18124179,29
2020-04-24 09:42:17,kovan2,18124229,18124224,5
2020-04-24 09:43:41,kovan2,18124252,18124224,28
2020-04-24 09:45:11,kovan2,18124272,18124224,48
2020-04-24 09:46:34,kovan2,18124294,18124224,70
2020-04-24 09:48:00,kovan2,18124314,18124224,90
2020-04-24 09:49:22,kovan2,18124336,18124325,11
2020-04-24 09:50:48,kovan2,18124357,18124325,32
2020-04-24 09:52:13,kovan2,18124379,18124325,54
2020-04-24 09:53:39,kovan2,18124401,18124325,76
2020-04-24 09:55:08,kovan2,18124425,18124417,8
2020-04-24 09:56:43,kovan2,18124445,18124417,28
2020-04-24 09:58:05,kovan2,18124467,18124417,50
2020-04-24 09:59:33,kovan2,18124489,18124467,22
2020-04-24 10:01:04,kovan2,18124509,18124467,42
2020-04-24 10:02:28,kovan2,18124540,18124529,11
2020-04-24 10:04:32,kovan2,18124564,18124554,10
2020-04-24 10:06:09,kovan2,18124585,18124554,31
2020-04-24 10:07:34,kovan2,18124607,18124589,18
2020-04-24 10:08:58,kovan2,18124627,18124622,5
2020-04-24 10:10:23,kovan2,18124649,18124649,0
2020-04-24 10:11:48,kovan2,18124670,18124649,21
2020-04-24 10:13:12,kovan2,18124690,18124649,41
2020-04-24 10:14:34,kovan2,18124713,18124700,13
2020-04-24 10:16:02,kovan2,18124735,18124727,8
2020-04-24 10:17:33,kovan2,18124757,18124727,30
2020-04-24 10:18:58,kovan2,18124777,18124727,50
2020-04-24 10:20:23,kovan2,18124799,18124727,72
2020-04-24 10:21:50,kovan2,18124821,18124727,94
2020-04-24 10:23:16,kovan2,18124842,18124727,115
2020-04-24 10:24:38,kovan2,18124864,18124727,137
2020-04-24 10:26:10,kovan2,18124888,18124727,161
2020-04-24 10:27:45,kovan2,18124910,18124727,183
2020-04-24 10:29:11,kovan2,18124933,18124727,206
2020-04-24 10:30:44,kovan2,18124953,18124727,226
2020-04-24 10:32:08,kovan2,18124973,18124727,246
2020-04-24 10:33:30,kovan2,18124994,18124727,267
2020-04-24 10:34:55,kovan2,18125016,18124727,289
2020-04-24 10:36:21,kovan2,18125038,18124727,311
2020-04-24 10:37:47,kovan2,18125059,18124727,332
2020-04-24 10:39:12,kovan2,18125083,18124727,356
2020-04-24 10:40:46,kovan2,18125102,18124727,375
2020-04-24 10:42:13,kovan2,18125124,18125121,3
2020-04-24 10:43:35,kovan2,18125145,18125146,-1
2020-04-24 10:45:01,kovan2,18125172,18125149,23
2020-04-24 10:46:50,kovan2,18125193,18125149,44
2020-04-24 10:48:12,kovan2,18125215,18125149,66
2020-04-24 10:49:38,kovan2,18125235,18125227,8
2020-04-24 10:51:03,kovan2,18125256,18125255,1
2020-04-24 10:52:26,kovan2,18125278,18125274,4
2020-04-24 10:53:53,kovan2,18125299,18125300,-1
2020-04-24 10:55:19,kovan2,18125325,18125300,25
2020-04-24 10:57:00,kovan2,18125347,18125326,21
2020-04-24 10:58:27,kovan2,18125372,18125352,20
2020-04-24 11:00:11,kovan2,18125395,18125384,11
2020-04-24 11:01:44,kovan2,18125419,18125416,3
2020-04-24 11:03:22,kovan2,18125439,18125440,-1
2020-04-24 11:04:44,kovan2,18125461,18125444,17
2020-04-24 11:06:07,kovan2,18125484,18125446,38
2020-04-24 11:07:43,kovan2,18125507,18125446,61
2020-04-24 11:09:13,kovan2,18125531,18125514,17
2020-04-24 11:10:49,kovan2,18125554,18125554,0
2020-04-24 11:12:24,kovan2,18125577,18125577,0
2020-04-24 11:13:52,kovan2,18125599,18125600,-1
2020-04-24 11:15:21,kovan2,18125620,18125620,0
2020-04-24 11:16:44,kovan2,18125643,18125626,17
2020-04-24 11:18:18,kovan2,18125666,18125652,14
2020-04-24 11:19:48,kovan2,18125694,18125676,18
2020-04-24 11:21:42,kovan2,18125717,18125676,41
2020-04-24 11:23:13,kovan2,18125740,18125728,12
2020-04-24 11:24:46,kovan2,18125763,18125762,1
2020-04-24 11:26:15,kovan2,18125789,18125762,27
2020-04-24 11:27:59,kovan2,18125809,18125790,19
2020-04-24 11:29:22,kovan2,18125836,18125825,11
2020-04-24 11:31:09,kovan2,18125859,18125825,34
2020-04-24 11:32:45,kovan2,18125880,18125862,18
2020-04-24 11:34:09,kovan2,18125901,18125888,13
2020-04-24 11:35:33,kovan2,18125922,18125906,16
2020-04-24 11:36:56,kovan2,18125947,18125939,8
2020-04-24 11:38:35,kovan2,18125968,18125965,3
2020-04-24 11:39:58,kovan2,18125988,18125970,18
2020-04-24 11:41:21,kovan2,18126011,18126003,8
2020-04-24 11:42:55,kovan2,18126033,18126018,15
2020-04-24 11:44:19,kovan2,18126053,18126054,-1
2020-04-24 11:45:44,kovan2,18126075,18126055,20
2020-04-24 11:47:13,kovan2,18126099,18126057,42
2020-04-24 11:48:48,kovan2,18126124,18126118,6
2020-04-24 11:50:27,kovan2,18126146,18126118,28
2020-04-24 11:52:02,kovan2,18126170,18126170,0
2020-04-24 11:53:39,kovan2,18126193,18126170,23
2020-04-24 11:55:07,kovan2,18126217,18126170,47
2020-04-24 11:56:48,kovan2,18126239,18126170,69
2020-04-24 11:58:12,kovan2,18126264,18126170,94
2020-04-24 11:59:54,kovan2,18126289,18126272,17
2020-04-24 12:01:35,kovan2,18126309,18126272,37
2020-04-24 12:02:57,kovan2,18126332,18126317,15
2020-04-24 12:04:31,kovan2,18126355,18126317,38
2020-04-24 12:05:58,kovan2,18126374,18126373,1
2020-04-24 12:07:22,kovan2,18126394,18126373,21
2020-04-24 12:08:45,kovan2,18126416,18126373,43
2020-04-24 12:10:08,kovan2,18126436,18126373,63
2020-04-24 12:11:31,kovan2,18126458,18126373,85
2020-04-24 12:12:57,kovan2,18126481,18126373,108
2020-04-24 12:14:26,kovan2,18126501,18126373,128
2020-04-24 12:15:50,kovan2,18126523,18126373,150
2020-04-24 12:17:15,kovan2,18126545,18126373,172
2020-04-24 12:18:46,kovan2,18126574,18126373,201
2020-04-24 12:20:40,kovan2,18126597,18126373,224
2020-04-24 12:22:10,kovan2,18126618,18126373,245
2020-04-24 12:23:36,kovan2,18126639,18126373,266
2020-04-24 12:25:01,kovan2,18126662,18126493,169
2020-04-24 12:26:35,kovan2,18126683,18126493,190
2020-04-24 12:27:59,kovan2,18126703,18126493,210
2020-04-24 12:29:24,kovan2,18126725,18126493,232
2020-04-24 12:30:49,kovan2,18126746,18126493,253
2020-04-24 12:32:14,kovan2,18126766,18126493,273
2020-04-24 12:33:37,kovan2,18126789,18126493,296
2020-04-24 12:35:09,kovan2,18126810,18126621,189
2020-04-24 12:36:33,kovan2,18126832,18126745,87
2020-04-24 12:38:00,kovan2,18126854,18126837,17
2020-04-24 12:39:30,kovan2,18126876,18126864,12
2020-04-24 12:40:58,kovan2,18126900,18126864,36
2020-04-24 12:42:29,kovan2,18126921,18126913,8
2020-04-24 12:43:58,kovan2,18126943,18126913,30
2020-04-24 12:45:28,kovan2,18126968,18126947,21
2020-04-24 12:47:08,kovan2,18126991,18126982,9
2020-04-24 12:48:42,kovan2,18127013,18126982,31
2020-04-24 12:50:06,kovan2,18127035,18127017,18
2020-04-24 12:51:38,kovan2,18127056,18127057,-1
2020-04-24 12:53:04,kovan2,18127079,18127058,21
2020-04-24 12:54:32,kovan2,18127101,18127058,43
2020-04-24 12:55:59,kovan2,18127122,18127121,1
2020-04-24 12:57:26,kovan2,18127144,18127121,23
2020-04-24 12:58:52,kovan2,18127169,18127152,17
2020-04-24 13:00:33,kovan2,18127191,18127152,39
2020-04-24 13:02:05,kovan2,18127214,18127152,62
2020-04-24 13:03:38,kovan2,18127235,18127152,83
2020-04-24 13:05:01,kovan2,18127260,18127238,22
2020-04-24 13:06:40,kovan2,18127283,18127238,45
2020-04-24 13:08:13,kovan2,18127304,18127294,10
2020-04-24 13:09:37,kovan2,18127326,18127316,10
2020-04-24 13:11:03,kovan2,18127348,18127316,32
2020-04-24 13:12:37,kovan2,18127369,18127316,53
2020-04-24 13:14:04,kovan2,18127390,18127316,74
2020-04-24 13:15:27,kovan2,18127413,18127398,15
2020-04-24 13:16:56,kovan2,18127437,18127398,39
2020-04-24 13:18:30,kovan2,18127462,18127448,14
2020-04-24 13:20:13,kovan2,18127486,18127448,38
2020-04-24 13:21:50,kovan2,18127509,18127495,14
2020-04-24 13:23:19,kovan2,18127532,18127524,8
2020-04-24 13:24:53,kovan2,18127554,18127524,30
2020-04-24 13:26:22,kovan2,18127580,18127564,16
2020-04-24 13:28:06,kovan2,18127604,18127590,14
2020-04-24 13:29:42,kovan2,18127626,18127590,36
2020-04-24 13:31:08,kovan2,18127650,18127590,60
2020-04-24 13:32:51,kovan2,18127674,18127669,5
2020-04-24 13:34:25,kovan2,18127699,18127694,5
2020-04-24 13:36:07,kovan2,18127729,18127717,12
2020-04-24 13:38:08,kovan2,18127750,18127717,33
2020-04-24 13:39:33,kovan2,18127774,18127717,57
2020-04-24 13:41:07,kovan2,18127796,18127789,7
2020-04-24 13:42:41,kovan2,18127820,18127789,31
2020-04-24 13:44:16,kovan2,18127843,18127839,4
2020-04-24 13:45:48,kovan2,18127868,18127839,29
2020-04-24 13:47:31,kovan2,18127892,18127871,21
2020-04-24 13:49:07,kovan2,18127915,18127907,8
2020-04-24 13:50:40,kovan2,18127936,18127907,29
2020-04-24 13:52:07,kovan2,18127962,18127938,24
2020-04-24 13:53:48,kovan2,18127985,18127967,18
2020-04-24 13:55:23,kovan2,18128009,18127991,18
2020-04-24 13:56:56,kovan2,18128034,18128025,9
2020-04-24 13:58:38,kovan2,18128055,18128040,15
2020-04-24 14:00:02,kovan2,18128078,18128040,38
2020-04-24 14:01:35,kovan2,18128099,18128091,8
2020-04-24 14:03:02,kovan2,18128123,18128116,7
2020-04-24 14:04:36,kovan2,18128145,18128144,1
2020-04-24 14:06:05,kovan2,18128170,18128144,26
2020-04-24 14:07:44,kovan2,18128194,18128195,-1
2020-04-24 14:09:22,kovan2,18128215,18128216,-1
2020-04-24 14:10:46,kovan2,18128237,18128219,18
2020-04-24 14:12:10,kovan2,18128258,18128219,39
2020-04-24 14:13:34,kovan2,18128278,18128261,17
2020-04-24 14:14:58,kovan2,18128302,18128287,15
2020-04-24 14:16:37,kovan2,18128324,18128322,2
2020-04-24 14:18:05,kovan2,18128347,18128338,9
2020-04-24 14:19:36,kovan2,18128368,18128355,13
2020-04-24 14:21:00,kovan2,18128389,18128355,34
2020-04-24 14:22:25,kovan2,18128410,18128355,55
2020-04-24 14:23:50,kovan2,18128433,18128414,19
2020-04-24 14:25:20,kovan2,18128456,18128440,16
2020-04-24 14:26:53,kovan2,18128478,18128466,12
2020-04-24 14:28:22,kovan2,18128500,18128466,34
2020-04-24 14:29:47,kovan2,18128522,18128466,56
2020-04-24 14:31:16,kovan2,18128544,18128466,78
2020-04-24 14:32:50,kovan2,18128566,18128559,7
2020-04-24 14:34:15,kovan2,18128586,18128559,27
2020-04-24 14:35:38,kovan2,18128607,18128559,48
2020-04-24 14:37:01,kovan2,18128634,18128634,0
2020-04-24 14:38:48,kovan2,18128656,18128634,22
2020-04-24 14:40:15,kovan2,18128681,18128664,17
2020-04-24 14:41:58,kovan2,18128707,18128699,8
2020-04-24 14:43:40,kovan2,18128728,18128722,6
2020-04-24 14:45:05,kovan2,18128748,18128741,7
2020-04-24 14:46:31,kovan2,18128769,18128751,18
2020-04-24 14:47:56,kovan2,18128790,18128778,12
2020-04-24 14:49:20,kovan2,18128816,18128811,5
2020-04-24 14:51:04,kovan2,18128837,18128811,26
2020-04-24 14:52:31,kovan2,18128858,18128851,7
2020-04-24 14:53:55,kovan2,18128881,18128851,30
2020-04-24 14:55:22,kovan2,18128899,18128885,14
2020-04-24 14:56:44,kovan2,18128919,18128885,34
2020-04-24 14:58:08,kovan2,18128941,18128932,9
2020-04-24 14:59:36,kovan2,18128962,18128963,-1
2020-04-24 15:01:03,kovan2,18128986,18128987,-1
2020-04-24 15:02:42,kovan2,18129007,18129008,-1
2020-04-24 15:04:06,kovan2,18129028,18129029,-1
2020-04-24 15:05:29,kovan2,18129049,18129045,4
2020-04-24 15:06:55,kovan2,18129070,18129045,25
2020-04-24 15:08:18,kovan2,18129093,18129093,0
2020-04-24 15:09:49,kovan2,18129115,18129098,17
2020-04-24 15:11:17,kovan2,18129136,18129098,38
2020-04-24 15:12:39,kovan2,18129157,18129139,18
2020-04-24 15:14:05,kovan2,18129177,18129139,38
2020-04-24 15:15:28,kovan2,18129201,18129182,19
2020-04-24 15:17:02,kovan2,18129226,18129216,10
2020-04-24 15:18:39,kovan2,18129246,18129216,30
2020-04-24 15:20:01,kovan2,18129271,18129216,55
2020-04-24 15:21:43,kovan2,18129291,18129280,11
2020-04-24 15:23:05,kovan2,18129310,18129307,3
2020-04-24 15:24:29,kovan2,18129332,18129307,25
2020-04-24 15:26:07,kovan2,18129354,18129341,13
2020-04-24 15:27:32,kovan2,18129378,18129366,12
2020-04-24 15:29:16,kovan2,18129401,18129396,5
2020-04-24 15:30:53,kovan2,18129429,18129396,33
2020-04-24 15:32:45,kovan2,18129450,18129396,54
2020-04-24 15:34:11,kovan2,18129472,18129396,76
2020-04-24 15:35:34,kovan2,18129493,18129476,17
2020-04-24 15:37:01,kovan2,18129515,18129513,2
2020-04-24 15:38:27,kovan2,18129536,18129532,4
2020-04-24 15:39:52,kovan2,18129558,18129552,6
2020-04-24 15:41:22,kovan2,18129581,18129568,13
2020-04-24 15:42:51,kovan2,18129602,18129568,34
2020-04-24 15:44:15,kovan2,18129624,18129620,4
2020-04-24 15:45:42,kovan2,18129644,18129620,24
2020-04-24 15:47:07,kovan2,18129666,18129660,6
2020-04-24 15:48:36,kovan2,18129687,18129660,27
2020-04-24 15:50:01,kovan2,18129711,18129699,12
2020-04-24 15:51:36,kovan2,18129732,18129699,33
2020-04-24 15:53:00,kovan2,18129757,18129754,3
2020-04-24 15:54:40,kovan2,18129779,18129775,4
2020-04-24 15:56:06,kovan2,18129799,18129775,24
2020-04-24 15:57:28,kovan2,18129820,18129812,8
2020-04-24 15:58:53,kovan2,18129842,18129812,30
2020-04-24 16:00:18,kovan2,18129862,18129812,50
2020-04-24 16:01:48,kovan2,18129885,18129812,73
2020-04-24 16:03:18,kovan2,18129913,18129812,101
2020-04-24 16:05:09,kovan2,18129934,18129812,122
2020-04-24 16:06:32,kovan2,18129958,18129812,146
2020-04-24 16:08:09,kovan2,18129979,18129812,167
2020-04-24 16:09:32,kovan2,18130001,18129812,189
2020-04-24 16:11:00,kovan2,18130030,18129939,91
2020-04-24 16:12:56,kovan2,18130050,18129939,111
2020-04-24 16:14:21,kovan2,18130074,18129939,135
2020-04-24 16:15:58,kovan2,18130099,18129939,160
2020-04-24 16:17:36,kovan2,18130121,18129939,182
2020-04-24 16:19:06,kovan2,18130157,18129939,218
2020-04-24 16:21:29,kovan2,18130178,18129939,239
2020-04-24 16:22:52,kovan2,18130202,18129939,263
2020-04-24 16:24:29,kovan2,18130224,18130064,160
2020-04-24 16:25:54,kovan2,18130247,18130064,183
2020-04-24 16:27:26,kovan2,18130270,18130064,206
2020-04-24 16:29:00,kovan2,18130296,18130064,232
2020-04-24 16:30:45,kovan2,18130316,18130190,126
2020-04-24 16:32:14,kovan2,18130342,18130333,9
2020-04-24 16:34:00,kovan2,18130363,18130333,30
2020-04-24 16:35:23,kovan2,18130384,18130385,-1
2020-04-24 16:36:46,kovan2,18130407,18130401,6
2020-04-24 16:38:16,kovan2,18130429,18130401,28
2020-04-24 16:39:45,kovan2,18130454,18130454,0
2020-04-24 16:41:24,kovan2,18130476,18130455,21
2020-04-24 16:42:53,kovan2,18130497,18130455,42
2020-04-24 16:44:18,kovan2,18130521,18130501,20
2020-04-24 16:45:50,kovan2,18130542,18130540,2
2020-04-24 16:47:17,kovan2,18130564,18130558,6
2020-04-24 16:48:45,kovan2,18130585,18130585,0
2020-04-24 16:50:09,kovan2,18130617,18130589,28
2020-04-24 16:52:15,kovan2,18130638,18130630,8
2020-04-24 16:53:43,kovan2,18130661,18130649,12
2020-04-24 16:55:10,kovan2,18130686,18130673,13
2020-04-24 16:56:54,kovan2,18130709,18130673,36
2020-04-24 16:58:24,kovan2,18130735,18130716,19
2020-04-24 17:00:07,kovan2,18130757,18130716,41
2020-04-24 17:01:34,kovan2,18130778,18130716,62
2020-04-24 17:03:01,kovan2,18130799,18130716,83
2020-04-24 17:04:25,kovan2,18130827,18130799,28
2020-04-24 17:06:16,kovan2,18130850,18130799,51
2020-04-24 17:07:48,kovan2,18130872,18130860,12
2020-04-24 17:09:16,kovan2,18130896,18130883,13
2020-04-24 17:10:53,kovan2,18130917,18130883,34
2020-04-24 17:12:18,kovan2,18130940,18130931,9
2020-04-24 17:13:48,kovan2,18130961,18130961,0
2020-04-24 17:15:14,kovan2,18130985,18130961,24
2020-04-24 17:16:49,kovan2,18131006,18130995,11
2020-04-24 17:18:11,kovan2,18131028,18130995,33
2020-04-24 17:19:40,kovan2,18131051,18130995,56
2020-04-24 17:21:13,kovan2,18131072,18131056,16
2020-04-24 17:22:37,kovan2,18131093,18131056,37
2020-04-24 17:24:04,kovan2,18131115,18131056,59
2020-04-24 17:25:29,kovan2,18131135,18131056,79
2020-04-24 17:26:51,kovan2,18131157,18131056,101
2020-04-24 17:28:16,kovan2,18131178,18131056,122
2020-04-24 17:29:40,kovan2,18131200,18131191,9
2020-04-24 17:31:13,kovan2,18131222,18131222,0
2020-04-24 17:32:38,kovan2,18131243,18131240,3
2020-04-24 17:34:03,kovan2,18131264,18131262,2
2020-04-24 17:35:26,kovan2,18131284,18131262,22
2020-04-24 17:36:50,kovan2,18131306,18131262,44
2020-04-24 17:38:16,kovan2,18131327,18131262,65
2020-04-24 17:39:42,kovan2,18131348,18131348,0
2020-04-24 17:41:04,kovan2,18131369,18131350,19
2020-04-24 17:42:27,kovan2,18131394,18131350,44
2020-04-24 17:44:08,kovan2,18131415,18131416,-1
2020-04-24 17:45:35,kovan2,18131437,18131421,16
2020-04-24 17:47:02,kovan2,18131458,18131421,37
2020-04-24 17:48:26,kovan2,18131479,18131421,58
2020-04-24 17:49:54,kovan2,18131500,18131484,16
2020-04-24 17:51:18,kovan2,18131522,18131512,10
2020-04-24 17:52:48,kovan2,18131547,18131548,-1
2020-04-24 17:54:26,kovan2,18131569,18131551,18
2020-04-24 17:55:51,kovan2,18131592,18131585,7
2020-04-24 17:57:25,kovan2,18131613,18131585,28
2020-04-24 17:58:50,kovan2,18131636,18131619,17
2020-04-24 18:00:21,kovan2,18131656,18131643,13
2020-04-24 18:01:46,kovan2,18131678,18131643,35
2020-04-24 18:03:11,kovan2,18131698,18131643,55
2020-04-24 18:04:34,kovan2,18131719,18131714,5
2020-04-24 18:05:57,kovan2,18131740,18131736,4
2020-04-24 18:07:22,kovan2,18131761,18131736,25
2020-04-24 18:08:44,kovan2,18131783,18131783,0
2020-04-24 18:10:10,kovan2,18131804,18131792,12
2020-04-24 18:11:37,kovan2,18131825,18131821,4
2020-04-24 18:12:59,kovan2,18131850,18131843,7
2020-04-24 18:14:42,kovan2,18131873,18131865,8
2020-04-24 18:16:13,kovan2,18131894,18131895,-1
2020-04-24 18:17:37,kovan2,18131917,18131901,16
2020-04-24 18:19:07,kovan2,18131938,18131924,14
2020-04-24 18:20:30,kovan2,18131962,18131957,5
2020-04-24 18:22:09,kovan2,18131983,18131969,14
2020-04-24 18:23:31,kovan2,18132004,18132004,0
2020-04-24 18:24:57,kovan2,18132025,18132011,14
2020-04-24 18:26:22,kovan2,18132047,18132044,3
2020-04-24 18:27:47,kovan2,18132067,18132044,23
2020-04-24 18:29:09,kovan2,18132090,18132090,0
2020-04-24 18:30:40,kovan2,18132113,18132107,6
2020-04-24 18:32:17,kovan2,18132137,18132130,7
2020-04-24 18:33:52,kovan2,18132161,18132148,13
2020-04-24 18:35:28,kovan2,18132182,18132183,-1
2020-04-24 18:36:54,kovan2,18132203,18132204,-1
2020-04-24 18:38:17,kovan2,18132224,18132223,1
2020-04-24 18:39:44,kovan2,18132246,18132223,23
2020-04-24 18:41:08,kovan2,18132269,18132260,9
2020-04-24 18:42:40,kovan2,18132290,18132281,9
2020-04-24 18:44:05,kovan2,18132311,18132312,-1
2020-04-24 18:45:30,kovan2,18132332,18132316,16
2020-04-24 18:46:53,kovan2,18132354,18132354,0
2020-04-24 18:48:21,kovan2,18132376,18132371,5
2020-04-24 18:49:49,kovan2,18132399,18132397,2
2020-04-24 18:51:24,kovan2,18132425,18132421,4
2020-04-24 18:53:10,kovan2,18132446,18132444,2
2020-04-24 18:54:32,kovan2,18132467,18132447,20
2020-04-24 18:55:54,kovan2,18132487,18132488,-1
2020-04-24 18:57:17,kovan2,18132508,18132494,14
2020-04-24 18:58:40,kovan2,18132529,18132527,2
2020-04-24 19:00:04,kovan2,18132551,18132552,-1
2020-04-24 19:01:35,kovan2,18132572,18132573,-1
2020-04-24 19:02:57,kovan2,18132593,18132594,-1
2020-04-24 19:04:21,kovan2,18132620,18132617,3
2020-04-24 19:06:09,kovan2,18132641,18132642,-1
2020-04-24 19:07:33,kovan2,18132662,18132662,0
2020-04-24 19:08:57,kovan2,18132681,18132678,3
2020-04-24 19:10:20,kovan2,18132704,18132695,9
2020-04-24 19:11:51,kovan2,18132725,18132722,3
2020-04-24 19:13:13,kovan2,18132747,18132747,0
2020-04-24 19:14:41,kovan2,18132769,18132764,5
2020-04-24 19:16:08,kovan2,18132790,18132775,15
2020-04-24 19:17:31,kovan2,18132811,18132811,0
2020-04-24 19:18:56,kovan2,18132832,18132824,8
2020-04-24 19:20:19,kovan2,18132853,18132854,-1
2020-04-24 19:21:48,kovan2,18132876,18132876,0
2020-04-24 19:23:15,kovan2,18132897,18132878,19
2020-04-24 19:24:40,kovan2,18132917,18132913,4
2020-04-24 19:26:04,kovan2,18132938,18132913,25
2020-04-24 19:27:26,kovan2,18132963,18132959,4
2020-04-24 19:29:05,kovan2,18132984,18132971,13
2020-04-24 19:30:31,kovan2,18133004,18133003,1
2020-04-24 19:31:54,kovan2,18133026,18133003,23
2020-04-24 19:33:19,kovan2,18133050,18133048,2
2020-04-24 19:34:57,kovan2,18133071,18133059,12
2020-04-24 19:36:21,kovan2,18133092,18133059,33
2020-04-24 19:37:45,kovan2,18133113,18133059,54
2020-04-24 19:39:07,kovan2,18133136,18133136,0
2020-04-24 19:40:37,kovan2,18133159,18133151,8
2020-04-24 19:42:12,kovan2,18133179,18133151,28
2020-04-24 19:43:36,kovan2,18133200,18133151,49
2020-04-24 19:44:58,kovan2,18133222,18133217,5
2020-04-24 19:46:29,kovan2,18133244,18133237,7
2020-04-24 19:47:57,kovan2,18133267,18133267,0
2020-04-24 19:49:28,kovan2,18133288,18133288,0
2020-04-24 19:50:51,kovan2,18133310,18133305,5
2020-04-24 19:52:18,kovan2,18133330,18133305,25
2020-04-24 19:53:42,kovan2,18133351,18133305,46
2020-04-24 19:55:04,kovan2,18133377,18133374,3
2020-04-24 19:56:47,kovan2,18133397,18133374,23
2020-04-24 19:58:10,kovan2,18133420,18133420,0
2020-04-24 19:59:39,kovan2,18133440,18133425,15
2020-04-24 20:01:03,kovan2,18133460,18133425,35
2020-04-24 20:02:26,kovan2,18133481,18133425,56
2020-04-24 20:03:50,kovan2,18133508,18133507,1
2020-04-24 20:05:39,kovan2,18133529,18133507,22
2020-04-24 20:07:03,kovan2,18133550,18133551,-1
2020-04-24 20:08:26,kovan2,18133571,18133556,15
2020-04-24 20:10:04,kovan2,18133591,18133592,-1
2020-04-24 20:11:27,kovan2,18133615,18133605,10
2020-04-24 20:13:00,kovan2,18133636,18133605,31
2020-04-24 20:14:24,kovan2,18133658,18133658,0
2020-04-24 20:15:51,kovan2,18133680,18133677,3
2020-04-24 20:17:20,kovan2,18133701,18133701,0
2020-04-24 20:18:44,kovan2,18133722,18133705,17
2020-04-24 20:20:08,kovan2,18133747,18133736,11
2020-04-24 20:21:45,kovan2,18133767,18133753,14
2020-04-24 20:23:09,kovan2,18133792,18133783,9
2020-04-24 20:24:49,kovan2,18133813,18133783,30
2020-04-24 20:26:14,kovan2,18133834,18133824,10
2020-04-24 20:27:36,kovan2,18133853,18133846,7
2020-04-24 20:28:58,kovan2,18133874,18133859,15
2020-04-24 20:30:20,kovan2,18133896,18133896,0
2020-04-24 20:31:51,kovan2,18133917,18133897,20
2020-04-24 20:33:14,kovan2,18133937,18133938,-1
2020-04-24 20:34:38,kovan2,18133958,18133956,2
2020-04-24 20:36:01,kovan2,18133981,18133979,2
2020-04-24 20:37:32,kovan2,18134003,18133998,5
2020-04-24 20:39:00,kovan2,18134026,18134020,6
2020-04-24 20:40:32,kovan2,18134046,18134037,9
2020-04-24 20:41:54,kovan2,18134067,18134037,30
2020-04-24 20:43:17,kovan2,18134088,18134080,8
2020-04-24 20:44:40,kovan2,18134109,18134101,8
2020-04-24 20:46:05,kovan2,18134133,18134124,9
2020-04-24 20:47:46,kovan2,18134155,18134155,0
2020-04-24 20:49:11,kovan2,18134182,18134178,4
2020-04-24 20:51:02,kovan2,18134206,18134206,0
2020-04-24 20:52:34,kovan2,18134236,18134218,18
2020-04-24 20:54:38,kovan2,18134256,18134255,1
2020-04-24 20:56:00,kovan2,18134279,18134279,0
2020-04-24 20:57:25,kovan2,18134299,18134287,12
2020-04-24 20:58:51,kovan2,18134321,18134307,14
2020-04-24 21:00:15,kovan2,18134342,18134333,9
2020-04-24 21:01:42,kovan2,18134363,18134362,1
2020-04-24 21:03:05,kovan2,18134390,18134380,10
2020-04-24 21:04:53,kovan2,18134411,18134407,4
2020-04-24 21:06:18,kovan2,18134432,18134422,10
2020-04-24 21:07:41,kovan2,18134453,18134453,0
2020-04-24 21:09:04,kovan2,18134479,18134465,14
2020-04-24 21:10:48,kovan2,18134507,18134465,42
2020-04-24 21:12:40,kovan2,18134545,18134521,24
2020-04-24 21:15:12,kovan2,18134565,18134521,44
2020-04-24 21:16:37,kovan2,18134587,18134567,20
2020-04-24 21:18:04,kovan2,18134609,18134567,42
2020-04-24 21:19:30,kovan2,18134629,18134567,62
2020-04-24 21:20:54,kovan2,18134669,18134567,102
2020-04-24 21:23:33,kovan2,18134690,18134567,123
2020-04-24 21:24:56,kovan2,18134710,18134567,143
2020-04-24 21:26:18,kovan2,18134731,18134721,10
2020-04-24 21:27:42,kovan2,18134752,18134751,1
2020-04-24 21:29:06,kovan2,18134774,18134772,2
2020-04-24 21:30:35,kovan2,18134795,18134786,9
2020-04-24 21:31:59,kovan2,18134816,18134816,0
2020-04-24 21:33:22,kovan2,18134836,18134834,2
2020-04-24 21:34:45,kovan2,18134857,18134841,16
2020-04-24 21:36:08,kovan2,18134878,18134878,0
2020-04-24 21:37:32,kovan2,18134898,18134886,12
2020-04-24 21:38:55,kovan2,18134920,18134907,13
2020-04-24 21:40:24,kovan2,18134939,18134940,-1
2020-04-24 21:41:48,kovan2,18134963,18134960,3
2020-04-24 21:43:17,kovan2,18134983,18134983,0
2020-04-24 21:44:43,kovan2,18135004,18134983,21
2020-04-24 21:46:06,kovan2,18135024,18135025,-1
2020-04-24 21:47:29,kovan2,18135046,18135045,1
2020-04-24 21:48:55,kovan2,18135066,18135067,-1
2020-04-24 21:50:18,kovan2,18135087,18135087,0
2020-04-24 21:51:41,kovan2,18135108,18135109,-1
2020-04-24 21:53:06,kovan2,18135129,18135122,7
2020-04-24 21:54:29,kovan2,18135150,18135151,-1
2020-04-24 21:55:53,kovan2,18135171,18135152,19
2020-04-24 21:57:15,kovan2,18135195,18135196,-1
2020-04-24 21:58:56,kovan2,18135216,18135212,4
2020-04-24 22:00:20,kovan2,18135238,18135229,9
2020-04-24 22:01:56,kovan2,18135261,18135262,-1
2020-04-24 22:03:27,kovan2,18135282,18135282,0
2020-04-24 22:04:51,kovan2,18135304,18135282,22
2020-04-24 22:06:14,kovan2,18135323,18135319,4
2020-04-24 22:07:40,kovan2,18135345,18135319,26
2020-04-24 22:09:06,kovan2,18135367,18135368,-1
2020-04-24 22:10:33,kovan2,18135387,18135368,19
2020-04-24 22:11:56,kovan2,18135408,18135409,-1
2020-04-24 22:13:23,kovan2,18135430,18135426,4
2020-04-24 22:14:46,kovan2,18135450,18135450,0
2020-04-24 22:16:08,kovan2,18135470,18135453,17
2020-04-24 22:17:33,kovan2,18135492,18135492,0
2020-04-24 22:19:00,kovan2,18135512,18135513,-1
2020-04-24 22:20:22,kovan2,18135534,18135534,0
2020-04-24 22:21:52,kovan2,18135556,18135552,4
2020-04-24 22:23:20,kovan2,18135582,18135572,10
2020-04-24 22:25:05,kovan2,18135603,18135597,6
2020-04-24 22:26:30,kovan2,18135624,18135597,27
2020-04-24 22:27:53,kovan2,18135647,18135627,20
2020-04-24 22:29:24,kovan2,18135668,18135666,2
2020-04-24 22:30:47,kovan2,18135687,18135688,-1
2020-04-24 22:32:10,kovan2,18135711,18135710,1
2020-04-24 22:33:42,kovan2,18135732,18135732,0
2020-04-24 22:35:08,kovan2,18135753,18135749,4
2020-04-24 22:36:38,kovan2,18135774,18135774,0
2020-04-24 22:38:02,kovan2,18135796,18135790,6
2020-04-24 22:39:27,kovan2,18135818,18135818,0
2020-04-24 22:40:57,kovan2,18135840,18135837,3
2020-04-24 22:42:27,kovan2,18135864,18135859,5
2020-04-24 22:44:01,kovan2,18135884,18135885,-1
2020-04-24 22:45:26,kovan2,18135905,18135905,0
2020-04-24 22:46:49,kovan2,18135925,18135926,-1
2020-04-24 22:48:14,kovan2,18135948,18135949,-1
2020-04-24 22:49:46,kovan2,18135971,18135963,8
2020-04-24 22:51:15,kovan2,18135992,18135990,2
2020-04-24 22:52:43,kovan2,18136016,18136007,9
2020-04-24 22:54:16,kovan2,18136037,18136030,7
2020-04-24 22:55:40,kovan2,18136058,18136056,2
2020-04-24 22:57:08,kovan2,18136081,18136077,4
2020-04-24 22:58:43,kovan2,18136102,18136086,16
2020-04-24 23:00:05,kovan2,18136124,18136117,7
2020-04-24 23:01:36,kovan2,18136145,18136146,-1
2020-04-24 23:03:03,kovan2,18136167,18136167,0
2020-04-24 23:04:29,kovan2,18136188,18136175,13
2020-04-24 23:05:52,kovan2,18136208,18136197,11
2020-04-24 23:07:18,kovan2,18136229,18136229,0
2020-04-24 23:08:40,kovan2,18136250,18136250,0
2020-04-24 23:10:04,kovan2,18136271,18136272,-1
2020-04-24 23:11:35,kovan2,18136298,18136273,25
2020-04-24 23:13:23,kovan2,18136320,18136273,47
2020-04-24 23:14:47,kovan2,18136344,18136328,16
2020-04-24 23:16:23,kovan2,18136363,18136358,5
2020-04-24 23:17:46,kovan2,18136384,18136385,-1
2020-04-24 23:19:10,kovan2,18136407,18136408,-1
2020-04-24 23:20:42,kovan2,18136427,18136428,-1
2020-04-24 23:22:08,kovan2,18136451,18136447,4
2020-04-24 23:23:41,kovan2,18136472,18136460,12
2020-04-24 23:25:05,kovan2,18136492,18136460,32
2020-04-24 23:26:28,kovan2,18136517,18136506,11
2020-04-24 23:28:07,kovan2,18136538,18136526,12
2020-04-24 23:29:35,kovan2,18136559,18136560,-1
2020-04-24 23:30:58,kovan2,18136580,18136580,0
2020-04-24 23:32:27,kovan2,18136602,18136591,11
2020-04-24 23:33:52,kovan2,18136628,18136623,5
2020-04-24 23:35:35,kovan2,18136648,18136635,13
2020-04-24 23:36:59,kovan2,18136671,18136668,3
2020-04-24 23:38:28,kovan2,18136696,18136685,11
2020-04-24 23:40:10,kovan2,18136717,18136710,7
2020-04-24 23:41:37,kovan2,18136742,18136734,8
2020-04-24 23:43:18,kovan2,18136763,18136763,0
2020-04-24 23:44:42,kovan2,18136784,18136769,15
2020-04-24 23:46:04,kovan2,18136805,18136802,3
2020-04-24 23:47:30,kovan2,18136825,18136818,7
2020-04-24 23:48:53,kovan2,18136846,18136847,-1
2020-04-24 23:50:19,kovan2,18136868,18136869,-1
2020-04-24 23:51:50,kovan2,18136889,18136890,-1
2020-04-24 23:53:13,kovan2,18136912,18136906,6
2020-04-24 23:54:43,kovan2,18136933,18136929,4
2020-04-24 23:56:07,kovan2,18136952,18136953,-1
2020-04-24 23:57:31,kovan2,18136973,18136974,-1
2020-04-24 23:58:54,kovan2,18136995,18136980,15
2020-04-25 00:00:20,kovan2,18137015,18137007,8
2020-04-25 00:01:45,kovan2,18137036,18137037,-1
2020-04-25 00:03:12,kovan2,18137057,18137058,-1
2020-04-25 00:04:34,kovan2,18137079,18137078,1
2020-04-25 00:06:00,kovan2,18137100,18137080,20
2020-04-25 00:07:22,kovan2,18137124,18137124,0
2020-04-25 00:09:01,kovan2,18137147,18137127,20
2020-04-25 00:10:32,kovan2,18137168,18137168,0
2020-04-25 00:12:01,kovan2,18137189,18137171,18
2020-04-25 00:13:23,kovan2,18137211,18137210,1
2020-04-25 00:14:47,kovan2,18137232,18137210,22
2020-04-25 00:16:13,kovan2,18137253,18137245,8
2020-04-25 00:17:40,kovan2,18137273,18137245,28
2020-04-25 00:19:03,kovan2,18137295,18137292,3
2020-04-25 00:20:29,kovan2,18137316,18137309,7
2020-04-25 00:21:53,kovan2,18137338,18137338,0
2020-04-25 00:23:20,kovan2,18137361,18137358,3
2020-04-25 00:24:51,kovan2,18137382,18137382,0
2020-04-25 00:26:17,kovan2,18137405,18137405,0
2020-04-25 00:27:47,kovan2,18137432,18137422,10
2020-04-25 00:29:37,kovan2,18137453,18137439,14
2020-04-25 00:30:59,kovan2,18137475,18137465,10
2020-04-25 00:32:33,kovan2,18137497,18137497,0
2020-04-25 00:33:57,kovan2,18137517,18137517,0
2020-04-25 00:35:21,kovan2,18137538,18137538,0
2020-04-25 00:36:45,kovan2,18137560,18137547,13
2020-04-25 00:38:12,kovan2,18137584,18137572,12
2020-04-25 00:39:48,kovan2,18137605,18137600,5
2020-04-25 00:41:13,kovan2,18137627,18137627,0
2020-04-25 00:42:44,kovan2,18137650,18137640,10
2020-04-25 00:44:14,kovan2,18137672,18137672,0
2020-04-25 00:45:40,kovan2,18137691,18137689,2
2020-04-25 00:47:03,kovan2,18137712,18137713,-1
2020-04-25 00:48:26,kovan2,18137732,18137734,-2
2020-04-25 00:49:50,kovan2,18137759,18137755,4
2020-04-25 00:51:31,kovan2,18137782,18137782,0
2020-04-25 00:53:03,kovan2,18137802,18137803,-1
2020-04-25 00:54:26,kovan2,18137823,18137806,17
2020-04-25 00:55:50,kovan2,18137846,18137846,0
2020-04-25 00:57:21,kovan2,18137867,18137853,14
2020-04-25 00:58:44,kovan2,18137888,18137869,19
2020-04-25 01:00:07,kovan2,18137907,18137908,-1
2020-04-25 01:01:30,kovan2,18137928,18137919,9
2020-04-25 01:02:52,kovan2,18137948,18137941,7
2020-04-25 01:04:15,kovan2,18137971,18137967,4
2020-04-25 01:05:44,kovan2,18137990,18137988,2
2020-04-25 01:07:08,kovan2,18138013,18137995,18
2020-04-25 01:08:35,kovan2,18138037,18138030,7
2020-04-25 01:10:12,kovan2,18138058,18138059,-1
2020-04-25 01:11:39,kovan2,18138080,18138078,2
2020-04-25 01:13:06,kovan2,18138102,18138101,1
2020-04-25 01:14:34,kovan2,18138123,18138121,2
2020-04-25 01:15:58,kovan2,18138145,18138139,6
2020-04-25 01:17:27,kovan2,18138167,18138167,0
2020-04-25 01:18:52,kovan2,18138188,18138187,1
2020-04-25 01:20:19,kovan2,18138212,18138204,8
2020-04-25 01:21:51,kovan2,18138232,18138204,28
2020-04-25 01:23:13,kovan2,18138252,18138204,48
2020-04-25 01:24:36,kovan2,18138274,18138269,5
2020-04-25 01:26:01,kovan2,18138297,18138298,-1
2020-04-25 01:27:33,kovan2,18138319,18138304,15
2020-04-25 01:28:59,kovan2,18138342,18138330,12
2020-04-25 01:30:33,kovan2,18138363,18138358,5
2020-04-25 01:31:59,kovan2,18138383,18138358,25
2020-04-25 01:33:22,kovan2,18138406,18138406,0
2020-04-25 01:34:53,kovan2,18138427,18138423,4
2020-04-25 01:36:17,kovan2,18138450,18138446,4
2020-04-25 01:37:48,kovan2,18138472,18138468,4
2020-04-25 01:39:17,kovan2,18138493,18138490,3
2020-04-25 01:40:44,kovan2,18138514,18138499,15
2020-04-25 01:42:06,kovan2,18138537,18138525,12
2020-04-25 01:43:35,kovan2,18138558,18138525,33
2020-04-25 01:45:00,kovan2,18138578,18138574,4
2020-04-25 01:46:24,kovan2,18138600,18138592,8
2020-04-25 01:47:55,kovan2,18138621,18138621,0
2020-04-25 01:49:19,kovan2,18138642,18138627,15
2020-04-25 01:50:43,kovan2,18138663,18138627,36
2020-04-25 01:52:06,kovan2,18138684,18138678,6
2020-04-25 01:53:30,kovan2,18138705,18138703,2
2020-04-25 01:54:53,kovan2,18138726,18138726,0
2020-04-25 01:56:17,kovan2,18138746,18138730,16
2020-04-25 01:57:40,kovan2,18138768,18138767,1
2020-04-25 01:59:04,kovan2,18138792,18138786,6
2020-04-25 02:00:40,kovan2,18138814,18138798,16
2020-04-25 02:02:06,kovan2,18138834,18138798,36
2020-04-25 02:03:28,kovan2,18138855,18138798,57
2020-04-25 02:04:51,kovan2,18138876,18138876,0
2020-04-25 02:06:14,kovan2,18138897,18138883,14
2020-04-25 02:07:42,kovan2,18138918,18138914,4
2020-04-25 02:09:05,kovan2,18138940,18138914,26
2020-04-25 02:10:29,kovan2,18138960,18138960,0
2020-04-25 02:11:52,kovan2,18138980,18138964,16
2020-04-25 02:13:14,kovan2,18139003,18139003,0
2020-04-25 02:14:45,kovan2,18139024,18139005,19
2020-04-25 02:16:08,kovan2,18139047,18139042,5
2020-04-25 02:17:42,kovan2,18139069,18139063,6
2020-04-25 02:19:09,kovan2,18139090,18139063,27
2020-04-25 02:20:31,kovan2,18139110,18139110,0
2020-04-25 02:21:54,kovan2,18139130,18139131,-1
2020-04-25 02:23:18,kovan2,18139151,18139143,8
2020-04-25 02:24:41,kovan2,18139172,18139171,1
2020-04-25 02:26:06,kovan2,18139195,18139187,8
2020-04-25 02:27:37,kovan2,18139216,18139198,18
2020-04-25 02:28:59,kovan2,18139237,18139236,1
2020-04-25 02:30:25,kovan2,18139257,18139247,10
2020-04-25 02:31:49,kovan2,18139279,18139277,2
2020-04-25 02:33:18,kovan2,18139303,18139296,7
2020-04-25 02:34:52,kovan2,18139324,18139296,28
2020-04-25 02:36:15,kovan2,18139346,18139346,0
2020-04-25 02:37:44,kovan2,18139367,18139360,7
2020-04-25 02:39:07,kovan2,18139388,18139360,28
2020-04-25 02:40:31,kovan2,18139408,18139409,-1
2020-04-25 02:41:55,kovan2,18139429,18139430,-1
2020-04-25 02:43:18,kovan2,18139450,18139440,10
2020-04-25 02:44:40,kovan2,18139471,18139471,0
2020-04-25 02:46:04,kovan2,18139491,18139490,1
2020-04-25 02:47:28,kovan2,18139512,18139505,7
2020-04-25 02:48:54,kovan2,18139536,18139536,0
2020-04-25 02:50:27,kovan2,18139556,18139540,16
2020-04-25 02:51:50,kovan2,18139577,18139540,37
2020-04-25 02:53:13,kovan2,18139598,18139540,58
2020-04-25 02:54:36,kovan2,18139620,18139621,-1
2020-04-25 02:56:07,kovan2,18139641,18139621,20
2020-04-25 02:57:31,kovan2,18139663,18139621,42
2020-04-25 02:58:55,kovan2,18139686,18139676,10
2020-04-25 03:00:28,kovan2,18139708,18139703,5
2020-04-25 03:01:54,kovan2,18139730,18139726,4
2020-04-25 03:03:24,kovan2,18139751,18139747,4
2020-04-25 03:04:50,kovan2,18139772,18139747,25
2020-04-25 03:06:13,kovan2,18139792,18139747,45
2020-04-25 03:07:35,kovan2,18139813,18139747,66
2020-04-25 03:08:58,kovan2,18139834,18139747,87
2020-04-25 03:10:21,kovan2,18139855,18139843,12
2020-04-25 03:11:44,kovan2,18139876,18139876,0
2020-04-25 03:13:07,kovan2,18139896,18139896,0
2020-04-25 03:14:30,kovan2,18139916,18139918,-2
2020-04-25 03:15:54,kovan2,18139941,18139940,1
2020-04-25 03:17:27,kovan2,18139962,18139949,13
2020-04-25 03:18:51,kovan2,18139982,18139983,-1
2020-04-25 03:20:15,kovan2,18140005,18139993,12
2020-04-25 03:21:46,kovan2,18140027,18140028,-1
2020-04-25 03:23:15,kovan2,18140048,18140035,13
2020-04-25 03:24:37,kovan2,18140069,18140054,15
2020-04-25 03:26:01,kovan2,18140089,18140078,11
2020-04-25 03:27:24,kovan2,18140111,18140102,9
2020-04-25 03:28:50,kovan2,18140133,18140133,0
2020-04-25 03:30:17,kovan2,18140153,18140144,9
2020-04-25 03:31:41,kovan2,18140176,18140171,5
2020-04-25 03:33:15,kovan2,18140197,18140183,14
2020-04-25 03:34:37,kovan2,18140218,18140183,35
2020-04-25 03:36:00,kovan2,18140238,18140183,55
2020-04-25 03:37:23,kovan2,18140259,18140183,76
2020-04-25 03:38:46,kovan2,18140279,18140183,96
2020-04-25 03:40:09,kovan2,18140302,18140303,-1
2020-04-25 03:41:42,kovan2,18140323,18140303,20
2020-04-25 03:43:05,kovan2,18140344,18140344,0
2020-04-25 03:44:29,kovan2,18140365,18140347,18
2020-04-25 03:45:54,kovan2,18140386,18140387,-1
2020-04-25 03:47:18,kovan2,18140411,18140407,4
2020-04-25 03:48:57,kovan2,18140432,18140432,0
2020-04-25 03:50:19,kovan2,18140452,18140453,-1
2020-04-25 03:51:42,kovan2,18140473,18140474,-1
2020-04-25 03:53:06,kovan2,18140494,18140495,-1
2020-04-25 03:54:29,kovan2,18140515,18140509,6
2020-04-25 03:55:53,kovan2,18140537,18140528,9
2020-04-25 03:57:20,kovan2,18140557,18140528,29
2020-04-25 03:58:44,kovan2,18140578,18140579,-1
2020-04-25 04:00:07,kovan2,18140601,18140596,5
2020-04-25 04:01:43,kovan2,18140624,18140624,0
2020-04-25 04:03:11,kovan2,18140645,18140634,11
2020-04-25 04:04:34,kovan2,18140665,18140666,-1
2020-04-25 04:05:58,kovan2,18140687,18140677,10
2020-04-25 04:07:23,kovan2,18140708,18140708,0
2020-04-25 04:08:48,kovan2,18140729,18140711,18
2020-04-25 04:10:12,kovan2,18140750,18140750,0
2020-04-25 04:11:35,kovan2,18140770,18140770,0
2020-04-25 04:12:59,kovan2,18140791,18140792,-1
2020-04-25 04:14:22,kovan2,18140814,18140809,5
2020-04-25 04:15:53,kovan2,18140835,18140834,1
2020-04-25 04:17:21,kovan2,18140855,18140838,17
2020-04-25 04:18:43,kovan2,18140876,18140877,-1
2020-04-25 04:20:07,kovan2,18140900,18140896,4
2020-04-25 04:21:42,kovan2,18140924,18140921,3
2020-04-25 04:23:16,kovan2,18140945,18140921,24
2020-04-25 04:24:39,kovan2,18140965,18140951,14
2020-04-25 04:26:03,kovan2,18140986,18140977,9
2020-04-25 04:27:26,kovan2,18141007,18140977,30
2020-04-25 04:28:49,kovan2,18141028,18141028,0
2020-04-25 04:30:12,kovan2,18141047,18141040,7
2020-04-25 04:31:36,kovan2,18141069,18141061,8
2020-04-25 04:33:02,kovan2,18141090,18141090,0
2020-04-25 04:34:26,kovan2,18141112,18141090,22
2020-04-25 04:35:53,kovan2,18141136,18141090,46
2020-04-25 04:37:29,kovan2,18141158,18141090,68
2020-04-25 04:38:58,kovan2,18141181,18141170,11
2020-04-25 04:40:30,kovan2,18141202,18141200,2
2020-04-25 04:41:54,kovan2,18141223,18141200,23
2020-04-25 04:43:18,kovan2,18141245,18141246,-1
2020-04-25 04:44:46,kovan2,18141269,18141265,4
2020-04-25 04:46:17,kovan2,18141289,18141290,-1
2020-04-25 04:47:42,kovan2,18141310,18141311,-1
2020-04-25 04:49:06,kovan2,18141332,18141332,0
2020-04-25 04:50:30,kovan2,18141352,18141354,-2
2020-04-25 04:51:58,kovan2,18141375,18141374,1
2020-04-25 04:53:25,kovan2,18141404,18141395,9
2020-04-25 04:55:20,kovan2,18141438,18141395,43
2020-04-25 04:57:36,kovan2,18141460,18141395,65
2020-04-25 04:59:04,kovan2,18141481,18141395,86
2020-04-25 05:00:29,kovan2,18141501,18141492,9
2020-04-25 05:01:51,kovan2,18141521,18141522,-1
2020-04-25 05:03:14,kovan2,18141544,18141528,16
2020-04-25 05:04:44,kovan2,18141570,18141558,12
2020-04-25 05:06:28,kovan2,18141594,18141594,0
2020-04-25 05:08:05,kovan2,18141616,18141614,2
2020-04-25 05:09:32,kovan2,18141646,18141614,32
2020-04-25 05:11:32,kovan2,18141666,18141614,52
2020-04-25 05:12:55,kovan2,18141689,18141614,75
2020-04-25 05:14:23,kovan2,18141709,18141699,10
2020-04-25 05:15:47,kovan2,18141731,18141699,32
2020-04-25 05:17:11,kovan2,18141767,18141699,68
2020-04-25 05:19:37,kovan2,18141788,18141789,-1
2020-04-25 05:21:02,kovan2,18141817,18141793,24
2020-04-25 05:22:56,kovan2,18141839,18141793,46
2020-04-25 05:24:24,kovan2,18141860,18141860,0
2020-04-25 05:25:49,kovan2,18141883,18141876,7
2020-04-25 05:27:25,kovan2,18141904,18141895,9
2020-04-25 05:28:47,kovan2,18141928,18141928,0
2020-04-25 05:30:21,kovan2,18141955,18141937,18
2020-04-25 05:32:14,kovan2,18141976,18141963,13
2020-04-25 05:33:38,kovan2,18141996,18141996,0
2020-04-25 05:35:01,kovan2,18142017,18142017,0
2020-04-25 05:36:25,kovan2,18142040,18142035,5
2020-04-25 05:37:56,kovan2,18142061,18142035,26
2020-04-25 05:39:21,kovan2,18142082,18142070,12
2020-04-25 05:40:46,kovan2,18142104,18142104,0
2020-04-25 05:42:10,kovan2,18142129,18142116,13
2020-04-25 05:43:53,kovan2,18142150,18142147,3
2020-04-25 05:45:15,kovan2,18142172,18142173,-1
2020-04-25 05:46:47,kovan2,18142195,18142196,-1
2020-04-25 05:48:19,kovan2,18142217,18142218,-1
2020-04-25 05:49:46,kovan2,18142242,18142224,18
2020-04-25 05:51:22,kovan2,18142262,18142258,4
2020-04-25 05:52:47,kovan2,18142283,18142284,-1
2020-04-25 05:54:09,kovan2,18142304,18142303,1
2020-04-25 05:55:34,kovan2,18142325,18142326,-1
2020-04-25 05:56:57,kovan2,18142346,18142346,0
2020-04-25 05:58:20,kovan2,18142365,18142366,-1
2020-04-25 05:59:44,kovan2,18142386,18142387,-1
2020-04-25 06:01:06,kovan2,18142406,18142407,-1
2020-04-25 06:02:29,kovan2,18142428,18142428,0
2020-04-25 06:03:51,kovan2,18142452,18142452,0
2020-04-25 06:05:27,kovan2,18142473,18142473,0
2020-04-25 06:06:55,kovan2,18142494,18142490,4
2020-04-25 06:08:17,kovan2,18142515,18142515,0
2020-04-25 06:09:40,kovan2,18142539,18142540,-1
2020-04-25 06:11:18,kovan2,18142560,18142545,15
2020-04-25 06:12:42,kovan2,18142581,18142579,2
2020-04-25 06:14:05,kovan2,18142600,18142599,1
2020-04-25 06:15:29,kovan2,18142622,18142620,2
2020-04-25 06:16:54,kovan2,18142642,18142643,-1
2020-04-25 06:18:20,kovan2,18142664,18142660,4
2020-04-25 06:19:46,kovan2,18142686,18142675,11
2020-04-25 06:21:10,kovan2,18142708,18142708,0
2020-04-25 06:22:40,kovan2,18142729,18142729,0
2020-04-25 06:24:03,kovan2,18142748,18142745,3
2020-04-25 06:25:25,kovan2,18142770,18142770,0
2020-04-25 06:26:48,kovan2,18142791,18142791,0
2020-04-25 06:28:11,kovan2,18142811,18142812,-1
2020-04-25 06:29:34,kovan2,18142832,18142833,-1
2020-04-25 06:30:58,kovan2,18142852,18142852,0
2020-04-25 06:32:20,kovan2,18142873,18142873,0
2020-04-25 06:33:43,kovan2,18142895,18142895,0
2020-04-25 06:35:10,kovan2,18142916,18142917,-1
2020-04-25 06:36:38,kovan2,18142937,18142938,-1
2020-04-25 06:38:02,kovan2,18142958,18142958,0
2020-04-25 06:39:24,kovan2,18142979,18142968,11
2020-04-25 06:40:49,kovan2,18143000,18143000,0
2020-04-25 06:42:12,kovan2,18143021,18143021,0
2020-04-25 06:43:34,kovan2,18143041,18143041,0
2020-04-25 06:44:56,kovan2,18143061,18143062,-1
2020-04-25 06:46:19,kovan2,18143083,18143083,0
2020-04-25 06:47:46,kovan2,18143104,18143102,2
2020-04-25 06:49:09,kovan2,18143125,18143102,23
2020-04-25 06:50:33,kovan2,18143146,18143134,12
2020-04-25 06:51:56,kovan2,18143167,18143167,0
2020-04-25 06:53:18,kovan2,18143189,18143188,1
2020-04-25 06:54:50,kovan2,18143210,18143211,-1
2020-04-25 06:56:14,kovan2,18143231,18143232,-1
2020-04-25 06:57:39,kovan2,18143252,18143252,0
2020-04-25 06:59:01,kovan2,18143274,18143274,0
2020-04-25 07:00:29,kovan2,18143294,18143294,0
2020-04-25 07:01:53,kovan2,18143315,18143315,0
2020-04-25 07:03:16,kovan2,18143336,18143336,0
2020-04-25 07:04:38,kovan2,18143356,18143357,-1
2020-04-25 07:06:03,kovan2,18143377,18143378,-1
2020-04-25 07:07:26,kovan2,18143398,18143398,0
2020-04-25 07:08:48,kovan2,18143419,18143417,2
2020-04-25 07:10:12,kovan2,18143440,18143440,0
2020-04-25 07:11:38,kovan2,18143459,18143460,-1
2020-04-25 07:13:02,kovan2,18143480,18143477,3
2020-04-25 07:14:26,kovan2,18143501,18143502,-1
2020-04-25 07:15:50,kovan2,18143522,18143522,0
2020-04-25 07:17:12,kovan2,18143542,18143543,-1
2020-04-25 07:18:34,kovan2,18143563,18143564,-1
2020-04-25 07:19:58,kovan2,18143584,18143582,2
2020-04-25 07:21:21,kovan2,18143606,18143606,0
2020-04-25 07:22:46,kovan2,18143625,18143626,-1
2020-04-25 07:24:08,kovan2,18143646,18143636,10
2020-04-25 07:25:30,kovan2,18143668,18143662,6
2020-04-25 07:26:58,kovan2,18143690,18143685,5
2020-04-25 07:28:25,kovan2,18143710,18143711,-1
2020-04-25 07:29:47,kovan2,18143731,18143732,-1
2020-04-25 07:31:11,kovan2,18143752,18143745,7
2020-04-25 07:32:35,kovan2,18143773,18143773,0
2020-04-25 07:33:59,kovan2,18143793,18143794,-1
2020-04-25 07:35:22,kovan2,18143814,18143814,0
2020-04-25 07:36:45,kovan2,18143834,18143835,-1
2020-04-25 07:38:07,kovan2,18143855,18143856,-1
2020-04-25 07:39:31,kovan2,18143876,18143877,-1
2020-04-25 07:40:53,kovan2,18143896,18143897,-1
2020-04-25 07:42:16,kovan2,18143918,18143918,0
2020-04-25 07:43:39,kovan2,18143938,18143939,-1
2020-04-25 07:45:01,kovan2,18143962,18143961,1
2020-04-25 07:46:34,kovan2,18143982,18143982,0
2020-04-25 07:47:56,kovan2,18144003,18144003,0
2020-04-25 07:49:19,kovan2,18144023,18144023,0
2020-04-25 07:50:41,kovan2,18144044,18144044,0
2020-04-25 07:52:04,kovan2,18144066,18144067,-1
2020-04-25 07:53:33,kovan2,18144087,18144087,0
2020-04-25 07:54:55,kovan2,18144108,18144108,0
2020-04-25 07:56:20,kovan2,18144129,18144127,2
2020-04-25 07:57:46,kovan2,18144151,18144151,0
2020-04-25 07:59:11,kovan2,18144171,18144172,-1
2020-04-25 08:00:33,kovan2,18144192,18144192,0
2020-04-25 08:01:55,kovan2,18144213,18144213,0
2020-04-25 08:03:18,kovan2,18144234,18144234,0
2020-04-25 08:04:42,kovan2,18144254,18144254,0
2020-04-25 08:06:06,kovan2,18144277,18144278,-1
2020-04-25 08:07:38,kovan2,18144299,18144289,10
2020-04-25 08:09:06,kovan2,18144321,18144312,9
2020-04-25 08:10:34,kovan2,18144342,18144339,3
2020-04-25 08:11:57,kovan2,18144363,18144363,0
2020-04-25 08:13:20,kovan2,18144385,18144385,0
2020-04-25 08:14:46,kovan2,18144408,18144393,15
2020-04-25 08:16:22,kovan2,18144429,18144430,-1
2020-04-25 08:17:46,kovan2,18144450,18144451,-1
2020-04-25 08:19:10,kovan2,18144469,18144471,-2
2020-04-25 08:20:33,kovan2,18144495,18144487,8
2020-04-25 08:22:12,kovan2,18144515,18144487,28
2020-04-25 08:23:35,kovan2,18144538,18144537,1
2020-04-25 08:25:06,kovan2,18144559,18144559,0
2020-04-25 08:26:28,kovan2,18144580,18144579,1
2020-04-25 08:27:51,kovan2,18144600,18144601,-1
2020-04-25 08:29:16,kovan2,18144624,18144624,0
2020-04-25 08:30:47,kovan2,18144643,18144641,2
2020-04-25 08:32:12,kovan2,18144665,18144665,0
2020-04-25 08:33:35,kovan2,18144692,18144687,5
2020-04-25 08:35:24,kovan2,18144713,18144712,1
2020-04-25 08:36:47,kovan2,18144736,18144736,0
2020-04-25 08:38:21,kovan2,18144756,18144753,3
2020-04-25 08:39:44,kovan2,18144777,18144778,-1
2020-04-25 08:41:06,kovan2,18144799,18144799,0
2020-04-25 08:42:31,kovan2,18144819,18144817,2
2020-04-25 08:43:53,kovan2,18144840,18144840,0
2020-04-25 08:45:15,kovan2,18144864,18144864,0
2020-04-25 08:46:52,kovan2,18144884,18144884,0
2020-04-25 08:48:14,kovan2,18144908,18144906,2
2020-04-25 08:49:51,kovan2,18144930,18144930,0
2020-04-25 08:51:15,kovan2,18144951,18144951,0
2020-04-25 08:52:41,kovan2,18144971,18144972,-1
2020-04-25 08:54:04,kovan2,18144993,18144993,0
2020-04-25 08:55:27,kovan2,18145013,18145014,-1
2020-04-25 08:56:51,kovan2,18145034,18145035,-1
2020-04-25 08:58:14,kovan2,18145057,18145057,0
2020-04-25 08:59:42,kovan2,18145077,18145066,11
2020-04-25 09:01:06,kovan2,18145098,18145087,11
2020-04-25 09:02:30,kovan2,18145119,18145120,-1
2020-04-25 09:03:54,kovan2,18145141,18145139,2
2020-04-25 09:05:20,kovan2,18145164,18145164,0
2020-04-25 09:06:51,kovan2,18145185,18145168,17
2020-04-25 09:08:16,kovan2,18145205,18145206,-1
2020-04-25 09:09:38,kovan2,18145227,18145227,0
2020-04-25 09:11:05,kovan2,18145256,18145246,10
2020-04-25 09:13:01,kovan2,18145276,18145277,-1
2020-04-25 09:14:25,kovan2,18145300,18145301,-1
2020-04-25 09:15:58,kovan2,18145322,18145321,1
2020-04-25 09:17:26,kovan2,18145343,18145343,0
2020-04-25 09:18:48,kovan2,18145366,18145367,-1
2020-04-25 09:20:22,kovan2,18145388,18145388,0
2020-04-25 09:21:47,kovan2,18145407,18145399,8
2020-04-25 09:23:11,kovan2,18145429,18145429,0
2020-04-25 09:24:36,kovan2,18145449,18145450,-1
2020-04-25 09:25:58,kovan2,18145472,18145471,1
2020-04-25 09:27:28,kovan2,18145495,18145496,-1
2020-04-25 09:29:02,kovan2,18145516,18145501,15
2020-04-25 09:30:26,kovan2,18145536,18145537,-1
2020-04-25 09:31:50,kovan2,18145557,18145540,17
2020-04-25 09:33:13,kovan2,18145579,18145575,4
2020-04-25 09:34:42,kovan2,18145600,18145575,25
2020-04-25 09:36:05,kovan2,18145621,18145608,13
2020-04-25 09:37:27,kovan2,18145641,18145608,33
2020-04-25 09:38:49,kovan2,18145661,18145608,53
2020-04-25 09:40:11,kovan2,18145682,18145669,13
2020-04-25 09:41:34,kovan2,18145703,18145703,0
2020-04-25 09:42:56,kovan2,18145726,18145719,7
2020-04-25 09:44:27,kovan2,18145747,18145741,6
2020-04-25 09:45:50,kovan2,18145767,18145768,-1
2020-04-25 09:47:15,kovan2,18145790,18145788,2
2020-04-25 09:48:45,kovan2,18145811,18145810,1
2020-04-25 09:50:10,kovan2,18145833,18145817,16
2020-04-25 09:51:37,kovan2,18145854,18145853,1
2020-04-25 09:53:03,kovan2,18145877,18145870,7
2020-04-25 09:54:32,kovan2,18145897,18145896,1
2020-04-25 09:55:55,kovan2,18145919,18145919,0
2020-04-25 09:57:21,kovan2,18145940,18145940,0
2020-04-25 09:58:44,kovan2,18145960,18145961,-1
2020-04-25 10:00:06,kovan2,18145981,18145977,4
2020-04-25 10:01:31,kovan2,18146004,18146004,0
2020-04-25 10:03:03,kovan2,18146025,18146024,1
2020-04-25 10:04:31,kovan2,18146046,18146047,-1
2020-04-25 10:05:54,kovan2,18146067,18146068,-1
2020-04-25 10:07:17,kovan2,18146088,18146088,0
2020-04-25 10:08:40,kovan2,18146109,18146110,-1
2020-04-25 10:10:07,kovan2,18146132,18146131,1
2020-04-25 10:11:35,kovan2,18146152,18146153,-1
2020-04-25 10:12:58,kovan2,18146173,18146173,0
2020-04-25 10:14:21,kovan2,18146195,18146195,0
2020-04-25 10:15:50,kovan2,18146218,18146218,0
2020-04-25 10:17:21,kovan2,18146241,18146240,1
2020-04-25 10:18:51,kovan2,18146264,18146264,0
2020-04-25 10:20:27,kovan2,18146285,18146286,-1
2020-04-25 10:21:49,kovan2,18146306,18146303,3
2020-04-25 10:23:13,kovan2,18146330,18146329,1
2020-04-25 10:24:47,kovan2,18146350,18146351,-1
2020-04-25 10:26:10,kovan2,18146371,18146359,12
2020-04-25 10:27:32,kovan2,18146391,18146359,32
2020-04-25 10:28:55,kovan2,18146413,18146414,-1
2020-04-25 10:30:23,kovan2,18146436,18146423,13
2020-04-25 10:31:56,kovan2,18146457,18146457,0
2020-04-25 10:33:19,kovan2,18146476,18146476,0
2020-04-25 10:34:41,kovan2,18146505,18146497,8
2020-04-25 10:36:35,kovan2,18146526,18146522,4
2020-04-25 10:38:02,kovan2,18146547,18146547,0
2020-04-25 10:39:25,kovan2,18146569,18146569,0
2020-04-25 10:40:52,kovan2,18146590,18146590,0
2020-04-25 10:42:16,kovan2,18146610,18146611,-1
2020-04-25 10:43:39,kovan2,18146631,18146632,-1
2020-04-25 10:45:02,kovan2,18146652,18146652,0
2020-04-25 10:46:25,kovan2,18146673,18146673,0
2020-04-25 10:47:47,kovan2,18146694,18146681,13
2020-04-25 10:49:10,kovan2,18146715,18146715,0
2020-04-25 10:50:37,kovan2,18146736,18146721,15
2020-04-25 10:52:00,kovan2,18146759,18146760,-1
2020-04-25 10:53:35,kovan2,18146782,18146779,3
2020-04-25 10:55:05,kovan2,18146803,18146803,0
2020-04-25 10:56:28,kovan2,18146825,18146822,3
2020-04-25 10:57:58,kovan2,18146848,18146848,0
2020-04-25 10:59:28,kovan2,18146869,18146869,0
2020-04-25 11:00:52,kovan2,18146889,18146889,0
2020-04-25 11:02:14,kovan2,18146909,18146901,8
2020-04-25 11:03:37,kovan2,18146930,18146930,0
2020-04-25 11:05:00,kovan2,18146949,18146937,12
2020-04-25 11:06:22,kovan2,18146966,18146966,0
2020-04-25 11:07:47,kovan2,18146983,18146979,4
2020-04-25 11:09:12,kovan2,18147000,18146979,21
2020-04-25 11:10:36,kovan2,18147017,18147018,-1
2020-04-25 11:12:03,kovan2,18147035,18147035,0
2020-04-25 11:13:30,kovan2,18147051,18147041,10
2020-04-25 11:14:53,kovan2,18147068,18147062,6
2020-04-25 11:16:16,kovan2,18147085,18147085,0
2020-04-25 11:17:40,kovan2,18147102,18147102,0
2020-04-25 11:19:05,kovan2,18147118,18147119,-1
2020-04-25 11:20:31,kovan2,18147136,18147136,0
2020-04-25 11:21:56,kovan2,18147153,18147153,0
2020-04-25 11:23:20,kovan2,18147171,18147171,0
2020-04-25 11:24:51,kovan2,18147188,18147188,0
2020-04-25 11:26:18,kovan2,18147206,18147205,1
2020-04-25 11:27:48,kovan2,18147223,18147206,17
2020-04-25 11:29:13,kovan2,18147242,18147242,0
2020-04-25 11:30:43,kovan2,18147258,18147258,0
2020-04-25 11:32:05,kovan2,18147274,18147258,16
2020-04-25 11:33:28,kovan2,18147291,18147258,33
2020-04-25 11:34:50,kovan2,18147307,18147308,-1
2020-04-25 11:36:13,kovan2,18147324,18147324,0
2020-04-25 11:37:36,kovan2,18147340,18147341,-1
2020-04-25 11:38:58,kovan2,18147357,18147357,0
2020-04-25 11:40:21,kovan2,18147374,18147373,1
2020-04-25 11:41:44,kovan2,18147390,18147390,0
2020-04-25 11:43:08,kovan2,18147407,18147407,0
2020-04-25 11:44:31,kovan2,18147424,18147423,1
2020-04-25 11:45:59,kovan2,18147443,18147443,0
2020-04-25 11:47:32,kovan2,18147461,18147461,0
2020-04-25 11:49:00,kovan2,18147478,18147479,-1
2020-04-25 11:50:31,kovan2,18147496,18147494,2
2020-04-25 11:51:55,kovan2,18147514,18147513,1
2020-04-25 11:53:26,kovan2,18147531,18147531,0
2020-04-25 11:54:56,kovan2,18147548,18147549,-1
2020-04-25 11:56:19,kovan2,18147565,18147565,0
2020-04-25 11:57:41,kovan2,18147582,18147581,1
2020-04-25 11:59:04,kovan2,18147598,18147599,-1
2020-04-25 12:00:30,kovan2,18147616,18147616,0
2020-04-25 12:02:00,kovan2,18147633,18147633,0
2020-04-25 12:03:24,kovan2,18147649,18147647,2
2020-04-25 12:04:50,kovan2,18147671,18147668,3
2020-04-25 12:06:36,kovan2,18147688,18147689,-1
2020-04-25 12:08:03,kovan2,18147705,18147705,0
2020-04-25 12:09:26,kovan2,18147724,18147722,2
2020-04-25 12:10:59,kovan2,18147741,18147740,1
2020-04-25 12:12:28,kovan2,18147760,18147760,0
2020-04-25 12:14:00,kovan2,18147777,18147776,1
2020-04-25 12:15:24,kovan2,18147796,18147788,8
2020-04-25 12:17:00,kovan2,18147813,18147813,0
2020-04-25 12:18:28,kovan2,18147829,18147824,5
2020-04-25 12:19:50,kovan2,18147846,18147846,0
2020-04-25 12:21:12,kovan2,18147864,18147856,8
2020-04-25 12:22:40,kovan2,18147880,18147879,1
2020-04-25 12:24:02,kovan2,18147897,18147897,0
2020-04-25 12:25:27,kovan2,18147913,18147914,-1
2020-04-25 12:26:49,kovan2,18147930,18147930,0
2020-04-25 12:28:12,kovan2,18147947,18147947,0
2020-04-25 12:29:35,kovan2,18147964,18147962,2
2020-04-25 12:31:05,kovan2,18147981,18147981,0
2020-04-25 12:32:27,kovan2,18147997,18147998,-1
2020-04-25 12:33:49,kovan2,18148014,18148014,0
2020-04-25 12:35:12,kovan2,18148030,18148022,8
2020-04-25 12:36:34,kovan2,18148050,18148047,3
2020-04-25 12:38:11,kovan2,18148066,18148067,-1
2020-04-25 12:39:33,kovan2,18148083,18148083,0
2020-04-25 12:40:57,kovan2,18148099,18148100,-1
2020-04-25 12:42:19,kovan2,18148116,18148117,-1
2020-04-25 12:43:41,kovan2,18148133,18148134,-1
2020-04-25 12:45:10,kovan2,18148150,18148134,16
2020-04-25 12:46:33,kovan2,18148166,18148161,5
2020-04-25 12:47:55,kovan2,18148185,18148182,3
2020-04-25 12:49:25,kovan2,18148202,18148203,-1
2020-04-25 12:50:56,kovan2,18148220,18148220,0
2020-04-25 12:52:18,kovan2,18148236,18148235,1
2020-04-25 12:53:42,kovan2,18148256,18148248,8
2020-04-25 12:55:17,kovan2,18148272,18148260,12
2020-04-25 12:56:39,kovan2,18148289,18148290,-1
2020-04-25 12:58:10,kovan2,18148306,18148307,-1
2020-04-25 12:59:33,kovan2,18148326,18148326,0
2020-04-25 13:01:12,kovan2,18148345,18148345,0
2020-04-25 13:02:50,kovan2,18148365,18148365,0
2020-04-25 13:04:25,kovan2,18148381,18148381,0
2020-04-25 13:05:47,kovan2,18148397,18148383,14
2020-04-25 13:07:09,kovan2,18148414,18148415,-1
2020-04-25 13:08:34,kovan2,18148433,18148431,2
2020-04-25 13:10:02,kovan2,18148449,18148435,14
2020-04-25 13:11:25,kovan2,18148467,18148467,0
2020-04-25 13:12:55,kovan2,18148483,18148475,8
2020-04-25 13:14:18,kovan2,18148500,18148501,-1
2020-04-25 13:15:42,kovan2,18148517,18148517,0
2020-04-25 13:17:05,kovan2,18148533,18148532,1
2020-04-25 13:18:28,kovan2,18148550,18148543,7
2020-04-25 13:19:53,kovan2,18148567,18148567,0
2020-04-25 13:21:16,kovan2,18148583,18148576,7
2020-04-25 13:22:39,kovan2,18148601,18148600,1
2020-04-25 13:24:09,kovan2,18148618,18148618,0
2020-04-25 13:25:32,kovan2,18148637,18148637,0
2020-04-25 13:27:03,kovan2,18148653,18148650,3
2020-04-25 13:28:28,kovan2,18148670,18148670,0
2020-04-25 13:29:52,kovan2,18148689,18148673,16
2020-04-25 13:31:24,kovan2,18148707,18148700,7
2020-04-25 13:32:56,kovan2,18148727,18148711,16
2020-04-25 13:34:36,kovan2,18148744,18148737,7
2020-04-25 13:36:02,kovan2,18148761,18148761,0
2020-04-25 13:37:25,kovan2,18148780,18148773,7
2020-04-25 13:38:59,kovan2,18148797,18148795,2
2020-04-25 13:40:24,kovan2,18148816,18148811,5
2020-04-25 13:42:00,kovan2,18148835,18148830,5
2020-04-25 13:43:35,kovan2,18148851,18148830,21
2020-04-25 13:44:57,kovan2,18148867,18148854,13
2020-04-25 13:46:19,kovan2,18148885,18148879,6
2020-04-25 13:47:45,kovan2,18148901,18148895,6
2020-04-25 13:49:08,kovan2,18148917,18148916,1
2020-04-25 13:50:31,kovan2,18148935,18148916,19
2020-04-25 13:51:55,kovan2,18148952,18148939,13
2020-04-25 13:53:19,kovan2,18148969,18148939,30
2020-04-25 13:54:42,kovan2,18148989,18148981,8
2020-04-25 13:56:29,kovan2,18149006,18148981,25
2020-04-25 13:57:53,kovan2,18149023,18149012,11
2020-04-25 13:59:15,kovan2,18149040,18149012,28
2020-04-25 14:00:38,kovan2,18149055,18149055,0
2020-04-25 14:02:01,kovan2,18149072,18149063,9
2020-04-25 14:03:25,kovan2,18149089,18149076,13
2020-04-25 14:04:52,kovan2,18149107,18149095,12
2020-04-25 14:06:18,kovan2,18149127,18149112,15
2020-04-25 14:08:00,kovan2,18149146,18149146,0
2020-04-25 14:09:36,kovan2,18149168,18149158,10
2020-04-25 14:11:27,kovan2,18149184,18149172,12
2020-04-25 14:12:49,kovan2,18149205,18149196,9
2020-04-25 14:14:34,kovan2,18149222,18149213,9
2020-04-25 14:15:56,kovan2,18149240,18149238,2
2020-04-25 14:17:30,kovan2,18149257,18149238,19
2020-04-25 14:18:52,kovan2,18149273,18149264,9
2020-04-25 14:20:14,kovan2,18149290,18149279,11
2020-04-25 14:21:38,kovan2,18149308,18149298,10
2020-04-25 14:23:09,kovan2,18149325,18149318,7
2020-04-25 14:24:34,kovan2,18149343,18149341,2
2020-04-25 14:25:58,kovan2,18149359,18149357,2
2020-04-25 14:27:21,kovan2,18149376,18149357,19
2020-04-25 14:28:45,kovan2,18149392,18149357,35
2020-04-25 14:30:08,kovan2,18149412,18149408,4
2020-04-25 14:31:47,kovan2,18149428,18149408,20
2020-04-25 14:33:09,kovan2,18149445,18149408,37
2020-04-25 14:34:31,kovan2,18149465,18149408,57
2020-04-25 14:35:53,kovan2,18149486,18149408,78
2020-04-25 14:37:17,kovan2,18149508,18149408,100
2020-04-25 14:38:44,kovan2,18149529,18149408,121
2020-04-25 14:40:08,kovan2,18149550,18149550,0
2020-04-25 14:41:32,kovan2,18149572,18149572,0
2020-04-25 14:43:01,kovan2,18149592,18149581,11
2020-04-25 14:44:23,kovan2,18149613,18149614,-1
2020-04-25 14:45:48,kovan2,18149635,18149634,1
2020-04-25 14:47:12,kovan2,18149656,18149634,22
2020-04-25 14:48:35,kovan2,18149676,18149667,9
2020-04-25 14:49:58,kovan2,18149697,18149687,10
2020-04-25 14:51:21,kovan2,18149718,18149687,31
2020-04-25 14:52:43,kovan2,18149740,18149724,16
2020-04-25 14:54:10,kovan2,18149760,18149754,6
2020-04-25 14:55:32,kovan2,18149781,18149754,27
2020-04-25 14:56:54,kovan2,18149801,18149754,47
2020-04-25 14:58:16,kovan2,18149822,18149754,68
2020-04-25 14:59:39,kovan2,18149842,18149754,88
2020-04-25 15:01:01,kovan2,18149866,18149858,8
2020-04-25 15:02:37,kovan2,18149887,18149858,29
2020-04-25 15:04:01,kovan2,18149907,18149858,49
2020-04-25 15:05:23,kovan2,18149928,18149858,70
2020-04-25 15:06:44,kovan2,18149949,18149858,91
2020-04-25 15:08:08,kovan2,18149970,18149858,112
2020-04-25 15:09:31,kovan2,18149991,18149858,133
2020-04-25 15:10:53,kovan2,18150011,18149858,153
2020-04-25 15:12:15,kovan2,18150035,18150033,2
2020-04-25 15:13:52,kovan2,18150055,18150033,22
2020-04-25 15:15:15,kovan2,18150075,18150033,42
2020-04-25 15:16:37,kovan2,18150097,18150033,64
2020-04-25 15:18:01,kovan2,18150122,18150112,10
2020-04-25 15:19:42,kovan2,18150145,18150138,7
2020-04-25 15:21:15,kovan2,18150169,18150159,10
2020-04-25 15:22:47,kovan2,18150189,18150188,1
2020-04-25 15:24:10,kovan2,18150211,18150188,23
2020-04-25 15:25:40,kovan2,18150232,18150224,8
2020-04-25 15:27:03,kovan2,18150256,18150250,6
2020-04-25 15:28:42,kovan2,18150278,18150273,5
2020-04-25 15:30:05,kovan2,18150298,18150295,3
2020-04-25 15:31:29,kovan2,18150321,18150319,2
2020-04-25 15:32:58,kovan2,18150343,18150319,24
2020-04-25 15:34:23,kovan2,18150364,18150353,11
2020-04-25 15:35:47,kovan2,18150385,18150386,-1
2020-04-25 15:37:14,kovan2,18150406,18150387,19
2020-04-25 15:38:36,kovan2,18150427,18150413,14
2020-04-25 15:39:59,kovan2,18150447,18150413,34
2020-04-25 15:41:23,kovan2,18150471,18150465,6
2020-04-25 15:42:58,kovan2,18150492,18150488,4
2020-04-25 15:44:21,kovan2,18150512,18150488,24
2020-04-25 15:45:43,kovan2,18150534,18150525,9
2020-04-25 15:47:07,kovan2,18150556,18150533,23
2020-04-25 15:48:34,kovan2,18150576,18150567,9
2020-04-25 15:49:58,kovan2,18150597,18150598,-1
2020-04-25 15:51:24,kovan2,18150620,18150604,16
2020-04-25 15:52:54,kovan2,18150641,18150637,4
2020-04-25 15:54:20,kovan2,18150664,18150661,3
2020-04-25 15:55:51,kovan2,18150686,18150661,25
2020-04-25 15:57:16,kovan2,18150706,18150707,-1
2020-04-25 15:58:38,kovan2,18150732,18150730,2
2020-04-25 16:00:20,kovan2,18150752,18150730,22
2020-04-25 16:01:44,kovan2,18150774,18150730,44
2020-04-25 16:03:08,kovan2,18150795,18150730,65
2020-04-25 16:04:31,kovan2,18150815,18150730,85
2020-04-25 16:05:53,kovan2,18150836,18150730,106
2020-04-25 16:07:17,kovan2,18150856,18150730,126
2020-04-25 16:08:40,kovan2,18150877,18150730,147
2020-04-25 16:10:03,kovan2,18150898,18150730,168
2020-04-25 16:11:25,kovan2,18150920,18150915,5
2020-04-25 16:12:51,kovan2,18150941,18150934,7
2020-04-25 16:14:15,kovan2,18150961,18150934,27
2020-04-25 16:15:39,kovan2,18150982,18150979,3
2020-04-25 16:17:02,kovan2,18151005,18150993,12
2020-04-25 16:18:31,kovan2,18151025,18151000,25
2020-04-25 16:19:54,kovan2,18151047,18151042,5
2020-04-25 16:21:30,kovan2,18151071,18151069,2
2020-04-25 16:23:07,kovan2,18151099,18151092,7
2020-04-25 16:24:56,kovan2,18151122,18151108,14
2020-04-25 16:26:29,kovan2,18151144,18151134,10
2020-04-25 16:27:56,kovan2,18151164,18151165,-1
2020-04-25 16:29:23,kovan2,18151187,18151171,16
2020-04-25 16:30:54,kovan2,18151208,18151171,37
2020-04-25 16:32:18,kovan2,18151229,18151221,8
2020-04-25 16:33:40,kovan2,18151250,18151221,29
2020-04-25 16:35:04,kovan2,18151271,18151266,5
2020-04-25 16:36:29,kovan2,18151290,18151289,1
2020-04-25 16:37:52,kovan2,18151311,18151306,5
2020-04-25 16:39:14,kovan2,18151332,18151332,0
2020-04-25 16:40:36,kovan2,18151354,18151341,13
2020-04-25 16:42:07,kovan2,18151375,18151341,34
2020-04-25 16:43:29,kovan2,18151396,18151341,55
2020-04-25 16:44:53,kovan2,18151416,18151341,75
2020-04-25 16:46:16,kovan2,18151437,18151341,96
2020-04-25 16:47:38,kovan2,18151458,18151341,117
2020-04-25 16:49:02,kovan2,18151481,18151481,0
2020-04-25 16:50:34,kovan2,18151506,18151481,25
2020-04-25 16:52:13,kovan2,18151527,18151510,17
2020-04-25 16:53:40,kovan2,18151548,18151545,3
2020-04-25 16:55:02,kovan2,18151570,18151545,25
2020-04-25 16:56:32,kovan2,18151591,18151545,46
2020-04-25 16:57:54,kovan2,18151612,18151545,67
2020-04-25 16:59:18,kovan2,18151633,18151545,88
2020-04-25 17:00:41,kovan2,18151656,18151650,6
2020-04-25 17:02:13,kovan2,18151677,18151677,0
2020-04-25 17:03:42,kovan2,18151698,18151677,21
2020-04-25 17:05:05,kovan2,18151721,18151715,6
2020-04-25 17:06:39,kovan2,18151745,18151729,16
2020-04-25 17:08:12,kovan2,18151766,18151729,37
2020-04-25 17:09:36,kovan2,18151787,18151729,58
2020-04-25 17:10:58,kovan2,18151807,18151729,78
2020-04-25 17:12:21,kovan2,18151827,18151729,98
2020-04-25 17:13:43,kovan2,18151848,18151849,-1
2020-04-25 17:15:06,kovan2,18151869,18151853,16
2020-04-25 17:16:29,kovan2,18151889,18151853,36
2020-04-25 17:17:51,kovan2,18151910,18151911,-1
2020-04-25 17:19:14,kovan2,18151931,18151931,0
2020-04-25 17:20:36,kovan2,18151953,18151953,0
2020-04-25 17:22:05,kovan2,18151976,18151956,20
2020-04-25 17:23:39,kovan2,18151998,18151987,11
2020-04-25 17:25:11,kovan2,18152021,18152021,0
2020-04-25 17:26:39,kovan2,18152041,18152023,18
2020-04-25 17:28:02,kovan2,18152062,18152059,3
2020-04-25 17:29:26,kovan2,18152083,18152083,0
2020-04-25 17:30:48,kovan2,18152103,18152093,10
2020-04-25 17:32:14,kovan2,18152124,18152093,31
2020-04-25 17:33:36,kovan2,18152143,18152141,2
2020-04-25 17:34:59,kovan2,18152165,18152141,24
2020-04-25 17:36:24,kovan2,18152187,18152188,-1
2020-04-25 17:37:53,kovan2,18152208,18152208,0
2020-04-25 17:39:17,kovan2,18152230,18152221,9
2020-04-25 17:40:45,kovan2,18152253,18152251,2
2020-04-25 17:42:14,kovan2,18152274,18152275,-1
2020-04-25 17:43:42,kovan2,18152295,18152295,0
2020-04-25 17:45:06,kovan2,18152316,18152316,0
2020-04-25 17:46:29,kovan2,18152336,18152336,0
2020-04-25 17:47:51,kovan2,18152356,18152357,-1
2020-04-25 17:49:14,kovan2,18152377,18152377,0
2020-04-25 17:50:36,kovan2,18152398,18152398,0
2020-04-25 17:52:00,kovan2,18152418,18152416,2
2020-04-25 17:53:22,kovan2,18152438,18152416,22
2020-04-25 17:54:45,kovan2,18152459,18152416,43
2020-04-25 17:56:08,kovan2,18152484,18152485,-1
2020-04-25 17:57:46,kovan2,18152507,18152504,3
2020-04-25 17:59:17,kovan2,18152529,18152529,0
2020-04-25 18:00:44,kovan2,18152550,18152548,2
2020-04-25 18:02:12,kovan2,18152573,18152574,-1
2020-04-25 18:03:47,kovan2,18152597,18152590,7
2020-04-25 18:05:20,kovan2,18152619,18152618,1
2020-04-25 18:06:50,kovan2,18152639,18152632,7
2020-04-25 18:08:13,kovan2,18152660,18152649,11
2020-04-25 18:09:36,kovan2,18152682,18152671,11
2020-04-25 18:11:02,kovan2,18152704,18152703,1
2020-04-25 18:12:28,kovan2,18152725,18152725,0
2020-04-25 18:13:50,kovan2,18152745,18152746,-1
2020-04-25 18:15:14,kovan2,18152768,18152768,0
2020-04-25 18:16:48,kovan2,18152789,18152789,0
2020-04-25 18:18:12,kovan2,18152810,18152810,0
2020-04-25 18:19:35,kovan2,18152832,18152833,-1
2020-04-25 18:21:06,kovan2,18152855,18152855,0
2020-04-25 18:22:36,kovan2,18152875,18152870,5
2020-04-25 18:23:59,kovan2,18152897,18152897,0
2020-04-25 18:25:24,kovan2,18152919,18152910,9
2020-04-25 18:26:57,kovan2,18152943,18152943,0
2020-04-25 18:28:31,kovan2,18152964,18152946,18
2020-04-25 18:29:57,kovan2,18152986,18152971,15
2020-04-25 18:31:25,kovan2,18153006,18152999,7
2020-04-25 18:32:48,kovan2,18153027,18153021,6
2020-04-25 18:34:11,kovan2,18153050,18153050,0
2020-04-25 18:35:45,kovan2,18153070,18153065,5
2020-04-25 18:37:07,kovan2,18153092,18153092,0
2020-04-25 18:38:30,kovan2,18153113,18153112,1
2020-04-25 18:39:56,kovan2,18153134,18153134,0
2020-04-25 18:41:20,kovan2,18153156,18153149,7
2020-04-25 18:42:46,kovan2,18153176,18153176,0
2020-04-25 18:44:09,kovan2,18153197,18153189,8
2020-04-25 18:45:31,kovan2,18153219,18153220,-1
2020-04-25 18:47:02,kovan2,18153241,18153241,0
2020-04-25 18:48:26,kovan2,18153262,18153257,5
2020-04-25 18:49:53,kovan2,18153287,18153279,8
2020-04-25 18:51:32,kovan2,18153308,18153309,-1
2020-04-25 18:53:00,kovan2,18153329,18153330,-1
2020-04-25 18:54:23,kovan2,18153350,18153351,-1
2020-04-25 18:55:45,kovan2,18153370,18153371,-1
2020-04-25 18:57:09,kovan2,18153391,18153391,0
2020-04-25 18:58:32,kovan2,18153412,18153410,2
2020-04-25 18:59:55,kovan2,18153432,18153433,-1
2020-04-25 19:01:18,kovan2,18153452,18153452,0
2020-04-25 19:02:40,kovan2,18153473,18153474,-1
2020-04-25 19:04:06,kovan2,18153496,18153496,0
2020-04-25 19:05:36,kovan2,18153517,18153517,0
2020-04-25 19:06:59,kovan2,18153540,18153538,2
2020-04-25 19:08:30,kovan2,18153560,18153561,-1
2020-04-25 19:09:55,kovan2,18153581,18153582,-1
2020-04-25 19:11:18,kovan2,18153602,18153602,0
2020-04-25 19:12:40,kovan2,18153624,18153624,0
2020-04-25 19:14:08,kovan2,18153644,18153645,-1
2020-04-25 19:15:30,kovan2,18153665,18153666,-1
2020-04-25 19:16:54,kovan2,18153686,18153686,0
2020-04-25 19:18:17,kovan2,18153707,18153700,7
2020-04-25 19:19:40,kovan2,18153729,18153729,0
2020-04-25 19:21:08,kovan2,18153750,18153750,0
2020-04-25 19:22:31,kovan2,18153770,18153771,-1
2020-04-25 19:23:57,kovan2,18153792,18153792,0
2020-04-25 19:25:21,kovan2,18153813,18153813,0
2020-04-25 19:26:45,kovan2,18153837,18153825,12
2020-04-25 19:28:18,kovan2,18153857,18153825,32
2020-04-25 19:29:44,kovan2,18153881,18153877,4
2020-04-25 19:31:18,kovan2,18153903,18153893,10
2020-04-25 19:32:48,kovan2,18153923,18153924,-1
2020-04-25 19:34:10,kovan2,18153944,18153944,0
2020-04-25 19:35:34,kovan2,18153965,18153965,0
2020-04-25 19:36:57,kovan2,18153986,18153986,0
2020-04-25 19:38:21,kovan2,18154007,18154008,-1
2020-04-25 19:39:45,kovan2,18154038,18154027,11
2020-04-25 19:41:46,kovan2,18154058,18154054,4
2020-04-25 19:43:09,kovan2,18154079,18154078,1
2020-04-25 19:44:37,kovan2,18154102,18154101,1
2020-04-25 19:46:03,kovan2,18154122,18154122,0
2020-04-25 19:47:31,kovan2,18154143,18154144,-1
2020-04-25 19:48:54,kovan2,18154164,18154164,0
2020-04-25 19:50:17,kovan2,18154185,18154185,0
2020-04-25 19:51:40,kovan2,18154205,18154206,-1
2020-04-25 19:53:03,kovan2,18154226,18154227,-1
2020-04-25 19:54:26,kovan2,18154247,18154248,-1
2020-04-25 19:55:50,kovan2,18154269,18154269,0
2020-04-25 19:57:14,kovan2,18154289,18154283,6
2020-04-25 19:58:37,kovan2,18154310,18154310,0
2020-04-25 20:00:00,kovan2,18154330,18154328,2
2020-04-25 20:01:23,kovan2,18154351,18154352,-1
2020-04-25 20:02:46,kovan2,18154373,18154374,-1
2020-04-25 20:04:13,kovan2,18154394,18154395,-1
2020-04-25 20:05:40,kovan2,18154416,18154416,0
2020-04-25 20:07:07,kovan2,18154438,18154438,0
2020-04-25 20:08:31,kovan2,18154458,18154459,-1
2020-04-25 20:09:53,kovan2,18154480,18154479,1
2020-04-25 20:11:20,kovan2,18154502,18154500,2
2020-04-25 20:12:50,kovan2,18154523,18154523,0
2020-04-25 20:14:13,kovan2,18154543,18154544,-1
2020-04-25 20:15:36,kovan2,18154564,18154562,2
2020-04-25 20:16:58,kovan2,18154584,18154585,-1
2020-04-25 20:18:21,kovan2,18154606,18154607,-1
2020-04-25 20:19:46,kovan2,18154628,18154628,0
2020-04-25 20:21:10,kovan2,18154648,18154648,0
2020-04-25 20:22:33,kovan2,18154668,18154669,-1
2020-04-25 20:23:55,kovan2,18154689,18154690,-1
2020-04-25 20:25:18,kovan2,18154710,18154711,-1
2020-04-25 20:26:45,kovan2,18154731,18154732,-1
2020-04-25 20:28:07,kovan2,18154753,18154753,0
2020-04-25 20:29:30,kovan2,18154773,18154773,0
2020-04-25 20:30:53,kovan2,18154793,18154793,0
2020-04-25 20:32:16,kovan2,18154814,18154814,0
2020-04-25 20:33:39,kovan2,18154834,18154835,-1
2020-04-25 20:35:02,kovan2,18154855,18154855,0
2020-04-25 20:36:25,kovan2,18154875,18154876,-1
2020-04-25 20:37:47,kovan2,18154896,18154897,-1
2020-04-25 20:39:10,kovan2,18154917,18154918,-1
2020-04-25 20:40:33,kovan2,18154938,18154938,0
2020-04-25 20:41:57,kovan2,18154959,18154959,0
2020-04-25 20:43:19,kovan2,18154979,18154980,-1
2020-04-25 20:44:42,kovan2,18155000,18155000,0
2020-04-25 20:46:05,kovan2,18155020,18155020,0
2020-04-25 20:47:28,kovan2,18155041,18155041,0
2020-04-25 20:48:51,kovan2,18155061,18155062,-1
2020-04-25 20:50:14,kovan2,18155082,18155082,0
2020-04-25 20:51:36,kovan2,18155103,18155100,3
2020-04-25 20:52:59,kovan2,18155124,18155123,1
2020-04-25 20:54:23,kovan2,18155144,18155144,0
2020-04-25 20:55:45,kovan2,18155165,18155165,0
2020-04-25 20:57:08,kovan2,18155186,18155186,0
2020-04-25 20:58:31,kovan2,18155206,18155207,-1
2020-04-25 20:59:55,kovan2,18155229,18155229,0
2020-04-25 21:01:23,kovan2,18155250,18155250,0
2020-04-25 21:02:46,kovan2,18155270,18155271,-1
2020-04-25 21:04:09,kovan2,18155291,18155291,0
2020-04-25 21:05:32,kovan2,18155311,18155312,-1
2020-04-25 21:06:55,kovan2,18155334,18155334,0
2020-04-25 21:08:28,kovan2,18155355,18155356,-1
2020-04-25 21:09:51,kovan2,18155375,18155376,-1
2020-04-25 21:11:14,kovan2,18155397,18155394,3
2020-04-25 21:12:41,kovan2,18155419,18155419,0
2020-04-25 21:14:08,kovan2,18155440,18155437,3
2020-04-25 21:15:33,kovan2,18155461,18155461,0
2020-04-25 21:16:56,kovan2,18155481,18155482,-1
2020-04-25 21:18:19,kovan2,18155502,18155502,0
2020-04-25 21:19:41,kovan2,18155523,18155523,0
2020-04-25 21:21:05,kovan2,18155544,18155544,0
2020-04-25 21:22:28,kovan2,18155566,18155567,-1
2020-04-25 21:23:58,kovan2,18155587,18155587,0
2020-04-25 21:25:21,kovan2,18155608,18155609,-1
2020-04-25 21:26:46,kovan2,18155631,18155632,-1
2020-04-25 21:28:19,kovan2,18155652,18155652,0
2020-04-25 21:29:42,kovan2,18155673,18155673,0
2020-04-25 21:31:04,kovan2,18155693,18155693,0
2020-04-25 21:32:27,kovan2,18155715,18155715,0
2020-04-25 21:33:57,kovan2,18155736,18155736,0
2020-04-25 21:35:19,kovan2,18155756,18155757,-1
2020-04-25 21:36:42,kovan2,18155777,18155777,0
2020-04-25 21:38:05,kovan2,18155798,18155798,0
2020-04-25 21:39:29,kovan2,18155819,18155819,0
2020-04-25 21:40:51,kovan2,18155840,18155840,0
2020-04-25 21:42:14,kovan2,18155861,18155861,0
2020-04-25 21:43:40,kovan2,18155884,18155877,7
2020-04-25 21:45:15,kovan2,18155904,18155905,-1
2020-04-25 21:46:38,kovan2,18155925,18155925,0
2020-04-25 21:48:01,kovan2,18155947,18155947,0
2020-04-25 21:49:28,kovan2,18155967,18155968,-1
2020-04-25 21:50:50,kovan2,18155988,18155988,0
2020-04-25 21:52:13,kovan2,18156008,18156009,-1
2020-04-25 21:53:35,kovan2,18156030,18156030,0
2020-04-25 21:54:59,kovan2,18156051,18156051,0
2020-04-25 21:56:24,kovan2,18156072,18156072,0
2020-04-25 21:57:48,kovan2,18156095,18156095,0
2020-04-25 21:59:21,kovan2,18156120,18156120,0
2020-04-25 22:00:59,kovan2,18156140,18156141,-1
2020-04-25 22:02:22,kovan2,18156162,18156156,6
2020-04-25 22:03:50,kovan2,18156185,18156175,10
2020-04-25 22:05:19,kovan2,18156204,18156205,-1
2020-04-25 22:06:44,kovan2,18156225,18156226,-1
2020-04-25 22:08:07,kovan2,18156246,18156247,-1
2020-04-25 22:09:29,kovan2,18156269,18156267,2
2020-04-25 22:10:59,kovan2,18156292,18156293,-1
2020-04-25 22:12:33,kovan2,18156312,18156312,0
2020-04-25 22:13:56,kovan2,18156330,18156326,4
2020-04-25 22:15:19,kovan2,18156351,18156352,-1
2020-04-25 22:16:42,kovan2,18156372,18156372,0
2020-04-25 22:18:05,kovan2,18156393,18156393,0
2020-04-25 22:19:28,kovan2,18156414,18156414,0
2020-04-25 22:20:50,kovan2,18156434,18156434,0
2020-04-25 22:22:13,kovan2,18156456,18156456,0
2020-04-25 22:23:40,kovan2,18156477,18156463,14
2020-04-25 22:25:03,kovan2,18156497,18156497,0
2020-04-25 22:26:26,kovan2,18156521,18156521,0
2020-04-25 22:28:03,kovan2,18156542,18156533,9
2020-04-25 22:29:25,kovan2,18156563,18156564,-1
2020-04-25 22:30:50,kovan2,18156584,18156584,0
2020-04-25 22:32:13,kovan2,18156604,18156603,1
2020-04-25 22:33:41,kovan2,18156625,18156625,0
2020-04-25 22:35:05,kovan2,18156645,18156646,-1
2020-04-25 22:36:28,kovan2,18156667,18156668,-1
2020-04-25 22:37:54,kovan2,18156688,18156689,-1
2020-04-25 22:39:18,kovan2,18156710,18156710,0
2020-04-25 22:40:46,kovan2,18156730,18156730,0
2020-04-25 22:42:08,kovan2,18156750,18156748,2
2020-04-25 22:43:34,kovan2,18156770,18156771,-1
2020-04-25 22:44:56,kovan2,18156792,18156781,11
2020-04-25 22:46:20,kovan2,18156813,18156813,0
2020-04-25 22:47:43,kovan2,18156833,18156834,-1
2020-04-25 22:49:06,kovan2,18156854,18156855,-1
2020-04-25 22:50:30,kovan2,18156875,18156876,-1
2020-04-25 22:51:55,kovan2,18156898,18156885,13
2020-04-25 22:53:24,kovan2,18156919,18156919,0
2020-04-25 22:54:47,kovan2,18156940,18156940,0
2020-04-25 22:56:10,kovan2,18156961,18156961,0
2020-04-25 22:57:34,kovan2,18156982,18156972,10
2020-04-25 22:59:01,kovan2,18157003,18157003,0
2020-04-25 23:00:24,kovan2,18157024,18157024,0
2020-04-25 23:01:56,kovan2,18157046,18157046,0
2020-04-25 23:03:23,kovan2,18157071,18157050,21
2020-04-25 23:05:05,kovan2,18157091,18157092,-1
2020-04-25 23:06:27,kovan2,18157113,18157114,-1
2020-04-25 23:07:54,kovan2,18157137,18157137,0
2020-04-25 23:09:27,kovan2,18157163,18157151,12
2020-04-25 23:11:16,kovan2,18157183,18157169,14
2020-04-25 23:12:38,kovan2,18157204,18157197,7
2020-04-25 23:14:03,kovan2,18157227,18157219,8
2020-04-25 23:15:34,kovan2,18157249,18157249,0
2020-04-25 23:17:00,kovan2,18157273,18157273,0
2020-04-25 23:18:34,kovan2,18157294,18157277,17
2020-04-25 23:20:02,kovan2,18157315,18157306,9
2020-04-25 23:21:25,kovan2,18157336,18157336,0
2020-04-25 23:22:48,kovan2,18157356,18157357,-1
2020-04-25 23:24:10,kovan2,18157376,18157377,-1
2020-04-25 23:25:33,kovan2,18157398,18157398,0
2020-04-25 23:26:55,kovan2,18157419,18157416,3
2020-04-25 23:28:23,kovan2,18157442,18157441,1
2020-04-25 23:29:53,kovan2,18157463,18157464,-1
2020-04-25 23:31:17,kovan2,18157483,18157474,9
2020-04-25 23:32:42,kovan2,18157506,18157503,3
2020-04-25 23:34:13,kovan2,18157528,18157526,2
2020-04-25 23:35:40,kovan2,18157548,18157542,6
2020-04-25 23:37:02,kovan2,18157576,18157542,34
2020-04-25 23:38:53,kovan2,18157597,18157597,0
2020-04-25 23:40:17,kovan2,18157618,18157600,18
2020-04-25 23:41:41,kovan2,18157641,18157600,41
2020-04-25 23:43:10,kovan2,18157662,18157600,62
2020-04-25 23:44:38,kovan2,18157683,18157683,0
2020-04-25 23:46:01,kovan2,18157705,18157705,0
2020-04-25 23:47:28,kovan2,18157726,18157726,0
2020-04-25 23:48:52,kovan2,18157747,18157745,2
2020-04-25 23:50:16,kovan2,18157768,18157767,1
2020-04-25 23:51:39,kovan2,18157788,18157788,0
2020-04-25 23:53:02,kovan2,18157809,18157809,0
2020-04-25 23:54:24,kovan2,18157832,18157832,0
2020-04-25 23:55:56,kovan2,18157853,18157853,0
2020-04-25 23:57:19,kovan2,18157873,18157873,0
2020-04-25 23:58:41,kovan2,18157893,18157894,-1
2020-04-26 00:00:04,kovan2,18157915,18157914,1
2020-04-26 00:01:27,kovan2,18157934,18157935,-1
2020-04-26 00:02:50,kovan2,18157955,18157955,0
2020-04-26 00:04:12,kovan2,18157976,18157976,0
2020-04-26 00:05:35,kovan2,18157996,18157997,-1
2020-04-26 00:06:58,kovan2,18158019,18158017,2
2020-04-26 00:08:28,kovan2,18158039,18158040,-1
2020-04-26 00:09:51,kovan2,18158061,18158062,-1
2020-04-26 00:11:18,kovan2,18158083,18158083,0
2020-04-26 00:12:47,kovan2,18158104,18158105,-1
2020-04-26 00:14:10,kovan2,18158125,18158125,0
2020-04-26 00:15:32,kovan2,18158146,18158147,-1
2020-04-26 00:16:58,kovan2,18158168,18158168,0
2020-04-26 00:18:22,kovan2,18158188,18158188,0
2020-04-26 00:19:45,kovan2,18158208,18158208,0
2020-04-26 00:21:07,kovan2,18158227,18158228,-1
2020-04-26 00:22:30,kovan2,18158248,18158248,0
2020-04-26 00:23:53,kovan2,18158271,18158268,3
2020-04-26 00:25:24,kovan2,18158291,18158292,-1
2020-04-26 00:26:47,kovan2,18158312,18158313,-1
2020-04-26 00:28:09,kovan2,18158335,18158330,5
2020-04-26 00:29:38,kovan2,18158358,18158357,1
2020-04-26 00:31:10,kovan2,18158377,18158377,0
2020-04-26 00:32:32,kovan2,18158398,18158399,-1
2020-04-26 00:33:58,kovan2,18158419,18158419,0
2020-04-26 00:35:21,kovan2,18158440,18158440,0
2020-04-26 00:36:44,kovan2,18158461,18158462,-1
2020-04-26 00:38:10,kovan2,18158482,18158483,-1
2020-04-26 00:39:33,kovan2,18158503,18158503,0
2020-04-26 00:40:55,kovan2,18158524,18158525,-1
2020-04-26 00:42:23,kovan2,18158545,18158544,1
2020-04-26 00:43:46,kovan2,18158566,18158566,0
2020-04-26 00:45:09,kovan2,18158587,18158587,0
2020-04-26 00:46:32,kovan2,18158607,18158608,-1
2020-04-26 00:47:54,kovan2,18158628,18158629,-1
2020-04-26 00:49:18,kovan2,18158649,18158649,0
2020-04-26 00:50:41,kovan2,18158669,18158670,-1
2020-04-26 00:52:03,kovan2,18158690,18158690,0
2020-04-26 00:53:26,kovan2,18158711,18158710,1
2020-04-26 00:54:49,kovan2,18158732,18158732,0
2020-04-26 00:56:12,kovan2,18158752,18158753,-1
2020-04-26 00:57:34,kovan2,18158773,18158774,-1
2020-04-26 00:58:58,kovan2,18158794,18158794,0
2020-04-26 01:00:21,kovan2,18158815,18158815,0
2020-04-26 01:01:44,kovan2,18158835,18158836,-1
2020-04-26 01:03:07,kovan2,18158856,18158857,-1
2020-04-26 01:04:30,kovan2,18158877,18158877,0
2020-04-26 01:05:52,kovan2,18158898,18158898,0
2020-04-26 01:07:16,kovan2,18158918,18158919,-1
2020-04-26 01:08:38,kovan2,18158939,18158939,0
2020-04-26 01:10:01,kovan2,18158960,18158959,1
2020-04-26 01:11:23,kovan2,18158981,18158982,-1
2020-04-26 01:12:50,kovan2,18159002,18159002,0
2020-04-26 01:14:12,kovan2,18159022,18159023,-1
2020-04-26 01:15:35,kovan2,18159043,18159044,-1
2020-04-26 01:16:57,kovan2,18159064,18159064,0
2020-04-26 01:18:20,kovan2,18159084,18159085,-1
2020-04-26 01:19:42,kovan2,18159105,18159105,0
2020-04-26 01:21:05,kovan2,18159128,18159127,1
2020-04-26 01:22:36,kovan2,18159148,18159149,-1
2020-04-26 01:23:59,kovan2,18159169,18159170,-1
2020-04-26 01:25:22,kovan2,18159189,18159190,-1
2020-04-26 01:26:45,kovan2,18159212,18159212,0
2020-04-26 01:28:10,kovan2,18159232,18159232,0
2020-04-26 01:29:33,kovan2,18159253,18159253,0
2020-04-26 01:30:56,kovan2,18159272,18159273,-1
2020-04-26 01:32:19,kovan2,18159293,18159293,0
2020-04-26 01:33:41,kovan2,18159314,18159314,0
2020-04-26 01:35:04,kovan2,18159337,18159337,0
2020-04-26 01:36:38,kovan2,18159358,18159358,0
2020-04-26 01:38:00,kovan2,18159381,18159378,3
2020-04-26 01:39:34,kovan2,18159404,18159404,0
2020-04-26 01:41:02,kovan2,18159424,18159424,0
2020-04-26 01:42:25,kovan2,18159444,18159445,-1
2020-04-26 01:43:47,kovan2,18159465,18159466,-1
2020-04-26 01:45:11,kovan2,18159486,18159487,-1
2020-04-26 01:46:33,kovan2,18159507,18159507,0
2020-04-26 01:47:56,kovan2,18159528,18159528,0
2020-04-26 01:49:22,kovan2,18159551,18159551,0
2020-04-26 01:50:50,kovan2,18159570,18159569,1
2020-04-26 01:52:12,kovan2,18159591,18159590,1
2020-04-26 01:53:36,kovan2,18159613,18159613,0
2020-04-26 01:54:59,kovan2,18159633,18159633,0
2020-04-26 01:56:21,kovan2,18159653,18159654,-1
2020-04-26 01:57:44,kovan2,18159676,18159677,-1
2020-04-26 01:59:13,kovan2,18159697,18159698,-1
2020-04-26 02:00:40,kovan2,18159718,18159718,0
2020-04-26 02:02:02,kovan2,18159738,18159739,-1
2020-04-26 02:03:25,kovan2,18159759,18159759,0
2020-04-26 02:04:48,kovan2,18159779,18159780,-1
2020-04-26 02:06:11,kovan2,18159800,18159801,-1
2020-04-26 02:07:34,kovan2,18159821,18159821,0
2020-04-26 02:08:56,kovan2,18159842,18159842,0
2020-04-26 02:10:20,kovan2,18159863,18159863,0
2020-04-26 02:11:45,kovan2,18159884,18159884,0
2020-04-26 02:13:07,kovan2,18159904,18159905,-1
2020-04-26 02:14:30,kovan2,18159925,18159925,0
2020-04-26 02:15:52,kovan2,18159945,18159946,-1
2020-04-26 02:17:15,kovan2,18159966,18159967,-1
2020-04-26 02:18:38,kovan2,18159987,18159987,0
2020-04-26 02:20:00,kovan2,18160007,18160008,-1
2020-04-26 02:21:23,kovan2,18160030,18160025,5
2020-04-26 02:22:53,kovan2,18160051,18160051,0
2020-04-26 02:24:16,kovan2,18160071,18160072,-1
2020-04-26 02:25:39,kovan2,18160092,18160092,0
2020-04-26 02:27:01,kovan2,18160113,18160113,0
2020-04-26 02:28:24,kovan2,18160134,18160134,0
2020-04-26 02:29:47,kovan2,18160154,18160155,-1
2020-04-26 02:31:09,kovan2,18160173,18160174,-1
2020-04-26 02:32:32,kovan2,18160195,18160195,0
2020-04-26 02:33:56,kovan2,18160216,18160213,3
2020-04-26 02:35:20,kovan2,18160236,18160237,-1
2020-04-26 02:36:43,kovan2,18160257,18160257,0
2020-04-26 02:38:05,kovan2,18160278,18160278,0
2020-04-26 02:39:28,kovan2,18160298,18160299,-1
2020-04-26 02:40:50,kovan2,18160319,18160319,0
2020-04-26 02:42:13,kovan2,18160340,18160340,0
2020-04-26 02:43:35,kovan2,18160360,18160361,-1
2020-04-26 02:44:58,kovan2,18160381,18160381,0
2020-04-26 02:46:21,kovan2,18160403,18160401,2
2020-04-26 02:47:48,kovan2,18160424,18160424,0
2020-04-26 02:49:11,kovan2,18160445,18160445,0
2020-04-26 02:50:34,kovan2,18160465,18160464,1
2020-04-26 02:51:56,kovan2,18160485,18160486,-1
2020-04-26 02:53:19,kovan2,18160507,18160506,1
2020-04-26 02:54:45,kovan2,18160528,18160528,0
2020-04-26 02:56:08,kovan2,18160548,18160549,-1
2020-04-26 02:57:30,kovan2,18160568,18160569,-1
2020-04-26 02:58:53,kovan2,18160589,18160587,2
2020-04-26 03:00:15,kovan2,18160612,18160613,-1
2020-04-26 03:01:46,kovan2,18160633,18160634,-1
2020-04-26 03:03:10,kovan2,18160654,18160654,0
2020-04-26 03:04:32,kovan2,18160674,18160670,4
2020-04-26 03:05:55,kovan2,18160695,18160696,-1
2020-04-26 03:07:18,kovan2,18160715,18160716,-1
2020-04-26 03:08:41,kovan2,18160737,18160735,2
2020-04-26 03:10:03,kovan2,18160757,18160757,0
2020-04-26 03:11:26,kovan2,18160778,18160778,0
2020-04-26 03:12:48,kovan2,18160799,18160800,-1
2020-04-26 03:14:13,kovan2,18160820,18160818,2
2020-04-26 03:15:36,kovan2,18160840,18160841,-1
2020-04-26 03:16:59,kovan2,18160861,18160862,-1
2020-04-26 03:18:22,kovan2,18160882,18160882,0
2020-04-26 03:19:44,kovan2,18160902,18160903,-1
2020-04-26 03:21:07,kovan2,18160922,18160922,0
2020-04-26 03:22:29,kovan2,18160943,18160944,-1
2020-04-26 03:23:54,kovan2,18160965,18160964,1
2020-04-26 03:25:19,kovan2,18160985,18160986,-1
2020-04-26 03:26:42,kovan2,18161006,18161006,0
2020-04-26 03:28:04,kovan2,18161026,18161027,-1
2020-04-26 03:29:27,kovan2,18161047,18161048,-1
2020-04-26 03:30:50,kovan2,18161072,18161070,2
2020-04-26 03:32:30,kovan2,18161092,18161093,-1
2020-04-26 03:33:53,kovan2,18161113,18161113,0
2020-04-26 03:35:16,kovan2,18161133,18161134,-1
2020-04-26 03:36:39,kovan2,18161154,18161154,0
2020-04-26 03:38:01,kovan2,18161174,18161175,-1
2020-04-26 03:39:24,kovan2,18161198,18161198,0
2020-04-26 03:40:58,kovan2,18161220,18161217,3
2020-04-26 03:42:27,kovan2,18161241,18161241,0
2020-04-26 03:43:50,kovan2,18161264,18161251,13
2020-04-26 03:45:21,kovan2,18161285,18161286,-1
2020-04-26 03:46:46,kovan2,18161306,18161306,0
2020-04-26 03:48:09,kovan2,18161326,18161327,-1
2020-04-26 03:49:31,kovan2,18161347,18161339,8
2020-04-26 03:50:54,kovan2,18161368,18161368,0
2020-04-26 03:52:16,kovan2,18161388,18161389,-1
2020-04-26 03:53:39,kovan2,18161409,18161409,0
2020-04-26 03:55:02,kovan2,18161430,18161430,0
2020-04-26 03:56:25,kovan2,18161451,18161451,0
2020-04-26 03:57:47,kovan2,18161479,18161466,13
2020-04-26 03:59:42,kovan2,18161501,18161490,11
2020-04-26 04:01:06,kovan2,18161520,18161520,0
2020-04-26 04:02:28,kovan2,18161540,18161541,-1
2020-04-26 04:03:51,kovan2,18161562,18161563,-1
2020-04-26 04:05:19,kovan2,18161583,18161584,-1
2020-04-26 04:06:42,kovan2,18161603,18161597,6
2020-04-26 04:08:05,kovan2,18161624,18161625,-1
2020-04-26 04:09:27,kovan2,18161645,18161646,-1
2020-04-26 04:10:50,kovan2,18161666,18161667,-1
2020-04-26 04:12:14,kovan2,18161687,18161687,0
2020-04-26 04:13:37,kovan2,18161711,18161708,3
2020-04-26 04:15:12,kovan2,18161732,18161732,0
2020-04-26 04:16:35,kovan2,18161753,18161753,0
2020-04-26 04:18:01,kovan2,18161774,18161774,0
2020-04-26 04:19:23,kovan2,18161795,18161795,0
2020-04-26 04:20:46,kovan2,18161815,18161815,0
2020-04-26 04:22:08,kovan2,18161836,18161836,0
2020-04-26 04:23:31,kovan2,18161857,18161857,0
2020-04-26 04:24:53,kovan2,18161877,18161878,-1
2020-04-26 04:26:17,kovan2,18161897,18161898,-1
2020-04-26 04:27:40,kovan2,18161918,18161919,-1
2020-04-26 04:29:02,kovan2,18161939,18161940,-1
2020-04-26 04:30:25,kovan2,18161959,18161959,0
2020-04-26 04:31:48,kovan2,18161981,18161981,0
2020-04-26 04:33:14,kovan2,18162001,18162001,0
2020-04-26 04:34:37,kovan2,18162024,18162024,0
2020-04-26 04:36:10,kovan2,18162045,18162046,-1
2020-04-26 04:37:34,kovan2,18162066,18162066,0
2020-04-26 04:38:57,kovan2,18162087,18162087,0
2020-04-26 04:40:19,kovan2,18162108,18162109,-1
2020-04-26 04:41:46,kovan2,18162129,18162130,-1
2020-04-26 04:43:11,kovan2,18162151,18162152,-1
2020-04-26 04:44:38,kovan2,18162172,18162173,-1
2020-04-26 04:46:02,kovan2,18162193,18162193,0
2020-04-26 04:47:25,kovan2,18162214,18162214,0
2020-04-26 04:48:47,kovan2,18162234,18162235,-1
2020-04-26 04:50:10,kovan2,18162254,18162255,-1
2020-04-26 04:51:33,kovan2,18162274,18162274,0
2020-04-26 04:52:55,kovan2,18162294,18162291,3
2020-04-26 04:54:18,kovan2,18162315,18162291,24
2020-04-26 04:55:41,kovan2,18162336,18162336,0
2020-04-26 04:57:05,kovan2,18162357,18162358,-1
2020-04-26 04:58:30,kovan2,18162378,18162378,0
2020-04-26 04:59:52,kovan2,18162398,18162397,1
2020-04-26 05:01:15,kovan2,18162420,18162421,-1
2020-04-26 05:02:46,kovan2,18162441,18162441,0
2020-04-26 05:04:09,kovan2,18162461,18162462,-1
2020-04-26 05:05:31,kovan2,18162483,18162483,0
2020-04-26 05:06:55,kovan2,18162504,18162504,0
2020-04-26 05:08:21,kovan2,18162527,18162526,1
2020-04-26 05:09:52,kovan2,18162548,18162548,0
2020-04-26 05:11:15,kovan2,18162568,18162569,-1
2020-04-26 05:12:38,kovan2,18162589,18162589,0
2020-04-26 05:14:00,kovan2,18162610,18162608,2
2020-04-26 05:15:25,kovan2,18162632,18162629,3
2020-04-26 05:16:51,kovan2,18162652,18162653,-1
2020-04-26 05:18:14,kovan2,18162673,18162673,0
2020-04-26 05:19:36,kovan2,18162694,18162691,3
2020-04-26 05:21:00,kovan2,18162715,18162715,0
2020-04-26 05:22:22,kovan2,18162735,18162735,0
2020-04-26 05:23:45,kovan2,18162755,18162756,-1
2020-04-26 05:25:07,kovan2,18162776,18162777,-1
2020-04-26 05:26:31,kovan2,18162796,18162797,-1
2020-04-26 05:27:54,kovan2,18162817,18162817,0
2020-04-26 05:29:17,kovan2,18162837,18162838,-1
2020-04-26 05:30:40,kovan2,18162857,18162857,0
2020-04-26 05:32:03,kovan2,18162878,18162879,-1
2020-04-26 05:33:25,kovan2,18162899,18162899,0
2020-04-26 05:34:48,kovan2,18162920,18162920,0
2020-04-26 05:36:11,kovan2,18162939,18162940,-1
2020-04-26 05:37:34,kovan2,18162960,18162960,0
2020-04-26 05:38:56,kovan2,18162980,18162981,-1
2020-04-26 05:40:19,kovan2,18163002,18163002,0
2020-04-26 05:41:42,kovan2,18163022,18163023,-1
2020-04-26 05:43:05,kovan2,18163043,18163043,0
2020-04-26 05:44:28,kovan2,18163063,18163064,-1
2020-04-26 05:45:52,kovan2,18163084,18163085,-1
2020-04-26 05:47:14,kovan2,18163105,18163106,-1
2020-04-26 05:48:38,kovan2,18163126,18163126,0
2020-04-26 05:50:01,kovan2,18163147,18163147,0
2020-04-26 05:51:23,kovan2,18163168,18163168,0
2020-04-26 05:52:46,kovan2,18163188,18163188,0
2020-04-26 05:54:09,kovan2,18163210,18163210,0
2020-04-26 05:55:36,kovan2,18163231,18163231,0
2020-04-26 05:57:00,kovan2,18163252,18163252,0
2020-04-26 05:58:23,kovan2,18163273,18163273,0
2020-04-26 05:59:45,kovan2,18163293,18163293,0
2020-04-26 06:01:08,kovan2,18163314,18163314,0
2020-04-26 06:02:31,kovan2,18163334,18163335,-1
2020-04-26 06:03:53,kovan2,18163354,18163355,-1
2020-04-26 06:05:16,kovan2,18163377,18163377,0
2020-04-26 06:06:47,kovan2,18163397,18163398,-1
2020-04-26 06:08:11,kovan2,18163418,18163419,-1
2020-04-26 06:09:34,kovan2,18163440,18163440,0
2020-04-26 06:10:59,kovan2,18163460,18163459,1
2020-04-26 06:12:22,kovan2,18163481,18163481,0
2020-04-26 06:13:44,kovan2,18163503,18163503,0
2020-04-26 06:15:11,kovan2,18163524,18163524,0
2020-04-26 06:16:34,kovan2,18163544,18163544,0
2020-04-26 06:17:57,kovan2,18163564,18163565,-1
2020-04-26 06:19:19,kovan2,18163586,18163586,0
2020-04-26 06:20:45,kovan2,18163607,18163607,0
2020-04-26 06:22:07,kovan2,18163627,18163628,-1
2020-04-26 06:23:30,kovan2,18163648,18163649,-1
2020-04-26 06:24:54,kovan2,18163672,18163671,1
2020-04-26 06:26:28,kovan2,18163693,18163693,0
2020-04-26 06:27:51,kovan2,18163713,18163714,-1
2020-04-26 06:29:14,kovan2,18163734,18163734,0
2020-04-26 06:30:37,kovan2,18163754,18163754,0
2020-04-26 06:32:00,kovan2,18163774,18163767,7
2020-04-26 06:33:22,kovan2,18163796,18163796,0
2020-04-26 06:34:47,kovan2,18163816,18163817,-1
2020-04-26 06:36:09,kovan2,18163837,18163837,0
2020-04-26 06:37:31,kovan2,18163857,18163858,-1
2020-04-26 06:38:54,kovan2,18163877,18163876,1
2020-04-26 06:40:16,kovan2,18163898,18163876,22
2020-04-26 06:41:38,kovan2,18163919,18163912,7
2020-04-26 06:43:00,kovan2,18163939,18163940,-1
2020-04-26 06:44:22,kovan2,18163960,18163960,0
2020-04-26 06:45:44,kovan2,18163981,18163981,0
2020-04-26 06:47:07,kovan2,18164001,18164002,-1
2020-04-26 06:48:30,kovan2,18164022,18164022,0
2020-04-26 06:49:52,kovan2,18164042,18164043,-1
2020-04-26 06:51:14,kovan2,18164064,18164064,0
2020-04-26 06:52:40,kovan2,18164084,18164085,-1
2020-04-26 06:54:03,kovan2,18164105,18164106,-1
2020-04-26 06:55:25,kovan2,18164126,18164126,0
2020-04-26 06:56:47,kovan2,18164146,18164147,-1
2020-04-26 06:58:10,kovan2,18164167,18164168,-1
2020-04-26 06:59:33,kovan2,18164190,18164186,4
2020-04-26 07:01:05,kovan2,18164210,18164210,0
2020-04-26 07:02:27,kovan2,18164230,18164231,-1
2020-04-26 07:03:49,kovan2,18164251,18164251,0
2020-04-26 07:05:11,kovan2,18164271,18164272,-1
2020-04-26 07:06:35,kovan2,18164292,18164293,-1
2020-04-26 07:07:57,kovan2,18164313,18164310,3
2020-04-26 07:09:20,kovan2,18164334,18164334,0
2020-04-26 07:10:42,kovan2,18164354,18164354,0
2020-04-26 07:12:04,kovan2,18164375,18164376,-1
2020-04-26 07:13:30,kovan2,18164396,18164396,0
2020-04-26 07:14:52,kovan2,18164415,18164416,-1
2020-04-26 07:16:14,kovan2,18164436,18164436,0
2020-04-26 07:17:37,kovan2,18164456,18164457,-1
2020-04-26 07:18:59,kovan2,18164477,18164477,0
2020-04-26 07:20:21,kovan2,18164498,18164498,0
2020-04-26 07:21:43,kovan2,18164518,18164518,0
2020-04-26 07:23:05,kovan2,18164539,18164539,0
2020-04-26 07:24:27,kovan2,18164560,18164560,0
2020-04-26 07:25:50,kovan2,18164580,18164580,0
2020-04-26 07:27:12,kovan2,18164600,18164601,-1
2020-04-26 07:28:34,kovan2,18164621,18164621,0
2020-04-26 07:29:56,kovan2,18164642,18164642,0
2020-04-26 07:31:20,kovan2,18164662,18164662,0
2020-04-26 07:32:42,kovan2,18164682,18164682,0
2020-04-26 07:34:04,kovan2,18164702,18164703,-1
2020-04-26 07:35:26,kovan2,18164724,18164725,-1
2020-04-26 07:36:53,kovan2,18164744,18164745,-1
2020-04-26 07:38:15,kovan2,18164765,18164766,-1
2020-04-26 07:39:37,kovan2,18164786,18164786,0
2020-04-26 07:40:59,kovan2,18164807,18164807,0
2020-04-26 07:42:22,kovan2,18164827,18164827,0
2020-04-26 07:43:45,kovan2,18164848,18164848,0
2020-04-26 07:45:08,kovan2,18164868,18164869,-1
2020-04-26 07:46:30,kovan2,18164889,18164889,0
2020-04-26 07:47:52,kovan2,18164909,18164910,-1
2020-04-26 07:49:15,kovan2,18164930,18164930,0
2020-04-26 07:50:37,kovan2,18164952,18164951,1
2020-04-26 07:52:04,kovan2,18164972,18164973,-1
2020-04-26 07:53:26,kovan2,18164997,18164992,5
2020-04-26 07:55:06,kovan2,18165020,18165020,0
2020-04-26 07:56:37,kovan2,18165041,18165031,10
2020-04-26 07:58:02,kovan2,18165062,18165062,0
2020-04-26 07:59:24,kovan2,18165083,18165083,0
2020-04-26 08:00:47,kovan2,18165103,18165102,1
2020-04-26 08:02:11,kovan2,18165125,18165126,-1
2020-04-26 08:03:38,kovan2,18165146,18165146,0
2020-04-26 08:05:01,kovan2,18165166,18165167,-1
2020-04-26 08:06:23,kovan2,18165187,18165188,-1
2020-04-26 08:07:46,kovan2,18165214,18165210,4
2020-04-26 08:09:34,kovan2,18165234,18165234,0
2020-04-26 08:10:58,kovan2,18165249,18165249,0
2020-04-26 08:12:21,kovan2,18165265,18165266,-1
2020-04-26 08:13:44,kovan2,18165286,18165286,0
2020-04-26 08:15:07,kovan2,18165307,18165307,0
2020-04-26 08:16:32,kovan2,18165327,18165328,-1
2020-04-26 08:17:54,kovan2,18165348,18165348,0
2020-04-26 08:19:17,kovan2,18165368,18165369,-1
2020-04-26 08:20:41,kovan2,18165392,18165392,0
2020-04-26 08:22:13,kovan2,18165413,18165413,0
2020-04-26 08:23:36,kovan2,18165434,18165434,0
2020-04-26 08:24:59,kovan2,18165455,18165455,0
2020-04-26 08:26:24,kovan2,18165476,18165476,0
2020-04-26 08:27:47,kovan2,18165496,18165497,-1
2020-04-26 08:29:10,kovan2,18165517,18165517,0
2020-04-26 08:30:33,kovan2,18165537,18165534,3
2020-04-26 08:31:55,kovan2,18165557,18165534,23
2020-04-26 08:33:18,kovan2,18165578,18165578,0
2020-04-26 08:34:40,kovan2,18165599,18165599,0
2020-04-26 08:36:04,kovan2,18165620,18165620,0
2020-04-26 08:37:27,kovan2,18165641,18165639,2
2020-04-26 08:38:54,kovan2,18165663,18165663,0
2020-04-26 08:40:18,kovan2,18165683,18165678,5
2020-04-26 08:41:40,kovan2,18165703,18165704,-1
2020-04-26 08:43:03,kovan2,18165725,18165726,-1
2020-04-26 08:44:30,kovan2,18165746,18165746,0
2020-04-26 08:45:54,kovan2,18165766,18165766,0
2020-04-26 08:47:17,kovan2,18165786,18165787,-1
2020-04-26 08:48:40,kovan2,18165807,18165808,-1
2020-04-26 08:50:02,kovan2,18165830,18165830,0
2020-04-26 08:51:32,kovan2,18165850,18165851,-1
2020-04-26 08:52:54,kovan2,18165871,18165871,0
2020-04-26 08:54:17,kovan2,18165892,18165892,0
2020-04-26 08:55:40,kovan2,18165912,18165913,-1
2020-04-26 08:57:03,kovan2,18165933,18165932,1
2020-04-26 08:58:25,kovan2,18165953,18165954,-1
2020-04-26 08:59:49,kovan2,18165974,18165974,0
2020-04-26 09:01:12,kovan2,18165993,18165993,0
2020-04-26 09:02:35,kovan2,18166013,18166014,-1
2020-04-26 09:03:57,kovan2,18166034,18166034,0
2020-04-26 09:05:20,kovan2,18166055,18166055,0
2020-04-26 09:06:43,kovan2,18166076,18166075,1
2020-04-26 09:08:06,kovan2,18166096,18166096,0
2020-04-26 09:09:29,kovan2,18166117,18166117,0
2020-04-26 09:10:51,kovan2,18166137,18166138,-1
2020-04-26 09:12:14,kovan2,18166158,18166158,0
2020-04-26 09:13:36,kovan2,18166179,18166179,0
2020-04-26 09:14:59,kovan2,18166199,18166199,0
2020-04-26 09:16:21,kovan2,18166219,18166220,-1
2020-04-26 09:17:44,kovan2,18166240,18166241,-1
2020-04-26 09:19:07,kovan2,18166260,18166262,-2
2020-04-26 09:20:30,kovan2,18166281,18166282,-1
2020-04-26 09:21:52,kovan2,18166303,18166301,2
2020-04-26 09:23:17,kovan2,18166327,18166324,3
2020-04-26 09:24:53,kovan2,18166347,18166347,0
2020-04-26 09:26:16,kovan2,18166368,18166369,-1
2020-04-26 09:27:42,kovan2,18166388,18166389,-1
2020-04-26 09:29:05,kovan2,18166409,18166410,-1
2020-04-26 09:30:28,kovan2,18166430,18166430,0
2020-04-26 09:31:56,kovan2,18166452,18166452,0
2020-04-26 09:33:25,kovan2,18166473,18166459,14
2020-04-26 09:34:48,kovan2,18166494,18166494,0
2020-04-26 09:36:11,kovan2,18166514,18166515,-1
2020-04-26 09:37:34,kovan2,18166535,18166535,0
2020-04-26 09:38:57,kovan2,18166554,18166553,1
2020-04-26 09:40:21,kovan2,18166575,18166575,0
2020-04-26 09:41:44,kovan2,18166596,18166595,1
2020-04-26 09:43:06,kovan2,18166616,18166616,0
2020-04-26 09:44:29,kovan2,18166636,18166637,-1
2020-04-26 09:45:52,kovan2,18166656,18166657,-1
2020-04-26 09:47:14,kovan2,18166676,18166676,0
2020-04-26 09:48:37,kovan2,18166697,18166697,0
2020-04-26 09:49:59,kovan2,18166717,18166718,-1
2020-04-26 09:51:22,kovan2,18166738,18166738,0
2020-04-26 09:52:44,kovan2,18166759,18166759,0
2020-04-26 09:54:08,kovan2,18166780,18166780,0
2020-04-26 09:55:31,kovan2,18166800,18166801,-1
2020-04-26 09:56:53,kovan2,18166820,18166821,-1
2020-04-26 09:58:16,kovan2,18166841,18166842,-1
2020-04-26 09:59:38,kovan2,18166864,18166860,4
2020-04-26 10:01:09,kovan2,18166884,18166884,0
2020-04-26 10:02:32,kovan2,18166904,18166905,-1
2020-04-26 10:03:56,kovan2,18166926,18166926,0
2020-04-26 10:05:19,kovan2,18166946,18166946,0
2020-04-26 10:06:41,kovan2,18166967,18166967,0
2020-04-26 10:08:04,kovan2,18166987,18166988,-1
2020-04-26 10:09:27,kovan2,18167008,18167008,0
2020-04-26 10:10:49,kovan2,18167027,18167028,-1
2020-04-26 10:12:12,kovan2,18167048,18167049,-1
2020-04-26 10:13:35,kovan2,18167069,18167070,-1
2020-04-26 10:14:57,kovan2,18167089,18167090,-1
2020-04-26 10:16:20,kovan2,18167111,18167111,0
2020-04-26 10:17:42,kovan2,18167131,18167131,0
2020-04-26 10:19:05,kovan2,18167152,18167150,2
2020-04-26 10:20:27,kovan2,18167170,18167171,-1
2020-04-26 10:21:50,kovan2,18167191,18167192,-1
2020-04-26 10:23:14,kovan2,18167212,18167212,0
2020-04-26 10:24:37,kovan2,18167232,18167232,0
2020-04-26 10:25:59,kovan2,18167251,18167252,-1
2020-04-26 10:27:22,kovan2,18167272,18167272,0
2020-04-26 10:28:45,kovan2,18167293,18167293,0
2020-04-26 10:30:07,kovan2,18167314,18167315,-1
2020-04-26 10:31:39,kovan2,18167335,18167336,-1
2020-04-26 10:33:02,kovan2,18167357,18167357,0
2020-04-26 10:34:32,kovan2,18167379,18167378,1
2020-04-26 10:35:59,kovan2,18167399,18167399,0
2020-04-26 10:37:21,kovan2,18167420,18167420,0
2020-04-26 10:38:44,kovan2,18167444,18167441,3
2020-04-26 10:40:20,kovan2,18167464,18167465,-1
2020-04-26 10:41:42,kovan2,18167484,18167484,0
2020-04-26 10:43:05,kovan2,18167505,18167505,0
2020-04-26 10:44:32,kovan2,18167526,18167526,0
2020-04-26 10:45:55,kovan2,18167546,18167546,0
2020-04-26 10:47:20,kovan2,18167565,18167566,-1
2020-04-26 10:48:43,kovan2,18167585,18167585,0
2020-04-26 10:50:05,kovan2,18167605,18167605,0
2020-04-26 10:51:28,kovan2,18167626,18167626,0
2020-04-26 10:52:51,kovan2,18167647,18167647,0
2020-04-26 10:54:16,kovan2,18167667,18167668,-1
2020-04-26 10:55:38,kovan2,18167689,18167686,3
2020-04-26 10:57:06,kovan2,18167710,18167710,0
2020-04-26 10:58:28,kovan2,18167730,18167731,-1
2020-04-26 10:59:52,kovan2,18167751,18167752,-1
2020-04-26 11:01:15,kovan2,18167771,18167772,-1
2020-04-26 11:02:37,kovan2,18167791,18167791,0
2020-04-26 11:04:00,kovan2,18167811,18167812,-1
2020-04-26 11:05:23,kovan2,18167832,18167832,0
2020-04-26 11:06:45,kovan2,18167852,18167853,-1
2020-04-26 11:08:08,kovan2,18167873,18167874,-1
2020-04-26 11:09:30,kovan2,18167894,18167894,0
2020-04-26 11:10:53,kovan2,18167913,18167913,0
2020-04-26 11:12:15,kovan2,18167934,18167934,0
2020-04-26 11:13:39,kovan2,18167953,18167954,-1
2020-04-26 11:15:01,kovan2,18167973,18167974,-1
2020-04-26 11:16:24,kovan2,18167995,18167995,0
2020-04-26 11:17:48,kovan2,18168015,18168015,0
2020-04-26 11:19:11,kovan2,18168035,18168036,-1
2020-04-26 11:20:33,kovan2,18168055,18168055,0
2020-04-26 11:21:56,kovan2,18168075,18168076,-1
2020-04-26 11:23:19,kovan2,18168100,18168090,10
2020-04-26 11:24:56,kovan2,18168120,18168120,0
2020-04-26 11:26:19,kovan2,18168139,18168139,0
2020-04-26 11:27:46,kovan2,18168160,18168161,-1
2020-04-26 11:29:09,kovan2,18168181,18168181,0
2020-04-26 11:30:32,kovan2,18168200,18168201,-1
2020-04-26 11:31:55,kovan2,18168221,18168221,0
2020-04-26 11:33:18,kovan2,18168241,18168241,0
2020-04-26 11:34:41,kovan2,18168261,18168262,-1
2020-04-26 11:36:03,kovan2,18168283,18168284,-1
2020-04-26 11:37:30,kovan2,18168303,18168303,0
2020-04-26 11:38:52,kovan2,18168324,18168324,0
2020-04-26 11:40:16,kovan2,18168344,18168345,-1
2020-04-26 11:41:38,kovan2,18168363,18168363,0
2020-04-26 11:43:02,kovan2,18168385,18168384,1
2020-04-26 11:44:29,kovan2,18168407,18168402,5
2020-04-26 11:45:59,kovan2,18168429,18168427,2
2020-04-26 11:47:29,kovan2,18168450,18168439,11
2020-04-26 11:48:52,kovan2,18168470,18168471,-1
2020-04-26 11:50:15,kovan2,18168490,18168491,-1
2020-04-26 11:51:38,kovan2,18168514,18168515,-1
2020-04-26 11:53:14,kovan2,18168535,18168535,0
2020-04-26 11:54:37,kovan2,18168556,18168556,0
2020-04-26 11:56:00,kovan2,18168576,18168576,0
2020-04-26 11:57:23,kovan2,18168597,18168592,5
2020-04-26 11:58:48,kovan2,18168618,18168618,0
2020-04-26 12:00:12,kovan2,18168640,18168641,-1
2020-04-26 12:01:46,kovan2,18168661,18168658,3
2020-04-26 12:03:09,kovan2,18168682,18168682,0
2020-04-26 12:04:32,kovan2,18168703,18168703,0
2020-04-26 12:05:58,kovan2,18168724,18168724,0
2020-04-26 12:07:21,kovan2,18168745,18168746,-1
2020-04-26 12:08:46,kovan2,18168766,18168766,0
2020-04-26 12:10:08,kovan2,18168786,18168786,0
2020-04-26 12:11:31,kovan2,18168807,18168807,0
2020-04-26 12:12:56,kovan2,18168832,18168832,0
2020-04-26 12:14:35,kovan2,18168852,18168853,-1
2020-04-26 12:15:59,kovan2,18168873,18168874,-1
2020-04-26 12:17:26,kovan2,18168895,18168890,5
2020-04-26 12:18:54,kovan2,18168917,18168909,8
2020-04-26 12:20:22,kovan2,18168938,18168937,1
2020-04-26 12:21:49,kovan2,18168958,18168954,4
2020-04-26 12:23:12,kovan2,18168980,18168980,0
2020-04-26 12:24:35,kovan2,18169000,18169001,-1
2020-04-26 12:25:57,kovan2,18169023,18169018,5
2020-04-26 12:27:32,kovan2,18169045,18169018,27
2020-04-26 12:29:01,kovan2,18169065,18169022,43
2020-04-26 12:30:23,kovan2,18169084,18169072,12
2020-04-26 12:31:46,kovan2,18169111,18169100,11
2020-04-26 12:33:34,kovan2,18169135,18169134,1
2020-04-26 12:35:08,kovan2,18169155,18169134,21
2020-04-26 12:36:31,kovan2,18169176,18169134,42
2020-04-26 12:37:53,kovan2,18169197,18169187,10
2020-04-26 12:39:16,kovan2,18169218,18169187,31
2020-04-26 12:40:40,kovan2,18169238,18169187,51
2020-04-26 12:42:02,kovan2,18169259,18169187,72
2020-04-26 12:43:27,kovan2,18169280,18169187,93
2020-04-26 12:44:50,kovan2,18169302,18169187,115
2020-04-26 12:46:13,kovan2,18169329,18169187,142
2020-04-26 12:48:05,kovan2,18169349,18169187,162
2020-04-26 12:49:27,kovan2,18169371,18169187,184
2020-04-26 12:50:51,kovan2,18169392,18169187,205
2020-04-26 12:52:16,kovan2,18169412,18169187,225
2020-04-26 12:53:40,kovan2,18169434,18169187,247
2020-04-26 12:55:09,kovan2,18169455,18169187,268
2020-04-26 12:56:33,kovan2,18169477,18169468,9
2020-04-26 12:58:00,kovan2,18169499,18169468,31
2020-04-26 12:59:28,kovan2,18169520,18169468,52
2020-04-26 13:00:52,kovan2,18169541,18169468,73
2020-04-26 13:02:14,kovan2,18169563,18169562,1
2020-04-26 13:03:44,kovan2,18169584,18169581,3
2020-04-26 13:05:07,kovan2,18169605,18169584,21
2020-04-26 13:06:30,kovan2,18169626,18169622,4
2020-04-26 13:07:58,kovan2,18169648,18169622,26
2020-04-26 13:09:25,kovan2,18169671,18169622,49
2020-04-26 13:10:55,kovan2,18169692,18169622,70
2020-04-26 13:12:17,kovan2,18169712,18169695,17
2020-04-26 13:13:40,kovan2,18169732,18169725,7
2020-04-26 13:15:03,kovan2,18169757,18169740,17
2020-04-26 13:16:39,kovan2,18169777,18169740,37
2020-04-26 13:18:02,kovan2,18169798,18169740,58
2020-04-26 13:19:25,kovan2,18169822,18169822,0
2020-04-26 13:20:59,kovan2,18169846,18169829,17
2020-04-26 13:22:37,kovan2,18169868,18169829,39
2020-04-26 13:24:06,kovan2,18169890,18169880,10
2020-04-26 13:25:34,kovan2,18169911,18169880,31
2020-04-26 13:26:57,kovan2,18169932,18169920,12
2020-04-26 13:28:21,kovan2,18169952,18169932,20
2020-04-26 13:29:47,kovan2,18169974,18169967,7
2020-04-26 13:31:17,kovan2,18169998,18169967,31
2020-04-26 13:32:55,kovan2,18170018,18169967,51
2020-04-26 13:34:19,kovan2,18170041,18169967,74
2020-04-26 13:35:47,kovan2,18170062,18170050,12
2020-04-26 13:37:12,kovan2,18170085,18170075,10
2020-04-26 13:38:43,kovan2,18170108,18170096,12
2020-04-26 13:40:19,kovan2,18170129,18170110,19
2020-04-26 13:41:41,kovan2,18170151,18170141,10
2020-04-26 13:43:09,kovan2,18170172,18170141,31
2020-04-26 13:44:32,kovan2,18170193,18170184,9
2020-04-26 13:45:58,kovan2,18170215,18170184,31
2020-04-26 13:47:25,kovan2,18170236,18170184,52
2020-04-26 13:49:01,kovan2,18170258,18170184,74
2020-04-26 13:50:24,kovan2,18170281,18170271,10
2020-04-26 13:51:56,kovan2,18170302,18170303,-1
2020-04-26 13:53:22,kovan2,18170324,18170313,11
2020-04-26 13:54:50,kovan2,18170345,18170345,0
2020-04-26 13:56:16,kovan2,18170370,18170352,18
2020-04-26 13:57:53,kovan2,18170391,18170352,39
2020-04-26 13:59:15,kovan2,18170415,18170412,3
2020-04-26 14:00:50,kovan2,18170434,18170412,22
2020-04-26 14:02:12,kovan2,18170455,18170412,43
2020-04-26 14:03:37,kovan2,18170475,18170412,63
2020-04-26 14:05:00,kovan2,18170496,18170483,13
2020-04-26 14:06:22,kovan2,18170518,18170483,35
2020-04-26 14:07:50,kovan2,18170539,18170483,56
2020-04-26 14:09:14,kovan2,18170560,18170483,77
2020-04-26 14:10:37,kovan2,18170581,18170581,0
2020-04-26 14:12:01,kovan2,18170604,18170604,0
2020-04-26 14:13:32,kovan2,18170626,18170607,19
2020-04-26 14:15:02,kovan2,18170646,18170607,39
2020-04-26 14:16:25,kovan2,18170668,18170666,2
2020-04-26 14:17:59,kovan2,18170695,18170672,23
2020-04-26 14:19:46,kovan2,18170716,18170672,44
2020-04-26 14:21:08,kovan2,18170737,18170672,65
2020-04-26 14:22:31,kovan2,18170757,18170672,85
2020-04-26 14:23:53,kovan2,18170776,18170672,104
2020-04-26 14:25:15,kovan2,18170797,18170672,125
2020-04-26 14:26:37,kovan2,18170821,18170821,0
2020-04-26 14:28:12,kovan2,18170842,18170834,8
2020-04-26 14:29:35,kovan2,18170862,18170834,28
2020-04-26 14:30:57,kovan2,18170881,18170834,47
2020-04-26 14:32:19,kovan2,18170902,18170834,68
2020-04-26 14:33:41,kovan2,18170923,18170834,89
2020-04-26 14:35:04,kovan2,18170943,18170834,109
2020-04-26 14:36:26,kovan2,18170964,18170834,130
2020-04-26 14:37:48,kovan2,18170984,18170834,150
2020-04-26 14:39:10,kovan2,18171005,18170834,171
2020-04-26 14:40:32,kovan2,18171026,18170834,192
2020-04-26 14:41:54,kovan2,18171046,18170834,212
2020-04-26 14:43:18,kovan2,18171067,18170834,233
2020-04-26 14:44:40,kovan2,18171087,18170834,253
2020-04-26 14:46:02,kovan2,18171107,18170834,273
2020-04-26 14:47:24,kovan2,18171129,18170953,176
2020-04-26 14:48:47,kovan2,18171149,18171079,70
2020-04-26 14:50:09,kovan2,18171170,18171079,91
2020-04-26 14:51:31,kovan2,18171191,18171183,8
2020-04-26 14:52:58,kovan2,18171212,18171183,29
2020-04-26 14:54:20,kovan2,18171232,18171183,49
2020-04-26 14:55:42,kovan2,18171253,18171183,70
2020-04-26 14:57:04,kovan2,18171273,18171269,4
2020-04-26 14:58:29,kovan2,18171293,18171269,24
2020-04-26 14:59:52,kovan2,18171314,18171302,12
2020-04-26 15:01:14,kovan2,18171338,18171331,7
2020-04-26 15:02:50,kovan2,18171359,18171331,28
2020-04-26 15:04:13,kovan2,18171380,18171331,49
2020-04-26 15:05:36,kovan2,18171401,18171394,7
2020-04-26 15:07:01,kovan2,18171421,18171405,16
2020-04-26 15:08:25,kovan2,18171443,18171405,38
2020-04-26 15:09:47,kovan2,18171464,18171405,59
2020-04-26 15:11:10,kovan2,18171484,18171405,79
2020-04-26 15:12:32,kovan2,18171504,18171405,99
2020-04-26 15:13:55,kovan2,18171525,18171405,120
2020-04-26 15:15:17,kovan2,18171546,18171405,141
2020-04-26 15:16:39,kovan2,18171565,18171405,160
2020-04-26 15:18:02,kovan2,18171586,18171405,181
2020-04-26 15:19:24,kovan2,18171607,18171405,202
2020-04-26 15:20:47,kovan2,18171626,18171405,221
2020-04-26 15:22:10,kovan2,18171648,18171405,243
2020-04-26 15:23:32,kovan2,18171669,18171405,264
2020-04-26 15:25:00,kovan2,18171690,18171405,285
2020-04-26 15:26:22,kovan2,18171713,18171704,9
2020-04-26 15:27:52,kovan2,18171734,18171716,18
2020-04-26 15:29:16,kovan2,18171755,18171716,39
2020-04-26 15:30:38,kovan2,18171774,18171716,58
2020-04-26 15:32:00,kovan2,18171795,18171716,79
2020-04-26 15:33:28,kovan2,18171816,18171716,100
2020-04-26 15:34:51,kovan2,18171836,18171716,120
2020-04-26 15:36:14,kovan2,18171858,18171716,142
2020-04-26 15:37:41,kovan2,18171882,18171716,166
2020-04-26 15:39:16,kovan2,18171902,18171716,186
2020-04-26 15:40:38,kovan2,18171923,18171716,207
2020-04-26 15:42:00,kovan2,18171944,18171716,228
2020-04-26 15:43:24,kovan2,18171965,18171716,249
2020-04-26 15:44:46,kovan2,18171985,18171716,269
2020-04-26 15:46:08,kovan2,18172003,18171716,287
2020-04-26 15:47:31,kovan2,18172023,18171716,307
2020-04-26 15:48:54,kovan2,18172045,18172043,2
2020-04-26 15:50:18,kovan2,18172067,18172052,15
2020-04-26 15:51:48,kovan2,18172087,18172052,35
2020-04-26 15:53:12,kovan2,18172110,18172052,58
2020-04-26 15:54:38,kovan2,18172130,18172052,78
2020-04-26 15:56:00,kovan2,18172151,18172052,99
2020-04-26 15:57:24,kovan2,18172172,18172154,18
2020-04-26 15:58:50,kovan2,18172193,18172154,39
2020-04-26 16:00:12,kovan2,18172214,18172154,60
2020-04-26 16:01:34,kovan2,18172235,18172154,81
2020-04-26 16:02:59,kovan2,18172255,18172154,101
2020-04-26 16:04:21,kovan2,18172275,18172154,121
2020-04-26 16:05:43,kovan2,18172296,18172154,142
2020-04-26 16:07:06,kovan2,18172316,18172281,35
2020-04-26 16:08:28,kovan2,18172338,18172281,57
2020-04-26 16:09:50,kovan2,18172358,18172281,77
2020-04-26 16:11:12,kovan2,18172378,18172281,97
2020-04-26 16:12:35,kovan2,18172404,18172281,123
2020-04-26 16:14:17,kovan2,18172425,18172281,144
2020-04-26 16:15:39,kovan2,18172445,18172281,164
2020-04-26 16:17:01,kovan2,18172465,18172408,57
2020-04-26 16:18:24,kovan2,18172486,18172408,78
2020-04-26 16:19:46,kovan2,18172507,18172408,99
2020-04-26 16:21:08,kovan2,18172531,18172524,7
2020-04-26 16:22:44,kovan2,18172552,18172524,28
2020-04-26 16:24:07,kovan2,18172572,18172524,48
2020-04-26 16:25:29,kovan2,18172593,18172524,69
2020-04-26 16:26:51,kovan2,18172614,18172609,5
2020-04-26 16:28:15,kovan2,18172634,18172611,23
2020-04-26 16:29:37,kovan2,18172655,18172611,44
2020-04-26 16:30:59,kovan2,18172674,18172611,63
2020-04-26 16:32:21,kovan2,18172695,18172611,84
2020-04-26 16:33:44,kovan2,18172715,18172611,104
2020-04-26 16:35:06,kovan2,18172736,18172611,125
2020-04-26 16:36:28,kovan2,18172756,18172611,145
2020-04-26 16:37:50,kovan2,18172777,18172611,166
2020-04-26 16:39:12,kovan2,18172798,18172611,187
2020-04-26 16:40:35,kovan2,18172820,18172815,5
2020-04-26 16:42:04,kovan2,18172840,18172815,25
2020-04-26 16:43:27,kovan2,18172861,18172815,46
2020-04-26 16:44:49,kovan2,18172882,18172863,19
2020-04-26 16:46:11,kovan2,18172902,18172864,38
2020-04-26 16:47:34,kovan2,18172923,18172900,23
2020-04-26 16:48:57,kovan2,18172943,18172900,43
2020-04-26 16:50:19,kovan2,18172964,18172900,64
2020-04-26 16:51:41,kovan2,18172985,18172900,85
2020-04-26 16:53:03,kovan2,18173003,18172900,103
2020-04-26 16:54:26,kovan2,18173025,18172900,125
2020-04-26 16:55:53,kovan2,18173046,18172900,146
2020-04-26 16:57:16,kovan2,18173068,18172900,168
2020-04-26 16:58:41,kovan2,18173088,18172900,188
2020-04-26 17:00:04,kovan2,18173110,18172900,210
2020-04-26 17:01:31,kovan2,18173130,18173026,104
2020-04-26 17:02:53,kovan2,18173151,18173026,125
2020-04-26 17:04:15,kovan2,18173172,18173026,146
2020-04-26 17:05:38,kovan2,18173192,18173185,7
2020-04-26 17:07:02,kovan2,18173214,18173213,1
2020-04-26 17:08:30,kovan2,18173235,18173213,22
2020-04-26 17:09:52,kovan2,18173256,18173213,43
2020-04-26 17:11:15,kovan2,18173276,18173213,63
2020-04-26 17:12:37,kovan2,18173297,18173213,84
2020-04-26 17:14:00,kovan2,18173317,18173213,104
2020-04-26 17:15:22,kovan2,18173337,18173322,15
2020-04-26 17:16:45,kovan2,18173358,18173322,36
2020-04-26 17:18:07,kovan2,18173377,18173322,55
2020-04-26 17:19:29,kovan2,18173398,18173322,76
2020-04-26 17:20:52,kovan2,18173419,18173322,97
2020-04-26 17:22:14,kovan2,18173438,18173322,116
2020-04-26 17:23:38,kovan2,18173461,18173322,139
2020-04-26 17:25:08,kovan2,18173482,18173322,160
2020-04-26 17:26:31,kovan2,18173501,18173322,179
2020-04-26 17:27:54,kovan2,18173521,18173322,199
2020-04-26 17:29:16,kovan2,18173541,18173322,219
2020-04-26 17:30:39,kovan2,18173560,18173322,238
2020-04-26 17:32:02,kovan2,18173581,18173322,259
2020-04-26 17:33:25,kovan2,18173602,18173322,280
2020-04-26 17:34:47,kovan2,18173622,18173322,300
2020-04-26 17:36:09,kovan2,18173642,18173322,320
2020-04-26 17:37:31,kovan2,18173663,18173322,341
2020-04-26 17:38:54,kovan2,18173684,18173322,362
2020-04-26 17:40:17,kovan2,18173705,18173322,383
2020-04-26 17:41:45,kovan2,18173731,18173574,157
2020-04-26 17:43:28,kovan2,18173752,18173574,178
2020-04-26 17:44:50,kovan2,18173772,18173574,198
2020-04-26 17:46:13,kovan2,18173793,18173574,219
2020-04-26 17:47:35,kovan2,18173813,18173574,239
2020-04-26 17:48:58,kovan2,18173834,18173574,260
2020-04-26 17:50:20,kovan2,18173853,18173574,279
2020-04-26 17:51:42,kovan2,18173874,18173574,300
2020-04-26 17:53:04,kovan2,18173894,18173574,320
2020-04-26 17:54:26,kovan2,18173915,18173574,341
2020-04-26 17:55:49,kovan2,18173936,18173574,362
2020-04-26 17:57:11,kovan2,18173956,18173574,382
2020-04-26 17:58:33,kovan2,18173977,18173574,403
2020-04-26 17:59:55,kovan2,18173997,18173574,423
2020-04-26 18:01:17,kovan2,18174018,18173574,444
2020-04-26 18:02:39,kovan2,18174038,18173574,464
2020-04-26 18:04:01,kovan2,18174058,18173574,484
2020-04-26 18:05:25,kovan2,18174079,18173574,505
2020-04-26 18:06:49,kovan2,18174100,18173574,526
2020-04-26 18:08:12,kovan2,18174120,18173574,546
2020-04-26 18:09:34,kovan2,18174141,18173574,567
2020-04-26 18:10:57,kovan2,18174161,18173574,587
2020-04-26 18:12:18,kovan2,18174182,18173574,608
2020-04-26 18:13:42,kovan2,18174203,18173574,629
2020-04-26 18:15:05,kovan2,18174223,18173574,649
2020-04-26 18:16:29,kovan2,18174243,18173574,669
2020-04-26 18:17:51,kovan2,18174261,18173574,687
2020-04-26 18:19:13,kovan2,18174281,18173574,707
2020-04-26 18:20:36,kovan2,18174300,18173574,726
2020-04-26 18:21:58,kovan2,18174321,18173574,747
2020-04-26 18:23:21,kovan2,18174342,18173574,768
2020-04-26 18:24:43,kovan2,18174362,18173574,788
2020-04-26 18:26:05,kovan2,18174383,18173574,809
2020-04-26 18:27:27,kovan2,18174404,18173574,830
2020-04-26 18:28:49,kovan2,18174424,18173827,597
2020-04-26 18:30:12,kovan2,18174444,18174441,3
2020-04-26 18:31:36,kovan2,18174464,18174441,23
2020-04-26 18:32:59,kovan2,18174485,18174441,44
2020-04-26 18:34:21,kovan2,18174506,18174441,65
2020-04-26 18:35:43,kovan2,18174529,18174525,4
2020-04-26 18:37:16,kovan2,18174549,18174525,24
2020-04-26 18:38:38,kovan2,18174570,18174525,45
2020-04-26 18:40:01,kovan2,18174591,18174525,66
2020-04-26 18:41:23,kovan2,18174611,18174611,0
2020-04-26 18:42:45,kovan2,18174632,18174612,20
2020-04-26 18:44:07,kovan2,18174652,18174612,40
2020-04-26 18:45:29,kovan2,18174672,18174631,41
2020-04-26 18:46:55,kovan2,18174693,18174631,62
2020-04-26 18:48:17,kovan2,18174715,18174631,84
2020-04-26 18:49:42,kovan2,18174735,18174631,104
2020-04-26 18:51:05,kovan2,18174756,18174631,125
2020-04-26 18:52:29,kovan2,18174782,18174631,151
2020-04-26 18:54:12,kovan2,18174802,18174631,171
2020-04-26 18:55:35,kovan2,18174826,18174631,195
2020-04-26 18:57:06,kovan2,18174849,18174631,218
2020-04-26 18:58:41,kovan2,18174870,18174631,239
2020-04-26 19:00:05,kovan2,18174891,18174631,260
2020-04-26 19:01:29,kovan2,18174912,18174631,281
2020-04-26 19:02:54,kovan2,18174935,18174631,304
2020-04-26 19:04:26,kovan2,18174956,18174631,325
2020-04-26 19:05:50,kovan2,18174978,18174631,347
2020-04-26 19:07:13,kovan2,18175001,18174631,370
2020-04-26 19:08:46,kovan2,18175022,18174631,391
2020-04-26 19:10:13,kovan2,18175047,18174631,416
2020-04-26 19:11:55,kovan2,18175070,18174631,439
2020-04-26 19:13:24,kovan2,18175092,18174631,461
2020-04-26 19:14:52,kovan2,18175113,18174631,482
2020-04-26 19:16:15,kovan2,18175134,18174631,503
2020-04-26 19:17:43,kovan2,18175159,18174631,528
2020-04-26 19:19:21,kovan2,18175179,18174631,548
2020-04-26 19:20:43,kovan2,18175201,18174631,570
2020-04-26 19:22:08,kovan2,18175225,18174631,594
2020-04-26 19:23:42,kovan2,18175245,18174631,614
2020-04-26 19:25:05,kovan2,18175266,18174631,635
2020-04-26 19:26:28,kovan2,18175287,18174631,656
2020-04-26 19:27:52,kovan2,18175309,18174631,678
2020-04-26 19:29:26,kovan2,18175330,18174631,699
2020-04-26 19:30:50,kovan2,18175349,18174631,718
2020-04-26 19:32:13,kovan2,18175373,18174631,742
2020-04-26 19:33:46,kovan2,18175394,18174631,763
2020-04-26 19:35:11,kovan2,18175415,18174631,784
2020-04-26 19:36:34,kovan2,18175437,18174631,806
2020-04-26 19:38:02,kovan2,18175460,18174631,829
2020-04-26 19:39:37,kovan2,18175482,18174631,851
2020-04-26 19:41:02,kovan2,18175503,18174631,872
2020-04-26 19:42:27,kovan2,18175528,18174631,897
2020-04-26 19:44:11,kovan2,18175555,18174631,924
2020-04-26 19:46:03,kovan2,18175593,18174631,962
2020-04-26 19:48:37,kovan2,18175615,18174631,984
2020-04-26 19:50:07,kovan2,18175636,18174631,1005
2020-04-26 19:51:29,kovan2,18175657,18174631,1026
2020-04-26 19:52:53,kovan2,18175681,18174631,1050
2020-04-26 19:54:30,kovan2,18175706,18174631,1075
2020-04-26 19:56:09,kovan2,18175727,18174631,1096
2020-04-26 19:57:32,kovan2,18175749,18174631,1118
2020-04-26 19:59:02,kovan2,18175771,18174631,1140
2020-04-26 20:00:26,kovan2,18175792,18174631,1161
2020-04-26 20:01:53,kovan2,18175815,18174631,1184
2020-04-26 20:03:23,kovan2,18175837,18174631,1206
2020-04-26 20:04:55,kovan2,18175860,18174631,1229
2020-04-26 20:06:27,kovan2,18175882,18174631,1251
2020-04-26 20:07:51,kovan2,18175904,18174631,1273
2020-04-26 20:09:22,kovan2,18175926,18174631,1295
2020-04-26 20:10:48,kovan2,18175947,18174631,1316
2020-04-26 20:12:11,kovan2,18175968,18174631,1337
2020-04-26 20:13:40,kovan2,18175991,18174631,1360
2020-04-26 20:15:12,kovan2,18176012,18174631,1381
2020-04-26 20:16:40,kovan2,18176033,18174753,1280
2020-04-26 20:18:03,kovan2,18176058,18174753,1305
2020-04-26 20:19:46,kovan2,18176080,18174753,1327
2020-04-26 20:21:10,kovan2,18176101,18174753,1348
2020-04-26 20:22:37,kovan2,18176125,18174753,1372
2020-04-26 20:24:11,kovan2,18176145,18174753,1392
2020-04-26 20:25:34,kovan2,18176165,18174753,1412
2020-04-26 20:26:56,kovan2,18176187,18174753,1434
2020-04-26 20:28:28,kovan2,18176209,18174753,1456
2020-04-26 20:29:58,kovan2,18176233,18174753,1480
2020-04-26 20:31:38,kovan2,18176260,18174753,1507
2020-04-26 20:33:27,kovan2,18176290,18174753,1537
2020-04-26 20:35:23,kovan2,18176311,18174753,1558
2020-04-26 20:36:46,kovan2,18176331,18174753,1578
2020-04-26 20:38:09,kovan2,18176353,18174753,1600
2020-04-26 20:39:35,kovan2,18176374,18174753,1621
2020-04-26 20:41:04,kovan2,18176400,18174753,1647
2020-04-26 20:42:44,kovan2,18176422,18174753,1669
2020-04-26 20:44:12,kovan2,18176443,18174753,1690
2020-04-26 20:45:39,kovan2,18176465,18174753,1712
2020-04-26 20:47:03,kovan2,18176489,18174753,1736
2020-04-26 20:48:40,kovan2,18176510,18174753,1757
2020-04-26 20:50:05,kovan2,18176531,18174753,1778
2020-04-26 20:51:30,kovan2,18176554,18174753,1801
2020-04-26 20:53:00,kovan2,18176577,18174753,1824
2020-04-26 20:54:35,kovan2,18176599,18174753,1846
2020-04-26 20:55:59,kovan2,18176619,18174753,1866
2020-04-26 20:57:24,kovan2,18176648,18174753,1895
2020-04-26 20:59:16,kovan2,18176667,18174753,1914
2020-04-26 21:00:40,kovan2,18176688,18174753,1935
2020-04-26 21:03:43,kovan2,18176736,18174753,1983
2020-04-26 21:05:23,kovan2,18176761,18176761,0
2020-04-26 21:07:00,kovan2,18176805,18176778,27
2020-04-26 21:09:57,kovan2,18176826,18176778,48
2020-04-26 21:11:26,kovan2,18176848,18176778,70
2020-04-26 21:12:56,kovan2,18176871,18176778,93
2020-04-26 21:14:29,kovan2,18176894,18176778,116
2020-04-26 21:16:00,kovan2,18176916,18176900,16
2020-04-26 21:17:29,kovan2,18176945,18176928,17
2020-04-26 21:19:26,kovan2,18176966,18176928,38
2020-04-26 21:20:52,kovan2,18176988,18176928,60
2020-04-26 21:22:23,kovan2,18177012,18176928,84
2020-04-26 21:24:00,kovan2,18177034,18176928,106
2020-04-26 21:25:27,kovan2,18177057,18176928,129
2020-04-26 21:26:55,kovan2,18177078,18176928,150
2020-04-26 21:28:19,kovan2,18177103,18177079,24
2020-04-26 21:30:01,kovan2,18177125,18177119,6
2020-04-26 21:31:30,kovan2,18177146,18177119,27
2020-04-26 21:33:00,kovan2,18177173,18177173,0
2020-04-26 21:34:44,kovan2,18177196,18177192,4
2020-04-26 21:36:15,kovan2,18177217,18177217,0
2020-04-26 21:37:40,kovan2,18177241,18177228,13
2020-04-26 21:39:17,kovan2,18177263,18177228,35
2020-04-26 21:40:47,kovan2,18177288,18177228,60
2020-04-26 21:42:24,kovan2,18177308,18177309,-1
2020-04-26 21:43:47,kovan2,18177333,18177324,9
2020-04-26 21:45:28,kovan2,18177353,18177324,29
2020-04-26 21:46:51,kovan2,18177377,18177324,53
2020-04-26 21:48:24,kovan2,18177401,18177324,77
2020-04-26 21:50:02,kovan2,18177422,18177324,98
2020-04-26 21:51:24,kovan2,18177443,18177324,119
2020-04-26 21:52:51,kovan2,18177474,18177324,150
2020-04-26 21:54:52,kovan2,18177506,18177324,182
2020-04-26 21:56:57,kovan2,18177528,18177324,204
2020-04-26 21:58:30,kovan2,18177552,18177324,228
2020-04-26 22:00:05,kovan2,18177574,18177324,250
2020-04-26 22:01:36,kovan2,18177596,18177324,272
2020-04-26 22:03:03,kovan2,18177620,18177576,44
2020-04-26 22:04:42,kovan2,18177644,18177576,68
2020-04-26 22:06:17,kovan2,18177667,18177576,91
2020-04-26 22:07:48,kovan2,18177692,18177576,116
2020-04-26 22:09:32,kovan2,18177714,18177576,138
2020-04-26 22:10:56,kovan2,18177737,18177576,161
2020-04-26 22:12:29,kovan2,18177758,18177576,182
2020-04-26 22:13:54,kovan2,18177786,18177702,84
2020-04-26 22:15:45,kovan2,18177805,18177702,103
2020-04-26 22:17:11,kovan2,18177828,18177702,126
2020-04-26 22:18:42,kovan2,18177853,18177702,151
2020-04-26 22:20:22,kovan2,18177878,18177827,51
2020-04-26 22:22:01,kovan2,18177900,18177827,73
2020-04-26 22:23:29,kovan2,18177927,18177919,8
2020-04-26 22:25:15,kovan2,18177948,18177919,29
2020-04-26 22:26:48,kovan2,18177971,18177919,52
2020-04-26 22:28:19,kovan2,18177994,18177919,75
2020-04-26 22:29:51,kovan2,18178016,18177919,97
2020-04-26 22:31:21,kovan2,18178035,18177919,116
2020-04-26 22:32:45,kovan2,18178060,18177919,141
2020-04-26 22:34:23,kovan2,18178083,18177919,164
2020-04-26 22:35:54,kovan2,18178104,18177919,185
2020-04-26 22:37:20,kovan2,18178125,18177919,206
2020-04-26 22:38:46,kovan2,18178151,18178042,109
2020-04-26 22:40:30,kovan2,18178172,18178042,130
2020-04-26 22:41:59,kovan2,18178195,18178042,153
2020-04-26 22:43:27,kovan2,18178217,18178198,19
2020-04-26 22:44:59,kovan2,18178240,18178198,42
2020-04-26 22:46:35,kovan2,18178264,18178239,25
2020-04-26 22:48:14,kovan2,18178287,18178239,48
2020-04-26 22:49:45,kovan2,18178310,18178294,16
2020-04-26 22:51:18,kovan2,18178331,18178332,-1
2020-04-26 22:52:46,kovan2,18178354,18178332,22
2020-04-26 22:54:21,kovan2,18178375,18178332,43
2020-04-26 22:55:44,kovan2,18178396,18178391,5
2020-04-26 22:57:12,kovan2,18178418,18178410,8
2020-04-26 22:58:43,kovan2,18178442,18178410,32
2020-04-26 23:00:15,kovan2,18178464,18178410,54
2020-04-26 23:01:47,kovan2,18178485,18178474,11
2020-04-26 23:03:12,kovan2,18178509,18178474,35
2020-04-26 23:04:46,kovan2,18178533,18178474,59
2020-04-26 23:06:26,kovan2,18178554,18178474,80
2020-04-26 23:07:53,kovan2,18178578,18178474,104
2020-04-26 23:09:26,kovan2,18178600,18178474,126
2020-04-26 23:10:59,kovan2,18178620,18178610,10
2020-04-26 23:12:26,kovan2,18178641,18178610,31
2020-04-26 23:13:51,kovan2,18178664,18178610,54
2020-04-26 23:15:18,kovan2,18178683,18178610,73
2020-04-26 23:16:42,kovan2,18178705,18178610,95
2020-04-26 23:18:09,kovan2,18178729,18178713,16
2020-04-26 23:19:43,kovan2,18178750,18178713,37
2020-04-26 23:21:10,kovan2,18178771,18178713,58
2020-04-26 23:22:34,kovan2,18178794,18178774,20
2020-04-26 23:24:07,kovan2,18178817,18178774,43
2020-04-26 23:25:36,kovan2,18178838,18178774,64
2020-04-26 23:27:05,kovan2,18178859,18178774,85
2020-04-26 23:28:30,kovan2,18178883,18178872,11
2020-04-26 23:30:07,kovan2,18178905,18178872,33
2020-04-26 23:31:38,kovan2,18178931,18178873,58
2020-04-26 23:33:19,kovan2,18178954,18178873,81
2020-04-26 23:34:52,kovan2,18178974,18178873,101
2020-04-26 23:36:15,kovan2,18178994,18178978,16
2020-04-26 23:37:37,kovan2,18179021,18178978,43
2020-04-26 23:39:24,kovan2,18179043,18178978,65
2020-04-26 23:40:51,kovan2,18179064,18178978,86
2020-04-26 23:42:21,kovan2,18179085,18179071,14
2020-04-26 23:43:45,kovan2,18179107,18179071,36
2020-04-26 23:45:13,kovan2,18179128,18179129,-1
2020-04-26 23:46:42,kovan2,18179149,18179130,19
2020-04-26 23:48:06,kovan2,18179178,18179150,28
2020-04-26 23:50:00,kovan2,18179201,18179150,51
2020-04-26 23:51:32,kovan2,18179221,18179150,71
2020-04-26 23:52:55,kovan2,18179249,18179238,11
2020-04-26 23:54:44,kovan2,18179270,18179238,32
2020-04-26 23:56:10,kovan2,18179292,18179238,54
2020-04-26 23:57:40,kovan2,18179314,18179238,76
2020-04-26 23:59:10,kovan2,18179337,18179238,99
2020-04-27 00:00:42,kovan2,18179359,18179344,15
2020-04-27 00:02:13,kovan2,18179379,18179377,2
2020-04-27 00:03:36,kovan2,18179403,18179377,26
2020-04-27 00:05:10,kovan2,18179424,18179377,47
2020-04-27 00:06:34,kovan2,18179445,18179377,68
2020-04-27 00:07:59,kovan2,18179469,18179377,92
2020-04-27 00:09:33,kovan2,18179490,18179377,113
2020-04-27 00:10:55,kovan2,18179510,18179377,133
2020-04-27 00:12:19,kovan2,18179530,18179377,153
2020-04-27 00:13:42,kovan2,18179553,18179377,176
2020-04-27 00:15:13,kovan2,18179573,18179377,196
2020-04-27 00:16:35,kovan2,18179594,18179377,217
2020-04-27 00:17:59,kovan2,18179617,18179377,240
2020-04-27 00:19:30,kovan2,18179637,18179377,260
2020-04-27 00:20:53,kovan2,18179659,18179655,4
2020-04-27 00:22:24,kovan2,18179680,18179655,25
2020-04-27 00:23:48,kovan2,18179702,18179655,47
2020-04-27 00:25:18,kovan2,18179722,18179655,67
2020-04-27 00:26:43,kovan2,18179743,18179655,88
2020-04-27 00:28:06,kovan2,18179766,18179655,111
2020-04-27 00:29:42,kovan2,18179786,18179655,131
2020-04-27 00:31:04,kovan2,18179805,18179655,150
2020-04-27 00:32:27,kovan2,18179827,18179655,172
2020-04-27 00:33:51,kovan2,18179848,18179655,193
2020-04-27 00:35:20,kovan2,18179869,18179655,214
2020-04-27 00:36:43,kovan2,18179891,18179655,236
2020-04-27 00:38:10,kovan2,18179915,18179655,260
2020-04-27 00:39:43,kovan2,18179936,18179655,281
2020-04-27 00:41:07,kovan2,18179956,18179655,301
2020-04-27 00:42:29,kovan2,18179977,18179655,322
2020-04-27 00:43:52,kovan2,18180002,18179655,347
2020-04-27 00:45:34,kovan2,18180025,18179655,370
2020-04-27 00:47:10,kovan2,18180047,18179655,392
2020-04-27 00:48:36,kovan2,18180070,18179655,415
2020-04-27 00:50:10,kovan2,18180092,18179782,310
2020-04-27 00:51:37,kovan2,18180117,18179782,335
2020-04-27 00:53:16,kovan2,18180143,18179782,361
2020-04-27 00:55:01,kovan2,18180165,18179782,383
2020-04-27 00:56:28,kovan2,18180187,18179782,405
2020-04-27 00:57:55,kovan2,18180211,18179782,429
2020-04-27 00:59:35,kovan2,18180234,18179782,452
2020-04-27 01:01:06,kovan2,18180256,18179782,474
2020-04-27 01:02:34,kovan2,18180278,18179782,496
2020-04-27 01:04:03,kovan2,18180300,18179782,518
2020-04-27 01:05:33,kovan2,18180321,18179782,539
2020-04-27 01:06:55,kovan2,18180342,18180163,179
2020-04-27 01:08:19,kovan2,18180364,18180163,201
2020-04-27 01:09:51,kovan2,18180385,18180163,222
2020-04-27 01:11:13,kovan2,18180406,18180163,243
2020-04-27 01:12:36,kovan2,18180433,18180163,270
2020-04-27 01:14:26,kovan2,18180457,18180163,294
2020-04-27 01:16:03,kovan2,18180484,18180163,321
2020-04-27 01:17:48,kovan2,18180507,18180163,344
2020-04-27 01:19:23,kovan2,18180528,18180163,365
2020-04-27 01:20:46,kovan2,18180549,18180288,261
2020-04-27 01:22:18,kovan2,18180570,18180415,155
2020-04-27 01:23:43,kovan2,18180594,18180415,179
2020-04-27 01:25:18,kovan2,18180615,18180415,200
2020-04-27 01:26:44,kovan2,18180639,18180415,224
2020-04-27 01:28:19,kovan2,18180666,18180415,251
2020-04-27 01:30:07,kovan2,18180688,18180415,273
2020-04-27 01:31:41,kovan2,18180708,18180415,293
2020-04-27 01:33:03,kovan2,18180731,18180415,316
2020-04-27 01:34:36,kovan2,18180753,18180415,338
2020-04-27 01:35:59,kovan2,18180774,18180415,359
2020-04-27 01:37:26,kovan2,18180796,18180415,381
2020-04-27 01:38:57,kovan2,18180821,18180415,406
2020-04-27 01:40:38,kovan2,18180844,18180542,302
2020-04-27 01:42:11,kovan2,18180869,18180669,200
2020-04-27 01:43:48,kovan2,18180892,18180669,223
2020-04-27 01:45:22,kovan2,18180914,18180669,245
2020-04-27 01:46:55,kovan2,18180938,18180669,269
2020-04-27 01:48:25,kovan2,18180960,18180669,291
2020-04-27 01:49:57,kovan2,18180982,18180669,313
2020-04-27 01:51:24,kovan2,18181010,18180669,341
2020-04-27 01:53:15,kovan2,18181035,18180669,366
2020-04-27 01:54:56,kovan2,18181057,18180669,388
2020-04-27 01:56:23,kovan2,18181078,18180793,285
2020-04-27 01:57:51,kovan2,18181102,18180793,309
2020-04-27 01:59:26,kovan2,18181122,18180793,329
2020-04-27 02:00:48,kovan2,18181144,18180793,351
2020-04-27 02:02:13,kovan2,18181172,18180793,379
2020-04-27 02:04:13,kovan2,18181194,18180793,401
2020-04-27 02:05:39,kovan2,18181213,18180793,420
2020-04-27 02:07:04,kovan2,18181244,18180793,451
2020-04-27 02:09:05,kovan2,18181267,18180793,474
2020-04-27 02:10:39,kovan2,18181291,18180793,498
2020-04-27 02:12:24,kovan2,18181325,18180917,408
2020-04-27 02:14:35,kovan2,18181345,18180917,428
2020-04-27 02:15:59,kovan2,18181366,18180917,449
2020-04-27 02:17:22,kovan2,18181387,18180917,470
2020-04-27 02:18:46,kovan2,18181411,18180917,494
2020-04-27 02:20:20,kovan2,18181433,18180917,516
2020-04-27 02:21:51,kovan2,18181463,18180917,546
2020-04-27 02:23:48,kovan2,18181487,18180917,570
2020-04-27 02:25:26,kovan2,18181508,18180917,591
2020-04-27 02:26:49,kovan2,18181533,18180917,616
2020-04-27 02:28:29,kovan2,18181558,18180917,641
2020-04-27 02:30:12,kovan2,18181579,18181169,410
2020-04-27 02:31:38,kovan2,18181603,18181169,434
2020-04-27 02:33:10,kovan2,18181625,18181169,456
2020-04-27 02:34:42,kovan2,18181645,18181169,476
2020-04-27 02:36:04,kovan2,18181671,18181169,502
2020-04-27 02:37:43,kovan2,18181694,18181169,525
2020-04-27 02:39:18,kovan2,18181715,18181169,546
2020-04-27 02:40:41,kovan2,18181736,18181169,567
2020-04-27 02:42:07,kovan2,18181757,18181296,461
2020-04-27 02:43:33,kovan2,18181781,18181296,485
2020-04-27 02:45:08,kovan2,18181801,18181296,505
2020-04-27 02:46:31,kovan2,18181823,18181296,527
2020-04-27 02:47:59,kovan2,18181847,18181296,551
2020-04-27 02:49:36,kovan2,18181868,18181296,572
2020-04-27 02:51:00,kovan2,18181889,18181550,339
2020-04-27 02:52:30,kovan2,18181915,18181550,365
2020-04-27 02:54:12,kovan2,18181939,18181550,389
2020-04-27 02:55:46,kovan2,18181959,18181550,409
2020-04-27 02:57:09,kovan2,18181987,18181677,310
2020-04-27 02:58:59,kovan2,18182010,18181677,333
2020-04-27 03:00:34,kovan2,18182031,18181677,354
2020-04-27 03:02:00,kovan2,18182051,18181677,374
2020-04-27 03:03:27,kovan2,18182075,18181804,271
2020-04-27 03:04:59,kovan2,18182097,18181804,293
2020-04-27 03:06:33,kovan2,18182126,18182058,68
2020-04-27 03:08:30,kovan2,18182152,18182058,94
2020-04-27 03:10:12,kovan2,18182173,18182058,115
2020-04-27 03:11:36,kovan2,18182195,18182058,137
2020-04-27 03:13:03,kovan2,18182220,18182058,162
2020-04-27 03:14:45,kovan2,18182240,18182058,182
2020-04-27 03:16:12,kovan2,18182258,18182058,200
2020-04-27 03:17:35,kovan2,18182288,18182183,105
2020-04-27 03:19:33,kovan2,18182310,18182183,127
2020-04-27 03:21:00,kovan2,18182332,18182183,149
2020-04-27 03:22:27,kovan2,18182353,18182183,170
2020-04-27 03:23:50,kovan2,18182375,18182183,192
2020-04-27 03:25:21,kovan2,18182403,18182183,220
2020-04-27 03:27:11,kovan2,18182426,18182309,117
2020-04-27 03:28:46,kovan2,18182449,18182309,140
2020-04-27 03:30:15,kovan2,18182469,18182309,160
2020-04-27 03:31:43,kovan2,18182492,18182486,6
2020-04-27 03:33:13,kovan2,18182518,18182486,32
2020-04-27 03:35:00,kovan2,18182540,18182486,54
2020-04-27 03:36:27,kovan2,18182562,18182486,76
2020-04-27 03:37:58,kovan2,18182587,18182486,101
2020-04-27 03:39:37,kovan2,18182608,18182486,122
2020-04-27 03:40:59,kovan2,18182627,18182486,141
2020-04-27 03:42:22,kovan2,18182649,18182486,163
2020-04-27 03:43:47,kovan2,18182672,18182486,186
2020-04-27 03:45:20,kovan2,18182691,18182486,205
2020-04-27 03:46:43,kovan2,18182713,18182486,227
2020-04-27 03:48:08,kovan2,18182735,18182486,249
2020-04-27 03:49:41,kovan2,18182758,18182486,272
2020-04-27 03:51:13,kovan2,18182788,18182486,302
2020-04-27 03:53:17,kovan2,18182812,18182486,326
2020-04-27 03:54:56,kovan2,18182834,18182486,348
2020-04-27 03:56:25,kovan2,18182856,18182486,370
2020-04-27 03:57:53,kovan2,18182881,18182486,395
2020-04-27 03:59:32,kovan2,18182902,18182486,416
2020-04-27 04:00:57,kovan2,18182925,18182486,439
2020-04-27 04:02:34,kovan2,18182952,18182486,466
2020-04-27 04:04:23,kovan2,18182979,18182486,493
2020-04-27 04:06:11,kovan2,18183003,18182486,517
2020-04-27 04:07:44,kovan2,18183027,18182486,541
2020-04-27 04:09:21,kovan2,18183051,18182486,565
2020-04-27 04:10:56,kovan2,18183075,18182486,589
2020-04-27 04:12:33,kovan2,18183100,18182486,614
2020-04-27 04:14:15,kovan2,18183126,18182486,640
2020-04-27 04:15:59,kovan2,18183153,18182486,667
2020-04-27 04:17:44,kovan2,18183179,18182486,693
2020-04-27 04:19:27,kovan2,18183204,18182486,718
2020-04-27 04:21:08,kovan2,18183229,18182486,743
2020-04-27 04:22:47,kovan2,18183253,18182486,767
2020-04-27 04:24:26,kovan2,18183275,18182486,789
2020-04-27 04:25:54,kovan2,18183297,18182486,811
2020-04-27 04:27:24,kovan2,18183322,18182486,836
2020-04-27 04:29:02,kovan2,18183349,18182486,863
2020-04-27 04:30:48,kovan2,18183376,18182486,890
2020-04-27 04:32:38,kovan2,18183399,18182486,913
2020-04-27 04:34:11,kovan2,18183424,18182486,938
2020-04-27 04:35:50,kovan2,18183445,18182486,959
2020-04-27 04:37:12,kovan2,18183466,18182486,980
2020-04-27 04:38:37,kovan2,18183491,18182486,1005
2020-04-27 04:40:17,kovan2,18183512,18182486,1026
2020-04-27 04:41:41,kovan2,18183536,18182486,1050
2020-04-27 04:43:13,kovan2,18183560,18182486,1074
2020-04-27 04:44:54,kovan2,18183588,18182604,984
2020-04-27 04:46:46,kovan2,18183608,18182613,995
2020-04-27 04:48:10,kovan2,18183635,18182732,903
2020-04-27 04:49:58,kovan2,18183655,18182732,923
2020-04-27 04:51:23,kovan2,18183677,18182732,945
2020-04-27 04:52:52,kovan2,18183702,18182732,970
2020-04-27 04:54:31,kovan2,18183724,18182732,992
2020-04-27 04:56:02,kovan2,18183745,18182732,1013
2020-04-27 04:57:25,kovan2,18183765,18182732,1033
2020-04-27 04:58:51,kovan2,18183790,18182732,1058
2020-04-27 05:00:30,kovan2,18183811,18182732,1079
2020-04-27 05:01:55,kovan2,18183832,18182732,1100
2020-04-27 05:03:20,kovan2,18183856,18182732,1124
2020-04-27 05:04:56,kovan2,18183877,18182732,1145
2020-04-27 05:06:20,kovan2,18183902,18182985,917
2020-04-27 05:08:03,kovan2,18183926,18182985,941
2020-04-27 05:09:40,kovan2,18183947,18182985,962
2020-04-27 05:11:04,kovan2,18183968,18182985,983
2020-04-27 05:12:30,kovan2,18183994,18182985,1009
2020-04-27 05:14:12,kovan2,18184022,18182985,1037
2020-04-27 05:16:03,kovan2,18184045,18183110,935
2020-04-27 05:17:37,kovan2,18184071,18183237,834
2020-04-27 05:19:18,kovan2,18184093,18183237,856
2020-04-27 05:20:54,kovan2,18184115,18183237,878
2020-04-27 05:22:19,kovan2,18184135,18183237,898
2020-04-27 05:23:47,kovan2,18184158,18183237,921
2020-04-27 05:25:19,kovan2,18184182,18183237,945
2020-04-27 05:26:54,kovan2,18184204,18183237,967
2020-04-27 05:28:24,kovan2,18184227,18183237,990
2020-04-27 05:29:56,kovan2,18184254,18183237,1017
2020-04-27 05:31:47,kovan2,18184275,18183237,1038
2020-04-27 05:33:13,kovan2,18184299,18183237,1062
2020-04-27 05:34:50,kovan2,18184320,18183237,1083
2020-04-27 05:36:12,kovan2,18184342,18183237,1105
2020-04-27 05:37:39,kovan2,18184366,18183237,1129
2020-04-27 05:39:20,kovan2,18184390,18183237,1153
2020-04-27 05:40:53,kovan2,18184411,18183237,1174
2020-04-27 05:42:16,kovan2,18184432,18183237,1195
2020-04-27 05:43:39,kovan2,18184455,18183237,1218
2020-04-27 05:45:14,kovan2,18184477,18183237,1240
2020-04-27 05:46:44,kovan2,18184499,18183237,1262
2020-04-27 05:48:14,kovan2,18184525,18183237,1288
2020-04-27 05:49:57,kovan2,18184547,18183237,1310
2020-04-27 05:51:27,kovan2,18184569,18183237,1332
2020-04-27 05:52:52,kovan2,18184593,18183237,1356
2020-04-27 05:54:27,kovan2,18184615,18183237,1378
2020-04-27 05:55:56,kovan2,18184639,18183362,1277
2020-04-27 05:57:34,kovan2,18184665,18183362,1303
2020-04-27 05:59:16,kovan2,18184688,18183362,1326
2020-04-27 06:00:46,kovan2,18184708,18183362,1346
2020-04-27 06:02:14,kovan2,18184731,18183490,1241
2020-04-27 06:03:43,kovan2,18184755,18183616,1139
2020-04-27 06:05:18,kovan2,18184775,18183616,1159
2020-04-27 06:06:44,kovan2,18184804,18183616,1188
2020-04-27 06:08:40,kovan2,18184827,18183616,1211
2020-04-27 06:10:11,kovan2,18184849,18183616,1233
2020-04-27 06:11:43,kovan2,18184870,18183616,1254
2020-04-27 06:13:07,kovan2,18184894,18183616,1278
2020-04-27 06:14:41,kovan2,18184915,18183616,1299
2020-04-27 06:16:06,kovan2,18184937,18183616,1321
2020-04-27 06:17:30,kovan2,18184957,18183616,1341
2020-04-27 06:18:53,kovan2,18184982,18183616,1366
2020-04-27 06:20:34,kovan2,18185004,18183616,1388
2020-04-27 06:22:01,kovan2,18185026,18183616,1410
2020-04-27 06:23:25,kovan2,18185051,18183616,1435
2020-04-27 06:25:11,kovan2,18185075,18183616,1459
2020-04-27 06:26:46,kovan2,18185097,18183616,1481
2020-04-27 06:28:12,kovan2,18185121,18183616,1505
2020-04-27 06:29:50,kovan2,18185143,18183616,1527
2020-04-27 06:31:14,kovan2,18185163,18183616,1547
2020-04-27 06:32:41,kovan2,18185187,18183616,1571
2020-04-27 06:34:16,kovan2,18185210,18183616,1594
2020-04-27 06:35:48,kovan2,18185232,18183868,1364
2020-04-27 06:37:16,kovan2,18185254,18183868,1386
2020-04-27 06:38:46,kovan2,18185278,18183868,1410
2020-04-27 06:40:21,kovan2,18185300,18183868,1432
2020-04-27 06:41:48,kovan2,18185323,18183868,1455
2020-04-27 06:43:25,kovan2,18185351,18183868,1483
2020-04-27 06:45:17,kovan2,18185374,18183868,1506
2020-04-27 06:46:54,kovan2,18185397,18183868,1529
2020-04-27 06:48:25,kovan2,18185420,18183868,1552
2020-04-27 06:49:56,kovan2,18185444,18183868,1576
2020-04-27 06:51:32,kovan2,18185465,18183868,1597
2020-04-27 06:52:55,kovan2,18185489,18183868,1621
2020-04-27 06:54:31,kovan2,18185511,18183868,1643
2020-04-27 06:56:01,kovan2,18185532,18183868,1664
2020-04-27 06:57:27,kovan2,18185554,18183868,1686
2020-04-27 06:58:51,kovan2,18185578,18183868,1710
2020-04-27 07:00:29,kovan2,18185599,18183868,1731
2020-04-27 07:01:52,kovan2,18185624,18183868,1756
2020-04-27 07:03:33,kovan2,18185652,18183868,1784
2020-04-27 07:05:26,kovan2,18185673,18183868,1805
2020-04-27 07:06:50,kovan2,18185696,18183868,1828
2020-04-27 07:08:21,kovan2,18185721,18183868,1853
2020-04-27 07:10:02,kovan2,18185744,18183868,1876
2020-04-27 07:11:33,kovan2,18185765,18183868,1897
2020-04-27 07:12:57,kovan2,18185789,18183868,1921
2020-04-27 07:14:32,kovan2,18185810,18183868,1942
2020-04-27 07:15:58,kovan2,18185832,18183868,1964
2020-04-27 07:17:23,kovan2,18185854,18183868,1986
2020-04-27 07:18:54,kovan2,18185878,18183868,2010
2020-04-27 07:20:32,kovan2,18185901,18183868,2033
2020-04-27 07:22:00,kovan2,18185926,18184119,1807
2020-04-27 07:23:40,kovan2,18185951,18184119,1832
2020-04-27 07:25:23,kovan2,18185972,18184119,1853
2020-04-27 07:26:47,kovan2,18185997,18184373,1624
2020-04-27 07:28:26,kovan2,18186022,18184373,1649
2020-04-27 07:30:07,kovan2,18186045,18184373,1672
2020-04-27 07:31:40,kovan2,18186067,18184373,1694
2020-04-27 07:33:10,kovan2,18186094,18184373,1721
2020-04-27 07:34:59,kovan2,18186115,18184373,1742
2020-04-27 07:36:21,kovan2,18186135,18184373,1762
2020-04-27 07:37:45,kovan2,18186159,18184373,1786
2020-04-27 07:39:20,kovan2,18186179,18184373,1806
2020-04-27 07:40:42,kovan2,18186200,18184373,1827
2020-04-27 07:42:06,kovan2,18186223,18184373,1850
2020-04-27 07:43:34,kovan2,18186246,18184373,1873
2020-04-27 07:45:09,kovan2,18186267,18184373,1894
2020-04-27 07:46:37,kovan2,18186288,18184373,1915
2020-04-27 07:48:03,kovan2,18186312,18184373,1939
2020-04-27 07:49:38,kovan2,18186333,18184373,1960
2020-04-27 07:51:01,kovan2,18186355,18184373,1982
2020-04-27 07:52:28,kovan2,18186376,18184373,2003
2020-04-27 07:53:55,kovan2,18186400,18184373,2027
2020-04-27 07:55:27,kovan2,18186422,18184373,2049
2020-04-27 07:56:56,kovan2,18186443,18184373,2070
2020-04-27 07:58:22,kovan2,18186468,18184373,2095
2020-04-27 07:59:59,kovan2,18186490,18184373,2117
2020-04-27 08:01:33,kovan2,18186513,18184373,2140
2020-04-27 08:03:04,kovan2,18186553,18184373,2180
2020-04-27 08:08:24,kovan2,18186622,18184373,2249
2020-04-27 08:10:25,kovan2,18186646,18184373,2273
2020-04-27 08:12:05,kovan2,18186673,18184373,2300
2020-04-27 08:13:50,kovan2,18186700,18184373,2327
2020-04-27 08:15:40,kovan2,18186729,18184373,2356
2020-04-27 08:17:34,kovan2,18186754,18184373,2381
2020-04-27 08:19:15,kovan2,18186780,18184373,2407
2020-04-27 08:20:59,kovan2,18186814,18184373,2441
2020-04-27 08:23:12,kovan2,18186837,18184373,2464
2020-04-27 08:24:48,kovan2,18186861,18184373,2488
2020-04-27 08:26:21,kovan2,18186885,18184373,2512
2020-04-27 08:27:57,kovan2,18186906,18184373,2533
2020-04-27 08:29:24,kovan2,18186930,18184373,2557
2020-04-27 08:31:03,kovan2,18186952,18184373,2579
2020-04-27 08:32:32,kovan2,18186972,18184373,2599
2020-04-27 08:33:56,kovan2,18186995,18184373,2622
2020-04-27 08:35:28,kovan2,18187017,18184373,2644
2020-04-27 08:36:53,kovan2,18187039,18184373,2666
2020-04-27 08:38:21,kovan2,18187066,18184373,2693
2020-04-27 08:40:07,kovan2,18187088,18184373,2715
2020-04-27 08:41:35,kovan2,18187109,18184373,2736
2020-04-27 08:43:02,kovan2,18187134,18184373,2761
2020-04-27 08:44:41,kovan2,18187156,18184373,2783
2020-04-27 08:46:06,kovan2,18187178,18184373,2805
2020-04-27 08:47:41,kovan2,18187202,18184373,2829
2020-04-27 08:49:15,kovan2,18187224,18184373,2851
2020-04-27 08:50:46,kovan2,18187250,18184373,2877
2020-04-27 08:52:27,kovan2,18187270,18184373,2897
2020-04-27 08:53:51,kovan2,18187301,18184373,2928
2020-04-27 08:55:55,kovan2,18187323,18184373,2950
2020-04-27 08:57:25,kovan2,18187348,18184373,2975
2020-04-27 08:59:00,kovan2,18187374,18184373,3001
2020-04-27 09:00:45,kovan2,18187402,18184373,3029
2020-04-27 09:02:41,kovan2,18187434,18184373,3061
2020-04-27 09:04:47,kovan2,18187459,18184373,3086
2020-04-27 09:09:30,kovan2,18187530,18184373,3157
2020-04-27 09:11:13,kovan2,18187555,18184373,3182
2020-04-27 09:12:57,kovan2,18187578,18184373,3205
2020-04-27 09:14:28,kovan2,18187600,18184373,3227
2020-04-27 09:15:54,kovan2,18187624,18184373,3251
2020-04-27 09:17:28,kovan2,18187646,18184373,3273
2020-04-27 09:18:54,kovan2,18187671,18184373,3298
2020-04-27 09:20:37,kovan2,18187692,18184373,3319
2020-04-27 09:22:00,kovan2,18187712,18184373,3339
2020-04-27 09:23:25,kovan2,18187736,18184373,3363
2020-04-27 09:24:54,kovan2,18187757,18184497,3260
2020-04-27 09:26:21,kovan2,18187782,18184497,3285
2020-04-27 09:27:59,kovan2,18187808,18184751,3057
2020-04-27 09:29:47,kovan2,18187830,18185513,2317
2020-04-27 09:31:13,kovan2,18187860,18185640,2220
2020-04-27 09:33:15,kovan2,18187883,18185640,2243
2020-04-27 09:34:48,kovan2,18187905,18185640,2265
2020-04-27 09:36:14,kovan2,18187926,18185640,2286
2020-04-27 09:37:41,kovan2,18187948,18185640,2308
2020-04-27 09:39:10,kovan2,18187969,18185640,2329
2020-04-27 09:40:34,kovan2,18187991,18185640,2351
2020-04-27 09:41:59,kovan2,18188011,18185640,2371
2020-04-27 09:43:23,kovan2,18188037,18185640,2397
2020-04-27 09:45:03,kovan2,18188058,18185640,2418
2020-04-27 09:46:30,kovan2,18188080,18185640,2440
2020-04-27 09:48:02,kovan2,18188106,18185640,2466
2020-04-27 09:49:45,kovan2,18188129,18185640,2489
2020-04-27 09:51:17,kovan2,18188150,18185640,2510
2020-04-27 09:52:40,kovan2,18188174,18185640,2534
2020-04-27 09:54:15,kovan2,18188194,18185640,2554
2020-04-27 09:55:41,kovan2,18188218,18185640,2578
2020-04-27 09:57:15,kovan2,18188242,18185640,2602
2020-04-27 09:58:50,kovan2,18188266,18185640,2626
2020-04-27 10:00:27,kovan2,18188287,18185640,2647
2020-04-27 10:01:50,kovan2,18188307,18185640,2667
2020-04-27 10:03:15,kovan2,18188332,18185640,2692
2020-04-27 10:04:58,kovan2,18188357,18185640,2717
2020-04-27 10:06:41,kovan2,18188378,18185640,2738
2020-04-27 10:08:04,kovan2,18188415,18185640,2775
2020-04-27 10:10:33,kovan2,18188444,18185640,2804
2020-04-27 10:12:28,kovan2,18188473,18185640,2833
2020-04-27 10:14:28,kovan2,18188497,18185640,2857
2020-04-27 10:16:03,kovan2,18188519,18185640,2879
2020-04-27 10:17:28,kovan2,18188540,18185640,2900
2020-04-27 10:18:53,kovan2,18188562,18185640,2922
2020-04-27 10:20:22,kovan2,18188584,18185640,2944
2020-04-27 10:21:53,kovan2,18188606,18185640,2966
2020-04-27 10:23:19,kovan2,18188628,18185640,2988
2020-04-27 10:24:49,kovan2,18188670,18185640,3030
2020-04-27 10:27:35,kovan2,18188707,18185640,3067
2020-04-27 10:30:03,kovan2,18188734,18185640,3094
2020-04-27 10:31:57,kovan2,18188776,18185640,3136
2020-04-27 10:34:47,kovan2,18188803,18185640,3163
2020-04-27 10:36:32,kovan2,18188841,18185640,3201
2020-04-27 10:39:04,kovan2,18188868,18185640,3228
2020-04-27 10:40:52,kovan2,18188891,18185640,3251
2020-04-27 10:42:27,kovan2,18188923,18185640,3283
2020-04-27 10:44:37,kovan2,18188950,18185640,3310
2020-04-27 10:46:25,kovan2,18188978,18185640,3338
2020-04-27 10:48:17,kovan2,18189004,18185640,3364
2020-04-27 10:49:59,kovan2,18189036,18185640,3396
2020-04-27 10:52:08,kovan2,18189077,18185640,3437
2020-04-27 10:54:54,kovan2,18189122,18185640,3482
2020-04-27 10:57:56,kovan2,18189157,18185640,3517
2020-04-27 11:00:16,kovan2,18189182,18185640,3542
2020-04-27 11:02:03,kovan2,18189207,18185640,3567
2020-04-27 11:03:42,kovan2,18189241,18185640,3601
2020-04-27 11:05:56,kovan2,18189264,18185640,3624
2020-04-27 11:07:29,kovan2,18189297,18185640,3657
2020-04-27 11:09:40,kovan2,18189320,18185640,3680
2020-04-27 11:11:13,kovan2,18189368,18185640,3728
2020-04-27 11:14:24,kovan2,18189393,18185640,3753
2020-04-27 11:16:05,kovan2,18189415,18185640,3775
2020-04-27 11:17:35,kovan2,18189437,18185640,3797
2020-04-27 11:19:06,kovan2,18189460,18185640,3820
2020-04-27 11:20:37,kovan2,18189481,18185640,3841
2020-04-27 11:22:05,kovan2,18189502,18185640,3862
2020-04-27 11:23:28,kovan2,18189525,18185640,3885
2020-04-27 11:25:01,kovan2,18189547,18185640,3907
2020-04-27 11:26:28,kovan2,18189568,18185640,3928
2020-04-27 11:27:56,kovan2,18189594,18185640,3954
2020-04-27 11:29:37,kovan2,18189617,18185640,3977
2020-04-27 11:31:07,kovan2,18189637,18185640,3997
2020-04-27 11:32:33,kovan2,18189663,18185640,4023
2020-04-27 11:34:15,kovan2,18189689,18185640,4049
2020-04-27 11:36:00,kovan2,18189711,18185640,4071
2020-04-27 11:37:27,kovan2,18189735,18185640,4095
2020-04-27 11:39:09,kovan2,18189763,18185640,4123
2020-04-27 11:40:57,kovan2,18189792,18185640,4152
2020-04-27 11:42:51,kovan2,18189819,18185640,4179
2020-04-27 11:44:39,kovan2,18189844,18185640,4204
2020-04-27 11:46:21,kovan2,18189870,18185640,4230
2020-04-27 11:48:07,kovan2,18189906,18185640,4266
2020-04-27 11:50:31,kovan2,18189930,18185640,4290
2020-04-27 11:52:09,kovan2,18189956,18185640,4316
2020-04-27 11:53:51,kovan2,18189978,18185640,4338
2020-04-27 11:55:19,kovan2,18190000,18185640,4360
2020-04-27 11:56:46,kovan2,18190021,18185640,4381
2020-04-27 11:58:11,kovan2,18190044,18185640,4404
2020-04-27 11:59:46,kovan2,18190070,18185640,4430
2020-04-27 12:01:36,kovan2,18190104,18185640,4464
2020-04-27 12:03:51,kovan2,18190126,18185640,4486
2020-04-27 12:05:19,kovan2,18190147,18185640,4507
2020-04-27 12:06:44,kovan2,18190168,18185640,4528
2020-04-27 12:08:06,kovan2,18190194,18185640,4554
2020-04-27 12:09:54,kovan2,18190217,18185640,4577
2020-04-27 12:11:29,kovan2,18190239,18185640,4599
2020-04-27 12:12:53,kovan2,18190263,18185640,4623
2020-04-27 12:14:28,kovan2,18190288,18185640,4648
2020-04-27 12:16:08,kovan2,18190309,18185640,4669
2020-04-27 12:17:36,kovan2,18190335,18185640,4695
2020-04-27 12:19:20,kovan2,18190357,18185640,4717
2020-04-27 12:20:48,kovan2,18190377,18185640,4737
2020-04-27 12:22:13,kovan2,18190398,18185640,4758
2020-04-27 12:23:35,kovan2,18190421,18185640,4781
2020-04-27 12:25:08,kovan2,18190443,18185640,4803
2020-04-27 12:26:35,kovan2,18190466,18185640,4826
2020-04-27 12:28:08,kovan2,18190490,18185640,4850
2020-04-27 12:29:45,kovan2,18190512,18185640,4872
2020-04-27 12:31:13,kovan2,18190533,18185640,4893
2020-04-27 12:32:40,kovan2,18190557,18185640,4917
2020-04-27 12:34:17,kovan2,18190580,18185640,4940
2020-04-27 12:35:48,kovan2,18190599,18185640,4959
2020-04-27 12:37:10,kovan2,18190622,18185640,4982
2020-04-27 12:38:40,kovan2,18190647,18185640,5007
2020-04-27 12:40:20,kovan2,18190668,18185640,5028
2020-04-27 12:41:47,kovan2,18190688,18185640,5048
2020-04-27 12:43:12,kovan2,18190713,18185640,5073
2020-04-27 12:44:48,kovan2,18190734,18185640,5094
2020-04-27 12:46:13,kovan2,18190754,18185640,5114
2020-04-27 12:47:41,kovan2,18190779,18185640,5139
2020-04-27 12:49:19,kovan2,18190805,18185640,5165
2020-04-27 12:51:00,kovan2,18190827,18185640,5187
2020-04-27 12:52:32,kovan2,18190851,18185766,5085
2020-04-27 12:54:09,kovan2,18190874,18185766,5108
2020-04-27 12:55:40,kovan2,18190894,18185766,5128
2020-04-27 12:57:04,kovan2,18190916,18185766,5150
2020-04-27 12:58:33,kovan2,18190941,18185766,5175
2020-04-27 13:00:11,kovan2,18190963,18185766,5197
2020-04-27 13:01:43,kovan2,18190985,18185766,5219
2020-04-27 13:03:13,kovan2,18191013,18185766,5247
2020-04-27 13:05:04,kovan2,18191033,18185766,5267
2020-04-27 13:06:27,kovan2,18191054,18185766,5288
2020-04-27 13:07:49,kovan2,18191077,18185766,5311
2020-04-27 13:09:23,kovan2,18191099,18185766,5333
2020-04-27 13:10:53,kovan2,18191119,18185766,5353
2020-04-27 13:12:19,kovan2,18191146,18185766,5380
2020-04-27 13:14:06,kovan2,18191172,18185766,5406
2020-04-27 13:15:52,kovan2,18191194,18185766,5428
2020-04-27 13:17:22,kovan2,18191215,18185766,5449
2020-04-27 13:18:45,kovan2,18191237,18185766,5471
2020-04-27 13:20:12,kovan2,18191261,18185766,5495
2020-04-27 13:21:48,kovan2,18191282,18185766,5516
2020-04-27 13:23:13,kovan2,18191306,18185766,5540
2020-04-27 13:24:49,kovan2,18191333,18185766,5567
2020-04-27 13:26:43,kovan2,18191362,18185766,5596
2020-04-27 13:28:35,kovan2,18191386,18185766,5620
2020-04-27 13:30:12,kovan2,18191410,18185766,5644
2020-04-27 13:31:53,kovan2,18191434,18185766,5668
2020-04-27 13:33:28,kovan2,18191473,18185766,5707
2020-04-27 13:36:05,kovan2,18191498,18185766,5732
2020-04-27 13:41:08,kovan2,18191576,18185766,5810
2020-04-27 13:42:59,kovan2,18191602,18185766,5836
2020-04-27 13:47:26,kovan2,18191696,18185766,5930
2020-04-27 13:51:01,kovan2,18191721,18185766,5955
2020-04-27 13:52:41,kovan2,18191748,18185766,5982
2020-04-27 13:54:32,kovan2,18191774,18185766,6008
2020-04-27 13:56:17,kovan2,18191795,18185766,6029
2020-04-27 13:57:46,kovan2,18191818,18185766,6052
2020-04-27 13:59:17,kovan2,18191841,18185766,6075
2020-04-27 14:00:52,kovan2,18191863,18185766,6097
2020-04-27 14:02:21,kovan2,18191891,18185766,6125
2020-04-27 14:04:16,kovan2,18191925,18185766,6159
2020-04-27 14:06:42,kovan2,18191947,18185766,6181
2020-04-27 14:08:10,kovan2,18191978,18185766,6212
2020-04-27 14:10:11,kovan2,18192014,18185766,6248
2020-04-27 14:12:40,kovan2,18192042,18185766,6276
2020-04-27 14:14:35,kovan2,18192069,18185766,6303
2020-04-27 14:16:24,kovan2,18192111,18185766,6345
2020-04-27 14:19:14,kovan2,18192144,18185766,6378
2020-04-27 14:25:24,kovan2,18192240,18185766,6474
2020-04-27 14:27:59,kovan2,18192270,18185766,6504
2020-04-27 14:29:59,kovan2,18192296,18185766,6530
2020-04-27 14:31:47,kovan2,18192325,18185766,6559
2020-04-27 14:33:39,kovan2,18192352,18185766,6586
2020-04-27 14:35:28,kovan2,18192377,18185766,6611
2020-04-27 14:37:08,kovan2,18192398,18185766,6632
2020-04-27 14:38:35,kovan2,18192423,18185766,6657
2020-04-27 14:42:23,kovan2,18192481,18185766,6715
2020-04-27 14:44:11,kovan2,18192505,18185766,6739
2020-04-27 14:45:45,kovan2,18192526,18185766,6760
2020-04-27 14:47:13,kovan2,18192548,18185766,6782
2020-04-27 14:48:40,kovan2,18192571,18185766,6805
2020-04-27 14:50:13,kovan2,18192592,18185766,6826
2020-04-27 14:51:41,kovan2,18192613,18185766,6847
2020-04-27 14:53:03,kovan2,18192636,18185766,6870
2020-04-27 14:54:38,kovan2,18192661,18185766,6895
2020-04-27 14:56:15,kovan2,18192683,18185766,6917
2020-04-27 14:57:47,kovan2,18192711,18185766,6945
2020-04-27 14:59:43,kovan2,18192735,18185891,6844
2020-04-27 15:01:18,kovan2,18192763,18186018,6745
2020-04-27 15:03:16,kovan2,18192806,18186018,6788
2020-04-27 15:06:07,kovan2,18192831,18186018,6813
2020-04-27 15:07:51,kovan2,18192852,18186018,6834
2020-04-27 15:09:19,kovan2,18192879,18186018,6861
2020-04-27 15:11:02,kovan2,18192904,18186018,6886
2020-04-27 15:12:46,kovan2,18192926,18186018,6908
2020-04-27 15:14:13,kovan2,18192950,18186018,6932
2020-04-27 15:15:46,kovan2,18192969,18186018,6951
2020-04-27 15:17:11,kovan2,18192993,18186018,6975
2020-04-27 15:18:44,kovan2,18193014,18186018,6996
2020-04-27 15:20:09,kovan2,18193036,18186018,7018
2020-04-27 15:21:38,kovan2,18193058,18186018,7040
2020-04-27 15:23:02,kovan2,18193086,18186018,7068
2020-04-27 15:24:55,kovan2,18193111,18186018,7093
2020-04-27 15:26:40,kovan2,18193137,18186018,7119
2020-04-27 15:28:24,kovan2,18193161,18186018,7143
2020-04-27 15:30:00,kovan2,18193190,18186018,7172
2020-04-27 15:32:02,kovan2,18193213,18186018,7195
2020-04-27 15:33:37,kovan2,18193239,18186018,7221
2020-04-27 15:35:23,kovan2,18193264,18186018,7246
2020-04-27 15:36:58,kovan2,18193285,18186144,7141
2020-04-27 15:38:26,kovan2,18193310,18186144,7166
2020-04-27 15:40:04,kovan2,18193333,18186144,7189
2020-04-27 15:41:39,kovan2,18193354,18186144,7210
2020-04-27 15:43:04,kovan2,18193376,18186144,7232
2020-04-27 15:44:30,kovan2,18193403,18186144,7259
2020-04-27 15:46:23,kovan2,18193425,18186144,7281
2020-04-27 15:47:54,kovan2,18193447,18186144,7303
2020-04-27 15:49:23,kovan2,18193476,18186144,7332
2020-04-27 15:51:17,kovan2,18193499,18186144,7355
2020-04-27 15:52:59,kovan2,18193524,18186144,7380
2020-04-27 15:54:42,kovan2,18193551,18186144,7407
2020-04-27 15:56:38,kovan2,18193582,18186144,7438
2020-04-27 15:58:40,kovan2,18193605,18186144,7461
2020-04-27 16:00:13,kovan2,18193627,18186144,7483
2020-04-27 16:01:45,kovan2,18193650,18186144,7506
2020-04-27 16:03:17,kovan2,18193673,18186144,7529
2020-04-27 16:04:48,kovan2,18193693,18186144,7549
2020-04-27 16:06:11,kovan2,18193720,18186144,7576
2020-04-27 16:07:55,kovan2,18193747,18186144,7603
2020-04-27 16:09:42,kovan2,18193772,18186144,7628
2020-04-27 16:11:27,kovan2,18193794,18186144,7650
2020-04-27 16:12:55,kovan2,18193819,18186144,7675
2020-04-27 16:14:36,kovan2,18193846,18186144,7702
2020-04-27 16:16:26,kovan2,18193887,18186144,7743
2020-04-27 16:19:12,kovan2,18193912,18186144,7768
2020-04-27 16:20:55,kovan2,18193937,18186144,7793
2020-04-27 16:22:35,kovan2,18193958,18186144,7814
2020-04-27 16:24:03,kovan2,18193982,18186144,7838
2020-04-27 16:25:37,kovan2,18194008,18186144,7864
2020-04-27 16:27:20,kovan2,18194040,18186144,7896
2020-04-27 16:29:28,kovan2,18194063,18186144,7919
2020-04-27 16:31:03,kovan2,18194093,18186144,7949
2020-04-27 16:33:05,kovan2,18194114,18186144,7970
2020-04-27 16:34:30,kovan2,18194145,18186144,8001
2020-04-27 16:36:31,kovan2,18194165,18186144,8021
2020-04-27 16:37:54,kovan2,18194202,18186269,7933
2020-04-27 16:40:24,kovan2,18194233,18186269,7964
2020-04-27 16:42:27,kovan2,18194262,18186269,7993
2020-04-27 16:44:24,kovan2,18194289,18186269,8020
2020-04-27 16:46:07,kovan2,18194309,18186269,8040
2020-04-27 16:47:33,kovan2,18194332,18186269,8063
2020-04-27 16:49:05,kovan2,18194356,18186269,8087
2020-04-27 16:50:43,kovan2,18194378,18186269,8109
2020-04-27 16:52:12,kovan2,18194401,18186269,8132
2020-04-27 16:53:45,kovan2,18194430,18186269,8161
2020-04-27 16:55:42,kovan2,18194453,18186269,8184
2020-04-27 16:57:12,kovan2,18194501,18186269,8232
2020-04-27 17:00:27,kovan2,18194523,18186269,8254
2020-04-27 17:01:58,kovan2,18194545,18186269,8276
2020-04-27 17:03:24,kovan2,18194567,18186269,8298
2020-04-27 17:04:53,kovan2,18194592,18186269,8323
2020-04-27 17:06:34,kovan2,18194615,18186269,8346
2020-04-27 17:08:01,kovan2,18194638,18186269,8369
2020-04-27 17:09:37,kovan2,18194661,18186269,8392
2020-04-27 17:11:06,kovan2,18194690,18186269,8421
2020-04-27 17:13:06,kovan2,18194715,18186269,8446
2020-04-27 17:14:47,kovan2,18194738,18186269,8469
2020-04-27 17:16:14,kovan2,18194758,18186648,8110
2020-04-27 17:17:42,kovan2,18194782,18186648,8134
2020-04-27 17:19:14,kovan2,18194802,18186648,8154
2020-04-27 17:20:36,kovan2,18194825,18186648,8177
2020-04-27 17:22:09,kovan2,18194846,18186648,8198
2020-04-27 17:23:35,kovan2,18194871,18186648,8223
2020-04-27 17:25:11,kovan2,18194893,18186648,8245
2020-04-27 17:26:43,kovan2,18194914,18186648,8266
2020-04-27 17:28:05,kovan2,18194936,18186648,8288
2020-04-27 17:29:31,kovan2,18194960,18186648,8312
2020-04-27 17:31:11,kovan2,18194984,18186648,8336
2020-04-27 17:32:48,kovan2,18195008,18186648,8360
2020-04-27 17:34:24,kovan2,18195032,18186648,8384
2020-04-27 17:35:58,kovan2,18195057,18186648,8409
2020-04-27 17:37:47,kovan2,18195083,18186648,8435
2020-04-27 17:39:29,kovan2,18195106,18186648,8458
2020-04-27 17:41:01,kovan2,18195130,18187157,7973
2020-04-27 17:42:37,kovan2,18195153,18187157,7996
2020-04-27 17:44:09,kovan2,18195176,18187157,8019
2020-04-27 17:45:39,kovan2,18195195,18187157,8038
2020-04-27 17:47:01,kovan2,18195216,18187157,8059
2020-04-27 17:48:23,kovan2,18195240,18187157,8083
2020-04-27 17:50:00,kovan2,18195261,18187157,8104
2020-04-27 17:51:25,kovan2,18195282,18187157,8125
2020-04-27 17:52:51,kovan2,18195306,18187157,8149
2020-04-27 17:54:27,kovan2,18195329,18187157,8172
2020-04-27 17:55:59,kovan2,18195350,18187157,8193
2020-04-27 17:57:21,kovan2,18195372,18187157,8215
2020-04-27 17:58:48,kovan2,18195393,18187157,8236
2020-04-27 18:00:12,kovan2,18195415,18187157,8258
2020-04-27 18:01:46,kovan2,18195438,18187411,8027
2020-04-27 18:03:14,kovan2,18195461,18187411,8050
2020-04-27 18:04:49,kovan2,18195481,18187411,8070
2020-04-27 18:06:11,kovan2,18195503,18187411,8092
2020-04-27 18:07:38,kovan2,18195528,18187411,8117
2020-04-27 18:09:16,kovan2,18195549,18187411,8138
2020-04-27 18:10:41,kovan2,18195579,18187538,8041
2020-04-27 18:12:39,kovan2,18195605,18187538,8067
2020-04-27 18:14:24,kovan2,18195625,18187538,8087
2020-04-27 18:15:47,kovan2,18195647,18187538,8109
2020-04-27 18:17:11,kovan2,18195667,18187538,8129
2020-04-27 18:18:36,kovan2,18195690,18187538,8152
2020-04-27 18:20:06,kovan2,18195710,18187538,8172
2020-04-27 18:21:28,kovan2,18195732,18187538,8194
2020-04-27 18:22:53,kovan2,18195754,18187538,8216
2020-04-27 18:24:23,kovan2,18195775,18187538,8237
2020-04-27 18:25:47,kovan2,18195797,18187538,8259
2020-04-27 18:27:12,kovan2,18195820,18187538,8282
2020-04-27 18:28:43,kovan2,18195842,18187538,8304
2020-04-27 18:30:11,kovan2,18195865,18187538,8327
2020-04-27 18:31:47,kovan2,18195886,18187538,8348
2020-04-27 18:33:12,kovan2,18195909,18187538,8371
2020-04-27 18:34:45,kovan2,18195933,18187538,8395
2020-04-27 18:36:17,kovan2,18195953,18187538,8415
2020-04-27 18:37:40,kovan2,18195977,18187538,8439
2020-04-27 18:39:15,kovan2,18195997,18187538,8459
2020-04-27 18:40:39,kovan2,18196020,18187538,8482
2020-04-27 18:42:07,kovan2,18196040,18187538,8502
2020-04-27 18:43:31,kovan2,18196063,18187538,8525
2020-04-27 18:45:06,kovan2,18196085,18187538,8547
2020-04-27 18:46:30,kovan2,18196106,18187538,8568
2020-04-27 18:47:53,kovan2,18196129,18187538,8591
2020-04-27 18:49:29,kovan2,18196151,18187917,8234
2020-04-27 18:50:56,kovan2,18196173,18187917,8256
2020-04-27 18:52:25,kovan2,18196193,18187917,8276
2020-04-27 18:53:48,kovan2,18196214,18187917,8297
2020-04-27 18:55:12,kovan2,18196235,18187917,8318
2020-04-27 18:56:34,kovan2,18196256,18187917,8339
2020-04-27 18:57:57,kovan2,18196279,18188806,7473
2020-04-27 18:59:30,kovan2,18196301,18188806,7495
2020-04-27 19:00:55,kovan2,18196320,18188806,7514
2020-04-27 19:02:19,kovan2,18196342,18188806,7536
2020-04-27 19:03:43,kovan2,18196363,18188806,7557
2020-04-27 19:05:08,kovan2,18196383,18188806,7577
2020-04-27 19:06:31,kovan2,18196405,18188806,7599
2020-04-27 19:07:55,kovan2,18196427,18188806,7621
2020-04-27 19:09:29,kovan2,18196450,18188806,7644
2020-04-27 19:10:59,kovan2,18196471,18188806,7665
2020-04-27 19:12:22,kovan2,18196492,18188806,7686
2020-04-27 19:13:47,kovan2,18196512,18188806,7706
2020-04-27 19:15:12,kovan2,18196534,18188806,7728
2020-04-27 19:16:40,kovan2,18196555,18188806,7749
2020-04-27 19:18:04,kovan2,18196576,18188806,7770
2020-04-27 19:19:29,kovan2,18196597,18188806,7791
2020-04-27 19:20:53,kovan2,18196618,18188806,7812
2020-04-27 19:22:17,kovan2,18196639,18188806,7833
2020-04-27 19:23:39,kovan2,18196662,18188806,7856
2020-04-27 19:25:13,kovan2,18196680,18188806,7874
2020-04-27 19:26:37,kovan2,18196698,18188806,7892
2020-04-27 19:28:01,kovan2,18196722,18188806,7916
2020-04-27 19:29:35,kovan2,18196743,18188806,7937
2020-04-27 19:30:59,kovan2,18196762,18188806,7956
2020-04-27 19:32:21,kovan2,18196783,18188806,7977
2020-04-27 19:33:46,kovan2,18196807,18188806,8001
2020-04-27 19:35:22,kovan2,18196829,18188806,8023
2020-04-27 19:36:46,kovan2,18196849,18188806,8043
2020-04-27 19:38:09,kovan2,18196874,18188806,8068
2020-04-27 19:39:46,kovan2,18196894,18188806,8088
2020-04-27 19:41:11,kovan2,18196916,18188806,8110
2020-04-27 19:42:35,kovan2,18196938,18188806,8132
2020-04-27 19:44:07,kovan2,18196962,18188806,8156
2020-04-27 19:45:42,kovan2,18196983,18188806,8177
2020-04-27 19:47:06,kovan2,18197004,18188806,8198
2020-04-27 19:48:31,kovan2,18197027,18188806,8221
2020-04-27 19:50:02,kovan2,18197049,18188806,8243
2020-04-27 19:51:29,kovan2,18197071,18188806,8265
2020-04-27 19:53:01,kovan2,18197094,18188806,8288
2020-04-27 19:54:31,kovan2,18197119,18188806,8313
2020-04-27 19:56:09,kovan2,18197144,18188806,8338
2020-04-27 19:57:49,kovan2,18197165,18188806,8359
2020-04-27 19:59:12,kovan2,18197188,18188806,8382
2020-04-27 20:00:47,kovan2,18197214,18188806,8408
2020-04-27 20:02:27,kovan2,18197235,18188806,8429
2020-04-27 20:03:54,kovan2,18197262,18188806,8456
2020-04-27 20:05:40,kovan2,18197285,18189695,7590
2020-04-27 20:07:13,kovan2,18197307,18189695,7612
2020-04-27 20:08:38,kovan2,18197328,18189695,7633
2020-04-27 20:10:08,kovan2,18197352,18189695,7657
2020-04-27 20:11:43,kovan2,18197375,18189695,7680
2020-04-27 20:13:10,kovan2,18197395,18189695,7700
2020-04-27 20:14:36,kovan2,18197416,18190459,6957
2020-04-27 20:16:02,kovan2,18197444,18191854,5590
2020-04-27 20:17:56,kovan2,18197466,18195664,1802
2020-04-27 20:19:24,kovan2,18197489,18197490,-1
2020-04-27 20:20:59,kovan2,18197513,18197490,23
2020-04-27 20:22:32,kovan2,18197534,18197490,44
2020-04-27 20:23:55,kovan2,18197554,18197490,64
2020-04-27 20:25:19,kovan2,18197578,18197490,88
2020-04-27 20:26:54,kovan2,18197601,18197490,111
2020-04-27 20:28:30,kovan2,18197623,18197490,133
2020-04-27 20:29:53,kovan2,18197646,18197490,156
2020-04-27 20:31:24,kovan2,18197669,18197490,179
2020-04-27 20:33:02,kovan2,18197694,18197490,204
2020-04-27 20:34:41,kovan2,18197719,18197490,229
2020-04-27 20:36:21,kovan2,18197747,18197490,257
2020-04-27 20:38:12,kovan2,18197768,18197490,278
2020-04-27 20:39:37,kovan2,18197789,18197490,299
2020-04-27 20:41:03,kovan2,18197816,18197616,200
2020-04-27 20:42:47,kovan2,18197836,18197616,220
2020-04-27 20:44:10,kovan2,18197862,18197616,246
2020-04-27 20:45:51,kovan2,18197883,18197616,267
2020-04-27 20:47:20,kovan2,18197905,18197870,35
2020-04-27 20:48:46,kovan2,18197926,18197912,14
2020-04-27 20:50:11,kovan2,18197957,18197938,19
2020-04-27 20:52:15,kovan2,18197987,18197938,49
2020-04-27 20:54:17,kovan2,18198012,18197938,74
2020-04-27 20:55:58,kovan2,18198039,18197938,101
2020-04-27 20:57:45,kovan2,18198062,18197938,124
2020-04-27 20:59:20,kovan2,18198084,18197938,146
2020-04-27 21:00:46,kovan2,18198107,18198064,43
2020-04-27 21:02:17,kovan2,18198133,18198064,69
2020-04-27 21:04:00,kovan2,18198160,18198136,24
2020-04-27 21:05:51,kovan2,18198184,18198136,48
2020-04-27 21:07:26,kovan2,18198206,18198136,70
2020-04-27 21:08:53,kovan2,18198227,18198136,91
2020-04-27 21:10:17,kovan2,18198252,18198136,116
2020-04-27 21:11:55,kovan2,18198274,18198136,138
2020-04-27 21:13:25,kovan2,18198295,18198136,159
2020-04-27 21:14:48,kovan2,18198316,18198136,180
2020-04-27 21:16:10,kovan2,18198337,18198136,201
2020-04-27 21:17:43,kovan2,18198361,18198136,225
2020-04-27 21:19:20,kovan2,18198383,18198136,247
2020-04-27 21:20:44,kovan2,18198406,18198136,270
2020-04-27 21:22:16,kovan2,18198426,18198136,290
2020-04-27 21:23:39,kovan2,18198447,18198136,311
2020-04-27 21:25:01,kovan2,18198468,18198136,332
2020-04-27 21:26:24,kovan2,18198492,18198136,356
2020-04-27 21:27:58,kovan2,18198512,18198136,376
2020-04-27 21:29:21,kovan2,18198533,18198136,397
2020-04-27 21:30:47,kovan2,18198555,18198136,419
2020-04-27 21:32:18,kovan2,18198577,18198136,441
2020-04-27 21:33:45,kovan2,18198598,18198136,462
2020-04-27 21:35:07,kovan2,18198618,18198136,482
2020-04-27 21:36:31,kovan2,18198643,18198136,507
2020-04-27 21:38:08,kovan2,18198664,18198136,528
2020-04-27 21:39:34,kovan2,18198685,18198136,549
2020-04-27 21:40:56,kovan2,18198708,18198136,572
2020-04-27 21:42:26,kovan2,18198732,18198259,473
2020-04-27 21:44:06,kovan2,18198754,18198259,495
2020-04-27 21:45:33,kovan2,18198774,18198259,515
2020-04-27 21:46:56,kovan2,18198797,18198259,538
2020-04-27 21:48:27,kovan2,18198817,18198259,558
2020-04-27 21:49:49,kovan2,18198838,18198259,579
2020-04-27 21:51:15,kovan2,18198862,18198259,603
2020-04-27 21:52:48,kovan2,18198883,18198259,624
2020-04-27 21:54:12,kovan2,18198904,18198259,645
2020-04-27 21:55:35,kovan2,18198924,18198259,665
2020-04-27 21:56:59,kovan2,18198947,18198259,688
2020-04-27 21:58:28,kovan2,18198967,18198259,708
2020-04-27 21:59:50,kovan2,18198989,18198259,730
2020-04-27 22:01:16,kovan2,18199010,18198259,751
2020-04-27 22:02:46,kovan2,18199031,18198259,772
2020-04-27 22:04:10,kovan2,18199053,18198259,794
2020-04-27 22:05:35,kovan2,18199073,18198259,814
2020-04-27 22:06:57,kovan2,18199096,18198259,837
2020-04-27 22:08:27,kovan2,18199116,18198259,857
2020-04-27 22:09:51,kovan2,18199138,18198259,879
2020-04-27 22:11:16,kovan2,18199161,18198259,902
2020-04-27 22:12:51,kovan2,18199183,18198259,924
2020-04-27 22:14:16,kovan2,18199204,18198259,945
2020-04-27 22:15:42,kovan2,18199227,18198259,968
2020-04-27 22:17:18,kovan2,18199248,18198259,989
2020-04-27 22:18:40,kovan2,18199269,18198259,1010
2020-04-27 22:20:06,kovan2,18199289,18198259,1030
2020-04-27 22:21:30,kovan2,18199312,18198259,1053
2020-04-27 22:23:03,kovan2,18199333,18198259,1074
2020-04-27 22:24:26,kovan2,18199354,18198259,1095
2020-04-27 22:25:48,kovan2,18199377,18198259,1118
2020-04-27 22:27:20,kovan2,18199398,18198259,1139
2020-04-27 22:28:44,kovan2,18199419,18198259,1160
2020-04-27 22:30:13,kovan2,18199440,18198259,1181
2020-04-27 22:31:37,kovan2,18199463,18198259,1204
2020-04-27 22:33:09,kovan2,18199484,18198510,974
2020-04-27 22:34:32,kovan2,18199505,18198510,995
2020-04-27 22:35:55,kovan2,18199533,18198510,1023
2020-04-27 22:37:48,kovan2,18199556,18198510,1046
2020-04-27 22:39:18,kovan2,18199576,18198510,1066
2020-04-27 22:40:43,kovan2,18199600,18198510,1090
2020-04-27 22:42:17,kovan2,18199624,18198510,1114
2020-04-27 22:43:52,kovan2,18199647,18198636,1011
2020-04-27 22:45:26,kovan2,18199670,18198890,780
2020-04-27 22:47:03,kovan2,18199695,18198890,805
2020-04-27 22:48:40,kovan2,18199716,18198890,826
2020-04-27 22:50:05,kovan2,18199741,18198890,851
2020-04-27 22:51:46,kovan2,18199765,18198890,875
2020-04-27 22:53:19,kovan2,18199787,18198890,897
2020-04-27 22:54:49,kovan2,18199808,18199017,791
2020-04-27 22:56:15,kovan2,18199832,18199017,815
2020-04-27 22:57:52,kovan2,18199857,18199017,840
2020-04-27 22:59:30,kovan2,18199878,18199017,861
2020-04-27 23:00:54,kovan2,18199898,18199017,881
2020-04-27 23:02:17,kovan2,18199920,18199017,903
2020-04-27 23:03:45,kovan2,18199941,18199017,924
2020-04-27 23:05:08,kovan2,18199962,18199017,945
2020-04-27 23:06:33,kovan2,18199986,18199017,969
2020-04-27 23:08:07,kovan2,18200006,18199017,989
2020-04-27 23:09:30,kovan2,18200031,18199017,1014
2020-04-27 23:11:11,kovan2,18200056,18199017,1039
2020-04-27 23:12:52,kovan2,18200078,18199017,1061
2020-04-27 23:14:16,kovan2,18200100,18199017,1083
2020-04-27 23:15:46,kovan2,18200123,18199017,1106
2020-04-27 23:17:19,kovan2,18200145,18199017,1128
2020-04-27 23:18:43,kovan2,18200165,18199268,897
2020-04-27 23:20:06,kovan2,18200186,18199268,918
2020-04-27 23:21:30,kovan2,18200212,18199268,944
2020-04-27 23:23:15,kovan2,18200235,18199268,967
2020-04-27 23:24:51,kovan2,18200259,18199268,991
2020-04-27 23:26:26,kovan2,18200281,18199268,1013
2020-04-27 23:27:56,kovan2,18200305,18199268,1037
2020-04-27 23:29:27,kovan2,18200328,18199268,1060
2020-04-27 23:31:03,kovan2,18200355,18199268,1087
2020-04-27 23:32:53,kovan2,18200376,18199268,1108
2020-04-27 23:34:17,kovan2,18200397,18199268,1129
2020-04-27 23:35:44,kovan2,18200421,18199268,1153
2020-04-27 23:37:17,kovan2,18200444,18199268,1176
2020-04-27 23:38:47,kovan2,18200467,18199268,1199
2020-04-27 23:40:19,kovan2,18200487,18199268,1219
2020-04-27 23:41:41,kovan2,18200508,18199268,1240
2020-04-27 23:43:04,kovan2,18200529,18199268,1261
2020-04-27 23:44:30,kovan2,18200554,18199641,913
2020-04-27 23:46:08,kovan2,18200575,18199641,934
2020-04-27 23:47:40,kovan2,18200596,18199641,955
2020-04-27 23:49:03,kovan2,18200617,18199641,976
2020-04-27 23:50:25,kovan2,18200637,18199641,996
2020-04-27 23:51:50,kovan2,18200658,18199641,1017
2020-04-27 23:53:14,kovan2,18200680,18199641,1039
2020-04-27 23:54:39,kovan2,18200705,18199641,1064
2020-04-27 23:56:23,kovan2,18200728,18199641,1087
2020-04-27 23:57:54,kovan2,18200748,18199641,1107
2020-04-27 23:59:16,kovan2,18200769,18199641,1128
2020-04-28 00:00:40,kovan2,18200793,18199765,1028
2020-04-28 00:02:19,kovan2,18200814,18199765,1049
2020-04-28 00:03:45,kovan2,18200835,18199765,1070
2020-04-28 00:05:10,kovan2,18200860,18200019,841
2020-04-28 00:06:47,kovan2,18200883,18200019,864
2020-04-28 00:08:19,kovan2,18200903,18200019,884
2020-04-28 00:09:41,kovan2,18200930,18200019,911
2020-04-28 00:11:30,kovan2,18200952,18200019,933
2020-04-28 00:13:00,kovan2,18200972,18200019,953
2020-04-28 00:14:24,kovan2,18200993,18200019,974
2020-04-28 00:15:47,kovan2,18201016,18200019,997
2020-04-28 00:17:21,kovan2,18201040,18200019,1021
2020-04-28 00:18:58,kovan2,18201062,18200144,918
2020-04-28 00:20:22,kovan2,18201083,18200144,939
2020-04-28 00:21:47,kovan2,18201105,18200144,961
2020-04-28 00:23:16,kovan2,18201126,18200144,982
2020-04-28 00:24:39,kovan2,18201158,18200144,1014
2020-04-28 00:26:48,kovan2,18201181,18200144,1037
2020-04-28 00:28:19,kovan2,18201205,18200144,1061
2020-04-28 00:29:54,kovan2,18201226,18200144,1082
2020-04-28 00:31:18,kovan2,18201248,18200144,1104
2020-04-28 00:32:52,kovan2,18201269,18200144,1125
2020-04-28 00:34:16,kovan2,18201292,18200144,1148
2020-04-28 00:35:47,kovan2,18201315,18200144,1171
2020-04-28 00:37:19,kovan2,18201338,18200144,1194
2020-04-28 00:38:51,kovan2,18201359,18200144,1215
2020-04-28 00:40:19,kovan2,18201380,18200144,1236
2020-04-28 00:41:43,kovan2,18201403,18200144,1259
2020-04-28 00:43:13,kovan2,18201424,18200144,1280
2020-04-28 00:44:36,kovan2,18201445,18200144,1301
2020-04-28 00:45:58,kovan2,18201467,18200144,1323
2020-04-28 00:47:29,kovan2,18201489,18200144,1345
2020-04-28 00:48:54,kovan2,18201509,18200144,1365
2020-04-28 00:50:17,kovan2,18201530,18200144,1386
2020-04-28 00:51:41,kovan2,18201554,18200144,1410
2020-04-28 00:53:17,kovan2,18201575,18200144,1431
2020-04-28 00:54:41,kovan2,18201597,18200144,1453
2020-04-28 00:56:07,kovan2,18201620,18200144,1476
2020-04-28 00:57:41,kovan2,18201641,18200144,1497
2020-04-28 00:59:05,kovan2,18201662,18200144,1518
2020-04-28 01:00:28,kovan2,18201681,18200144,1537
2020-04-28 01:01:50,kovan2,18201704,18200144,1560
2020-04-28 01:03:23,kovan2,18201724,18200144,1580
2020-04-28 01:04:45,kovan2,18201746,18200144,1602
2020-04-28 01:06:07,kovan2,18201769,18200144,1625
2020-04-28 01:07:41,kovan2,18201790,18200144,1646
2020-04-28 01:09:04,kovan2,18201810,18200144,1666
2020-04-28 01:10:26,kovan2,18201832,18200144,1688
2020-04-28 01:11:51,kovan2,18201853,18200144,1709
2020-04-28 01:13:19,kovan2,18201874,18200144,1730
2020-04-28 01:14:43,kovan2,18201895,18200144,1751
2020-04-28 01:16:05,kovan2,18201917,18200144,1773
2020-04-28 01:17:37,kovan2,18201938,18200144,1794
2020-04-28 01:19:00,kovan2,18201958,18200144,1814
2020-04-28 01:20:22,kovan2,18201979,18200144,1835
2020-04-28 01:21:46,kovan2,18202002,18200144,1858
2020-04-28 01:23:15,kovan2,18202022,18200144,1878
2020-04-28 01:24:38,kovan2,18202043,18200144,1899
2020-04-28 01:26:02,kovan2,18202064,18200144,1920
2020-04-28 01:27:29,kovan2,18202085,18200144,1941
2020-04-28 01:28:53,kovan2,18202105,18200144,1961
2020-04-28 01:30:16,kovan2,18202126,18200144,1982
2020-04-28 01:31:39,kovan2,18202148,18200144,2004
2020-04-28 01:33:11,kovan2,18202170,18200144,2026
2020-04-28 01:34:35,kovan2,18202190,18200144,2046
2020-04-28 01:35:57,kovan2,18202214,18200144,2070
2020-04-28 01:37:29,kovan2,18202234,18200144,2090
2020-04-28 01:38:52,kovan2,18202255,18200144,2111
2020-04-28 01:40:16,kovan2,18202276,18200144,2132
2020-04-28 01:41:39,kovan2,18202298,18200144,2154
2020-04-28 01:43:11,kovan2,18202319,18200144,2175
2020-04-28 01:44:34,kovan2,18202340,18200144,2196
2020-04-28 01:45:56,kovan2,18202363,18200144,2219
2020-04-28 01:47:31,kovan2,18202384,18200144,2240
2020-04-28 01:48:54,kovan2,18202404,18200144,2260
2020-04-28 01:50:16,kovan2,18202424,18200144,2280
2020-04-28 01:51:38,kovan2,18202447,18200144,2303
2020-04-28 01:53:10,kovan2,18202468,18200144,2324
2020-04-28 01:54:32,kovan2,18202489,18200144,2345
2020-04-28 01:55:56,kovan2,18202512,18200144,2368
2020-04-28 01:57:29,kovan2,18202533,18200144,2389
2020-04-28 01:58:53,kovan2,18202558,18200144,2414
2020-04-28 02:00:32,kovan2,18202578,18200144,2434
2020-04-28 02:01:55,kovan2,18202599,18200144,2455
2020-04-28 02:03:22,kovan2,18202620,18200144,2476
2020-04-28 02:04:46,kovan2,18202643,18200144,2499
2020-04-28 02:06:17,kovan2,18202664,18200144,2520
2020-04-28 02:07:41,kovan2,18202686,18200144,2542
2020-04-28 02:09:06,kovan2,18202705,18200144,2561
2020-04-28 02:10:28,kovan2,18202726,18200144,2582
2020-04-28 02:11:50,kovan2,18202747,18200144,2603
2020-04-28 02:13:13,kovan2,18202767,18200144,2623
2020-04-28 02:14:37,kovan2,18202788,18200144,2644
2020-04-28 02:15:59,kovan2,18202809,18200144,2665
2020-04-28 02:17:27,kovan2,18202829,18200144,2685
2020-04-28 02:18:49,kovan2,18202850,18200144,2706
2020-04-28 02:20:12,kovan2,18202870,18200144,2726
2020-04-28 02:21:34,kovan2,18202892,18200144,2748
2020-04-28 02:23:03,kovan2,18202913,18200144,2769
2020-04-28 02:24:26,kovan2,18202934,18200144,2790
2020-04-28 02:25:49,kovan2,18202956,18200144,2812
2020-04-28 02:27:18,kovan2,18202977,18200144,2833
2020-04-28 02:28:40,kovan2,18202997,18200144,2853
2020-04-28 02:30:03,kovan2,18203018,18200144,2874
2020-04-28 02:31:26,kovan2,18203039,18200144,2895
2020-04-28 02:32:56,kovan2,18203060,18200144,2916
2020-04-28 02:34:18,kovan2,18203081,18200144,2937
2020-04-28 02:35:42,kovan2,18203104,18200144,2960
2020-04-28 02:37:12,kovan2,18203124,18200144,2980
2020-04-28 02:38:34,kovan2,18203145,18200144,3001
2020-04-28 02:39:56,kovan2,18203166,18200144,3022
2020-04-28 02:41:19,kovan2,18203187,18200144,3043
2020-04-28 02:42:46,kovan2,18203208,18200144,3064
2020-04-28 02:44:08,kovan2,18203229,18200144,3085
2020-04-28 02:45:32,kovan2,18203249,18200144,3105
2020-04-28 02:46:56,kovan2,18203269,18200144,3125
2020-04-28 02:48:19,kovan2,18203290,18200144,3146
2020-04-28 02:49:42,kovan2,18203311,18200144,3167
2020-04-28 02:51:04,kovan2,18203336,18200144,3192
2020-04-28 02:52:43,kovan2,18203356,18200144,3212
2020-04-28 02:54:07,kovan2,18203378,18201539,1839
2020-04-28 02:55:34,kovan2,18203399,18202174,1225
2020-04-28 02:56:57,kovan2,18203420,18202174,1246
2020-04-28 02:58:19,kovan2,18203440,18202174,1266
2020-04-28 02:59:41,kovan2,18203460,18202174,1286
2020-04-28 03:01:03,kovan2,18203482,18202174,1308
2020-04-28 03:02:31,kovan2,18203502,18202174,1328
2020-04-28 03:03:53,kovan2,18203524,18202174,1350
2020-04-28 03:05:18,kovan2,18203557,18202174,1383
2020-04-28 03:07:33,kovan2,18203578,18202174,1404
2020-04-28 03:08:56,kovan2,18203598,18202174,1424
2020-04-28 03:10:19,kovan2,18203620,18202174,1446
2020-04-28 03:11:42,kovan2,18203641,18202174,1467
2020-04-28 03:13:10,kovan2,18203662,18202174,1488
2020-04-28 03:14:32,kovan2,18203683,18202174,1509
2020-04-28 03:15:56,kovan2,18203705,18202174,1531
2020-04-28 03:17:24,kovan2,18203725,18202174,1551
2020-04-28 03:18:46,kovan2,18203746,18202174,1572
2020-04-28 03:20:08,kovan2,18203767,18202174,1593
2020-04-28 03:21:31,kovan2,18203788,18202174,1614
2020-04-28 03:22:57,kovan2,18203808,18202174,1634
2020-04-28 03:24:19,kovan2,18203830,18202174,1656
2020-04-28 03:25:46,kovan2,18203853,18202174,1679
2020-04-28 03:27:18,kovan2,18203874,18202174,1700
2020-04-28 03:28:41,kovan2,18203894,18202174,1720
2020-04-28 03:30:03,kovan2,18203915,18202174,1741
2020-04-28 03:31:29,kovan2,18203937,18202174,1763
2020-04-28 03:32:57,kovan2,18203958,18202174,1784
2020-04-28 03:34:20,kovan2,18203979,18202174,1805
2020-04-28 03:35:43,kovan2,18204000,18202174,1826
2020-04-28 03:37:10,kovan2,18204021,18202174,1847
2020-04-28 03:38:32,kovan2,18204042,18202174,1868
2020-04-28 03:39:55,kovan2,18204063,18202174,1889
2020-04-28 03:41:18,kovan2,18204085,18202174,1911
2020-04-28 03:42:47,kovan2,18204105,18202174,1931
2020-04-28 03:44:11,kovan2,18204126,18202174,1952
2020-04-28 03:45:33,kovan2,18204147,18202174,1973
2020-04-28 03:46:56,kovan2,18204169,18202174,1995
2020-04-28 03:48:22,kovan2,18204189,18202174,2015
2020-04-28 03:49:46,kovan2,18204210,18202174,2036
2020-04-28 03:51:09,kovan2,18204233,18202174,2059
2020-04-28 03:52:39,kovan2,18204253,18202174,2079
2020-04-28 03:54:03,kovan2,18204274,18202174,2100
2020-04-28 03:55:26,kovan2,18204295,18202174,2121
2020-04-28 03:56:49,kovan2,18204317,18202174,2143
2020-04-28 03:58:18,kovan2,18204338,18202174,2164
2020-04-28 03:59:40,kovan2,18204359,18202174,2185
2020-04-28 04:01:04,kovan2,18204380,18202174,2206
2020-04-28 04:02:31,kovan2,18204401,18202174,2227
2020-04-28 04:03:54,kovan2,18204421,18202174,2247
2020-04-28 04:05:17,kovan2,18204441,18202174,2267
2020-04-28 04:06:40,kovan2,18204464,18202174,2290
2020-04-28 04:08:06,kovan2,18204484,18202174,2310
2020-04-28 04:09:29,kovan2,18204505,18202174,2331
2020-04-28 04:10:52,kovan2,18204526,18202174,2352
2020-04-28 04:12:17,kovan2,18204547,18202174,2373
2020-04-28 04:13:39,kovan2,18204568,18202174,2394
2020-04-28 04:15:03,kovan2,18204588,18202174,2414
2020-04-28 04:16:25,kovan2,18204611,18202174,2437
2020-04-28 04:17:59,kovan2,18204632,18202174,2458
2020-04-28 04:19:21,kovan2,18204652,18202174,2478
2020-04-28 04:20:43,kovan2,18204675,18202174,2501
2020-04-28 04:22:12,kovan2,18204696,18202174,2522
2020-04-28 04:23:35,kovan2,18204717,18202174,2543
2020-04-28 04:24:59,kovan2,18204737,18202174,2563
2020-04-28 04:26:21,kovan2,18204760,18202174,2586
2020-04-28 04:27:52,kovan2,18204781,18202174,2607
2020-04-28 04:29:14,kovan2,18204801,18202174,2627
2020-04-28 04:30:36,kovan2,18204820,18202174,2646
2020-04-28 04:31:59,kovan2,18204841,18202174,2667
2020-04-28 04:33:23,kovan2,18204862,18202174,2688
2020-04-28 04:34:46,kovan2,18204883,18202174,2709
2020-04-28 04:36:08,kovan2,18204906,18202174,2732
2020-04-28 04:37:39,kovan2,18204926,18202174,2752
2020-04-28 04:39:03,kovan2,18204947,18202174,2773
2020-04-28 04:40:25,kovan2,18204967,18202174,2793
2020-04-28 04:41:47,kovan2,18204989,18202174,2815
2020-04-28 04:43:13,kovan2,18205010,18202174,2836
2020-04-28 04:44:36,kovan2,18205031,18202174,2857
2020-04-28 04:46:00,kovan2,18205053,18202174,2879
2020-04-28 04:47:29,kovan2,18205073,18202174,2899
2020-04-28 04:48:51,kovan2,18205094,18202174,2920
2020-04-28 04:50:14,kovan2,18205115,18202174,2941
2020-04-28 04:51:36,kovan2,18205136,18202174,2962
2020-04-28 04:53:02,kovan2,18205157,18202174,2983
2020-04-28 04:54:25,kovan2,18205178,18202174,3004
2020-04-28 04:55:48,kovan2,18205208,18202296,2912
2020-04-28 04:57:49,kovan2,18205229,18202296,2933
2020-04-28 04:59:11,kovan2,18205250,18202296,2954
2020-04-28 05:00:34,kovan2,18205269,18202296,2973
2020-04-28 05:01:57,kovan2,18205290,18202296,2994
2020-04-28 05:03:22,kovan2,18205311,18202296,3015
2020-04-28 05:04:44,kovan2,18205332,18202296,3036
2020-04-28 05:06:06,kovan2,18205354,18202296,3058
2020-04-28 05:07:35,kovan2,18205374,18202296,3078
2020-04-28 05:08:57,kovan2,18205395,18202296,3099
2020-04-28 05:10:20,kovan2,18205415,18202296,3119
2020-04-28 05:11:42,kovan2,18205437,18202296,3141
2020-04-28 05:13:09,kovan2,18205456,18202296,3160
2020-04-28 05:14:31,kovan2,18205477,18202296,3181
2020-04-28 05:15:54,kovan2,18205506,18202296,3210
2020-04-28 05:17:48,kovan2,18205526,18202296,3230
2020-04-28 05:19:10,kovan2,18205546,18202296,3250
2020-04-28 05:20:33,kovan2,18205568,18202296,3272
2020-04-28 05:21:55,kovan2,18205589,18202296,3293
2020-04-28 05:23:19,kovan2,18205609,18202548,3061
2020-04-28 05:24:42,kovan2,18205630,18202548,3082
2020-04-28 05:26:04,kovan2,18205652,18202548,3104
2020-04-28 05:27:33,kovan2,18205673,18202548,3125
2020-04-28 05:28:56,kovan2,18205694,18202548,3146
2020-04-28 05:30:19,kovan2,18205713,18202548,3165
2020-04-28 05:31:41,kovan2,18205736,18202548,3188
2020-04-28 05:33:11,kovan2,18205756,18202548,3208
2020-04-28 05:34:35,kovan2,18205777,18202548,3229
2020-04-28 05:35:57,kovan2,18205800,18202548,3252
2020-04-28 05:37:26,kovan2,18205820,18202548,3272
2020-04-28 05:38:49,kovan2,18205841,18202548,3293
2020-04-28 05:40:13,kovan2,18205862,18202548,3314
2020-04-28 05:41:35,kovan2,18205884,18202548,3336
2020-04-28 05:43:04,kovan2,18205905,18202548,3357
2020-04-28 05:44:27,kovan2,18205926,18202548,3378
2020-04-28 05:45:50,kovan2,18205948,18202548,3400
2020-04-28 05:47:21,kovan2,18205968,18202548,3420
2020-04-28 05:48:43,kovan2,18205989,18202548,3441
2020-04-28 05:50:07,kovan2,18206010,18202548,3462
2020-04-28 05:51:29,kovan2,18206032,18202548,3484
2020-04-28 05:52:56,kovan2,18206052,18202548,3504
2020-04-28 05:54:18,kovan2,18206073,18202548,3525
2020-04-28 05:55:40,kovan2,18206094,18202548,3546
2020-04-28 05:57:04,kovan2,18206116,18202548,3568
2020-04-28 05:58:32,kovan2,18206137,18202548,3589
2020-04-28 05:59:57,kovan2,18206159,18202548,3611
2020-04-28 06:01:26,kovan2,18206182,18202548,3634
2020-04-28 06:02:56,kovan2,18206202,18202548,3654
2020-04-28 06:04:18,kovan2,18206223,18202548,3675
2020-04-28 06:05:40,kovan2,18206243,18202548,3695
2020-04-28 06:07:04,kovan2,18206264,18202548,3716
2020-04-28 06:08:26,kovan2,18206292,18202801,3491
2020-04-28 06:10:16,kovan2,18206313,18202801,3512
2020-04-28 06:11:39,kovan2,18206335,18202801,3534
2020-04-28 06:13:06,kovan2,18206355,18202801,3554
2020-04-28 06:14:28,kovan2,18206375,18202801,3574
2020-04-28 06:15:52,kovan2,18206398,18202801,3597
2020-04-28 06:17:22,kovan2,18206419,18202801,3618
2020-04-28 06:18:45,kovan2,18206441,18202801,3640
2020-04-28 06:20:11,kovan2,18206461,18202801,3660
2020-04-28 06:21:33,kovan2,18206483,18202801,3682
2020-04-28 06:23:01,kovan2,18206503,18202801,3702
2020-04-28 06:24:23,kovan2,18206524,18202801,3723
2020-04-28 06:25:46,kovan2,18206547,18202801,3746
2020-04-28 06:27:14,kovan2,18206567,18202801,3766
2020-04-28 06:28:38,kovan2,18206588,18202801,3787
2020-04-28 06:30:00,kovan2,18206608,18202801,3807
2020-04-28 06:31:22,kovan2,18206629,18202801,3828
2020-04-28 06:32:51,kovan2,18206650,18202801,3849
2020-04-28 06:34:13,kovan2,18206671,18202801,3870
2020-04-28 06:35:36,kovan2,18206696,18202801,3895
2020-04-28 06:37:16,kovan2,18206716,18202801,3915
2020-04-28 06:38:38,kovan2,18206737,18202801,3936
2020-04-28 06:40:01,kovan2,18206757,18202801,3956
2020-04-28 06:41:25,kovan2,18206780,18202801,3979
2020-04-28 06:42:54,kovan2,18206801,18202801,4000
2020-04-28 06:44:18,kovan2,18206822,18202801,4021
2020-04-28 06:45:40,kovan2,18206842,18202801,4041
2020-04-28 06:47:07,kovan2,18206864,18202801,4063
2020-04-28 06:48:34,kovan2,18206886,18202801,4085
2020-04-28 06:50:02,kovan2,18206909,18202801,4108
2020-04-28 06:51:32,kovan2,18206931,18202801,4130
2020-04-28 06:53:00,kovan2,18206951,18202801,4150
2020-04-28 06:54:23,kovan2,18206972,18202801,4171
2020-04-28 06:55:45,kovan2,18206994,18202801,4193
2020-04-28 06:57:13,kovan2,18207015,18202801,4214
2020-04-28 06:58:35,kovan2,18207035,18202801,4234
2020-04-28 06:59:59,kovan2,18207056,18202801,4255
2020-04-28 07:01:21,kovan2,18207078,18202801,4277
2020-04-28 07:02:50,kovan2,18207099,18202801,4298
2020-04-28 07:04:12,kovan2,18207119,18202801,4318
2020-04-28 07:05:34,kovan2,18207140,18202801,4339
2020-04-28 07:06:56,kovan2,18207161,18202801,4360
2020-04-28 07:08:19,kovan2,18207181,18202801,4380
2020-04-28 07:09:41,kovan2,18207202,18202801,4401
2020-04-28 07:11:04,kovan2,18207223,18202801,4422
2020-04-28 07:12:32,kovan2,18207244,18202801,4443
2020-04-28 07:13:54,kovan2,18207265,18202801,4464
2020-04-28 07:15:17,kovan2,18207285,18202801,4484
2020-04-28 07:16:39,kovan2,18207306,18202801,4505
2020-04-28 07:18:03,kovan2,18207327,18202801,4526
2020-04-28 07:19:26,kovan2,18207348,18202801,4547
2020-04-28 07:20:49,kovan2,18207370,18202801,4569
2020-04-28 07:22:18,kovan2,18207391,18202801,4590
2020-04-28 07:23:40,kovan2,18207412,18202801,4611
2020-04-28 07:25:04,kovan2,18207432,18202801,4631
2020-04-28 07:26:26,kovan2,18207455,18202801,4654
2020-04-28 07:27:55,kovan2,18207474,18202801,4673
2020-04-28 07:29:19,kovan2,18207491,18202801,4690
2020-04-28 07:30:41,kovan2,18207512,18202801,4711
2020-04-28 07:32:05,kovan2,18207534,18202801,4733
2020-04-28 07:33:35,kovan2,18207555,18202801,4754
2020-04-28 07:34:58,kovan2,18207576,18202801,4775
2020-04-28 07:36:20,kovan2,18207598,18202801,4797
2020-04-28 07:37:49,kovan2,18207619,18202801,4818
2020-04-28 07:39:12,kovan2,18207640,18202801,4839
2020-04-28 07:40:35,kovan2,18207660,18202801,4859
2020-04-28 07:41:58,kovan2,18207681,18202801,4880
2020-04-28 07:43:23,kovan2,18207702,18202801,4901
2020-04-28 07:44:47,kovan2,18207723,18202801,4922
2020-04-28 07:46:09,kovan2,18207746,18202801,4945
2020-04-28 07:47:40,kovan2,18207766,18202801,4965
2020-04-28 07:49:02,kovan2,18207787,18202801,4986
2020-04-28 07:50:25,kovan2,18207808,18202801,5007
2020-04-28 07:51:47,kovan2,18207829,18202801,5028
2020-04-28 07:53:15,kovan2,18207853,18202801,5052
2020-04-28 07:54:50,kovan2,18207874,18202801,5073
2020-04-28 07:56:12,kovan2,18207896,18202801,5095
2020-04-28 07:57:43,kovan2,18207922,18202801,5121
2020-04-28 07:59:27,kovan2,18207944,18202801,5143
2020-04-28 08:00:51,kovan2,18207969,18202801,5168
2020-04-28 08:02:30,kovan2,18207990,18202801,5189
2020-04-28 08:03:56,kovan2,18208014,18202801,5213
2020-04-28 08:05:37,kovan2,18208035,18202921,5114
2020-04-28 08:07:00,kovan2,18208055,18202921,5134
2020-04-28 08:08:24,kovan2,18208077,18202921,5156
2020-04-28 08:09:46,kovan2,18208097,18202921,5176
2020-04-28 08:11:09,kovan2,18208120,18202921,5199
2020-04-28 08:12:39,kovan2,18208140,18202921,5219
2020-04-28 08:14:02,kovan2,18208163,18202921,5242
2020-04-28 08:15:36,kovan2,18208184,18202921,5263
2020-04-28 08:17:00,kovan2,18208206,18202921,5285
2020-04-28 08:18:28,kovan2,18208226,18202921,5305
2020-04-28 08:19:50,kovan2,18208248,18202921,5327
2020-04-28 08:21:16,kovan2,18208273,18203048,5225
2020-04-28 08:22:53,kovan2,18208293,18203048,5245
2020-04-28 08:24:20,kovan2,18208315,18203048,5267
2020-04-28 08:25:44,kovan2,18208337,18203048,5289
2020-04-28 08:27:14,kovan2,18208359,18203048,5311
2020-04-28 08:28:39,kovan2,18208379,18203048,5331
2020-04-28 08:30:01,kovan2,18208400,18203048,5352
2020-04-28 08:31:24,kovan2,18208422,18203048,5374
2020-04-28 08:32:53,kovan2,18208442,18203048,5394
2020-04-28 08:34:15,kovan2,18208463,18203048,5415
2020-04-28 08:35:37,kovan2,18208484,18203048,5436
2020-04-28 08:37:01,kovan2,18208505,18203048,5457
2020-04-28 08:38:25,kovan2,18208525,18203048,5477
2020-04-28 08:39:47,kovan2,18208546,18203048,5498
2020-04-28 08:41:10,kovan2,18208570,18203048,5522
2020-04-28 08:42:45,kovan2,18208590,18203048,5542
2020-04-28 08:44:07,kovan2,18208612,18203048,5564
2020-04-28 08:45:34,kovan2,18208633,18203048,5585
2020-04-28 08:46:58,kovan2,18208657,18203048,5609
2020-04-28 08:48:30,kovan2,18208677,18203048,5629
2020-04-28 08:49:52,kovan2,18208697,18203048,5649
2020-04-28 08:51:14,kovan2,18208720,18203048,5672
2020-04-28 08:52:43,kovan2,18208740,18203048,5692
2020-04-28 08:54:06,kovan2,18208761,18203048,5713
2020-04-28 08:55:31,kovan2,18208782,18203048,5734
2020-04-28 08:56:53,kovan2,18208805,18203048,5757
2020-04-28 08:58:25,kovan2,18208825,18203048,5777
2020-04-28 08:59:48,kovan2,18208846,18203048,5798
2020-04-28 09:01:11,kovan2,18208871,18203048,5823
2020-04-28 09:02:48,kovan2,18208901,18203176,5725
2020-04-28 09:04:48,kovan2,18208922,18203176,5746
2020-04-28 09:06:13,kovan2,18208946,18203176,5770
2020-04-28 09:07:48,kovan2,18208967,18203176,5791
2020-04-28 09:09:13,kovan2,18208988,18203303,5685
2020-04-28 09:10:38,kovan2,18209010,18203557,5453
2020-04-28 09:12:05,kovan2,18209031,18203557,5474
2020-04-28 09:13:28,kovan2,18209053,18203557,5496
2020-04-28 09:14:58,kovan2,18209074,18203557,5517
2020-04-28 09:16:22,kovan2,18209097,18203557,5540
2020-04-28 09:17:51,kovan2,18209118,18203557,5561
2020-04-28 09:19:13,kovan2,18209138,18203557,5581
2020-04-28 09:20:35,kovan2,18209158,18203557,5601
2020-04-28 09:21:57,kovan2,18209179,18203557,5622
2020-04-28 09:23:20,kovan2,18209200,18203557,5643
2020-04-28 09:24:47,kovan2,18209220,18203557,5663
2020-04-28 09:26:10,kovan2,18209243,18203557,5686
2020-04-28 09:27:43,kovan2,18209264,18203557,5707
2020-04-28 09:29:05,kovan2,18209285,18203557,5728
2020-04-28 09:30:28,kovan2,18209310,18203557,5753
2020-04-28 09:32:09,kovan2,18209330,18203557,5773
2020-04-28 09:33:31,kovan2,18209354,18203557,5797
2020-04-28 09:35:03,kovan2,18209374,18203557,5817
2020-04-28 09:36:27,kovan2,18209397,18203557,5840
2020-04-28 09:37:57,kovan2,18209418,18203557,5861
2020-04-28 09:39:21,kovan2,18209440,18203557,5883
2020-04-28 09:40:46,kovan2,18209462,18203557,5905
2020-04-28 09:42:17,kovan2,18209483,18203557,5926
2020-04-28 09:43:40,kovan2,18209504,18203557,5947
2020-04-28 09:45:03,kovan2,18209524,18203557,5967
2020-04-28 09:46:25,kovan2,18209547,18203557,5990
2020-04-28 09:47:57,kovan2,18209568,18203557,6011
2020-04-28 09:49:21,kovan2,18209590,18203557,6033
2020-04-28 09:50:49,kovan2,18209612,18203557,6055
2020-04-28 09:52:17,kovan2,18209635,18203557,6078
2020-04-28 09:53:52,kovan2,18209657,18203557,6100
2020-04-28 09:55:15,kovan2,18209680,18203557,6123
2020-04-28 09:56:50,kovan2,18209705,18203557,6148
2020-04-28 09:58:29,kovan2,18209729,18203557,6172
2020-04-28 10:00:05,kovan2,18209753,18203557,6196
2020-04-28 10:01:44,kovan2,18209777,18203557,6220
2020-04-28 10:03:16,kovan2,18209798,18203557,6241
2020-04-28 10:04:39,kovan2,18209818,18203557,6261
2020-04-28 10:06:02,kovan2,18209843,18203557,6286
2020-04-28 10:07:42,kovan2,18209868,18203557,6311
2020-04-28 10:09:20,kovan2,18209888,18203557,6331
2020-04-28 10:10:43,kovan2,18209911,18203557,6354
2020-04-28 10:12:14,kovan2,18209933,18203557,6376
2020-04-28 10:13:38,kovan2,18209952,18203557,6395
2020-04-28 10:15:00,kovan2,18209974,18203557,6417
2020-04-28 10:16:25,kovan2,18209997,18203557,6440
2020-04-28 10:17:59,kovan2,18210018,18203557,6461
2020-04-28 10:19:21,kovan2,18210041,18203557,6484
2020-04-28 10:20:56,kovan2,18210065,18203557,6508
2020-04-28 10:22:28,kovan2,18210084,18203557,6527
2020-04-28 10:23:51,kovan2,18210110,18203557,6553
2020-04-28 10:25:32,kovan2,18210131,18203557,6574
2020-04-28 10:26:55,kovan2,18210153,18203557,6596
2020-04-28 10:28:28,kovan2,18210179,18203557,6622
2020-04-28 10:30:14,kovan2,18210209,18203557,6652
2020-04-28 10:32:15,kovan2,18210232,18203557,6675
2020-04-28 10:33:45,kovan2,18210256,18203557,6699
2020-04-28 10:35:20,kovan2,18210277,18203557,6720
2020-04-28 10:36:45,kovan2,18210299,18203557,6742
2020-04-28 10:38:17,kovan2,18210321,18203557,6764
2020-04-28 10:39:41,kovan2,18210344,18203677,6667
2020-04-28 10:41:12,kovan2,18210367,18203677,6690
2020-04-28 10:42:46,kovan2,18210389,18203677,6712
2020-04-28 10:44:10,kovan2,18210411,18203677,6734
2020-04-28 10:45:42,kovan2,18210434,18203677,6757
2020-04-28 10:47:16,kovan2,18210456,18203677,6779
2020-04-28 10:48:40,kovan2,18210477,18203677,6800
2020-04-28 10:50:05,kovan2,18210498,18203677,6821
2020-04-28 10:51:30,kovan2,18210523,18203677,6846
2020-04-28 10:53:06,kovan2,18210546,18203677,6869
2020-04-28 10:54:39,kovan2,18210578,18203677,6901
2020-04-28 10:56:46,kovan2,18210600,18203677,6923
2020-04-28 10:58:17,kovan2,18210625,18203677,6948
2020-04-28 10:59:56,kovan2,18210646,18203677,6969
2020-04-28 11:01:19,kovan2,18210670,18203677,6993
2020-04-28 11:02:57,kovan2,18210691,18203677,7014
2020-04-28 11:04:20,kovan2,18210714,18203677,7037
2020-04-28 11:05:56,kovan2,18210754,18203677,7077
2020-04-28 11:08:32,kovan2,18210790,18203677,7113
2020-04-28 11:10:56,kovan2,18210814,18203677,7137
2020-04-28 11:12:34,kovan2,18210836,18203677,7159
2020-04-28 11:14:01,kovan2,18210857,18203677,7180
2020-04-28 11:15:25,kovan2,18210879,18203677,7202
2020-04-28 11:16:52,kovan2,18210901,18203677,7224
2020-04-28 11:18:21,kovan2,18210922,18203677,7245
2020-04-28 11:19:45,kovan2,18210943,18203677,7266
2020-04-28 11:21:08,kovan2,18210966,18203677,7289
2020-04-28 11:22:42,kovan2,18210990,18203677,7313
2020-04-28 11:24:22,kovan2,18211012,18203677,7335
2020-04-28 11:25:46,kovan2,18211036,18203677,7359
2020-04-28 11:27:26,kovan2,18211057,18203677,7380
2020-04-28 11:28:51,kovan2,18211084,18203677,7407
2020-04-28 11:30:36,kovan2,18211106,18203677,7429
2020-04-28 11:32:08,kovan2,18211126,18203677,7449
2020-04-28 11:33:31,kovan2,18211148,18203677,7471
2020-04-28 11:34:56,kovan2,18211169,18203677,7492
2020-04-28 11:36:20,kovan2,18211194,18203677,7517
2020-04-28 11:38:02,kovan2,18211214,18203677,7537
2020-04-28 11:39:26,kovan2,18211236,18203677,7559
2020-04-28 11:40:54,kovan2,18211269,18203677,7592
2020-04-28 11:43:03,kovan2,18211290,18203677,7613
2020-04-28 11:44:28,kovan2,18211311,18203677,7634
2020-04-28 11:45:53,kovan2,18211338,18203677,7661
2020-04-28 11:47:48,kovan2,18211371,18203677,7694
2020-04-28 11:49:58,kovan2,18211400,18203677,7723
2020-04-28 11:51:56,kovan2,18211421,18203677,7744
2020-04-28 11:53:22,kovan2,18211443,18203677,7766
2020-04-28 11:54:49,kovan2,18211468,18203677,7791
2020-04-28 11:56:30,kovan2,18211495,18203677,7818
2020-04-28 11:58:26,kovan2,18211516,18203677,7839
2020-04-28 11:59:48,kovan2,18211540,18203677,7863
2020-04-28 12:01:24,kovan2,18211559,18203677,7882
2020-04-28 12:02:49,kovan2,18211580,18203677,7903
2020-04-28 12:04:19,kovan2,18211608,18203677,7931
2020-04-28 12:06:11,kovan2,18211630,18203677,7953
2020-04-28 12:07:48,kovan2,18211653,18203677,7976
2020-04-28 12:09:21,kovan2,18211684,18203677,8007
2020-04-28 12:11:23,kovan2,18211701,18203677,8024
2020-04-28 12:12:46,kovan2,18211721,18203677,8044
2020-04-28 12:14:09,kovan2,18211745,18203677,8068
2020-04-28 12:15:41,kovan2,18211767,18203677,8090
2020-04-28 12:17:14,kovan2,18211787,18203677,8110
2020-04-28 12:18:44,kovan2,18211812,18203677,8135
2020-04-28 12:20:26,kovan2,18211835,18203677,8158
2020-04-28 12:22:00,kovan2,18211858,18203677,8181
2020-04-28 12:23:42,kovan2,18211879,18203677,8202
2020-04-28 12:25:05,kovan2,18211899,18203677,8222
2020-04-28 12:26:28,kovan2,18211925,18203677,8248
2020-04-28 12:28:13,kovan2,18211946,18203677,8269
2020-04-28 12:29:43,kovan2,18211970,18203677,8293
2020-04-28 12:31:14,kovan2,18211991,18203677,8314
2020-04-28 12:32:45,kovan2,18212019,18203677,8342
2020-04-28 12:34:34,kovan2,18212040,18203677,8363
2020-04-28 12:35:58,kovan2,18212063,18203792,8271
2020-04-28 12:37:34,kovan2,18212083,18203792,8291
2020-04-28 12:39:00,kovan2,18212105,18203792,8313
2020-04-28 12:40:25,kovan2,18212125,18203792,8333
2020-04-28 12:41:49,kovan2,18212146,18203792,8354
2020-04-28 12:43:15,kovan2,18212167,18203792,8375
2020-04-28 12:44:38,kovan2,18212188,18203792,8396
2020-04-28 12:46:05,kovan2,18212211,18203920,8291
2020-04-28 12:47:46,kovan2,18212231,18203920,8311
2020-04-28 12:49:19,kovan2,18212252,18203920,8332
2020-04-28 12:50:44,kovan2,18212275,18203920,8355
2020-04-28 12:52:21,kovan2,18212299,18203920,8379
2020-04-28 12:53:55,kovan2,18212318,18203920,8398
2020-04-28 12:55:19,kovan2,18212338,18203920,8418
2020-04-28 12:56:42,kovan2,18212362,18204173,8189
2020-04-28 12:58:18,kovan2,18212383,18204173,8210
2020-04-28 12:59:49,kovan2,18212405,18204173,8232
2020-04-28 13:01:26,kovan2,18212427,18204173,8254
2020-04-28 13:02:59,kovan2,18212448,18204173,8275
2020-04-28 13:04:25,kovan2,18212468,18204173,8295
2020-04-28 13:05:49,kovan2,18212494,18204173,8321
2020-04-28 13:07:36,kovan2,18212515,18204173,8342
2020-04-28 13:09:01,kovan2,18212538,18204173,8365
2020-04-28 13:10:32,kovan2,18212558,18204173,8385
2020-04-28 13:11:56,kovan2,18212580,18204173,8407
2020-04-28 13:13:27,kovan2,18212602,18204173,8429
2020-04-28 13:14:53,kovan2,18212624,18204173,8451
2020-04-28 13:16:19,kovan2,18212648,18204173,8475
2020-04-28 13:18:02,kovan2,18212669,18204173,8496
2020-04-28 13:19:30,kovan2,18212692,18204173,8519
2020-04-28 13:20:59,kovan2,18212717,18204173,8544
2020-04-28 13:22:44,kovan2,18212738,18204173,8565
2020-04-28 13:24:08,kovan2,18212757,18204173,8584
2020-04-28 13:25:31,kovan2,18212776,18204173,8603
2020-04-28 13:26:53,kovan2,18212798,18204173,8625
2020-04-28 13:28:20,kovan2,18212822,18204173,8649
2020-04-28 13:29:57,kovan2,18212843,18204173,8670
2020-04-28 13:31:20,kovan2,18212866,18204173,8693
2020-04-28 13:32:53,kovan2,18212888,18204173,8715
2020-04-28 13:34:27,kovan2,18212909,18204173,8736
2020-04-28 13:35:52,kovan2,18212932,18204296,8636
2020-04-28 13:37:35,kovan2,18212953,18204296,8657
2020-04-28 13:39:07,kovan2,18212975,18204296,8679
2020-04-28 13:40:31,kovan2,18212995,18204296,8699
2020-04-28 13:41:56,kovan2,18213015,18204296,8719
2020-04-28 13:43:20,kovan2,18213038,18204296,8742
2020-04-28 13:44:47,kovan2,18213059,18204296,8763
2020-04-28 13:46:10,kovan2,18213079,18204296,8783
2020-04-28 13:47:45,kovan2,18213100,18204296,8804
2020-04-28 13:49:09,kovan2,18213121,18204296,8825
2020-04-28 13:50:38,kovan2,18213142,18204296,8846
2020-04-28 13:52:09,kovan2,18213163,18204296,8867
2020-04-28 13:53:38,kovan2,18213184,18204296,8888
2020-04-28 13:55:00,kovan2,18213204,18204296,8908
2020-04-28 13:56:23,kovan2,18213225,18204296,8929
2020-04-28 13:57:56,kovan2,18213246,18204296,8950
2020-04-28 13:59:22,kovan2,18213267,18204296,8971
2020-04-28 14:00:45,kovan2,18213289,18204296,8993
2020-04-28 14:02:21,kovan2,18213311,18204296,9015
2020-04-28 14:03:47,kovan2,18213331,18204296,9035
2020-04-28 14:05:11,kovan2,18213356,18204296,9060
2020-04-28 14:06:54,kovan2,18213377,18204296,9081
2020-04-28 14:08:28,kovan2,18213399,18204550,8849
2020-04-28 14:10:00,kovan2,18213422,18204677,8745
2020-04-28 14:11:42,kovan2,18213445,18204677,8768
2020-04-28 14:13:11,kovan2,18213464,18204677,8787
2020-04-28 14:14:38,kovan2,18213485,18204677,8808
2020-04-28 14:16:02,kovan2,18213506,18204677,8829
2020-04-28 14:17:38,kovan2,18213528,18204677,8851
2020-04-28 14:19:09,kovan2,18213549,18204677,8872
2020-04-28 14:20:32,kovan2,18213569,18204677,8892
2020-04-28 14:21:57,kovan2,18213595,18204677,8918
2020-04-28 14:23:45,kovan2,18213615,18204677,8938
2020-04-28 14:25:08,kovan2,18213641,18204677,8964
2020-04-28 14:27:01,kovan2,18213662,18204677,8985
2020-04-28 14:28:24,kovan2,18213684,18204677,9007
2020-04-28 14:29:54,kovan2,18213705,18204677,9028
2020-04-28 14:31:23,kovan2,18213729,18204677,9052
2020-04-28 14:33:02,kovan2,18213752,18204677,9075
2020-04-28 14:34:38,kovan2,18213773,18204677,9096
2020-04-28 14:36:06,kovan2,18213798,18204677,9121
2020-04-28 14:37:49,kovan2,18213823,18204677,9146
2020-04-28 14:39:30,kovan2,18213847,18204677,9170
2020-04-28 14:41:06,kovan2,18213874,18204677,9197
2020-04-28 14:42:50,kovan2,18213895,18204677,9218
2020-04-28 14:44:14,kovan2,18213918,18204677,9241
2020-04-28 14:45:54,kovan2,18213940,18204677,9263
2020-04-28 14:47:26,kovan2,18213967,18204677,9290
2020-04-28 14:49:22,kovan2,18213988,18204677,9311
2020-04-28 14:50:48,kovan2,18214010,18204677,9333
2020-04-28 14:52:24,kovan2,18214032,18204677,9355
2020-04-28 14:53:52,kovan2,18214053,18204677,9376
2020-04-28 14:55:16,kovan2,18214073,18204677,9396
2020-04-28 14:56:39,kovan2,18214094,18204677,9417
2020-04-28 14:58:03,kovan2,18214115,18204803,9312
2020-04-28 14:59:31,kovan2,18214136,18204803,9333
2020-04-28 15:00:53,kovan2,18214158,18204803,9355
2020-04-28 15:02:27,kovan2,18214180,18204803,9377
2020-04-28 15:03:52,kovan2,18214201,18204803,9398
2020-04-28 15:05:15,kovan2,18214220,18204803,9417
2020-04-28 15:06:39,kovan2,18214244,18204803,9441
2020-04-28 15:08:12,kovan2,18214267,18204803,9464
2020-04-28 15:09:46,kovan2,18214287,18204803,9484
2020-04-28 15:11:10,kovan2,18214310,18204803,9507
2020-04-28 15:12:48,kovan2,18214332,18204803,9529
2020-04-28 15:14:15,kovan2,18214350,18204803,9547
2020-04-28 15:15:40,kovan2,18214371,18204803,9568
2020-04-28 15:17:08,kovan2,18214392,18204803,9589
2020-04-28 15:18:32,kovan2,18214412,18204803,9609
2020-04-28 15:19:55,kovan2,18214444,18205056,9388
2020-04-28 15:22:08,kovan2,18214468,18205056,9412
2020-04-28 15:23:54,kovan2,18214486,18205056,9430
2020-04-28 15:25:18,kovan2,18214506,18205056,9450
2020-04-28 15:26:42,kovan2,18214524,18205056,9468
2020-04-28 15:28:04,kovan2,18214545,18205056,9489
2020-04-28 15:29:28,kovan2,18214565,18205056,9509
2020-04-28 15:30:51,kovan2,18214587,18205056,9531
2020-04-28 15:32:23,kovan2,18214612,18205056,9556
2020-04-28 15:34:05,kovan2,18214632,18205056,9576
2020-04-28 15:35:28,kovan2,18214651,18205056,9595
2020-04-28 15:36:50,kovan2,18214670,18205056,9614
2020-04-28 15:38:16,kovan2,18214690,18205056,9634
2020-04-28 15:39:40,kovan2,18214711,18205056,9655
2020-04-28 15:41:03,kovan2,18214732,18205056,9676
2020-04-28 15:42:37,kovan2,18214759,18205184,9575
2020-04-28 15:44:21,kovan2,18214780,18205184,9596
2020-04-28 15:45:44,kovan2,18214803,18205184,9619
2020-04-28 15:47:20,kovan2,18214825,18205184,9641
2020-04-28 15:48:51,kovan2,18214851,18205184,9667
2020-04-28 15:50:31,kovan2,18214882,18205184,9698
2020-04-28 15:52:39,kovan2,18214903,18205184,9719
2020-04-28 15:54:04,kovan2,18214925,18205184,9741
2020-04-28 15:55:33,kovan2,18214946,18205184,9762
2020-04-28 15:57:02,kovan2,18214966,18205184,9782
2020-04-28 15:58:26,kovan2,18214989,18205184,9805
2020-04-28 15:59:56,kovan2,18215011,18205184,9827
2020-04-28 16:01:25,kovan2,18215031,18205184,9847
2020-04-28 16:02:51,kovan2,18215050,18205184,9866
2020-04-28 16:04:13,kovan2,18215070,18205184,9886
2020-04-28 16:05:36,kovan2,18215096,18205184,9912
2020-04-28 16:07:23,kovan2,18215119,18205184,9935
2020-04-28 16:08:57,kovan2,18215138,18205184,9954
2020-04-28 16:10:22,kovan2,18215161,18205184,9977
2020-04-28 16:11:59,kovan2,18215195,18205184,10011
2020-04-28 16:14:13,kovan2,18215219,18205184,10035
2020-04-28 16:15:48,kovan2,18215244,18205184,10060
2020-04-28 16:17:31,kovan2,18215263,18205184,10079
2020-04-28 16:18:55,kovan2,18215284,18205184,10100
2020-04-28 16:20:20,kovan2,18215315,18205184,10131
2020-04-28 16:22:29,kovan2,18215337,18205184,10153
2020-04-28 16:23:56,kovan2,18215360,18205184,10176
2020-04-28 16:25:28,kovan2,18215381,18205184,10197
2020-04-28 16:26:57,kovan2,18215405,18205184,10221
2020-04-28 16:28:33,kovan2,18215426,18205184,10242
2020-04-28 16:29:57,kovan2,18215446,18205184,10262
2020-04-28 16:31:19,kovan2,18215467,18205184,10283
2020-04-28 16:32:43,kovan2,18215487,18205184,10303
2020-04-28 16:34:06,kovan2,18215510,18205184,10326
2020-04-28 16:35:38,kovan2,18215531,18205184,10347
2020-04-28 16:37:11,kovan2,18215553,18205184,10369
2020-04-28 16:38:35,kovan2,18215572,18205184,10388
2020-04-28 16:39:58,kovan2,18215592,18205184,10408
2020-04-28 16:41:20,kovan2,18215615,18205184,10431
2020-04-28 16:42:51,kovan2,18215635,18205184,10451
2020-04-28 16:44:15,kovan2,18215657,18205184,10473
2020-04-28 16:45:38,kovan2,18215675,18205184,10491
2020-04-28 16:47:01,kovan2,18215697,18205184,10513
2020-04-28 16:48:33,kovan2,18215717,18205184,10533
2020-04-28 16:49:55,kovan2,18215739,18205184,10555
2020-04-28 16:51:19,kovan2,18215760,18205184,10576
2020-04-28 16:52:49,kovan2,18215781,18205184,10597
2020-04-28 16:54:14,kovan2,18215802,18205184,10618
2020-04-28 16:55:36,kovan2,18215822,18205184,10638
2020-04-28 16:56:59,kovan2,18215843,18205184,10659
2020-04-28 16:58:24,kovan2,18215864,18205184,10680
2020-04-28 16:59:48,kovan2,18215885,18205184,10701
2020-04-28 17:01:11,kovan2,18215907,18205184,10723
2020-04-28 17:02:53,kovan2,18215928,18205184,10744
2020-04-28 17:04:16,kovan2,18215951,18205184,10767
2020-04-28 17:05:50,kovan2,18215973,18205184,10789
2020-04-28 17:07:22,kovan2,18215998,18205184,10814
2020-04-28 17:09:00,kovan2,18216019,18205184,10835
2020-04-28 17:10:22,kovan2,18216039,18205184,10855
2020-04-28 17:11:45,kovan2,18216059,18205184,10875
2020-04-28 17:13:08,kovan2,18216080,18205184,10896
2020-04-28 17:14:33,kovan2,18216101,18205184,10917
2020-04-28 17:16:01,kovan2,18216122,18205184,10938
2020-04-28 17:17:32,kovan2,18216142,18205184,10958
2020-04-28 17:18:57,kovan2,18216163,18205184,10979
2020-04-28 17:20:20,kovan2,18216183,18205184,10999
2020-04-28 17:21:43,kovan2,18216203,18205184,11019
2020-04-28 17:23:05,kovan2,18216222,18205184,11038
2020-04-28 17:24:27,kovan2,18216242,18205184,11058
2020-04-28 17:25:50,kovan2,18216264,18205184,11080
2020-04-28 17:27:21,kovan2,18216285,18205184,11101
2020-04-28 17:28:43,kovan2,18216305,18205184,11121
2020-04-28 17:30:06,kovan2,18216324,18205184,11140
2020-04-28 17:31:29,kovan2,18216345,18205184,11161
2020-04-28 17:32:54,kovan2,18216365,18205184,11181
2020-04-28 17:34:16,kovan2,18216386,18205184,11202
2020-04-28 17:35:39,kovan2,18216406,18205184,11222
2020-04-28 17:37:09,kovan2,18216426,18205184,11242
2020-04-28 17:38:32,kovan2,18216446,18205184,11262
2020-04-28 17:39:54,kovan2,18216466,18205184,11282
2020-04-28 17:41:18,kovan2,18216486,18205184,11302
2020-04-28 17:42:44,kovan2,18216505,18205184,11321
2020-04-28 17:44:07,kovan2,18216526,18205184,11342
2020-04-28 17:45:30,kovan2,18216546,18205184,11362
2020-04-28 17:46:52,kovan2,18216567,18205184,11383
2020-04-28 17:48:16,kovan2,18216588,18205184,11404
2020-04-28 17:49:38,kovan2,18216608,18205184,11424
2020-04-28 17:51:01,kovan2,18216629,18205184,11445
2020-04-28 17:52:28,kovan2,18216649,18205184,11465
2020-04-28 17:53:50,kovan2,18216669,18205184,11485
2020-04-28 17:55:13,kovan2,18216689,18205184,11505
2020-04-28 17:56:35,kovan2,18216710,18205184,11526
2020-04-28 17:57:58,kovan2,18216728,18205184,11544
2020-04-28 17:59:22,kovan2,18216751,18205307,11444
2020-04-28 18:00:51,kovan2,18216768,18205307,11461
2020-04-28 18:02:19,kovan2,18216789,18205307,11482
2020-04-28 18:03:42,kovan2,18216816,18205434,11382
2020-04-28 18:05:28,kovan2,18216838,18205561,11277
2020-04-28 18:07:02,kovan2,18216863,18205942,10921
2020-04-28 18:08:43,kovan2,18216889,18206196,10693
2020-04-28 18:10:26,kovan2,18216910,18206323,10587
2020-04-28 18:11:53,kovan2,18216935,18206578,10357
2020-04-28 18:13:33,kovan2,18216956,18206705,10251
2020-04-28 18:14:57,kovan2,18216978,18206705,10273
2020-04-28 18:16:25,kovan2,18217002,18206705,10297
2020-04-28 18:18:02,kovan2,18217037,18207589,9448
2020-04-28 18:20:26,kovan2,18217055,18207843,9212
2020-04-28 18:21:48,kovan2,18217075,18208224,8851
2020-04-28 18:23:10,kovan2,18217103,18208479,8624
2020-04-28 18:24:59,kovan2,18217130,18208606,8524
2020-04-28 18:26:54,kovan2,18217151,18208606,8545
2020-04-28 18:28:18,kovan2,18217174,18208606,8568
2020-04-28 18:29:46,kovan2,18217196,18209747,7449
2020-04-28 18:31:16,kovan2,18217224,18210636,6588
2020-04-28 18:33:14,kovan2,18217246,18210636,6610
2020-04-28 18:34:40,kovan2,18217267,18214512,2755
2020-04-28 18:36:06,kovan2,18217287,18217113,174
2020-04-28 18:37:28,kovan2,18217311,18217240,71
2020-04-28 18:39:07,kovan2,18217332,18217332,0
2020-04-28 18:40:30,kovan2,18217355,18217355,0
2020-04-28 18:42:04,kovan2,18217376,18217359,17
2020-04-28 18:43:29,kovan2,18217397,18217359,38
2020-04-28 18:44:52,kovan2,18217420,18217412,8
2020-04-28 18:46:27,kovan2,18217441,18217412,29
2020-04-28 18:47:51,kovan2,18217463,18217449,14
2020-04-28 18:49:22,kovan2,18217486,18217476,10
2020-04-28 18:50:52,kovan2,18217507,18217499,8
2020-04-28 18:52:21,kovan2,18217531,18217532,-1
2020-04-28 18:53:59,kovan2,18217555,18217534,21
2020-04-28 18:55:30,kovan2,18217574,18217534,40
2020-04-28 18:56:52,kovan2,18217597,18217598,-1
2020-04-28 18:58:26,kovan2,18217623,18217603,20
2020-04-28 19:00:11,kovan2,18217642,18217643,-1
2020-04-28 19:01:35,kovan2,18217663,18217664,-1
2020-04-28 19:03:06,kovan2,18217687,18217673,14
2020-04-28 19:04:41,kovan2,18217709,18217702,7
2020-04-28 19:06:09,kovan2,18217734,18217706,28
2020-04-28 19:07:53,kovan2,18217757,18217757,0
2020-04-28 19:09:25,kovan2,18217778,18217777,1
2020-04-28 19:10:48,kovan2,18217801,18217789,12
2020-04-28 19:12:27,kovan2,18217825,18217789,36
2020-04-28 19:14:03,kovan2,18217847,18217789,58
2020-04-28 19:15:29,kovan2,18217870,18217844,26
2020-04-28 19:17:04,kovan2,18217892,18217892,0
2020-04-28 19:18:30,kovan2,18217916,18217896,20
2020-04-28 19:20:07,kovan2,18217935,18217896,39
2020-04-28 19:21:29,kovan2,18217957,18217955,2
2020-04-28 19:22:58,kovan2,18217980,18217955,25
2020-04-28 19:24:26,kovan2,18218001,18217955,46
2020-04-28 19:25:55,kovan2,18218025,18217955,70
2020-04-28 19:27:33,kovan2,18218052,18218039,13
2020-04-28 19:29:19,kovan2,18218073,18218068,5
2020-04-28 19:30:46,kovan2,18218094,18218095,-1
2020-04-28 19:32:14,kovan2,18218120,18218102,18
2020-04-28 19:33:56,kovan2,18218141,18218141,0
2020-04-28 19:35:20,kovan2,18218161,18218142,19
2020-04-28 19:36:44,kovan2,18218184,18218142,42
2020-04-28 19:38:14,kovan2,18218206,18218142,64
2020-04-28 19:39:46,kovan2,18218228,18218142,86
2020-04-28 19:41:16,kovan2,18218249,18218142,107
2020-04-28 19:42:43,kovan2,18218272,18218269,3
2020-04-28 19:44:14,kovan2,18218296,18218269,27
2020-04-28 19:45:49,kovan2,18218319,18218307,12
2020-04-28 19:47:26,kovan2,18218341,18218307,34
2020-04-28 19:48:52,kovan2,18218362,18218363,-1
2020-04-28 19:50:19,kovan2,18218387,18218375,12
2020-04-28 19:51:59,kovan2,18218409,18218375,34
2020-04-28 19:53:31,kovan2,18218432,18218375,57
2020-04-28 19:55:00,kovan2,18218453,18218436,17
2020-04-28 19:56:25,kovan2,18218472,18218436,36
2020-04-28 19:57:48,kovan2,18218498,18218486,12
2020-04-28 19:59:27,kovan2,18218518,18218486,32
2020-04-28 20:00:50,kovan2,18218538,18218539,-1
2020-04-28 20:02:13,kovan2,18218560,18218559,1
2020-04-28 20:03:41,kovan2,18218583,18218568,15
2020-04-28 20:05:10,kovan2,18218612,18218590,22
2020-04-28 20:07:13,kovan2,18218633,18218633,0
2020-04-28 20:08:35,kovan2,18218654,18218642,12
2020-04-28 20:10:01,kovan2,18218676,18218642,34
2020-04-28 20:11:31,kovan2,18218697,18218697,0
2020-04-28 20:12:54,kovan2,18218717,18218718,-1
2020-04-28 20:14:17,kovan2,18218738,18218738,0
2020-04-28 20:15:40,kovan2,18218758,18218759,-1
2020-04-28 20:17:05,kovan2,18218780,18218778,2
2020-04-28 20:18:33,kovan2,18218801,18218778,23
2020-04-28 20:20:00,kovan2,18218824,18218820,4
2020-04-28 20:21:28,kovan2,18218845,18218842,3
2020-04-28 20:23:00,kovan2,18218869,18218842,27
2020-04-28 20:24:33,kovan2,18218890,18218842,48
2020-04-28 20:26:00,kovan2,18218910,18218911,-1
2020-04-28 20:27:23,kovan2,18218941,18218923,18
2020-04-28 20:29:27,kovan2,18218965,18218923,42
2020-04-28 20:31:00,kovan2,18218987,18218986,1
2020-04-28 20:32:33,kovan2,18219013,18218997,16
2020-04-28 20:34:17,kovan2,18219035,18219036,-1
2020-04-28 20:35:46,kovan2,18219060,18219045,15
2020-04-28 20:37:25,kovan2,18219082,18219083,-1
2020-04-28 20:38:54,kovan2,18219103,18219085,18
2020-04-28 20:40:19,kovan2,18219124,18219124,0
2020-04-28 20:41:42,kovan2,18219148,18219138,10
2020-04-28 20:43:18,kovan2,18219170,18219138,32
2020-04-28 20:44:49,kovan2,18219191,18219189,2
2020-04-28 20:46:14,kovan2,18219215,18219211,4
2020-04-28 20:47:52,kovan2,18219237,18219224,13
2020-04-28 20:49:23,kovan2,18219259,18219244,15
2020-04-28 20:50:48,kovan2,18219280,18219244,36
2020-04-28 20:52:10,kovan2,18219300,18219244,56
2020-04-28 20:53:33,kovan2,18219322,18219244,78
2020-04-28 20:54:59,kovan2,18219342,18219244,98
2020-04-28 20:56:22,kovan2,18219364,18219244,120
2020-04-28 20:57:49,kovan2,18219386,18219244,142
2020-04-28 20:59:20,kovan2,18219408,18219244,164
2020-04-28 21:00:45,kovan2,18219431,18219244,187
2020-04-28 21:02:19,kovan2,18219451,18219244,207
2020-04-28 21:03:42,kovan2,18219472,18219244,228
2020-04-28 21:05:06,kovan2,18219493,18219244,249
2020-04-28 21:06:29,kovan2,18219514,18219244,270
2020-04-28 21:07:51,kovan2,18219536,18219371,165
2020-04-28 21:09:23,kovan2,18219558,18219371,187
2020-04-28 21:10:47,kovan2,18219577,18219371,206
2020-04-28 21:12:10,kovan2,18219598,18219371,227
2020-04-28 21:13:33,kovan2,18219618,18219371,247
2020-04-28 21:14:55,kovan2,18219639,18219371,268
2020-04-28 21:16:18,kovan2,18219663,18219371,292
2020-04-28 21:17:54,kovan2,18219687,18219625,62
2020-04-28 21:19:30,kovan2,18219709,18219625,84
2020-04-28 21:20:54,kovan2,18219729,18219625,104
2020-04-28 21:22:17,kovan2,18219750,18219625,125
2020-04-28 21:23:41,kovan2,18219771,18219625,146
2020-04-28 21:25:06,kovan2,18219792,18219625,167
2020-04-28 21:26:28,kovan2,18219813,18219625,188
2020-04-28 21:27:51,kovan2,18219833,18219625,208
2020-04-28 21:29:16,kovan2,18219855,18219625,230
2020-04-28 21:30:38,kovan2,18219874,18219625,249
2020-04-28 21:32:00,kovan2,18219894,18219625,269
2020-04-28 21:33:22,kovan2,18219916,18219625,291
2020-04-28 21:34:48,kovan2,18219937,18219625,312
2020-04-28 21:36:12,kovan2,18219958,18219749,209
2020-04-28 21:37:37,kovan2,18219980,18219749,231
2020-04-28 21:39:05,kovan2,18220001,18219749,252
2020-04-28 21:40:29,kovan2,18220021,18219749,272
2020-04-28 21:41:51,kovan2,18220042,18219749,293
2020-04-28 21:43:14,kovan2,18220064,18219749,315
2020-04-28 21:44:46,kovan2,18220085,18219749,336
2020-04-28 21:46:10,kovan2,18220105,18219749,356
2020-04-28 21:47:32,kovan2,18220126,18219749,377
2020-04-28 21:48:56,kovan2,18220146,18219749,397
2020-04-28 21:50:19,kovan2,18220166,18219749,417
2020-04-28 21:51:42,kovan2,18220187,18219749,438
2020-04-28 21:53:04,kovan2,18220209,18219749,460
2020-04-28 21:54:34,kovan2,18220229,18219749,480
2020-04-28 22:41:01,kovan2,18220925,18220921,4
2020-04-28 22:42:34,kovan2,18220949,18220922,27
2020-04-28 22:44:11,kovan2,18220977,18220922,55
2020-04-28 22:46:01,kovan2,18220998,18220922,76
2020-04-28 22:47:28,kovan2,18221024,18220999,25
2020-04-28 22:49:11,kovan2,18221048,18220999,49
2020-04-28 22:50:48,kovan2,18221070,18221060,10
2020-04-28 22:52:17,kovan2,18221091,18221060,31
2020-04-28 22:53:39,kovan2,18221112,18221113,-1
2020-04-28 22:55:06,kovan2,18221135,18221135,0
2020-04-28 22:56:40,kovan2,18221159,18221151,8
2020-04-28 22:58:17,kovan2,18221183,18221184,-1
2020-04-28 22:59:56,kovan2,18221209,18221197,12
2020-04-28 23:01:41,kovan2,18221230,18221197,33
2020-04-28 23:03:04,kovan2,18221251,18221197,54
2020-04-28 23:04:28,kovan2,18221274,18221197,77
2020-04-28 23:06:00,kovan2,18221299,18221287,12
2020-04-28 23:07:46,kovan2,18221321,18221309,12
2020-04-28 23:09:13,kovan2,18221353,18221309,44
2020-04-28 23:11:21,kovan2,18221381,18221309,72
2020-04-28 23:13:17,kovan2,18221402,18221390,12
2020-04-28 23:14:44,kovan2,18221425,18221415,10
2020-04-28 23:16:15,kovan2,18221445,18221439,6
2020-04-28 23:17:38,kovan2,18221468,18221469,-1
2020-04-28 23:19:09,kovan2,18221491,18221492,-1
2020-04-28 23:20:43,kovan2,18221514,18221493,21
2020-04-28 23:22:13,kovan2,18221534,18221493,41
2020-04-28 23:23:38,kovan2,18221556,18221493,63
2020-04-28 23:25:06,kovan2,18221577,18221493,84
2020-04-28 23:26:35,kovan2,18221599,18221600,-1
2020-04-28 23:28:03,kovan2,18221623,18221607,16
2020-04-28 23:29:39,kovan2,18221645,18221607,38
2020-04-28 23:31:05,kovan2,18221665,18221607,58
2020-04-28 23:32:28,kovan2,18221686,18221607,79
2020-04-28 23:33:53,kovan2,18221707,18221607,100
2020-04-28 23:35:15,kovan2,18221728,18221607,121
2020-04-28 23:36:43,kovan2,18221751,18221607,144
2020-04-28 23:38:11,kovan2,18221772,18221607,165
2020-04-28 23:39:35,kovan2,18221794,18221607,187
2020-04-28 23:41:04,kovan2,18221814,18221607,207
2020-04-28 23:42:26,kovan2,18221837,18221607,230
2020-04-28 23:43:58,kovan2,18221858,18221841,17
2020-04-28 23:45:21,kovan2,18221879,18221862,17
2020-04-28 23:46:51,kovan2,18221901,18221862,39
2020-04-28 23:48:16,kovan2,18221922,18221862,60
2020-04-28 23:49:44,kovan2,18221945,18221862,83
2020-04-28 23:51:13,kovan2,18221966,18221862,104
2020-04-28 23:52:36,kovan2,18221988,18221983,5
2020-04-28 23:54:03,kovan2,18222009,18221983,26
2020-04-28 23:55:28,kovan2,18222029,18221983,46
2020-04-28 23:56:50,kovan2,18222050,18221983,67
2020-04-28 23:58:14,kovan2,18222073,18221983,90
2020-04-28 23:59:44,kovan2,18222096,18222083,13
2020-04-29 00:01:17,kovan2,18222116,18222083,33
2020-04-29 00:02:40,kovan2,18222137,18222083,54
2020-04-29 00:04:07,kovan2,18222158,18222083,75
2020-04-29 00:05:30,kovan2,18222180,18222083,97
2020-04-29 00:06:54,kovan2,18222199,18222083,116
2020-04-29 00:08:17,kovan2,18222221,18222083,138
2020-04-29 00:09:39,kovan2,18222243,18222083,160
2020-04-29 00:11:09,kovan2,18222263,18222083,180
2020-04-29 00:12:33,kovan2,18222283,18222083,200
2020-04-29 00:13:55,kovan2,18222304,18222207,97
2020-04-29 00:15:23,kovan2,18222328,18222207,121
2020-04-29 00:16:55,kovan2,18222351,18222207,144
2020-04-29 00:18:27,kovan2,18222373,18222207,166
2020-04-29 00:19:56,kovan2,18222395,18222207,188
2020-04-29 00:21:26,kovan2,18222415,18222207,208
2020-04-29 00:22:49,kovan2,18222437,18222207,230
2020-04-29 00:24:12,kovan2,18222458,18222207,251
2020-04-29 00:25:35,kovan2,18222479,18222207,272
2020-04-29 00:27:02,kovan2,18222504,18222333,171
2020-04-29 00:28:42,kovan2,18222525,18222333,192
2020-04-29 00:30:04,kovan2,18222545,18222333,212
2020-04-29 00:31:28,kovan2,18222566,18222333,233
2020-04-29 00:32:51,kovan2,18222587,18222460,127
2020-04-29 00:34:14,kovan2,18222614,18222614,0
2020-04-29 00:36:05,kovan2,18222642,18222619,23
2020-04-29 00:37:58,kovan2,18222663,18222619,44
2020-04-29 00:39:25,kovan2,18222685,18222619,66
2020-04-29 00:40:52,kovan2,18222705,18222619,86
2020-04-29 00:42:17,kovan2,18222731,18222619,112
2020-04-29 00:44:01,kovan2,18222753,18222619,134
2020-04-29 00:45:29,kovan2,18222773,18222619,154
2020-04-29 00:46:55,kovan2,18222798,18222619,179
2020-04-29 00:48:33,kovan2,18222818,18222619,199
2020-04-29 00:49:55,kovan2,18222840,18222619,221
2020-04-29 00:51:20,kovan2,18222859,18222619,240
2020-04-29 00:52:44,kovan2,18222881,18222619,262
2020-04-29 00:54:09,kovan2,18222902,18222619,283
2020-04-29 00:55:32,kovan2,18222923,18222619,304
2020-04-29 00:56:57,kovan2,18222946,18222619,327
2020-04-29 00:58:27,kovan2,18222967,18222619,348
2020-04-29 00:59:53,kovan2,18222990,18222980,10
2020-04-29 01:01:28,kovan2,18223010,18222998,12
2020-04-29 01:02:51,kovan2,18223030,18222998,32
2020-04-29 01:04:13,kovan2,18223051,18222998,53
2020-04-29 01:05:36,kovan2,18223072,18222998,74
2020-04-29 01:07:05,kovan2,18223092,18222998,94
2020-04-29 01:08:27,kovan2,18223113,18222998,115
2020-04-29 01:09:50,kovan2,18223134,18222998,136
2020-04-29 01:11:13,kovan2,18223154,18222998,156
2020-04-29 01:12:36,kovan2,18223174,18222998,176
2020-04-29 01:13:59,kovan2,18223195,18222998,197
2020-04-29 01:15:21,kovan2,18223215,18222998,217
2020-04-29 01:16:44,kovan2,18223241,18222998,243
2020-04-29 01:18:25,kovan2,18223261,18223123,138
2020-04-29 01:19:48,kovan2,18223281,18223123,158
2020-04-29 01:21:11,kovan2,18223302,18223123,179
2020-04-29 01:22:36,kovan2,18223322,18223123,199
2020-04-29 01:23:59,kovan2,18223346,18223123,223
2020-04-29 01:25:29,kovan2,18223368,18223247,121
2020-04-29 01:27:02,kovan2,18223389,18223247,142
2020-04-29 01:28:30,kovan2,18223411,18223247,164
2020-04-29 01:29:55,kovan2,18223431,18223247,184
2020-04-29 01:31:19,kovan2,18223451,18223247,204
2020-04-29 01:32:42,kovan2,18223472,18223247,225
2020-04-29 01:34:04,kovan2,18223494,18223492,2
2020-04-29 01:35:33,kovan2,18223514,18223492,22
2020-04-29 01:36:56,kovan2,18223534,18223492,42
2020-04-29 01:38:18,kovan2,18223554,18223492,62
2020-04-29 01:39:40,kovan2,18223577,18223492,85
2020-04-29 01:41:06,kovan2,18223596,18223492,104
2020-04-29 01:42:28,kovan2,18223617,18223608,9
2020-04-29 01:43:53,kovan2,18223638,18223608,30
2020-04-29 01:45:15,kovan2,18223659,18223608,51
2020-04-29 01:46:44,kovan2,18223680,18223608,72
2020-04-29 01:48:07,kovan2,18223700,18223608,92
2020-04-29 01:49:29,kovan2,18223722,18223608,114
2020-04-29 01:50:56,kovan2,18223742,18223608,134
2020-04-29 01:52:20,kovan2,18223765,18223608,157
2020-04-29 01:53:53,kovan2,18223789,18223608,181
2020-04-29 01:55:28,kovan2,18223809,18223608,201
2020-04-29 01:56:51,kovan2,18223830,18223608,222
2020-04-29 01:58:15,kovan2,18223851,18223608,243
2020-04-29 01:59:37,kovan2,18223873,18223608,265
2020-04-29 02:01:07,kovan2,18223892,18223608,284
2020-04-29 02:02:33,kovan2,18223913,18223608,305
2020-04-29 02:03:59,kovan2,18223936,18223858,78
2020-04-29 02:05:30,kovan2,18223957,18223858,99
2020-04-29 02:06:55,kovan2,18223978,18223858,120
2020-04-29 02:08:20,kovan2,18223999,18223858,141
2020-04-29 02:09:44,kovan2,18224020,18223858,162
2020-04-29 02:11:08,kovan2,18224040,18223858,182
2020-04-29 02:12:33,kovan2,18224060,18223858,202
2020-04-29 02:13:55,kovan2,18224081,18223858,223
2020-04-29 02:15:17,kovan2,18224103,18223858,245
2020-04-29 02:16:45,kovan2,18224124,18223858,266
2020-04-29 02:18:07,kovan2,18224145,18223858,287
2020-04-29 02:19:30,kovan2,18224166,18223858,308
2020-04-29 02:20:58,kovan2,18224187,18223858,329
2020-04-29 02:22:23,kovan2,18224208,18223858,350
2020-04-29 02:23:46,kovan2,18224228,18223858,370
2020-04-29 02:25:09,kovan2,18224249,18223858,391
2020-04-29 02:26:36,kovan2,18224272,18223858,414
2020-04-29 02:28:06,kovan2,18224292,18223858,434
2020-04-29 02:29:29,kovan2,18224315,18223858,457
2020-04-29 02:30:59,kovan2,18224334,18223858,476
2020-04-29 02:32:21,kovan2,18224356,18223858,498
2020-04-29 02:33:48,kovan2,18224377,18223858,519
2020-04-29 02:35:11,kovan2,18224397,18223858,539
2020-04-29 02:36:37,kovan2,18224418,18223858,560
2020-04-29 02:37:59,kovan2,18224438,18223858,580
2020-04-29 02:39:21,kovan2,18224461,18223858,603
2020-04-29 02:40:55,kovan2,18224481,18223858,623
2020-04-29 02:42:17,kovan2,18224503,18223858,645
2020-04-29 02:43:45,kovan2,18224525,18223858,667
2020-04-29 02:45:13,kovan2,18224545,18223858,687
2020-04-29 02:46:36,kovan2,18224567,18223858,709
2020-04-29 02:48:05,kovan2,18224588,18223886,702
2020-04-29 02:49:32,kovan2,18224610,18224595,15
2020-04-29 02:50:58,kovan2,18224632,18224595,37
2020-04-29 02:52:29,kovan2,18224653,18224595,58
2020-04-29 02:53:51,kovan2,18224674,18224595,79
2020-04-29 02:55:17,kovan2,18224696,18224677,19
2020-04-29 02:56:46,kovan2,18224716,18224677,39
2020-04-29 02:58:08,kovan2,18224738,18224677,61
2020-04-29 02:59:35,kovan2,18224761,18224749,12
2020-04-29 03:01:09,kovan2,18224779,18224749,30
2020-04-29 03:02:31,kovan2,18224800,18224749,51
2020-04-29 03:03:54,kovan2,18224821,18224749,72
2020-04-29 03:05:16,kovan2,18224841,18224749,92
2020-04-29 03:06:39,kovan2,18224865,18224749,116
2020-04-29 03:08:17,kovan2,18224886,18224749,137
2020-04-29 03:09:40,kovan2,18224908,18224908,0
2020-04-29 03:11:11,kovan2,18224929,18224929,0
2020-04-29 03:12:35,kovan2,18224950,18224951,-1
2020-04-29 03:14:02,kovan2,18224973,18224955,18
2020-04-29 03:15:34,kovan2,18224994,18224975,19
2020-04-29 03:17:00,kovan2,18225015,18224975,40
2020-04-29 03:18:25,kovan2,18225036,18225037,-1
2020-04-29 03:19:50,kovan2,18225057,18225050,7
2020-04-29 03:21:15,kovan2,18225078,18225050,28
2020-04-29 03:22:37,kovan2,18225099,18225050,49
2020-04-29 03:24:00,kovan2,18225120,18225050,70
2020-04-29 03:25:25,kovan2,18225140,18225050,90
2020-04-29 03:26:50,kovan2,18225161,18225050,111
2020-04-29 03:28:13,kovan2,18225185,18225178,7
2020-04-29 03:29:50,kovan2,18225206,18225178,28
2020-04-29 03:31:16,kovan2,18225226,18225178,48
2020-04-29 03:32:38,kovan2,18225248,18225178,70
2020-04-29 03:34:07,kovan2,18225268,18225266,2
2020-04-29 03:35:30,kovan2,18225289,18225269,20
2020-04-29 03:36:57,kovan2,18225311,18225306,5
2020-04-29 03:38:26,kovan2,18225339,18225328,11
2020-04-29 03:40:16,kovan2,18225359,18225328,31
2020-04-29 03:41:38,kovan2,18225379,18225379,0
2020-04-29 03:43:04,kovan2,18225400,18225387,13
2020-04-29 03:44:29,kovan2,18225421,18225387,34
2020-04-29 03:45:53,kovan2,18225441,18225387,54
2020-04-29 03:47:17,kovan2,18225461,18225387,74
2020-04-29 03:48:39,kovan2,18225483,18225387,96
2020-04-29 03:50:03,kovan2,18225503,18225387,116
2020-04-29 03:51:27,kovan2,18225523,18225387,136
2020-04-29 03:52:49,kovan2,18225543,18225387,156
2020-04-29 03:54:11,kovan2,18225568,18225387,181
2020-04-29 03:55:49,kovan2,18225588,18225589,-1
2020-04-29 03:57:13,kovan2,18225610,18225610,0
2020-04-29 03:58:43,kovan2,18225632,18225631,1
2020-04-29 04:00:08,kovan2,18225656,18225641,15
2020-04-29 04:01:48,kovan2,18225676,18225641,35
2020-04-29 04:03:10,kovan2,18225698,18225684,14
2020-04-29 04:04:34,kovan2,18225718,18225684,34
2020-04-29 04:06:01,kovan2,18225739,18225684,55
2020-04-29 04:07:25,kovan2,18225759,18225684,75
2020-04-29 04:08:47,kovan2,18225781,18225684,97
2020-04-29 04:10:14,kovan2,18225802,18225684,118
2020-04-29 04:11:41,kovan2,18225822,18225684,138
2020-04-29 04:13:03,kovan2,18225838,18225837,1
2020-04-29 04:14:29,kovan2,18225859,18225837,22
2020-04-29 04:15:52,kovan2,18225878,18225837,41
2020-04-29 04:17:14,kovan2,18225901,18225894,7
2020-04-29 04:18:47,kovan2,18225921,18225894,27
2020-04-29 04:20:10,kovan2,18225942,18225894,48
2020-04-29 04:21:37,kovan2,18225964,18225965,-1
2020-04-29 04:23:06,kovan2,18225986,18225967,19
2020-04-29 04:24:35,kovan2,18226010,18225999,11
2020-04-29 04:26:06,kovan2,18226029,18225999,30
2020-04-29 04:27:28,kovan2,18226050,18226041,9
2020-04-29 04:28:52,kovan2,18226071,18226060,11
2020-04-29 04:30:17,kovan2,18226090,18226060,30
2020-04-29 04:31:43,kovan2,18226111,18226060,51
2020-04-29 04:33:05,kovan2,18226133,18226134,-1
2020-04-29 04:34:34,kovan2,18226156,18226147,9
2020-04-29 04:36:08,kovan2,18226176,18226168,8
2020-04-29 04:37:34,kovan2,18226198,18226198,0
2020-04-29 04:39:00,kovan2,18226217,18226217,0
2020-04-29 04:40:22,kovan2,18226236,18226220,16
2020-04-29 04:41:50,kovan2,18226257,18226220,37
2020-04-29 04:43:16,kovan2,18226278,18226220,58
2020-04-29 04:44:42,kovan2,18226301,18226220,81
2020-04-29 04:46:11,kovan2,18226321,18226220,101
2020-04-29 04:47:34,kovan2,18226343,18226334,9
2020-04-29 04:49:04,kovan2,18226364,18226334,30
2020-04-29 04:50:29,kovan2,18226390,18226334,56
2020-04-29 04:52:12,kovan2,18226414,18226334,80
2020-04-29 04:53:47,kovan2,18226436,18226334,102
2020-04-29 04:55:17,kovan2,18226457,18226334,123
2020-04-29 04:56:46,kovan2,18226478,18226334,144
2020-04-29 04:58:08,kovan2,18226499,18226334,165
2020-04-29 04:59:33,kovan2,18226521,18226334,187
2020-04-29 05:01:03,kovan2,18226542,18226334,208
2020-04-29 05:02:26,kovan2,18226564,18226562,2
2020-04-29 05:03:58,kovan2,18226585,18226562,23
2020-04-29 05:05:22,kovan2,18226606,18226562,44
2020-04-29 05:06:50,kovan2,18226627,18226562,65
2020-04-29 05:08:13,kovan2,18226649,18226562,87
2020-04-29 05:09:38,kovan2,18226673,18226562,111
2020-04-29 05:11:16,kovan2,18226694,18226562,132
2020-04-29 05:12:42,kovan2,18226715,18226562,153
2020-04-29 05:14:08,kovan2,18226738,18226562,176
2020-04-29 05:15:38,kovan2,18226760,18226562,198
2020-04-29 05:17:07,kovan2,18226781,18226688,93
2020-04-29 05:18:30,kovan2,18226801,18226688,113
2020-04-29 05:19:52,kovan2,18226824,18226688,136
2020-04-29 05:21:22,kovan2,18226843,18226688,155
2020-04-29 05:22:46,kovan2,18226864,18226688,176
2020-04-29 05:24:08,kovan2,18226885,18226688,197
2020-04-29 05:25:31,kovan2,18226905,18226688,217
2020-04-29 05:26:54,kovan2,18226925,18226688,237
2020-04-29 05:28:17,kovan2,18226945,18226688,257
2020-04-29 05:29:41,kovan2,18226966,18226688,278
2020-04-29 05:31:11,kovan2,18226985,18226688,297
2020-04-29 05:32:33,kovan2,18227006,18226688,318
2020-04-29 05:33:58,kovan2,18227027,18226688,339
2020-04-29 05:35:21,kovan2,18227050,18226688,362
2020-04-29 05:36:49,kovan2,18227069,18226688,381
2020-04-29 05:38:12,kovan2,18227089,18226688,401
2020-04-29 05:39:34,kovan2,18227112,18226688,424
2020-04-29 05:41:04,kovan2,18227132,18226688,444
2020-04-29 05:42:30,kovan2,18227153,18226688,465
2020-04-29 05:43:52,kovan2,18227174,18226688,486
2020-04-29 05:45:18,kovan2,18227196,18226688,508
2020-04-29 05:46:49,kovan2,18227217,18226688,529
2020-04-29 05:48:13,kovan2,18227238,18226688,550
2020-04-29 05:49:36,kovan2,18227259,18226688,571
2020-04-29 05:51:03,kovan2,18227280,18226688,592
2020-04-29 05:52:27,kovan2,18227300,18226688,612
2020-04-29 05:53:50,kovan2,18227322,18226688,634
2020-04-29 05:55:12,kovan2,18227344,18226688,656
2020-04-29 05:56:37,kovan2,18227364,18226688,676
2020-04-29 05:58:00,kovan2,18227384,18226688,696
2020-04-29 05:59:23,kovan2,18227406,18226688,718
2020-04-29 06:00:48,kovan2,18227424,18226688,736
2020-04-29 06:02:14,kovan2,18227445,18226688,757
2020-04-29 06:03:41,kovan2,18227468,18226688,780
2020-04-29 06:05:11,kovan2,18227491,18226688,803
2020-04-29 06:06:45,kovan2,18227512,18226688,824
2020-04-29 06:08:08,kovan2,18227532,18226688,844
2020-04-29 06:09:30,kovan2,18227555,18226688,867
2020-04-29 06:10:59,kovan2,18227574,18226688,886
2020-04-29 06:12:22,kovan2,18227597,18226688,909
2020-04-29 06:13:53,kovan2,18227619,18226688,931
2020-04-29 06:15:21,kovan2,18227639,18226688,951
2020-04-29 06:16:45,kovan2,18227660,18226688,972
2020-04-29 06:18:08,kovan2,18227681,18226688,993
2020-04-29 06:19:30,kovan2,18227705,18226688,1017
2020-04-29 06:21:06,kovan2,18227725,18226688,1037
2020-04-29 06:22:32,kovan2,18227746,18226688,1058
2020-04-29 06:23:57,kovan2,18227767,18226688,1079
2020-04-29 06:25:19,kovan2,18227787,18226688,1099
2020-04-29 06:26:43,kovan2,18227808,18226688,1120
2020-04-29 06:28:06,kovan2,18227829,18226688,1141
2020-04-29 06:29:28,kovan2,18227851,18226688,1163
2020-04-29 06:30:59,kovan2,18227871,18226688,1183
2020-04-29 06:32:21,kovan2,18227894,18226688,1206
2020-04-29 06:33:51,kovan2,18227915,18226688,1227
2020-04-29 06:35:13,kovan2,18227934,18226688,1246
2020-04-29 06:36:39,kovan2,18227955,18226688,1267
2020-04-29 06:38:01,kovan2,18227976,18226688,1288
2020-04-29 06:39:24,kovan2,18227999,18226688,1311
2020-04-29 06:40:57,kovan2,18228022,18226688,1334
2020-04-29 06:42:33,kovan2,18228047,18227069,978
2020-04-29 06:44:10,kovan2,18228072,18227069,1003
2020-04-29 06:45:52,kovan2,18228093,18227069,1024
2020-04-29 06:47:20,kovan2,18228113,18227069,1044
2020-04-29 06:48:44,kovan2,18228134,18227069,1065
2020-04-29 06:50:06,kovan2,18228155,18227069,1086
2020-04-29 06:51:40,kovan2,18228176,18227069,1107
2020-04-29 06:53:06,kovan2,18228199,18227069,1130
2020-04-29 06:54:35,kovan2,18228244,18227069,1175
2020-04-29 06:57:37,kovan2,18228266,18227069,1197
2020-04-29 06:59:09,kovan2,18228291,18227069,1222
2020-04-29 07:00:58,kovan2,18228313,18227069,1244
2020-04-29 07:02:26,kovan2,18228335,18227069,1266
2020-04-29 07:03:54,kovan2,18228355,18227069,1286
2020-04-29 07:05:17,kovan2,18228376,18227069,1307
2020-04-29 07:06:40,kovan2,18228396,18227069,1327
2020-04-29 07:08:02,kovan2,18228419,18227069,1350
2020-04-29 07:09:30,kovan2,18228440,18227069,1371
2020-04-29 07:10:58,kovan2,18228461,18227069,1392
2020-04-29 07:12:23,kovan2,18228482,18227069,1413
2020-04-29 07:13:46,kovan2,18228503,18227069,1434
2020-04-29 07:15:11,kovan2,18228524,18227069,1455
2020-04-29 07:16:38,kovan2,18228544,18227069,1475
2020-04-29 07:18:00,kovan2,18228564,18227069,1495
2020-04-29 07:19:22,kovan2,18228590,18227069,1521
2020-04-29 07:21:07,kovan2,18228610,18227069,1541
2020-04-29 07:22:30,kovan2,18228632,18227069,1563
2020-04-29 07:23:56,kovan2,18228654,18227069,1585
2020-04-29 07:25:21,kovan2,18228674,18227069,1605
2020-04-29 07:26:43,kovan2,18228695,18227069,1626
2020-04-29 07:28:10,kovan2,18228717,18227069,1648
2020-04-29 07:29:35,kovan2,18228738,18227069,1669
2020-04-29 07:31:02,kovan2,18228758,18227069,1689
2020-04-29 07:32:24,kovan2,18228778,18227069,1709
2020-04-29 07:33:46,kovan2,18228799,18227069,1730
2020-04-29 07:35:09,kovan2,18228821,18227069,1752
2020-04-29 07:36:33,kovan2,18228841,18227069,1772
2020-04-29 07:37:56,kovan2,18228861,18227069,1792
2020-04-29 07:39:18,kovan2,18228883,18227069,1814
2020-04-29 07:40:45,kovan2,18228903,18227069,1834
2020-04-29 07:42:09,kovan2,18228924,18227069,1855
2020-04-29 07:43:32,kovan2,18228945,18227069,1876
2020-04-29 07:44:55,kovan2,18228965,18227069,1896
2020-04-29 07:46:19,kovan2,18228986,18227069,1917
2020-04-29 07:47:45,kovan2,18229007,18227069,1938
2020-04-29 07:49:07,kovan2,18229028,18227069,1959
2020-04-29 07:50:34,kovan2,18229049,18227069,1980
2020-04-29 07:52:02,kovan2,18229069,18227069,2000
2020-04-29 07:53:24,kovan2,18229092,18227069,2023
2020-04-29 07:54:54,kovan2,18229114,18227069,2045
2020-04-29 07:56:21,kovan2,18229135,18227069,2066
2020-04-29 07:57:46,kovan2,18229155,18227069,2086
2020-04-29 07:59:08,kovan2,18229191,18227069,2122
2020-04-29 08:01:35,kovan2,18229212,18227069,2143
2020-04-29 08:02:57,kovan2,18229233,18227069,2164
2020-04-29 08:04:22,kovan2,18229255,18227069,2186
2020-04-29 08:05:48,kovan2,18229275,18227069,2206
2020-04-29 08:07:11,kovan2,18229295,18227069,2226
2020-04-29 08:08:33,kovan2,18229316,18228208,1108
2020-04-29 08:09:56,kovan2,18229339,18228208,1131
2020-04-29 08:11:31,kovan2,18229360,18228208,1152
2020-04-29 08:12:53,kovan2,18229385,18228208,1177
2020-04-29 08:14:32,kovan2,18229407,18228589,818
2020-04-29 08:16:01,kovan2,18229427,18228589,838
2020-04-29 08:17:24,kovan2,18229447,18228589,858
2020-04-29 08:18:47,kovan2,18229469,18228589,880
2020-04-29 08:20:12,kovan2,18229492,18228589,903
2020-04-29 08:21:44,kovan2,18229513,18228589,924
2020-04-29 08:23:09,kovan2,18229536,18228589,947
2020-04-29 08:24:40,kovan2,18229560,18228716,844
2020-04-29 08:26:14,kovan2,18229579,18228716,863
2020-04-29 08:27:38,kovan2,18229600,18228716,884
2020-04-29 08:29:01,kovan2,18229621,18228716,905
2020-04-29 08:30:24,kovan2,18229640,18228716,924
2020-04-29 08:31:46,kovan2,18229669,18229097,572
2020-04-29 08:33:41,kovan2,18229691,18229097,594
2020-04-29 08:35:08,kovan2,18229713,18229097,616
2020-04-29 08:36:40,kovan2,18229733,18229097,636
2020-04-29 08:38:02,kovan2,18229754,18229097,657
2020-04-29 08:39:26,kovan2,18229780,18229097,683
2020-04-29 08:41:06,kovan2,18229801,18229097,704
2020-04-29 08:42:35,kovan2,18229825,18229351,474
2020-04-29 08:44:13,kovan2,18229850,18229351,499
2020-04-29 08:45:54,kovan2,18229870,18229351,519
2020-04-29 08:47:21,kovan2,18229892,18229351,541
2020-04-29 08:48:49,kovan2,18229912,18229351,561
2020-04-29 08:50:11,kovan2,18229934,18229351,583
2020-04-29 08:51:39,kovan2,18229954,18229351,603
2020-04-29 08:53:02,kovan2,18229974,18229351,623
2020-04-29 08:54:24,kovan2,18229998,18229351,647
2020-04-29 08:55:58,kovan2,18230020,18229351,669
2020-04-29 08:57:26,kovan2,18230040,18229351,689
2020-04-29 08:58:48,kovan2,18230066,18229351,715
2020-04-29 09:00:32,kovan2,18230087,18229351,736
2020-04-29 09:01:55,kovan2,18230108,18229351,757
2020-04-29 09:03:20,kovan2,18230129,18229351,778
2020-04-29 09:04:45,kovan2,18230152,18229351,801
2020-04-29 09:06:16,kovan2,18230172,18229351,821
2020-04-29 09:07:42,kovan2,18230193,18229351,842
2020-04-29 09:09:04,kovan2,18230221,18229351,870
2020-04-29 09:10:57,kovan2,18230241,18229351,890
2020-04-29 09:12:20,kovan2,18230276,18229351,925
2020-04-29 09:14:41,kovan2,18230299,18229351,948
2020-04-29 09:16:12,kovan2,18230319,18229351,968
2020-04-29 09:17:36,kovan2,18230343,18229351,992
2020-04-29 09:19:11,kovan2,18230363,18229351,1012
2020-04-29 09:20:33,kovan2,18230387,18229351,1036
2020-04-29 09:22:11,kovan2,18230407,18229351,1056
2020-04-29 09:23:37,kovan2,18230437,18229351,1086
2020-04-29 09:25:34,kovan2,18230472,18229351,1121
2020-04-29 09:27:55,kovan2,18230492,18229351,1141
2020-04-29 09:29:18,kovan2,18230521,18229351,1170
2020-04-29 09:31:12,kovan2,18230542,18229351,1191
2020-04-29 09:32:41,kovan2,18230565,18229351,1214
2020-04-29 09:34:11,kovan2,18230587,18229351,1236
2020-04-29 09:35:38,kovan2,18230606,18229351,1255
2020-04-29 09:37:01,kovan2,18230630,18229351,1279
2020-04-29 09:38:36,kovan2,18230653,18229351,1302
2020-04-29 09:40:10,kovan2,18230675,18229351,1324
2020-04-29 09:41:38,kovan2,18230695,18229351,1344
2020-04-29 09:43:03,kovan2,18230717,18229351,1366
2020-04-29 09:44:28,kovan2,18230739,18229351,1388
2020-04-29 09:45:56,kovan2,18230759,18229351,1408
2020-04-29 09:47:19,kovan2,18230780,18229351,1429
2020-04-29 09:48:49,kovan2,18230803,18229351,1452
2020-04-29 09:50:17,kovan2,18230826,18229351,1475
2020-04-29 09:51:53,kovan2,18230847,18229351,1496
2020-04-29 09:53:15,kovan2,18230867,18229351,1516
2020-04-29 09:54:39,kovan2,18230891,18229351,1540
2020-04-29 09:56:14,kovan2,18230913,18229351,1562
2020-04-29 09:57:43,kovan2,18230940,18229351,1589
2020-04-29 09:59:34,kovan2,18230965,18229351,1614
2020-04-29 10:01:13,kovan2,18230986,18229351,1635
2020-04-29 10:02:43,kovan2,18231009,18229351,1658
2020-04-29 10:04:11,kovan2,18231029,18229351,1678
2020-04-29 10:05:33,kovan2,18231049,18229351,1698
2020-04-29 10:06:55,kovan2,18231077,18229600,1477
2020-04-29 10:08:48,kovan2,18231097,18229600,1497
2020-04-29 10:10:10,kovan2,18231118,18229600,1518
2020-04-29 10:11:37,kovan2,18231139,18229600,1539
2020-04-29 10:13:01,kovan2,18231160,18229600,1560
2020-04-29 10:14:23,kovan2,18231189,18229600,1589
2020-04-29 10:16:19,kovan2,18231210,18229600,1610
2020-04-29 10:17:47,kovan2,18231230,18229600,1630
2020-04-29 10:19:09,kovan2,18231254,18229600,1654
2020-04-29 10:20:43,kovan2,18231274,18229600,1674
2020-04-29 10:22:11,kovan2,18231295,18229600,1695
2020-04-29 10:23:33,kovan2,18231321,18229600,1721
2020-04-29 10:25:18,kovan2,18231343,18229600,1743
2020-04-29 10:26:47,kovan2,18231364,18229600,1764
2020-04-29 10:28:10,kovan2,18231384,18229600,1784
2020-04-29 10:29:35,kovan2,18231409,18229600,1809
2020-04-29 10:31:14,kovan2,18231431,18229600,1831
2020-04-29 10:32:46,kovan2,18231457,18229600,1857
2020-04-29 10:34:29,kovan2,18231482,18229600,1882
2020-04-29 10:36:08,kovan2,18231503,18229600,1903
2020-04-29 10:37:34,kovan2,18231524,18229600,1924
2020-04-29 10:39:02,kovan2,18231550,18229600,1950
2020-04-29 10:40:47,kovan2,18231569,18229600,1969
2020-04-29 10:42:09,kovan2,18231592,18229600,1992
2020-04-29 10:43:35,kovan2,18231614,18229600,2014
2020-04-29 10:45:03,kovan2,18231635,18229600,2035
2020-04-29 10:46:32,kovan2,18231657,18229600,2057
2020-04-29 10:48:01,kovan2,18231678,18229600,2078
2020-04-29 10:49:26,kovan2,18231702,18229600,2102
2020-04-29 10:51:02,kovan2,18231728,18229600,2128
2020-04-29 10:52:49,kovan2,18231750,18229600,2150
2020-04-29 10:54:17,kovan2,18231778,18229600,2178
2020-04-29 10:56:09,kovan2,18231798,18229600,2198
2020-04-29 10:57:35,kovan2,18231822,18229600,2222
2020-04-29 10:59:10,kovan2,18231848,18229600,2248
2020-04-29 11:00:50,kovan2,18231867,18229600,2267
2020-04-29 11:02:15,kovan2,18231888,18229600,2288
2020-04-29 11:03:38,kovan2,18231909,18229600,2309
2020-04-29 11:05:00,kovan2,18231930,18229600,2330
2020-04-29 11:06:26,kovan2,18231951,18229600,2351
2020-04-29 11:07:54,kovan2,18231977,18229600,2377
2020-04-29 11:09:38,kovan2,18232000,18229600,2400
2020-04-29 11:11:10,kovan2,18232021,18229600,2421
2020-04-29 11:12:36,kovan2,18232042,18229600,2442
2020-04-29 11:14:00,kovan2,18232063,18229600,2463
2020-04-29 11:15:27,kovan2,18232085,18229600,2485
2020-04-29 11:16:55,kovan2,18232112,18229600,2512
2020-04-29 11:18:47,kovan2,18232138,18229600,2538
2020-04-29 11:20:29,kovan2,18232158,18229600,2558
2020-04-29 11:21:55,kovan2,18232182,18229600,2582
2020-04-29 11:23:29,kovan2,18232204,18229600,2604
2020-04-29 11:24:57,kovan2,18232231,18229600,2631
2020-04-29 11:26:48,kovan2,18232253,18229600,2653
2020-04-29 11:28:17,kovan2,18232275,18229600,2675
2020-04-29 11:29:44,kovan2,18232306,18229600,2706
2020-04-29 11:31:54,kovan2,18232329,18229600,2729
2020-04-29 11:33:26,kovan2,18232351,18229600,2751
2020-04-29 11:34:51,kovan2,18232374,18229600,2774
2020-04-29 11:36:25,kovan2,18232395,18229600,2795
2020-04-29 11:37:47,kovan2,18232418,18229600,2818
2020-04-29 11:39:21,kovan2,18232442,18229600,2842
2020-04-29 11:40:57,kovan2,18232463,18229600,2863
2020-04-29 11:42:25,kovan2,18232484,18229600,2884
2020-04-29 11:43:49,kovan2,18232505,18229600,2905
2020-04-29 11:45:11,kovan2,18232527,18229600,2927
2020-04-29 11:46:42,kovan2,18232549,18229600,2949
2020-04-29 11:48:15,kovan2,18232572,18229600,2972
2020-04-29 11:49:45,kovan2,18232594,18229600,2994
2020-04-29 11:51:16,kovan2,18232614,18229600,3014
2020-04-29 11:52:38,kovan2,18232637,18229600,3037
2020-04-29 11:54:08,kovan2,18232658,18229600,3058
2020-04-29 11:55:31,kovan2,18232677,18229600,3077
2020-04-29 11:56:54,kovan2,18232698,18229600,3098
2020-04-29 11:58:17,kovan2,18232721,18229600,3121
2020-04-29 11:59:49,kovan2,18232745,18229600,3145
2020-04-29 12:01:26,kovan2,18232765,18229600,3165
2020-04-29 12:02:48,kovan2,18232785,18229600,3185
2020-04-29 12:04:11,kovan2,18232806,18229600,3206
2020-04-29 12:05:34,kovan2,18232834,18229600,3234
2020-04-29 12:07:25,kovan2,18232865,18229600,3265
2020-04-29 12:09:34,kovan2,18232889,18229600,3289
2020-04-29 12:11:09,kovan2,18232911,18229600,3311
2020-04-29 12:12:40,kovan2,18232934,18229600,3334
2020-04-29 12:14:10,kovan2,18232954,18229600,3354
2020-04-29 12:15:34,kovan2,18232974,18229600,3374
2020-04-29 12:16:56,kovan2,18232995,18229600,3395
2020-04-29 12:18:19,kovan2,18233015,18229600,3415
2020-04-29 12:19:45,kovan2,18233039,18229600,3439
2020-04-29 12:21:19,kovan2,18233058,18229600,3458
2020-04-29 12:22:41,kovan2,18233080,18229600,3480
2020-04-29 12:24:04,kovan2,18233101,18229600,3501
2020-04-29 12:25:26,kovan2,18233120,18229600,3520
2020-04-29 12:26:51,kovan2,18233142,18229600,3542
2020-04-29 12:28:17,kovan2,18233162,18229600,3562
2020-04-29 12:29:40,kovan2,18233185,18229600,3585
2020-04-29 12:31:13,kovan2,18233209,18229600,3609
2020-04-29 12:32:50,kovan2,18233233,18229600,3633
2020-04-29 12:34:25,kovan2,18233257,18229600,3657
2020-04-29 12:36:01,kovan2,18233278,18229600,3678
2020-04-29 12:37:29,kovan2,18233299,18229600,3699
2020-04-29 12:38:52,kovan2,18233319,18229600,3719
2020-04-29 12:40:17,kovan2,18233342,18229600,3742
2020-04-29 12:41:48,kovan2,18233362,18229600,3762
2020-04-29 12:43:12,kovan2,18233387,18229600,3787
2020-04-29 12:44:48,kovan2,18233411,18229600,3811
2020-04-29 12:46:28,kovan2,18233432,18229600,3832
2020-04-29 12:47:51,kovan2,18233452,18229600,3852
2020-04-29 12:49:14,kovan2,18233473,18229600,3873
2020-04-29 12:50:38,kovan2,18233497,18229600,3897
2020-04-29 12:52:16,kovan2,18233517,18229600,3917
2020-04-29 12:53:39,kovan2,18233541,18229600,3941
2020-04-29 12:55:13,kovan2,18233565,18229600,3965
2020-04-29 12:56:53,kovan2,18233587,18229600,3987
2020-04-29 12:58:18,kovan2,18233610,18229600,4010
2020-04-29 12:59:51,kovan2,18233634,18229600,4034
2020-04-29 13:01:31,kovan2,18233653,18229600,4053
2020-04-29 13:02:53,kovan2,18233679,18229600,4079
2020-04-29 13:04:33,kovan2,18233703,18229600,4103
2020-04-29 13:06:10,kovan2,18233723,18229600,4123
2020-04-29 13:07:34,kovan2,18233744,18229600,4144
2020-04-29 13:08:56,kovan2,18233766,18229600,4166
2020-04-29 13:10:26,kovan2,18233785,18229600,4185
2020-04-29 13:11:48,kovan2,18233806,18229600,4206
2020-04-29 13:13:11,kovan2,18233829,18229600,4229
2020-04-29 13:14:38,kovan2,18233854,18229600,4254
2020-04-29 13:16:23,kovan2,18233901,18229600,4301
2020-04-29 13:19:33,kovan2,18233935,18229600,4335
2020-04-29 13:21:51,kovan2,18233957,18229600,4357
2020-04-29 13:23:22,kovan2,18233983,18229600,4383
2020-04-29 13:25:05,kovan2,18234005,18229600,4405
2020-04-29 13:26:35,kovan2,18234025,18229600,4425
2020-04-29 13:27:57,kovan2,18234050,18229600,4450
2020-04-29 13:29:38,kovan2,18234073,18229600,4473
2020-04-29 13:31:12,kovan2,18234101,18229600,4501
2020-04-29 13:33:03,kovan2,18234122,18229600,4522
2020-04-29 13:34:27,kovan2,18234145,18229600,4545
2020-04-29 13:36:01,kovan2,18234168,18229600,4568
2020-04-29 13:37:37,kovan2,18234194,18229600,4594
2020-04-29 13:39:20,kovan2,18234220,18229600,4620
2020-04-29 13:41:04,kovan2,18234241,18229600,4641
2020-04-29 13:42:32,kovan2,18234262,18229600,4662
2020-04-29 13:43:58,kovan2,18234287,18229600,4687
2020-04-29 13:45:38,kovan2,18234312,18229600,4712
2020-04-29 13:47:18,kovan2,18234333,18229600,4733
2020-04-29 13:48:43,kovan2,18234358,18229600,4758
2020-04-29 13:50:26,kovan2,18234381,18229600,4781
2020-04-29 13:52:01,kovan2,18234402,18229600,4802
2020-04-29 13:53:24,kovan2,18234423,18229600,4823
2020-04-29 13:54:46,kovan2,18234443,18229600,4843
2020-04-29 13:56:11,kovan2,18234475,18229600,4875
2020-04-29 13:58:20,kovan2,18234496,18229600,4896
2020-04-29 13:59:47,kovan2,18234517,18229600,4917
2020-04-29 14:01:10,kovan2,18234540,18229600,4940
2020-04-29 14:02:45,kovan2,18234561,18229600,4961
2020-04-29 14:04:07,kovan2,18234582,18229600,4982
2020-04-29 14:05:35,kovan2,18234603,18229600,5003
2020-04-29 14:07:00,kovan2,18234625,18229600,5025
2020-04-29 14:08:27,kovan2,18234645,18229600,5045
2020-04-29 14:09:49,kovan2,18234669,18229600,5069
2020-04-29 14:11:27,kovan2,18234694,18229600,5094
2020-04-29 14:13:08,kovan2,18234728,18229600,5128
2020-04-29 14:15:23,kovan2,18234748,18229600,5148
2020-04-29 14:16:51,kovan2,18234769,18229600,5169
2020-04-29 14:18:13,kovan2,18234791,18229600,5191
2020-04-29 14:19:42,kovan2,18234815,18229600,5215
2020-04-29 14:21:20,kovan2,18234836,18229600,5236
2020-04-29 14:22:45,kovan2,18234857,18229600,5257
2020-04-29 14:24:07,kovan2,18234883,18229600,5283
2020-04-29 14:25:54,kovan2,18234905,18229600,5305
2020-04-29 14:27:26,kovan2,18234925,18229600,5325
2020-04-29 14:28:49,kovan2,18234946,18229600,5346
2020-04-29 14:30:15,kovan2,18234973,18229600,5373
2020-04-29 14:32:04,kovan2,18235005,18229600,5405
2020-04-29 14:34:13,kovan2,18235028,18229600,5428
2020-04-29 14:35:42,kovan2,18235064,18229600,5464
2020-04-29 14:38:14,kovan2,18235087,18229600,5487
2020-04-29 14:39:43,kovan2,18235110,18229600,5510
2020-04-29 14:41:17,kovan2,18235131,18229600,5531
2020-04-29 14:42:42,kovan2,18235152,18229600,5552
2020-04-29 14:44:05,kovan2,18235173,18229600,5573
2020-04-29 14:45:29,kovan2,18235194,18229600,5594
2020-04-29 14:46:54,kovan2,18235216,18229600,5616
2020-04-29 14:48:26,kovan2,18235237,18229600,5637
2020-04-29 14:49:48,kovan2,18235259,18229600,5659
2020-04-29 14:51:18,kovan2,18235279,18229600,5679
2020-04-29 14:52:40,kovan2,18235300,18229600,5700
2020-04-29 14:54:03,kovan2,18235320,18229600,5720
2020-04-29 14:55:25,kovan2,18235340,18229600,5740
2020-04-29 14:56:47,kovan2,18235360,18229600,5760
2020-04-29 14:58:10,kovan2,18235381,18229600,5781
2020-04-29 14:59:37,kovan2,18235406,18229600,5806
2020-04-29 15:01:12,kovan2,18235426,18229600,5826
2020-04-29 15:02:41,kovan2,18235449,18229600,5849
2020-04-29 15:04:10,kovan2,18235471,18229600,5871
2020-04-29 15:05:37,kovan2,18235491,18229600,5891
2020-04-29 15:07:01,kovan2,18235519,18229600,5919
2020-04-29 15:08:54,kovan2,18235555,18229600,5955
2020-04-29 15:11:15,kovan2,18235575,18229600,5975
2020-04-29 15:12:38,kovan2,18235599,18229600,5999
2020-04-29 15:14:20,kovan2,18235625,18229600,6025
2020-04-29 15:15:59,kovan2,18235646,18229600,6046
2020-04-29 15:17:30,kovan2,18235670,18229600,6070
2020-04-29 15:19:05,kovan2,18235691,18229600,6091
2020-04-29 15:20:27,kovan2,18235711,18229600,6111
2020-04-29 15:21:52,kovan2,18235733,18229600,6133
2020-04-29 15:23:20,kovan2,18235761,18229600,6161
2020-04-29 15:25:17,kovan2,18235788,18229600,6188
2020-04-29 15:27:04,kovan2,18235808,18229600,6208
2020-04-29 15:28:26,kovan2,18235832,18229600,6232
2020-04-29 15:30:00,kovan2,18235855,18229600,6255
2020-04-29 15:31:35,kovan2,18235876,18229600,6276
2020-04-29 15:33:01,kovan2,18235899,18229600,6299
2020-04-29 15:34:33,kovan2,18235925,18229600,6325
2020-04-29 15:36:17,kovan2,18235945,18229600,6345
2020-04-29 15:37:44,kovan2,18235970,18229600,6370
2020-04-29 15:39:21,kovan2,18235994,18229600,6394
2020-04-29 15:40:58,kovan2,18236014,18229600,6414
2020-04-29 15:42:22,kovan2,18236037,18229600,6437
2020-04-29 15:43:52,kovan2,18236059,18229600,6459
2020-04-29 15:45:22,kovan2,18236083,18229600,6483
2020-04-29 15:46:59,kovan2,18236109,18229600,6509
2020-04-29 15:48:43,kovan2,18236132,18229600,6532
2020-04-29 15:50:16,kovan2,18236155,18229600,6555
2020-04-29 15:51:53,kovan2,18236192,18229600,6592
2020-04-29 15:54:23,kovan2,18236215,18229600,6615
2020-04-29 15:55:50,kovan2,18236237,18229600,6637
2020-04-29 15:57:24,kovan2,18236261,18229600,6661
2020-04-29 15:59:00,kovan2,18236285,18229600,6685
2020-04-29 16:00:40,kovan2,18236305,18229600,6705
2020-04-29 16:02:10,kovan2,18236331,18229600,6731
2020-04-29 16:03:53,kovan2,18236356,18229600,6756
2020-04-29 16:05:36,kovan2,18236378,18229600,6778
2020-04-29 16:07:06,kovan2,18236401,18229600,6801
2020-04-29 16:08:36,kovan2,18236428,18229600,6828
2020-04-29 16:10:24,kovan2,18236448,18229600,6848
2020-04-29 16:11:48,kovan2,18236469,18229600,6869
2020-04-29 16:13:13,kovan2,18236490,18229600,6890
2020-04-29 16:14:38,kovan2,18236514,18229600,6914
2020-04-29 16:16:15,kovan2,18236536,18229600,6936
2020-04-29 16:17:45,kovan2,18236558,18229600,6958
2020-04-29 16:19:11,kovan2,18236585,18229600,6985
2020-04-29 16:21:00,kovan2,18236612,18229600,7012
2020-04-29 16:22:52,kovan2,18236632,18229600,7032
2020-04-29 16:24:15,kovan2,18236658,18229600,7058
2020-04-29 16:25:58,kovan2,18236682,18229600,7082
2020-04-29 16:27:33,kovan2,18236702,18229600,7102
2020-04-29 16:28:59,kovan2,18236725,18229600,7125
2020-04-29 16:30:29,kovan2,18236752,18229600,7152
2020-04-29 16:32:18,kovan2,18236778,18229600,7178
2020-04-29 16:34:03,kovan2,18236808,18229600,7208
2020-04-29 16:36:06,kovan2,18236834,18229600,7234
2020-04-29 16:37:52,kovan2,18236854,18229600,7254
2020-04-29 16:39:14,kovan2,18236879,18229600,7279
2020-04-29 16:40:55,kovan2,18236900,18229600,7300
2020-04-29 16:42:23,kovan2,18236929,18229600,7329
2020-04-29 16:44:15,kovan2,18236953,18229600,7353
2020-04-29 16:45:52,kovan2,18236974,18229600,7374
2020-04-29 16:47:19,kovan2,18236997,18229600,7397
2020-04-29 16:48:54,kovan2,18237030,18229600,7430
2020-04-29 16:51:05,kovan2,18237051,18229600,7451
2020-04-29 16:52:34,kovan2,18237075,18229600,7475
2020-04-29 16:54:06,kovan2,18237103,18229600,7503
2020-04-29 16:56:02,kovan2,18237125,18229600,7525
2020-04-29 16:57:27,kovan2,18237146,18229600,7546
2020-04-29 16:58:55,kovan2,18237168,18229600,7568
2020-04-29 17:00:21,kovan2,18237192,18229600,7592
2020-04-29 17:02:03,kovan2,18237216,18229600,7616
2020-04-29 17:03:39,kovan2,18237238,18229600,7638
2020-04-29 17:05:03,kovan2,18237258,18229600,7658
2020-04-29 17:06:26,kovan2,18237278,18229600,7678
2020-04-29 17:07:50,kovan2,18237304,18229600,7704
2020-04-29 17:09:31,kovan2,18237332,18229600,7732
2020-04-29 17:11:25,kovan2,18237357,18229600,7757
2020-04-29 17:13:09,kovan2,18237380,18229600,7780
2020-04-29 17:14:38,kovan2,18237403,18229600,7803
2020-04-29 17:16:12,kovan2,18237436,18229600,7836
2020-04-29 17:18:28,kovan2,18237458,18229600,7858
2020-04-29 17:19:56,kovan2,18237487,18229600,7887
2020-04-29 17:22:02,kovan2,18237519,18229600,7919
2020-04-29 17:24:10,kovan2,18237547,18229600,7947
2020-04-29 17:26:03,kovan2,18237571,18229600,7971
2020-04-29 17:27:42,kovan2,18237594,18229600,7994
2020-04-29 17:29:13,kovan2,18237620,18229600,8020
2020-04-29 17:30:57,kovan2,18237649,18229600,8049
2020-04-29 17:32:54,kovan2,18237671,18229600,8071
2020-04-29 17:34:25,kovan2,18237693,18229600,8093
2020-04-29 17:35:53,kovan2,18237713,18229600,8113
2020-04-29 17:37:19,kovan2,18237736,18229600,8136
2020-04-29 17:38:47,kovan2,18237756,18229600,8156
2020-04-29 17:40:11,kovan2,18237776,18229600,8176
2020-04-29 17:41:34,kovan2,18237798,18229600,8198
2020-04-29 17:43:00,kovan2,18237820,18229600,8220
2020-04-29 17:44:29,kovan2,18237845,18229600,8245
2020-04-29 17:46:07,kovan2,18237864,18229600,8264
2020-04-29 17:47:29,kovan2,18237886,18229600,8286
2020-04-29 17:48:55,kovan2,18237906,18229600,8306
2020-04-29 17:50:17,kovan2,18237935,18229600,8335
2020-04-29 17:52:16,kovan2,18237958,18229600,8358
2020-04-29 17:53:47,kovan2,18237994,18229600,8394
2020-04-29 17:56:12,kovan2,18238018,18229600,8418
2020-04-29 17:57:53,kovan2,18238040,18229600,8440
2020-04-29 17:59:20,kovan2,18238064,18229600,8464
2020-04-29 18:00:56,kovan2,18238086,18229600,8486
2020-04-29 18:02:30,kovan2,18238111,18229600,8511
2020-04-29 18:04:10,kovan2,18238134,18229600,8534
2020-04-29 18:05:42,kovan2,18238155,18229600,8555
2020-04-29 18:07:07,kovan2,18238177,18229600,8577
2020-04-29 18:08:30,kovan2,18238198,18229600,8598
2020-04-29 18:09:59,kovan2,18238219,18229600,8619
2020-04-29 18:11:21,kovan2,18238243,18229600,8643
2020-04-29 18:13:02,kovan2,18238266,18229600,8666
2020-04-29 18:14:31,kovan2,18238289,18229600,8689
2020-04-29 18:16:07,kovan2,18238312,18229600,8712
2020-04-29 18:17:37,kovan2,18238332,18229600,8732
2020-04-29 18:19:01,kovan2,18238352,18229600,8752
2020-04-29 18:20:25,kovan2,18238374,18229600,8774
2020-04-29 18:21:49,kovan2,18238397,18229600,8797
2020-04-29 18:23:21,kovan2,18238424,18229600,8824
2020-04-29 18:25:08,kovan2,18238446,18229600,8846
2020-04-29 18:26:41,kovan2,18238466,18229600,8866
2020-04-29 18:28:05,kovan2,18238487,18229600,8887
2020-04-29 18:29:27,kovan2,18238512,18229600,8912
2020-04-29 18:31:10,kovan2,18238533,18229600,8933
2020-04-29 18:32:35,kovan2,18238555,18229600,8955
2020-04-29 18:34:07,kovan2,18238584,18229600,8984
2020-04-29 18:35:59,kovan2,18238604,18229600,9004
2020-04-29 18:37:25,kovan2,18238625,18229600,9025
2020-04-29 18:38:48,kovan2,18238646,18229600,9046
2020-04-29 18:40:15,kovan2,18238667,18229600,9067
2020-04-29 18:41:38,kovan2,18238691,18229600,9091
2020-04-29 18:43:13,kovan2,18238713,18229600,9113
2020-04-29 18:44:44,kovan2,18238738,18229600,9138
2020-04-29 18:46:20,kovan2,18238757,18229600,9157
2020-04-29 18:47:43,kovan2,18238780,18229600,9180
2020-04-29 18:49:15,kovan2,18238805,18229600,9205
2020-04-29 18:50:56,kovan2,18238826,18229600,9226
2020-04-29 18:52:21,kovan2,18238848,18229600,9248
2020-04-29 18:53:49,kovan2,18238873,18229600,9273
2020-04-29 18:55:33,kovan2,18238896,18229600,9296
2020-04-29 18:57:00,kovan2,18238916,18229600,9316
2020-04-29 18:58:24,kovan2,18238937,18229600,9337
2020-04-29 18:59:46,kovan2,18238960,18229600,9360
2020-04-29 19:01:17,kovan2,18238981,18229600,9381
2020-04-29 19:02:47,kovan2,18239003,18229600,9403
2020-04-29 19:04:14,kovan2,18239031,18229600,9431
2020-04-29 19:06:03,kovan2,18239051,18229600,9451
2020-04-29 19:07:29,kovan2,18239072,18229600,9472
2020-04-29 19:08:52,kovan2,18239092,18229600,9492
2020-04-29 19:10:14,kovan2,18239113,18229600,9513
2020-04-29 19:11:41,kovan2,18239134,18229600,9534
2020-04-29 19:13:04,kovan2,18239155,18229600,9555
2020-04-29 19:14:33,kovan2,18239181,18229600,9581
2020-04-29 19:16:13,kovan2,18239201,18229600,9601
2020-04-29 19:17:39,kovan2,18239225,18229600,9625
2020-04-29 19:19:11,kovan2,18239251,18229600,9651
2020-04-29 19:20:57,kovan2,18239276,18229600,9676
2020-04-29 19:22:36,kovan2,18239297,18229600,9697
2020-04-29 19:24:00,kovan2,18239318,18229600,9718
2020-04-29 19:25:24,kovan2,18239339,18229600,9739
2020-04-29 19:26:50,kovan2,18239359,18229600,9759
2020-04-29 19:28:13,kovan2,18239383,18229600,9783
2020-04-29 19:29:46,kovan2,18239407,18229600,9807
2020-04-29 19:31:28,kovan2,18239428,18229600,9828
2020-04-29 19:32:51,kovan2,18239448,18229600,9848
2020-04-29 19:34:14,kovan2,18239471,18229600,9871
2020-04-29 19:35:43,kovan2,18239491,18229600,9891
2020-04-29 19:37:06,kovan2,18239512,18229600,9912
2020-04-29 19:38:34,kovan2,18239537,18229600,9937
2020-04-29 19:40:14,kovan2,18239560,18229600,9960
2020-04-29 19:41:48,kovan2,18239582,18229600,9982
2020-04-29 19:43:20,kovan2,18239604,18229600,10004
2020-04-29 19:44:48,kovan2,18239628,18229600,10028
2020-04-29 19:46:27,kovan2,18239650,18229600,10050
2020-04-29 19:47:55,kovan2,18239670,18229600,10070
2020-04-29 19:49:18,kovan2,18239696,18229600,10096
2020-04-29 19:50:59,kovan2,18239727,18229600,10127
2020-04-29 19:53:06,kovan2,18239751,18229600,10151
2020-04-29 19:54:41,kovan2,18239774,18229600,10174
2020-04-29 19:56:11,kovan2,18239794,18229600,10194
2020-04-29 19:57:38,kovan2,18239818,18229600,10218
2020-04-29 19:59:12,kovan2,18239844,18229600,10244
2020-04-29 20:00:57,kovan2,18239864,18229600,10264
2020-04-29 20:02:22,kovan2,18239888,18229600,10288
2020-04-29 20:03:59,kovan2,18239909,18229600,10309
2020-04-29 20:05:23,kovan2,18239931,18229600,10331
2020-04-29 20:06:51,kovan2,18239954,18229600,10354
2020-04-29 20:08:25,kovan2,18239981,18229600,10381
2020-04-29 20:10:17,kovan2,18240004,18229600,10404
2020-04-29 20:11:55,kovan2,18240027,18229600,10427
2020-04-29 20:13:23,kovan2,18240053,18229600,10453
2020-04-29 20:15:09,kovan2,18240074,18229600,10474
2020-04-29 20:16:35,kovan2,18240094,18229600,10494
2020-04-29 20:17:59,kovan2,18240119,18229600,10519
2020-04-29 20:19:38,kovan2,18240144,18229600,10544
2020-04-29 20:21:14,kovan2,18240168,18229600,10568
2020-04-29 20:22:56,kovan2,18240192,18229600,10592
2020-04-29 20:24:29,kovan2,18240219,18229600,10619
2020-04-29 20:26:15,kovan2,18240241,18229600,10641
2020-04-29 20:27:46,kovan2,18240265,18229600,10665
2020-04-29 20:29:19,kovan2,18240288,18229600,10688
2020-04-29 20:30:51,kovan2,18240308,18229600,10708
2020-04-29 20:32:15,kovan2,18240334,18229600,10734
2020-04-29 20:33:59,kovan2,18240355,18229600,10755
2020-04-29 20:35:22,kovan2,18240374,18229600,10774
2020-04-29 20:36:45,kovan2,18240394,18229600,10794
2020-04-29 20:38:07,kovan2,18240417,18229600,10817
2020-04-29 20:39:42,kovan2,18240443,18229600,10843
2020-04-29 20:41:26,kovan2,18240463,18229600,10863
2020-04-29 20:42:48,kovan2,18240484,18229600,10884
2020-04-29 20:44:12,kovan2,18240510,18229600,10910
2020-04-29 20:45:55,kovan2,18240530,18229600,10930
2020-04-29 20:47:21,kovan2,18240551,18229600,10951
2020-04-29 20:48:46,kovan2,18240572,18229600,10972
2020-04-29 20:50:08,kovan2,18240592,18229600,10992
2020-04-29 20:51:33,kovan2,18240613,18229600,11013
2020-04-29 20:52:55,kovan2,18240636,18229600,11036
2020-04-29 20:54:28,kovan2,18240659,18229600,11059
2020-04-29 20:56:04,kovan2,18240680,18229600,11080
2020-04-29 20:57:27,kovan2,18240701,18229600,11101
2020-04-29 20:58:51,kovan2,18240723,18229600,11123
2020-04-29 21:00:22,kovan2,18240744,18229600,11144
2020-04-29 21:01:49,kovan2,18240766,18229600,11166
2020-04-29 21:03:18,kovan2,18240787,18229600,11187
2020-04-29 21:04:40,kovan2,18240810,18229600,11210
2020-04-29 21:06:13,kovan2,18240830,18229600,11230
2020-04-29 21:07:36,kovan2,18240851,18229600,11251
2020-04-29 21:08:58,kovan2,18240871,18229600,11271
2020-04-29 21:10:20,kovan2,18240892,18229600,11292
2020-04-29 21:11:46,kovan2,18240915,18229600,11315
2020-04-29 21:13:14,kovan2,18240937,18229600,11337
2020-04-29 21:14:45,kovan2,18240959,18229600,11359
2020-04-29 21:16:15,kovan2,18240980,18229600,11380
2020-04-29 21:17:42,kovan2,18241003,18229600,11403
2020-04-29 21:19:13,kovan2,18241024,18229600,11424
2020-04-29 21:20:35,kovan2,18241043,18229600,11443
2020-04-29 21:21:59,kovan2,18241064,18229600,11464
2020-04-29 21:23:22,kovan2,18241085,18229600,11485
2020-04-29 21:24:44,kovan2,18241111,18229600,11511
2020-04-29 21:26:28,kovan2,18241132,18229600,11532
2020-04-29 21:27:56,kovan2,18241154,18229600,11554
2020-04-29 21:29:25,kovan2,18241176,18229600,11576
2020-04-29 21:30:55,kovan2,18241196,18229600,11596
2020-04-29 21:32:18,kovan2,18241217,18229600,11617
2020-04-29 21:33:40,kovan2,18241237,18229600,11637
2020-04-29 21:35:02,kovan2,18241259,18229600,11659
2020-04-29 21:36:32,kovan2,18241281,18229600,11681
2020-04-29 21:38:00,kovan2,18241302,18229600,11702
2020-04-29 21:39:25,kovan2,18241324,18229600,11724
2020-04-29 21:40:58,kovan2,18241348,18229600,11748
2020-04-29 21:42:28,kovan2,18241368,18229600,11768
2020-04-29 21:43:50,kovan2,18241389,18229600,11789
2020-04-29 21:45:13,kovan2,18241410,18229600,11810
2020-04-29 21:46:38,kovan2,18241432,18229600,11832
2020-04-29 21:48:07,kovan2,18241453,18229600,11853
2020-04-29 21:49:31,kovan2,18241478,18229600,11878
2020-04-29 21:51:10,kovan2,18241497,18229600,11897
2020-04-29 21:52:32,kovan2,18241517,18229600,11917
2020-04-29 21:53:54,kovan2,18241539,18229600,11939
2020-04-29 21:55:21,kovan2,18241559,18229600,11959
2020-04-29 21:56:43,kovan2,18241581,18229600,11981
2020-04-29 21:58:15,kovan2,18241602,18229600,12002
2020-04-29 21:59:39,kovan2,18241625,18229600,12025
2020-04-29 22:01:10,kovan2,18241645,18229600,12045
2020-04-29 22:02:32,kovan2,18241665,18229600,12065
2020-04-29 22:03:55,kovan2,18241686,18229600,12086
2020-04-29 22:05:17,kovan2,18241709,18229600,12109
2020-04-29 22:06:51,kovan2,18241730,18229600,12130
2020-04-29 22:08:18,kovan2,18241752,18229600,12152
2020-04-29 22:09:43,kovan2,18241774,18229600,12174
2020-04-29 22:11:14,kovan2,18241796,18229600,12196
2020-04-29 22:12:39,kovan2,18241816,18229600,12216
2020-04-29 22:14:01,kovan2,18241837,18229600,12237
2020-04-29 22:15:24,kovan2,18241858,18229600,12258
2020-04-29 22:16:54,kovan2,18241879,18229600,12279
2020-04-29 22:18:18,kovan2,18241900,18229600,12300
2020-04-29 22:19:43,kovan2,18241924,18229600,12324
2020-04-29 22:21:18,kovan2,18241944,18229600,12344
2020-04-29 22:22:41,kovan2,18241964,18229600,12364
2020-04-29 22:24:03,kovan2,18241985,18229600,12385
2020-04-29 22:25:27,kovan2,18242005,18229600,12405
2020-04-29 22:26:49,kovan2,18242026,18229600,12426
2020-04-29 22:28:14,kovan2,18242047,18229600,12447
2020-04-29 22:29:38,kovan2,18242069,18229600,12469
2020-04-29 22:31:07,kovan2,18242089,18229600,12489
2020-04-29 22:32:29,kovan2,18242110,18229600,12510
2020-04-29 22:33:52,kovan2,18242133,18229600,12533
2020-04-29 22:35:23,kovan2,18242153,18229600,12553
2020-04-29 22:36:46,kovan2,18242176,18229600,12576
2020-04-29 22:38:22,kovan2,18242197,18229600,12597
2020-04-29 22:39:47,kovan2,18242222,18229600,12622
2020-04-29 22:41:29,kovan2,18242245,18229600,12645
2020-04-29 22:43:02,kovan2,18242269,18229600,12669
2020-04-29 22:44:36,kovan2,18242291,18229600,12691
2020-04-29 22:46:07,kovan2,18242311,18229600,12711
2020-04-29 22:47:30,kovan2,18242332,18229600,12732
2020-04-29 22:48:52,kovan2,18242352,18229600,12752
2020-04-29 22:50:15,kovan2,18242373,18229600,12773
2020-04-29 22:51:45,kovan2,18242397,18229600,12797
2020-04-29 22:53:16,kovan2,18242418,18229600,12818
2020-04-29 22:54:39,kovan2,18242454,18229600,12854
2020-04-29 22:57:06,kovan2,18242475,18229600,12875
2020-04-29 22:58:29,kovan2,18242498,18229600,12898
2020-04-29 23:00:00,kovan2,18242519,18229600,12919
2020-04-29 23:01:25,kovan2,18242543,18229600,12943
2020-04-29 23:03:04,kovan2,18242563,18229600,12963
2020-04-29 23:04:26,kovan2,18242587,18229600,12987
2020-04-29 23:06:04,kovan2,18242607,18229600,13007
2020-04-29 23:07:27,kovan2,18242629,18229600,13029
2020-04-29 23:08:51,kovan2,18242649,18229600,13049
2020-04-29 23:10:14,kovan2,18242670,18229600,13070
2020-04-29 23:11:39,kovan2,18242691,18229600,13091
2020-04-29 23:13:02,kovan2,18242714,18229600,13114
2020-04-29 23:14:34,kovan2,18242738,18229600,13138
2020-04-29 23:16:10,kovan2,18242758,18229600,13158
2020-04-29 23:17:34,kovan2,18242779,18229600,13179
2020-04-29 23:18:56,kovan2,18242800,18229600,13200
2020-04-29 23:20:18,kovan2,18242821,18229600,13221
2020-04-29 23:21:49,kovan2,18242842,18229600,13242
2020-04-29 23:23:11,kovan2,18242864,18229600,13264
2020-04-29 23:24:42,kovan2,18242890,18229600,13290
2020-04-29 23:26:28,kovan2,18242912,18229600,13312
2020-04-29 23:27:53,kovan2,18242933,18229600,13333
2020-04-29 23:29:16,kovan2,18242955,18229600,13355
2020-04-29 23:30:45,kovan2,18242978,18229600,13378
2020-04-29 23:32:19,kovan2,18242998,18229600,13398
2020-04-29 23:33:42,kovan2,18243019,18229600,13419
2020-04-29 23:35:04,kovan2,18243041,18229600,13441
2020-04-29 23:36:37,kovan2,18243062,18229600,13462
2020-04-29 23:37:59,kovan2,18243082,18229600,13482
2020-04-29 23:39:26,kovan2,18243107,18229600,13507
2020-04-29 23:41:00,kovan2,18243126,18229600,13526
2020-04-29 23:42:23,kovan2,18243148,18229600,13548
2020-04-29 23:43:50,kovan2,18243171,18229600,13571
2020-04-29 23:45:20,kovan2,18243192,18229600,13592
2020-04-29 23:46:47,kovan2,18243212,18229600,13612
2020-04-29 23:48:09,kovan2,18243232,18229600,13632
2020-04-29 23:49:31,kovan2,18243256,18229600,13656
2020-04-29 23:51:08,kovan2,18243276,18229600,13676
2020-04-29 23:52:30,kovan2,18243297,18229600,13697
2020-04-29 23:53:53,kovan2,18243318,18229600,13718
2020-04-29 23:55:16,kovan2,18243341,18229600,13741
2020-04-29 23:56:56,kovan2,18243365,18229600,13765
2020-04-29 23:58:32,kovan2,18243387,18230839,12548
2020-04-29 23:59:59,kovan2,18243411,18236173,7238
2020-04-30 00:01:36,kovan2,18243438,18238516,4922
2020-04-30 00:03:26,kovan2,18243474,18241889,1585
2020-04-30 00:05:50,kovan2,18243520,18243488,32
2020-04-30 00:08:56,kovan2,18243546,18243488,58
2020-04-30 00:10:38,kovan2,18243568,18243488,80
2020-04-30 00:12:15,kovan2,18243590,18243488,102
2020-04-30 00:13:41,kovan2,18243612,18243599,13
2020-04-30 00:15:10,kovan2,18243635,18243599,36
2020-04-30 00:16:47,kovan2,18243658,18243599,59
2020-04-30 00:18:16,kovan2,18243692,18243671,21
2020-04-30 00:20:35,kovan2,18243715,18243671,44
2020-04-30 00:22:10,kovan2,18243737,18243721,16
2020-04-30 00:23:37,kovan2,18243758,18243721,37
2020-04-30 00:25:02,kovan2,18243786,18243721,65
2020-04-30 00:26:50,kovan2,18243810,18243721,89
2020-04-30 00:28:29,kovan2,18243834,18243721,113
2020-04-30 00:30:06,kovan2,18243857,18243721,136
2020-04-30 00:31:41,kovan2,18243884,18243721,163
2020-04-30 00:33:31,kovan2,18243906,18243721,185
2020-04-30 00:34:57,kovan2,18243930,18243721,209
2020-04-30 00:36:38,kovan2,18243953,18243721,232
2020-04-30 00:38:10,kovan2,18243976,18243721,255
2020-04-30 00:39:43,kovan2,18243999,18243721,278
2020-04-30 00:41:13,kovan2,18244021,18243721,300
2020-04-30 00:42:42,kovan2,18244042,18243974,68
2020-04-30 00:44:14,kovan2,18244065,18243974,91
2020-04-30 00:45:39,kovan2,18244092,18244071,21
2020-04-30 00:47:36,kovan2,18244118,18244071,47
2020-04-30 00:49:19,kovan2,18244144,18244071,73
2020-04-30 00:51:00,kovan2,18244164,18244071,93
2020-04-30 00:52:27,kovan2,18244189,18244071,118
2020-04-30 00:54:07,kovan2,18244212,18244071,141
2020-04-30 00:55:36,kovan2,18244236,18244071,165
2020-04-30 00:57:19,kovan2,18244260,18244071,189
2020-04-30 00:58:54,kovan2,18244282,18244071,211
2020-04-30 01:00:20,kovan2,18244302,18244071,231
2020-04-30 01:01:48,kovan2,18244328,18244071,257
2020-04-30 01:03:29,kovan2,18244349,18244071,278
2020-04-30 01:04:55,kovan2,18244371,18244071,300
2020-04-30 01:06:26,kovan2,18244394,18244071,323
2020-04-30 01:07:57,kovan2,18244424,18244321,103
2020-04-30 01:09:54,kovan2,18244456,18244426,30
2020-04-30 01:12:07,kovan2,18244480,18244426,54
2020-04-30 01:13:44,kovan2,18244501,18244426,75
2020-04-30 01:15:09,kovan2,18244526,18244426,100
2020-04-30 01:16:54,kovan2,18244548,18244426,122
2020-04-30 01:18:21,kovan2,18244570,18244426,144
2020-04-30 01:19:49,kovan2,18244593,18244426,167
2020-04-30 01:21:18,kovan2,18244617,18244426,191
2020-04-30 01:22:56,kovan2,18244639,18244426,213
2020-04-30 01:24:24,kovan2,18244662,18244426,236
2020-04-30 01:26:00,kovan2,18244686,18244426,260
2020-04-30 01:27:37,kovan2,18244711,18244426,285
2020-04-30 01:29:18,kovan2,18244733,18244426,307
2020-04-30 01:30:45,kovan2,18244755,18244426,329
2020-04-30 01:32:16,kovan2,18244780,18244552,228
2020-04-30 01:33:56,kovan2,18244805,18244552,253
2020-04-30 01:35:35,kovan2,18244831,18244552,279
2020-04-30 01:37:23,kovan2,18244857,18244552,305
2020-04-30 01:39:04,kovan2,18244883,18244552,331
2020-04-30 01:40:46,kovan2,18244904,18244552,352
2020-04-30 01:42:14,kovan2,18244926,18244678,248
2020-04-30 01:43:40,kovan2,18244947,18244678,269
2020-04-30 01:45:07,kovan2,18244969,18244678,291
2020-04-30 01:46:37,kovan2,18244993,18244678,315
2020-04-30 01:48:12,kovan2,18245015,18244805,210
2020-04-30 01:49:42,kovan2,18245039,18244805,234
2020-04-30 01:51:19,kovan2,18245063,18244805,258
2020-04-30 01:52:54,kovan2,18245086,18244805,281
2020-04-30 01:54:29,kovan2,18245112,18244805,307
2020-04-30 01:56:13,kovan2,18245133,18244805,328
2020-04-30 01:57:37,kovan2,18245156,18244805,351
2020-04-30 01:59:07,kovan2,18245178,18244805,373
2020-04-30 02:00:38,kovan2,18245200,18244805,395
2020-04-30 02:02:08,kovan2,18245225,18244931,294
2020-04-30 02:03:48,kovan2,18245250,18245185,65
2020-04-30 02:05:33,kovan2,18245274,18245259,15
2020-04-30 02:07:04,kovan2,18245296,18245259,37
2020-04-30 02:08:33,kovan2,18245318,18245259,59
2020-04-30 02:09:59,kovan2,18245340,18245259,81
2020-04-30 02:11:33,kovan2,18245363,18245259,104
2020-04-30 02:13:03,kovan2,18245385,18245259,126
2020-04-30 02:14:33,kovan2,18245409,18245259,150
2020-04-30 02:16:07,kovan2,18245432,18245259,173
2020-04-30 02:17:40,kovan2,18245455,18245259,196
2020-04-30 02:19:11,kovan2,18245480,18245259,221
2020-04-30 02:20:55,kovan2,18245501,18245259,242
2020-04-30 02:22:21,kovan2,18245522,18245259,263
2020-04-30 02:23:43,kovan2,18245545,18245259,286
2020-04-30 02:25:19,kovan2,18245569,18245259,310
2020-04-30 02:26:54,kovan2,18245590,18245259,331
2020-04-30 02:28:19,kovan2,18245612,18245259,353
2020-04-30 02:29:48,kovan2,18245634,18245259,375
2020-04-30 02:31:17,kovan2,18245654,18245259,395
2020-04-30 02:32:41,kovan2,18245677,18245259,418
2020-04-30 02:34:14,kovan2,18245704,18245259,445
2020-04-30 02:35:59,kovan2,18245724,18245259,465
2020-04-30 02:37:23,kovan2,18245746,18245259,487
2020-04-30 02:38:52,kovan2,18245770,18245259,511
2020-04-30 02:40:26,kovan2,18245793,18245259,534
2020-04-30 02:42:01,kovan2,18245821,18245259,562
2020-04-30 02:43:54,kovan2,18245844,18245259,585
2020-04-30 02:45:24,kovan2,18245865,18245259,606
2020-04-30 02:46:54,kovan2,18245888,18245259,629
2020-04-30 02:48:24,kovan2,18245909,18245259,650
2020-04-30 02:49:50,kovan2,18245933,18245259,674
2020-04-30 02:51:26,kovan2,18245954,18245259,695
2020-04-30 02:52:50,kovan2,18245975,18245259,716
2020-04-30 02:54:13,kovan2,18245996,18245259,737
2020-04-30 02:55:37,kovan2,18246018,18245259,759
2020-04-30 02:57:12,kovan2,18246041,18245259,782
2020-04-30 02:58:43,kovan2,18246062,18245259,803
2020-04-30 03:00:05,kovan2,18246084,18245259,825
2020-04-30 03:01:40,kovan2,18246106,18245259,847
2020-04-30 03:03:05,kovan2,18246127,18245259,868
2020-04-30 03:04:29,kovan2,18246158,18245259,899
2020-04-30 03:06:35,kovan2,18246179,18245259,920
2020-04-30 03:08:02,kovan2,18246201,18245259,942
2020-04-30 03:09:29,kovan2,18246224,18245259,965
2020-04-30 03:11:00,kovan2,18246245,18245259,986
2020-04-30 03:12:30,kovan2,18246274,18245259,1015
2020-04-30 03:14:24,kovan2,18246299,18245259,1040
2020-04-30 03:16:03,kovan2,18246320,18245259,1061
2020-04-30 03:17:28,kovan2,18246345,18245259,1086
2020-04-30 03:19:10,kovan2,18246367,18245259,1108
2020-04-30 03:20:37,kovan2,18246391,18245259,1132
2020-04-30 03:22:15,kovan2,18246419,18245259,1160
2020-04-30 03:24:07,kovan2,18246442,18245259,1183
2020-04-30 03:25:36,kovan2,18246465,18245259,1206
2020-04-30 03:27:11,kovan2,18246489,18245259,1230
2020-04-30 03:28:44,kovan2,18246511,18245259,1252
2020-04-30 03:30:11,kovan2,18246533,18245259,1274
2020-04-30 03:31:45,kovan2,18246555,18245259,1296
2020-04-30 03:33:11,kovan2,18246579,18245259,1320
2020-04-30 03:34:47,kovan2,18246601,18245259,1342
2020-04-30 03:36:17,kovan2,18246623,18245259,1364
2020-04-30 03:37:44,kovan2,18246644,18245259,1385
2020-04-30 03:39:09,kovan2,18246665,18245259,1406
2020-04-30 03:40:36,kovan2,18246689,18245259,1430
2020-04-30 03:42:09,kovan2,18246711,18245259,1452
2020-04-30 03:43:36,kovan2,18246737,18245259,1478
2020-04-30 03:45:19,kovan2,18246760,18245259,1501
2020-04-30 03:46:55,kovan2,18246782,18245259,1523
2020-04-30 03:48:24,kovan2,18246806,18245259,1547
2020-04-30 03:50:02,kovan2,18246831,18245259,1572
2020-04-30 03:51:40,kovan2,18246854,18245259,1595
2020-04-30 03:53:13,kovan2,18246876,18245259,1617
2020-04-30 03:54:39,kovan2,18246900,18245259,1641
2020-04-30 03:56:16,kovan2,18246920,18245259,1661
2020-04-30 03:57:43,kovan2,18246943,18245259,1684
2020-04-30 03:59:15,kovan2,18246965,18245259,1706
2020-04-30 04:00:42,kovan2,18246987,18245259,1728
2020-04-30 04:02:14,kovan2,18247009,18245373,1636
2020-04-30 04:03:40,kovan2,18247031,18245500,1531
2020-04-30 04:05:06,kovan2,18247055,18245500,1555
2020-04-30 04:06:44,kovan2,18247077,18245500,1577
2020-04-30 04:08:12,kovan2,18247098,18245500,1598
2020-04-30 04:09:37,kovan2,18247121,18245500,1621
2020-04-30 04:11:08,kovan2,18247144,18245500,1644
2020-04-30 04:12:39,kovan2,18247166,18245500,1666
2020-04-30 04:14:09,kovan2,18247190,18245500,1690
2020-04-30 04:15:45,kovan2,18247211,18245500,1711
2020-04-30 04:17:12,kovan2,18247231,18245500,1731
2020-04-30 04:18:35,kovan2,18247253,18245500,1753
2020-04-30 04:20:01,kovan2,18247275,18245500,1775
2020-04-30 04:21:31,kovan2,18247298,18245500,1798
2020-04-30 04:23:04,kovan2,18247323,18245500,1823
2020-04-30 04:24:46,kovan2,18247345,18245500,1845
2020-04-30 04:26:13,kovan2,18247368,18245500,1868
2020-04-30 04:27:53,kovan2,18247391,18245500,1891
2020-04-30 04:29:20,kovan2,18247411,18245500,1911
2020-04-30 04:30:44,kovan2,18247433,18245500,1933
2020-04-30 04:32:15,kovan2,18247456,18245500,1956
2020-04-30 04:33:44,kovan2,18247476,18245500,1976
2020-04-30 04:35:07,kovan2,18247501,18245500,2001
2020-04-30 04:36:43,kovan2,18247523,18245500,2023
2020-04-30 04:38:15,kovan2,18247545,18245500,2045
2020-04-30 04:39:41,kovan2,18247565,18245500,2065
2020-04-30 04:41:04,kovan2,18247592,18245500,2092
2020-04-30 04:42:49,kovan2,18247615,18245500,2115
2020-04-30 04:44:20,kovan2,18247636,18245500,2136
2020-04-30 04:45:43,kovan2,18247670,18245500,2170
2020-04-30 04:48:06,kovan2,18247694,18245500,2194
2020-04-30 04:49:38,kovan2,18247714,18245500,2214
2020-04-30 04:51:02,kovan2,18247737,18245500,2237
2020-04-30 04:52:34,kovan2,18247759,18245500,2259
2020-04-30 04:54:00,kovan2,18247781,18245500,2281
2020-04-30 04:55:29,kovan2,18247805,18245500,2305
2020-04-30 04:57:07,kovan2,18247830,18245500,2330
2020-04-30 04:58:45,kovan2,18247851,18245500,2351
2020-04-30 05:00:08,kovan2,18247872,18245500,2372
2020-04-30 05:01:38,kovan2,18247893,18245500,2393
2020-04-30 05:03:01,kovan2,18247916,18245500,2416
2020-04-30 05:04:34,kovan2,18247937,18245500,2437
2020-04-30 05:05:57,kovan2,18247961,18245500,2461
2020-04-30 05:07:31,kovan2,18247982,18245500,2482
2020-04-30 05:08:55,kovan2,18248003,18245500,2503
2020-04-30 05:10:21,kovan2,18248025,18245500,2525
2020-04-30 05:11:51,kovan2,18248047,18245500,2547
2020-04-30 05:13:20,kovan2,18248068,18245500,2568
2020-04-30 05:14:50,kovan2,18248092,18245500,2592
2020-04-30 05:16:23,kovan2,18248114,18245500,2614
2020-04-30 05:17:47,kovan2,18248135,18245500,2635
2020-04-30 05:19:13,kovan2,18248157,18245500,2657
2020-04-30 05:20:42,kovan2,18248182,18245500,2682
2020-04-30 05:22:22,kovan2,18248203,18245500,2703
2020-04-30 05:23:45,kovan2,18248224,18245500,2724
2020-04-30 05:25:07,kovan2,18248250,18245500,2750
2020-04-30 05:26:54,kovan2,18248273,18245500,2773
2020-04-30 05:28:26,kovan2,18248295,18245500,2795
2020-04-30 05:29:52,kovan2,18248318,18245500,2818
2020-04-30 05:31:27,kovan2,18248340,18245500,2840
2020-04-30 05:32:56,kovan2,18248361,18245500,2861
2020-04-30 05:34:21,kovan2,18248382,18245500,2882
2020-04-30 05:35:47,kovan2,18248407,18245500,2907
2020-04-30 05:37:25,kovan2,18248429,18245500,2929
2020-04-30 05:38:50,kovan2,18248451,18245500,2951
2020-04-30 05:40:21,kovan2,18248475,18245500,2975
2020-04-30 05:41:57,kovan2,18248497,18245500,2997
2020-04-30 05:43:26,kovan2,18248519,18245500,3019
2020-04-30 05:44:52,kovan2,18248541,18245500,3041
2020-04-30 05:46:23,kovan2,18248562,18245500,3062
2020-04-30 05:47:49,kovan2,18248583,18245500,3083
2020-04-30 05:49:12,kovan2,18248603,18245500,3103
2020-04-30 05:50:34,kovan2,18248626,18245500,3126
2020-04-30 05:52:05,kovan2,18248647,18245500,3147
2020-04-30 05:53:31,kovan2,18248671,18245500,3171
2020-04-30 05:55:10,kovan2,18248697,18245500,3197
2020-04-30 05:56:53,kovan2,18248721,18245500,3221
2020-04-30 05:58:27,kovan2,18248744,18245500,3244
2020-04-30 06:00:00,kovan2,18248767,18245500,3267
2020-04-30 06:01:39,kovan2,18248790,18245500,3290
2020-04-30 06:03:06,kovan2,18248813,18245500,3313
2020-04-30 06:04:38,kovan2,18248837,18245500,3337
2020-04-30 06:06:18,kovan2,18248860,18245500,3360
2020-04-30 06:07:48,kovan2,18248882,18245500,3382
2020-04-30 06:09:16,kovan2,18248903,18245500,3403
2020-04-30 06:10:39,kovan2,18248929,18245500,3429
2020-04-30 06:12:24,kovan2,18248950,18245500,3450
2020-04-30 06:13:46,kovan2,18248970,18245500,3470
2020-04-30 06:15:09,kovan2,18248994,18245626,3368
2020-04-30 06:16:47,kovan2,18249017,18245626,3391
2020-04-30 06:18:17,kovan2,18249038,18245626,3412
2020-04-30 06:19:43,kovan2,18249060,18245626,3434
2020-04-30 06:21:08,kovan2,18249081,18245626,3455
2020-04-30 06:22:32,kovan2,18249101,18245626,3475
2020-04-30 06:23:54,kovan2,18249122,18245626,3496
2020-04-30 06:25:19,kovan2,18249148,18245626,3522
2020-04-30 06:27:01,kovan2,18249182,18245753,3429
2020-04-30 06:29:20,kovan2,18249207,18245753,3454
2020-04-30 06:30:56,kovan2,18249227,18245753,3474
2020-04-30 06:32:22,kovan2,18249248,18245753,3495
2020-04-30 06:33:48,kovan2,18249269,18245753,3516
2020-04-30 06:35:10,kovan2,18249296,18245753,3543
2020-04-30 06:36:58,kovan2,18249317,18245753,3564
2020-04-30 06:38:22,kovan2,18249340,18245753,3587
2020-04-30 06:39:53,kovan2,18249363,18245753,3610
2020-04-30 06:41:28,kovan2,18249385,18245753,3632
2020-04-30 06:42:51,kovan2,18249407,18245753,3654
2020-04-30 06:44:18,kovan2,18249426,18245753,3673
2020-04-30 06:45:42,kovan2,18249451,18245753,3698
2020-04-30 06:47:19,kovan2,18249473,18245753,3720
2020-04-30 06:48:45,kovan2,18249499,18245753,3746
2020-04-30 06:50:29,kovan2,18249522,18245753,3769
2020-04-30 06:52:01,kovan2,18249544,18245753,3791
2020-04-30 06:53:30,kovan2,18249568,18245753,3815
2020-04-30 06:55:02,kovan2,18249595,18245753,3842
2020-04-30 06:56:52,kovan2,18249622,18245753,3869
2020-04-30 06:58:40,kovan2,18249642,18245753,3889
2020-04-30 07:00:02,kovan2,18249664,18245753,3911
2020-04-30 07:01:34,kovan2,18249691,18245753,3938
2020-04-30 07:03:20,kovan2,18249719,18245753,3966
2020-04-30 07:05:17,kovan2,18249743,18245753,3990
2020-04-30 07:06:49,kovan2,18249765,18245753,4012
2020-04-30 07:08:14,kovan2,18249787,18245753,4034
2020-04-30 07:09:44,kovan2,18249808,18245753,4055
2020-04-30 07:11:07,kovan2,18249828,18245753,4075
2020-04-30 07:12:30,kovan2,18249852,18245753,4099
2020-04-30 07:14:03,kovan2,18249873,18245753,4120
2020-04-30 07:15:29,kovan2,18249897,18245753,4144
2020-04-30 07:17:06,kovan2,18249919,18245753,4166
2020-04-30 07:18:34,kovan2,18249941,18245753,4188
2020-04-30 07:20:01,kovan2,18249965,18245753,4212
2020-04-30 07:21:37,kovan2,18249991,18245753,4238
2020-04-30 07:23:18,kovan2,18250011,18245753,4258
2020-04-30 07:24:44,kovan2,18250036,18245753,4283
2020-04-30 07:26:21,kovan2,18250057,18245753,4304
2020-04-30 07:27:47,kovan2,18250079,18245753,4326
2020-04-30 07:29:11,kovan2,18250099,18245753,4346
2020-04-30 07:30:35,kovan2,18250122,18245753,4369
2020-04-30 07:32:10,kovan2,18250143,18245753,4390
2020-04-30 07:33:33,kovan2,18250165,18245753,4412
2020-04-30 07:34:58,kovan2,18250189,18245753,4436
2020-04-30 07:36:37,kovan2,18250211,18245753,4458
2020-04-30 07:38:05,kovan2,18250232,18245753,4479
2020-04-30 07:39:29,kovan2,18250254,18245753,4501
2020-04-30 07:40:56,kovan2,18250276,18245753,4523
2020-04-30 07:42:26,kovan2,18250297,18245753,4544
2020-04-30 07:43:49,kovan2,18250320,18245753,4567
2020-04-30 07:45:22,kovan2,18250345,18245753,4592
2020-04-30 07:47:05,kovan2,18250368,18245753,4615
2020-04-30 07:48:35,kovan2,18250392,18245753,4639
2020-04-30 07:50:13,kovan2,18250415,18245753,4662
2020-04-30 07:51:45,kovan2,18250438,18245753,4685
2020-04-30 07:53:17,kovan2,18250458,18245753,4705
2020-04-30 07:54:39,kovan2,18250486,18245753,4733
2020-04-30 07:56:30,kovan2,18250508,18245753,4755
2020-04-30 07:57:57,kovan2,18250529,18245753,4776
2020-04-30 07:59:20,kovan2,18250553,18245753,4800
2020-04-30 08:00:57,kovan2,18250576,18245753,4823
2020-04-30 08:02:32,kovan2,18250599,18245753,4846
2020-04-30 08:04:05,kovan2,18250620,18245753,4867
2020-04-30 08:05:31,kovan2,18250646,18245753,4893
2020-04-30 08:07:13,kovan2,18250668,18245753,4915
2020-04-30 08:08:42,kovan2,18250690,18245753,4937
2020-04-30 08:10:09,kovan2,18250713,18245753,4960
2020-04-30 08:11:45,kovan2,18250735,18245753,4982
2020-04-30 08:13:09,kovan2,18250758,18245753,5005
2020-04-30 08:14:40,kovan2,18250785,18245877,4908
2020-04-30 08:16:31,kovan2,18250808,18245877,4931
2020-04-30 08:17:59,kovan2,18250830,18245877,4953
2020-04-30 08:19:27,kovan2,18250853,18245877,4976
2020-04-30 08:20:59,kovan2,18250876,18245877,4999
2020-04-30 08:22:31,kovan2,18250896,18245877,5019
2020-04-30 08:23:53,kovan2,18250918,18245877,5041
2020-04-30 08:25:23,kovan2,18250943,18245877,5066
2020-04-30 08:27:02,kovan2,18250968,18245877,5091
2020-04-30 08:28:44,kovan2,18250991,18245877,5114
2020-04-30 08:30:13,kovan2,18251015,18245877,5138
2020-04-30 08:31:53,kovan2,18251035,18245877,5158
2020-04-30 08:33:16,kovan2,18251057,18245877,5180
2020-04-30 08:34:40,kovan2,18251077,18245877,5200
2020-04-30 08:36:02,kovan2,18251099,18245877,5222
2020-04-30 08:37:29,kovan2,18251122,18245877,5245
2020-04-30 08:39:01,kovan2,18251143,18245877,5266
2020-04-30 08:40:25,kovan2,18251167,18245877,5290
2020-04-30 08:41:59,kovan2,18251188,18245877,5311
2020-04-30 08:43:23,kovan2,18251210,18245877,5333
2020-04-30 08:44:53,kovan2,18251234,18245877,5357
2020-04-30 08:46:28,kovan2,18251254,18245877,5377
2020-04-30 08:47:53,kovan2,18251276,18245877,5399
2020-04-30 08:49:18,kovan2,18251297,18245877,5420
2020-04-30 08:50:42,kovan2,18251322,18245877,5445
2020-04-30 08:52:24,kovan2,18251344,18245877,5467
2020-04-30 08:53:53,kovan2,18251367,18245877,5490
2020-04-30 08:55:23,kovan2,18251391,18245877,5514
2020-04-30 08:57:02,kovan2,18251412,18245877,5535
2020-04-30 08:58:26,kovan2,18251437,18245877,5560
2020-04-30 09:00:06,kovan2,18251458,18245877,5581
2020-04-30 09:01:35,kovan2,18251479,18245877,5602
2020-04-30 09:02:58,kovan2,18251505,18245877,5628
2020-04-30 09:04:43,kovan2,18251527,18245877,5650
2020-04-30 09:06:10,kovan2,18251547,18245877,5670
2020-04-30 09:07:32,kovan2,18251567,18245877,5690
2020-04-30 09:08:55,kovan2,18251591,18245877,5714
2020-04-30 09:10:31,kovan2,18251614,18245877,5737
2020-04-30 09:12:07,kovan2,18251636,18245877,5759
2020-04-30 09:13:31,kovan2,18251659,18245877,5782
2020-04-30 09:15:02,kovan2,18251684,18245877,5807
2020-04-30 09:16:42,kovan2,18251707,18245877,5830
2020-04-30 09:18:14,kovan2,18251729,18245877,5852
2020-04-30 09:19:39,kovan2,18251751,18245877,5874
2020-04-30 09:21:10,kovan2,18251772,18245877,5895
2020-04-30 09:22:35,kovan2,18251793,18245877,5916
2020-04-30 09:23:58,kovan2,18251813,18245877,5936
2020-04-30 09:25:20,kovan2,18251835,18245877,5958
2020-04-30 09:26:54,kovan2,18251857,18245877,5980
2020-04-30 09:28:21,kovan2,18251880,18245877,6003
2020-04-30 09:29:52,kovan2,18251902,18245877,6025
2020-04-30 09:31:21,kovan2,18251923,18245877,6046
2020-04-30 09:32:51,kovan2,18251944,18245877,6067
2020-04-30 09:34:14,kovan2,18251965,18245877,6088
2020-04-30 09:35:40,kovan2,18251988,18245877,6111
2020-04-30 09:37:13,kovan2,18252013,18245877,6136
2020-04-30 09:38:49,kovan2,18252034,18246130,5904
2020-04-30 09:40:11,kovan2,18252055,18246130,5925
2020-04-30 09:41:40,kovan2,18252078,18246130,5948
2020-04-30 09:43:10,kovan2,18252099,18246130,5969
2020-04-30 09:44:38,kovan2,18252120,18246257,5863
2020-04-30 09:46:00,kovan2,18252156,18246257,5899
2020-04-30 09:48:27,kovan2,18252177,18246257,5920
2020-04-30 09:49:53,kovan2,18252207,18246257,5950
2020-04-30 09:51:58,kovan2,18252228,18246257,5971
2020-04-30 09:53:22,kovan2,18252250,18246257,5993
2020-04-30 09:54:46,kovan2,18252276,18246257,6019
2020-04-30 09:56:35,kovan2,18252297,18246257,6040
2020-04-30 09:57:58,kovan2,18252320,18246257,6063
2020-04-30 09:59:32,kovan2,18252341,18246257,6084
2020-04-30 10:00:58,kovan2,18252365,18246257,6108
2020-04-30 10:02:37,kovan2,18252391,18246257,6134
2020-04-30 10:04:26,kovan2,18252413,18246257,6156
2020-04-30 10:05:49,kovan2,18252438,18246257,6181
2020-04-30 10:07:27,kovan2,18252458,18246257,6201
2020-04-30 10:08:51,kovan2,18252486,18246382,6104
2020-04-30 10:10:42,kovan2,18252512,18246382,6130
2020-04-30 10:12:30,kovan2,18252539,18246382,6157
2020-04-30 10:14:17,kovan2,18252562,18246382,6180
2020-04-30 10:15:50,kovan2,18252585,18246382,6203
2020-04-30 10:17:26,kovan2,18252607,18246382,6225
2020-04-30 10:18:54,kovan2,18252629,18246509,6120
2020-04-30 10:20:19,kovan2,18252655,18246509,6146
2020-04-30 10:22:08,kovan2,18252676,18246509,6167
2020-04-30 10:23:37,kovan2,18252701,18246509,6192
2020-04-30 10:25:17,kovan2,18252730,18246509,6221
2020-04-30 10:27:16,kovan2,18252751,18246509,6242
2020-04-30 10:28:38,kovan2,18252772,18246509,6263
2020-04-30 10:30:04,kovan2,18252801,18246509,6292
2020-04-30 10:32:08,kovan2,18252826,18246509,6317
2020-04-30 10:33:44,kovan2,18252850,18246509,6341
2020-04-30 10:35:23,kovan2,18252873,18246509,6364
2020-04-30 10:36:53,kovan2,18252899,18246634,6265
2020-04-30 10:38:37,kovan2,18252929,18246634,6295
2020-04-30 10:40:36,kovan2,18252950,18246634,6316
2020-04-30 10:42:05,kovan2,18252973,18246634,6339
2020-04-30 10:43:36,kovan2,18252996,18246634,6362
2020-04-30 10:45:09,kovan2,18253017,18246634,6383
2020-04-30 10:46:36,kovan2,18253042,18246634,6408
2020-04-30 10:48:15,kovan2,18253061,18246634,6427
2020-04-30 10:49:37,kovan2,18253084,18246634,6450
2020-04-30 10:51:08,kovan2,18253108,18246634,6474
2020-04-30 10:52:43,kovan2,18253130,18246634,6496
2020-04-30 10:54:07,kovan2,18253153,18246634,6519
2020-04-30 10:55:42,kovan2,18253175,18246634,6541
2020-04-30 10:57:11,kovan2,18253198,18246634,6564
2020-04-30 10:58:44,kovan2,18253225,18246634,6591
2020-04-30 11:00:27,kovan2,18253246,18246634,6612
2020-04-30 11:01:54,kovan2,18253273,18246634,6639
2020-04-30 11:03:41,kovan2,18253294,18246634,6660
2020-04-30 11:05:04,kovan2,18253316,18246634,6682
2020-04-30 11:06:38,kovan2,18253339,18246634,6705
2020-04-30 11:08:07,kovan2,18253360,18246634,6726
2020-04-30 11:09:34,kovan2,18253381,18246634,6747
2020-04-30 11:10:56,kovan2,18253403,18246634,6769
2020-04-30 11:12:26,kovan2,18253423,18246634,6789
2020-04-30 11:13:49,kovan2,18253446,18246634,6812
2020-04-30 11:15:19,kovan2,18253472,18246634,6838
2020-04-30 11:17:06,kovan2,18253494,18246634,6860
2020-04-30 11:18:36,kovan2,18253514,18246634,6880
2020-04-30 11:19:59,kovan2,18253539,18246634,6905
2020-04-30 11:21:41,kovan2,18253564,18246634,6930
2020-04-30 11:23:19,kovan2,18253584,18246634,6950
2020-04-30 11:24:42,kovan2,18253610,18246634,6976
2020-04-30 11:26:28,kovan2,18253631,18246634,6997
2020-04-30 11:27:52,kovan2,18253654,18246634,7020
2020-04-30 11:29:26,kovan2,18253676,18246634,7042
2020-04-30 11:30:54,kovan2,18253701,18246634,7067
2020-04-30 11:32:36,kovan2,18253722,18246634,7088
2020-04-30 11:34:00,kovan2,18253747,18246634,7113
2020-04-30 11:35:41,kovan2,18253770,18246634,7136
2020-04-30 11:37:16,kovan2,18253791,18246634,7157
2020-04-30 11:38:43,kovan2,18253814,18246634,7180
2020-04-30 11:40:12,kovan2,18253836,18246634,7202
2020-04-30 11:41:43,kovan2,18253869,18246634,7235
2020-04-30 11:43:57,kovan2,18253898,18246634,7264
2020-04-30 11:45:58,kovan2,18253919,18246634,7285
2020-04-30 11:47:24,kovan2,18253941,18246634,7307
2020-04-30 11:48:54,kovan2,18253965,18246634,7331
2020-04-30 11:50:29,kovan2,18253989,18246634,7355
2020-04-30 11:52:09,kovan2,18254019,18246634,7385
2020-04-30 11:54:07,kovan2,18254044,18246634,7410
2020-04-30 11:55:52,kovan2,18254065,18246634,7431
2020-04-30 11:57:15,kovan2,18254087,18246634,7453
2020-04-30 11:58:44,kovan2,18254108,18246634,7474
2020-04-30 12:00:10,kovan2,18254131,18246634,7497
2020-04-30 12:01:44,kovan2,18254154,18246634,7520
2020-04-30 12:03:15,kovan2,18254178,18246634,7544
2020-04-30 12:04:51,kovan2,18254201,18246634,7567
2020-04-30 12:06:29,kovan2,18254224,18246634,7590
2020-04-30 12:08:02,kovan2,18254248,18246634,7614
2020-04-30 12:09:38,kovan2,18254270,18246634,7636
2020-04-30 12:11:05,kovan2,18254294,18246634,7660
2020-04-30 12:12:45,kovan2,18254322,18246634,7688
2020-04-30 12:14:37,kovan2,18254347,18246634,7713
2020-04-30 12:16:15,kovan2,18254368,18246634,7734
2020-04-30 12:17:44,kovan2,18254388,18246634,7754
2020-04-30 12:19:07,kovan2,18254409,18246634,7775
2020-04-30 12:20:30,kovan2,18254432,18246634,7798
2020-04-30 12:22:05,kovan2,18254455,18246634,7821
2020-04-30 12:23:39,kovan2,18254479,18246634,7845
2020-04-30 12:25:14,kovan2,18254508,18246634,7874
2020-04-30 12:27:13,kovan2,18254529,18246634,7895
2020-04-30 12:28:35,kovan2,18254550,18246634,7916
2020-04-30 12:30:02,kovan2,18254573,18246634,7939
2020-04-30 12:31:38,kovan2,18254595,18246634,7961
2020-04-30 12:33:03,kovan2,18254616,18246634,7982
2020-04-30 12:34:27,kovan2,18254636,18246634,8002
2020-04-30 12:35:50,kovan2,18254658,18246634,8024
2020-04-30 12:37:16,kovan2,18254687,18246634,8053
2020-04-30 12:39:12,kovan2,18254709,18246634,8075
2020-04-30 12:40:38,kovan2,18254730,18246634,8096
2020-04-30 12:42:10,kovan2,18254758,18246634,8124
2020-04-30 12:43:59,kovan2,18254779,18246634,8145
2020-04-30 12:45:26,kovan2,18254803,18246634,8169
2020-04-30 12:47:03,kovan2,18254831,18246634,8197
2020-04-30 12:48:58,kovan2,18254857,18246634,8223
2020-04-30 12:50:40,kovan2,18254880,18246634,8246
2020-04-30 12:52:14,kovan2,18254900,18246634,8266
2020-04-30 12:53:36,kovan2,18254921,18246634,8287
2020-04-30 12:55:01,kovan2,18254945,18246634,8311
2020-04-30 12:56:38,kovan2,18254969,18246634,8335
2020-04-30 12:58:18,kovan2,18254990,18246634,8356
2020-04-30 12:59:43,kovan2,18255021,18246634,8387
2020-04-30 13:01:58,kovan2,18255044,18246634,8410
2020-04-30 13:03:28,kovan2,18255067,18246634,8433
2020-04-30 13:05:02,kovan2,18255090,18246634,8456
2020-04-30 13:06:36,kovan2,18255112,18246634,8478
2020-04-30 13:08:02,kovan2,18255134,18246634,8500
2020-04-30 13:09:32,kovan2,18255156,18246634,8522
2020-04-30 13:10:59,kovan2,18255178,18246634,8544
2020-04-30 13:12:30,kovan2,18255198,18246634,8564
2020-04-30 13:13:56,kovan2,18255221,18246634,8587
2020-04-30 13:15:27,kovan2,18255242,18246634,8608
2020-04-30 13:16:55,kovan2,18255269,18246634,8635
2020-04-30 13:18:47,kovan2,18255290,18246634,8656
2020-04-30 13:20:13,kovan2,18255316,18246634,8682
2020-04-30 13:21:59,kovan2,18255336,18246634,8702
2020-04-30 13:23:25,kovan2,18255357,18246634,8723
2020-04-30 13:24:50,kovan2,18255381,18246634,8747
2020-04-30 13:26:26,kovan2,18255401,18246634,8767
2020-04-30 13:27:51,kovan2,18255423,18246634,8789
2020-04-30 13:29:18,kovan2,18255444,18246634,8810
2020-04-30 13:30:41,kovan2,18255465,18246634,8831
2020-04-30 13:32:10,kovan2,18255507,18246634,8873
2020-04-30 13:34:54,kovan2,18255536,18246634,8902
2020-04-30 13:36:55,kovan2,18255559,18246634,8925
2020-04-30 13:38:28,kovan2,18255579,18246634,8945
2020-04-30 13:39:50,kovan2,18255604,18246634,8970
2020-04-30 13:41:32,kovan2,18255630,18246634,8996
2020-04-30 13:43:16,kovan2,18255653,18246634,9019
2020-04-30 13:44:50,kovan2,18255678,18246634,9044
2020-04-30 13:46:30,kovan2,18255700,18246634,9066
2020-04-30 13:47:58,kovan2,18255724,18246634,9090
2020-04-30 13:49:36,kovan2,18255747,18246634,9113
2020-04-30 13:51:07,kovan2,18255767,18246634,9133
2020-04-30 13:52:32,kovan2,18255790,18246634,9156
2020-04-30 13:54:08,kovan2,18255815,18246634,9181
2020-04-30 13:55:44,kovan2,18255835,18246634,9201
2020-04-30 13:57:09,kovan2,18255872,18246634,9238
2020-04-30 13:59:34,kovan2,18255897,18246634,9263
2020-04-30 14:01:16,kovan2,18255939,18246634,9305
2020-04-30 14:04:09,kovan2,18255975,18246634,9341
2020-04-30 14:06:34,kovan2,18256005,18246634,9371
2020-04-30 14:08:35,kovan2,18256031,18246634,9397
2020-04-30 14:10:13,kovan2,18256050,18246634,9416
2020-04-30 14:11:37,kovan2,18256076,18246634,9442
2020-04-30 14:13:20,kovan2,18256098,18246634,9464
2020-04-30 14:14:53,kovan2,18256121,18246634,9487
2020-04-30 14:16:21,kovan2,18256144,18246634,9510
2020-04-30 14:18:14,kovan2,18256167,18246634,9533
2020-04-30 14:19:49,kovan2,18256191,18246634,9557
2020-04-30 14:21:24,kovan2,18256213,18246634,9579
2020-04-30 14:22:57,kovan2,18256234,18246634,9600
2020-04-30 14:24:20,kovan2,18256258,18246634,9624
2020-04-30 14:25:58,kovan2,18256284,18246634,9650
2020-04-30 14:27:41,kovan2,18256305,18246634,9671
2020-04-30 14:29:05,kovan2,18256329,18246634,9695
2020-04-30 14:30:39,kovan2,18256359,18246634,9725
2020-04-30 14:32:40,kovan2,18256383,18246634,9749
2020-04-30 14:34:15,kovan2,18256404,18246634,9770
2020-04-30 14:35:42,kovan2,18256430,18246634,9796
2020-04-30 14:37:26,kovan2,18256452,18246634,9818
2020-04-30 14:38:53,kovan2,18256472,18246634,9838
2020-04-30 14:40:16,kovan2,18256493,18246634,9859
2020-04-30 14:41:49,kovan2,18256522,18246634,9888
2020-04-30 14:43:46,kovan2,18256545,18246634,9911
2020-04-30 14:45:17,kovan2,18256566,18246634,9932
2020-04-30 14:46:46,kovan2,18256591,18246634,9957
2020-04-30 14:48:25,kovan2,18256612,18246634,9978
2020-04-30 14:49:51,kovan2,18256642,18246634,10008
2020-04-30 14:51:55,kovan2,18256663,18246634,10029
2020-04-30 14:53:17,kovan2,18256682,18246634,10048
2020-04-30 14:54:52,kovan2,18256706,18246634,10072
2020-04-30 14:56:42,kovan2,18256728,18246634,10094
2020-04-30 14:58:11,kovan2,18256749,18246634,10115
2020-04-30 14:59:36,kovan2,18256770,18246634,10136
2020-04-30 15:00:58,kovan2,18256801,18246634,10167
2020-04-30 15:03:18,kovan2,18256828,18246634,10194
2020-04-30 15:05:06,kovan2,18256854,18246634,10220
2020-04-30 15:06:48,kovan2,18256879,18246634,10245
2020-04-30 15:08:37,kovan2,18256897,18246634,10263
2020-04-30 15:10:00,kovan2,18256919,18246634,10285
2020-04-30 15:11:32,kovan2,18256942,18246634,10308
2020-04-30 15:13:06,kovan2,18256963,18246634,10329
2020-04-30 15:14:31,kovan2,18256984,18246634,10350
2020-04-30 15:15:57,kovan2,18257005,18246634,10371
2020-04-30 15:17:28,kovan2,18257024,18246634,10390
2020-04-30 15:18:53,kovan2,18257052,18246634,10418
2020-04-30 15:20:46,kovan2,18257073,18246634,10439
2020-04-30 15:22:12,kovan2,18257094,18246634,10460
2020-04-30 15:23:40,kovan2,18257121,18246634,10487
2020-04-30 15:25:40,kovan2,18257144,18246634,10510
2020-04-30 15:27:31,kovan2,18257165,18246634,10531
2020-04-30 15:29:16,kovan2,18257199,18246634,10565
2020-04-30 15:31:34,kovan2,18257221,18246634,10587
2020-04-30 15:32:58,kovan2,18257242,18246634,10608
2020-04-30 15:34:22,kovan2,18257263,18246634,10629
2020-04-30 15:35:50,kovan2,18257283,18246634,10649
2020-04-30 15:37:14,kovan2,18257309,18246634,10675
2020-04-30 15:38:57,kovan2,18257333,18246634,10699
2020-04-30 15:40:32,kovan2,18257353,18246634,10719
2020-04-30 15:41:56,kovan2,18257379,18246634,10745
2020-04-30 15:43:36,kovan2,18257401,18246634,10767
2020-04-30 15:45:05,kovan2,18257427,18246634,10793
2020-04-30 15:46:46,kovan2,18257449,18246634,10815
2020-04-30 15:48:23,kovan2,18257476,18246634,10842
2020-04-30 15:50:07,kovan2,18257502,18246634,10868
2020-04-30 15:51:52,kovan2,18257521,18246634,10887
2020-04-30 15:53:16,kovan2,18257551,18246634,10917
2020-04-30 15:55:14,kovan2,18257571,18246634,10937
2020-04-30 15:56:38,kovan2,18257597,18246634,10963
2020-04-30 15:58:19,kovan2,18257618,18246634,10984
2020-04-30 15:59:53,kovan2,18257640,18246634,11006
2020-04-30 16:01:20,kovan2,18257661,18246634,11027
2020-04-30 16:02:49,kovan2,18257685,18246634,11051
2020-04-30 16:04:26,kovan2,18257707,18246634,11073
2020-04-30 16:05:54,kovan2,18257729,18246634,11095
2020-04-30 16:07:25,kovan2,18257759,18246634,11125
2020-04-30 16:09:24,kovan2,18257781,18246634,11147
2020-04-30 16:10:52,kovan2,18257802,18246634,11168
2020-04-30 16:12:22,kovan2,18257824,18246634,11190
2020-04-30 16:13:47,kovan2,18257847,18246634,11213
2020-04-30 16:15:19,kovan2,18257870,18246634,11236
2020-04-30 16:16:51,kovan2,18257891,18246634,11257
2020-04-30 16:18:18,kovan2,18257912,18246634,11278
2020-04-30 16:19:41,kovan2,18257932,18246634,11298
2020-04-30 16:21:03,kovan2,18257955,18246634,11321
2020-04-30 16:22:37,kovan2,18257976,18246634,11342
2020-04-30 16:24:01,kovan2,18257998,18246634,11364
2020-04-30 16:25:29,kovan2,18258021,18246634,11387
2020-04-30 16:26:59,kovan2,18258041,18246634,11407
2020-04-30 16:28:23,kovan2,18258062,18246634,11428
2020-04-30 16:29:46,kovan2,18258085,18246634,11451
2020-04-30 16:31:16,kovan2,18258107,18246634,11473
2020-04-30 16:32:44,kovan2,18258127,18246634,11493
2020-04-30 16:34:08,kovan2,18258149,18246634,11515
2020-04-30 16:35:32,kovan2,18258173,18246634,11539
2020-04-30 16:37:08,kovan2,18258193,18246634,11559
2020-04-30 16:38:33,kovan2,18258220,18246634,11586
2020-04-30 16:40:16,kovan2,18258246,18246634,11612
2020-04-30 16:42:06,kovan2,18258267,18246634,11633
2020-04-30 16:43:30,kovan2,18258290,18246634,11656
2020-04-30 16:45:01,kovan2,18258321,18246634,11687
2020-04-30 16:47:04,kovan2,18258342,18246634,11708
2020-04-30 16:48:31,kovan2,18258363,18246634,11729
2020-04-30 16:49:53,kovan2,18258390,18246634,11756
2020-04-30 16:51:40,kovan2,18258412,18246634,11778
2020-04-30 16:53:24,kovan2,18258434,18246634,11800
2020-04-30 16:55:16,kovan2,18258451,18246634,11817
2020-04-30 16:56:40,kovan2,18258469,18246634,11835
2020-04-30 16:58:10,kovan2,18258488,18246634,11854
2020-04-30 16:59:45,kovan2,18258506,18246634,11872
2020-04-30 17:01:16,kovan2,18258528,18246634,11894
2020-04-30 17:03:08,kovan2,18258546,18246634,11912
2020-04-30 17:04:35,kovan2,18258564,18246634,11930
2020-04-30 17:06:02,kovan2,18258586,18246634,11952
2020-04-30 17:08:00,kovan2,18258608,18246634,11974
2020-04-30 17:09:43,kovan2,18258628,18246634,11994
2020-04-30 17:11:26,kovan2,18258645,18246634,12011
2020-04-30 17:12:53,kovan2,18258675,18246634,12041
2020-04-30 17:15:23,kovan2,18258692,18246634,12058
2020-04-30 17:16:52,kovan2,18258711,18246634,12077
2020-04-30 17:18:20,kovan2,18258730,18246634,12096
2020-04-30 17:19:58,kovan2,18258748,18246634,12114
2020-04-30 17:21:27,kovan2,18258765,18246634,12131
2020-04-30 17:22:54,kovan2,18258789,18246634,12155
2020-04-30 17:24:52,kovan2,18258811,18246634,12177
2020-04-30 17:26:40,kovan2,18258828,18246634,12194
2020-04-30 17:28:07,kovan2,18258845,18246634,12211
2020-04-30 17:29:31,kovan2,18258861,18246634,12227
2020-04-30 17:30:53,kovan2,18258884,18246634,12250
2020-04-30 17:32:46,kovan2,18258902,18246634,12268
2020-04-30 17:34:18,kovan2,18258920,18246634,12286
2020-04-30 17:35:51,kovan2,18258939,18246634,12305
2020-04-30 17:37:22,kovan2,18258956,18246634,12322
2020-04-30 17:38:51,kovan2,18258980,18246634,12346
2020-04-30 17:40:43,kovan2,18258996,18246634,12362
2020-04-30 17:42:11,kovan2,18259013,18246634,12379
2020-04-30 17:43:34,kovan2,18259034,18246634,12400
2020-04-30 17:45:17,kovan2,18259051,18246634,12417
2020-04-30 17:46:39,kovan2,18259067,18246634,12433
2020-04-30 17:48:04,kovan2,18259084,18246634,12450
2020-04-30 17:49:29,kovan2,18259101,18246634,12467
2020-04-30 17:50:54,kovan2,18259119,18246634,12485
2020-04-30 17:52:22,kovan2,18259137,18246634,12503
2020-04-30 17:53:55,kovan2,18259163,18246634,12529
2020-04-30 17:56:01,kovan2,18259189,18246634,12555
2020-04-30 17:58:12,kovan2,18259206,18246634,12572
2020-04-30 17:59:38,kovan2,18259224,18246634,12590
2020-04-30 18:01:08,kovan2,18259246,18246634,12612
2020-04-30 18:02:54,kovan2,18259267,18246634,12633
2020-04-30 18:04:34,kovan2,18259290,18246634,12656
2020-04-30 18:06:14,kovan2,18259309,18246634,12675
2020-04-30 18:07:37,kovan2,18259334,18246634,12700
2020-04-30 18:09:12,kovan2,18259355,18246634,12721
2020-04-30 18:10:34,kovan2,18259377,18246634,12743
2020-04-30 18:12:03,kovan2,18259399,18246634,12765
2020-04-30 18:13:35,kovan2,18259420,18246634,12786
2020-04-30 18:14:58,kovan2,18259443,18246634,12809
2020-04-30 18:16:31,kovan2,18259465,18246634,12831
2020-04-30 18:17:55,kovan2,18259487,18246634,12853
2020-04-30 18:19:26,kovan2,18259509,18246634,12875
2020-04-30 18:20:54,kovan2,18259532,18246634,12898
2020-04-30 18:22:23,kovan2,18259554,18246634,12920
2020-04-30 18:23:52,kovan2,18259580,18246634,12946
2020-04-30 18:25:37,kovan2,18259601,18246634,12967
2020-04-30 18:27:01,kovan2,18259622,18246634,12988
2020-04-30 18:28:24,kovan2,18259643,18246634,13009
2020-04-30 18:29:52,kovan2,18259674,18246634,13040
2020-04-30 18:31:53,kovan2,18259697,18246634,13063
2020-04-30 18:33:23,kovan2,18259717,18246634,13083
2020-04-30 18:34:45,kovan2,18259745,18246634,13111
2020-04-30 18:36:37,kovan2,18259766,18246634,13132
2020-04-30 18:37:59,kovan2,18259788,18246634,13154
2020-04-30 18:39:26,kovan2,18259808,18246634,13174
2020-04-30 18:40:49,kovan2,18259830,18246634,13196
2020-04-30 18:42:20,kovan2,18259851,18246634,13217
2020-04-30 18:43:44,kovan2,18259876,18246634,13242
2020-04-30 18:45:20,kovan2,18259898,18246634,13264
2020-04-30 18:46:51,kovan2,18259919,18246634,13285
2020-04-30 18:48:15,kovan2,18259944,18246634,13310
2020-04-30 18:49:51,kovan2,18259967,18246634,13333
2020-04-30 18:51:28,kovan2,18259989,18246634,13355
2020-04-30 18:52:51,kovan2,18260011,18246634,13377
2020-04-30 18:54:25,kovan2,18260035,18246634,13401
2020-04-30 18:55:58,kovan2,18260055,18246634,13421
2020-04-30 18:57:22,kovan2,18260078,18246634,13444
2020-04-30 18:58:47,kovan2,18260100,18246634,13466
2020-04-30 19:00:16,kovan2,18260124,18246634,13490
2020-04-30 19:01:54,kovan2,18260145,18246634,13511
2020-04-30 19:03:17,kovan2,18260166,18246634,13532
2020-04-30 19:04:42,kovan2,18260187,18246634,13553
2020-04-30 19:06:06,kovan2,18260211,18246634,13577
2020-04-30 19:07:40,kovan2,18260231,18246634,13597
2020-04-30 19:09:02,kovan2,18260252,18246634,13618
2020-04-30 19:10:25,kovan2,18260276,18246634,13642
2020-04-30 19:11:58,kovan2,18260295,18246634,13661
2020-04-30 19:13:23,kovan2,18260321,18246634,13687
2020-04-30 19:15:02,kovan2,18260344,18246634,13710
2020-04-30 19:16:40,kovan2,18260365,18246634,13731
2020-04-30 19:18:03,kovan2,18260394,18246634,13760
2020-04-30 19:19:58,kovan2,18260420,18246634,13786
2020-04-30 19:21:43,kovan2,18260441,18246634,13807
2020-04-30 19:23:07,kovan2,18260462,18246634,13828
2020-04-30 19:24:29,kovan2,18260483,18246634,13849
2020-04-30 19:25:51,kovan2,18260503,18246634,13869
2020-04-30 19:27:14,kovan2,18260525,18246634,13891
2020-04-30 19:28:45,kovan2,18260550,18246634,13916
2020-04-30 19:30:19,kovan2,18260574,18246634,13940
2020-04-30 19:32:00,kovan2,18260594,18246634,13960
2020-04-30 19:33:22,kovan2,18260616,18246634,13982
2020-04-30 19:34:46,kovan2,18260641,18246634,14007
2020-04-30 19:36:28,kovan2,18260661,18246634,14027
2020-04-30 19:37:50,kovan2,18260684,18246634,14050
2020-04-30 19:39:22,kovan2,18260705,18246634,14071
2020-04-30 19:40:46,kovan2,18260725,18246634,14091
2020-04-30 19:42:09,kovan2,18260754,18246634,14120
2020-04-30 19:44:08,kovan2,18260779,18246634,14145
2020-04-30 19:45:43,kovan2,18260803,18246634,14169
2020-04-30 19:47:21,kovan2,18260823,18246634,14189
2020-04-30 19:48:44,kovan2,18260849,18246634,14215
2020-04-30 19:50:28,kovan2,18260873,18246634,14239
2020-04-30 19:52:06,kovan2,18260894,18246634,14260
2020-04-30 19:53:32,kovan2,18260917,18246634,14283
2020-04-30 19:55:01,kovan2,18260940,18246634,14306
2020-04-30 19:56:31,kovan2,18260961,18246634,14327
2020-04-30 19:57:54,kovan2,18260983,18246634,14349
2020-04-30 19:59:25,kovan2,18261006,18246634,14372
2020-04-30 20:00:54,kovan2,18261040,18246634,14406
2020-04-30 20:03:15,kovan2,18261060,18246634,14426
2020-04-30 20:04:37,kovan2,18261091,18246634,14457
2020-04-30 20:06:42,kovan2,18261113,18246634,14479
2020-04-30 20:08:09,kovan2,18261136,18246634,14502
2020-04-30 20:09:40,kovan2,18261157,18246634,14523
2020-04-30 20:11:04,kovan2,18261177,18246634,14543
2020-04-30 20:12:26,kovan2,18261201,18246634,14567
2020-04-30 20:13:58,kovan2,18261222,18246634,14588
2020-04-30 20:15:26,kovan2,18261244,18246634,14610
2020-04-30 20:16:55,kovan2,18261267,18246634,14633
2020-04-30 20:18:28,kovan2,18261293,18246634,14659
2020-04-30 20:20:11,kovan2,18261317,18246634,14683
2020-04-30 20:21:48,kovan2,18261343,18246634,14709
2020-04-30 20:23:33,kovan2,18261364,18246634,14730
2020-04-30 20:24:56,kovan2,18261388,18246634,14754
2020-04-30 20:26:40,kovan2,18261415,18246634,14781
2020-04-30 20:28:25,kovan2,18261439,18246634,14805
2020-04-30 20:30:03,kovan2,18261465,18246634,14831
2020-04-30 20:31:48,kovan2,18261488,18246634,14854
2020-04-30 20:33:22,kovan2,18261510,18246634,14876
2020-04-30 20:34:54,kovan2,18261536,18246634,14902
2020-04-30 20:36:36,kovan2,18261557,18246634,14923
2020-04-30 20:38:05,kovan2,18261580,18246634,14946
2020-04-30 20:39:32,kovan2,18261602,18246634,14968
2020-04-30 20:41:03,kovan2,18261625,18246634,14991
2020-04-30 20:42:40,kovan2,18261646,18246634,15012
2020-04-30 20:44:07,kovan2,18261670,18246634,15036
2020-04-30 20:45:40,kovan2,18261692,18246634,15058
2020-04-30 20:47:06,kovan2,18261714,18246634,15080
2020-04-30 20:48:35,kovan2,18261735,18246634,15101
2020-04-30 20:49:59,kovan2,18261759,18246634,15125
2020-04-30 20:51:42,kovan2,18261781,18246634,15147
2020-04-30 20:53:10,kovan2,18261803,18246634,15169
2020-04-30 20:54:35,kovan2,18261826,18246634,15192
2020-04-30 20:56:08,kovan2,18261848,18246634,15214
2020-04-30 20:57:39,kovan2,18261870,18246634,15236
2020-04-30 20:59:04,kovan2,18261893,18246634,15259
2020-04-30 21:00:36,kovan2,18261912,18246634,15278
2020-04-30 21:01:58,kovan2,18261934,18246634,15300
2020-04-30 21:03:27,kovan2,18261957,18246634,15323
2020-04-30 21:04:57,kovan2,18261979,18246634,15345
2020-04-30 21:06:25,kovan2,18262002,18246634,15368
2020-04-30 21:07:57,kovan2,18262024,18246634,15390
2020-04-30 21:09:22,kovan2,18262043,18246634,15409
2020-04-30 21:10:44,kovan2,18262065,18246634,15431
2020-04-30 21:12:09,kovan2,18262092,18246634,15458
2020-04-30 21:13:58,kovan2,18262117,18246634,15483
2020-04-30 21:15:35,kovan2,18262138,18246634,15504
2020-04-30 21:17:03,kovan2,18262161,18246634,15527
2020-04-30 21:18:32,kovan2,18262184,18246634,15550
2020-04-30 21:20:05,kovan2,18262210,18246634,15576
2020-04-30 21:21:50,kovan2,18262230,18246634,15596
2020-04-30 21:23:12,kovan2,18262251,18246634,15617
2020-04-30 21:24:40,kovan2,18262273,18246634,15639
2020-04-30 21:26:04,kovan2,18262296,18246634,15662
2020-04-30 21:27:33,kovan2,18262319,18246634,15685
2020-04-30 21:29:07,kovan2,18262340,18246634,15706
2020-04-30 21:30:33,kovan2,18262364,18246634,15730
2020-04-30 21:32:13,kovan2,18262384,18246634,15750
2020-04-30 21:33:36,kovan2,18262404,18246634,15770
2020-04-30 21:34:58,kovan2,18262429,18246634,15795
2020-04-30 21:36:38,kovan2,18262451,18246634,15817
2020-04-30 21:38:06,kovan2,18262472,18246634,15838
2020-04-30 21:39:29,kovan2,18262493,18246634,15859
2020-04-30 21:40:51,kovan2,18262514,18246634,15880
2020-04-30 21:42:16,kovan2,18262536,18246634,15902
2020-04-30 21:43:45,kovan2,18262562,18246634,15928
2020-04-30 21:45:29,kovan2,18262584,18246634,15950
2020-04-30 21:46:58,kovan2,18262605,18246634,15971
2020-04-30 21:48:20,kovan2,18262626,18246634,15992
2020-04-30 21:49:44,kovan2,18262648,18246634,16014
2020-04-30 21:51:19,kovan2,18262672,18246634,16038
2020-04-30 21:52:54,kovan2,18262694,18246634,16060
2020-04-30 21:54:19,kovan2,18262715,18246634,16081
2020-04-30 21:55:46,kovan2,18262737,18246634,16103
2020-04-30 21:57:17,kovan2,18262758,18246634,16124
2020-04-30 21:58:40,kovan2,18262781,18246634,16147
2020-04-30 22:00:14,kovan2,18262805,18246634,16171
2020-04-30 22:01:48,kovan2,18262835,18246634,16201
2020-04-30 22:03:47,kovan2,18262859,18246634,16225
2020-04-30 22:05:24,kovan2,18262880,18246634,16246
2020-04-30 22:06:47,kovan2,18262912,18246634,16278
2020-04-30 22:08:57,kovan2,18262932,18246634,16298
2020-04-30 22:10:21,kovan2,18262954,18246634,16320
2020-04-30 22:11:51,kovan2,18262978,18246634,16344
2020-04-30 22:13:26,kovan2,18263000,18246634,16366
2020-04-30 22:14:54,kovan2,18263026,18246634,16392
2020-04-30 22:16:41,kovan2,18263049,18246634,16415
2020-04-30 22:18:15,kovan2,18263071,18246634,16437
2020-04-30 22:19:41,kovan2,18263094,18246634,16460
2020-04-30 22:21:17,kovan2,18263117,18246634,16483
2020-04-30 22:22:53,kovan2,18263140,18246634,16506
2020-04-30 22:24:23,kovan2,18263162,18246634,16528
2020-04-30 22:25:48,kovan2,18263184,18246634,16550
2020-04-30 22:27:17,kovan2,18263208,18246634,16574
2020-04-30 22:28:53,kovan2,18263229,18246634,16595
2020-04-30 22:30:17,kovan2,18263251,18246634,16617
2020-04-30 22:31:49,kovan2,18263272,18246634,16638
2020-04-30 22:33:13,kovan2,18263293,18246634,16659
2020-04-30 22:34:40,kovan2,18263314,18246634,16680
2020-04-30 22:36:03,kovan2,18263336,18246634,16702
2020-04-30 22:37:30,kovan2,18263358,18246634,16724
2020-04-30 22:38:55,kovan2,18263378,18246634,16744
2020-04-30 22:40:17,kovan2,18263401,18246634,16767
2020-04-30 22:41:50,kovan2,18263424,18246634,16790
2020-04-30 22:43:20,kovan2,18263448,18246634,16814
2020-04-30 22:44:58,kovan2,18263471,18246634,16837
2020-04-30 22:46:31,kovan2,18263491,18246634,16857
2020-04-30 22:47:54,kovan2,18263512,18246634,16878
2020-04-30 22:49:17,kovan2,18263532,18246634,16898
2020-04-30 22:50:40,kovan2,18263558,18246634,16924
2020-04-30 22:52:19,kovan2,18263578,18246634,16944
2020-04-30 22:53:42,kovan2,18263601,18246634,16967
2020-04-30 22:55:13,kovan2,18263628,18246634,16994
2020-04-30 23:27:35,kovan2,18264109,18246634,17475
2020-04-30 23:29:06,kovan2,18264135,18246634,17501
2020-04-30 23:30:51,kovan2,18264155,18246634,17521
2020-04-30 23:32:15,kovan2,18264185,18246634,17551
2020-04-30 23:34:17,kovan2,18264211,18250695,13516
2020-04-30 23:36:02,kovan2,18264235,18253997,10238
2020-04-30 23:37:46,kovan2,18264259,18257807,6452
2020-04-30 23:39:15,kovan2,18264283,18260927,3356
2020-04-30 23:40:55,kovan2,18264307,18264307,0
2020-04-30 23:42:30,kovan2,18264334,18264309,25
2020-04-30 23:44:16,kovan2,18264358,18264310,48
2020-04-30 23:45:51,kovan2,18264388,18264310,78
2020-04-30 23:47:59,kovan2,18264414,18264310,104
2020-04-30 23:49:39,kovan2,18264443,18264310,133
2020-04-30 23:51:40,kovan2,18264468,18264310,158
2020-04-30 23:53:21,kovan2,18264490,18264310,180
2020-04-30 23:54:47,kovan2,18264512,18264310,202
2020-04-30 23:56:17,kovan2,18264537,18264310,227
2020-04-30 23:57:57,kovan2,18264561,18264310,251
2020-04-30 23:59:32,kovan2,18264582,18264310,272
2020-05-01 00:01:01,kovan2,18264604,18264310,294
2020-05-01 00:02:28,kovan2,18264629,18264310,319
2020-05-01 00:04:09,kovan2,18264652,18264310,342
2020-05-01 00:05:38,kovan2,18264674,18264310,364
2020-05-01 00:07:10,kovan2,18264704,18264310,394
2020-05-01 00:09:09,kovan2,18264725,18264310,415
2020-05-01 00:10:35,kovan2,18264747,18264310,437
2020-05-01 00:12:04,kovan2,18264771,18264310,461
2020-05-01 00:13:38,kovan2,18264795,18264310,485
2020-05-01 00:15:16,kovan2,18264821,18264310,511
2020-05-01 00:16:54,kovan2,18264848,18264310,538
2020-05-01 00:18:47,kovan2,18264870,18264310,560
2020-05-01 00:20:12,kovan2,18264891,18264310,581
2020-05-01 00:21:43,kovan2,18264916,18264310,606
2020-05-01 00:23:24,kovan2,18264942,18264310,632
2020-05-01 00:25:08,kovan2,18264967,18264310,657
2020-05-01 00:26:52,kovan2,18264993,18264310,683
2020-05-01 00:28:33,kovan2,18265017,18264310,707
2020-05-01 00:30:12,kovan2,18265040,18264310,730
2020-05-01 00:31:45,kovan2,18265065,18264310,755
2020-05-01 00:33:25,kovan2,18265091,18264310,781
2020-05-01 00:35:10,kovan2,18265115,18264310,805
2020-05-01 00:36:42,kovan2,18265138,18264310,828
2020-05-01 00:38:16,kovan2,18265163,18264310,853
2020-05-01 00:39:56,kovan2,18265188,18264310,878
2020-05-01 00:41:35,kovan2,18265209,18264310,899
2020-05-01 00:43:04,kovan2,18265237,18264310,927
2020-05-01 00:44:53,kovan2,18265263,18264310,953
2020-05-01 00:46:40,kovan2,18265289,18264310,979
2020-05-01 00:48:27,kovan2,18265312,18264310,1002
2020-05-01 00:49:57,kovan2,18265337,18264310,1027
2020-05-01 00:51:36,kovan2,18265361,18264310,1051
2020-05-01 00:53:13,kovan2,18265384,18264310,1074
2020-05-01 00:54:46,kovan2,18265407,18264310,1097
2020-05-01 00:56:19,kovan2,18265432,18264310,1122
2020-05-01 00:57:59,kovan2,18265456,18264310,1146
2020-05-01 00:59:33,kovan2,18265479,18264310,1169
2020-05-01 01:01:06,kovan2,18265506,18264310,1196
2020-05-01 01:02:52,kovan2,18265532,18264310,1222
2020-05-01 01:08:03,kovan2,18265607,18264310,1297
2020-05-01 01:09:36,kovan2,18265630,18264310,1320
2020-05-01 01:11:10,kovan2,18265654,18264310,1344
2020-05-01 01:12:43,kovan2,18265676,18264310,1366
2020-05-01 01:14:09,kovan2,18265709,18264310,1399
2020-05-01 01:16:25,kovan2,18265730,18264310,1420
2020-05-01 01:17:51,kovan2,18265755,18264310,1445
2020-05-01 01:19:30,kovan2,18265780,18264310,1470
2020-05-01 01:21:14,kovan2,18265804,18264310,1494
2020-05-01 01:22:46,kovan2,18265829,18264310,1519
2020-05-01 01:24:26,kovan2,18265851,18264310,1541
2020-05-01 01:25:57,kovan2,18265873,18264310,1563
2020-05-01 01:27:26,kovan2,18265899,18264310,1589
2020-05-01 01:29:12,kovan2,18265922,18264310,1612
2020-05-01 01:30:44,kovan2,18265948,18264310,1638
2020-05-01 01:32:28,kovan2,18265975,18264310,1665
2020-05-01 01:34:15,kovan2,18266004,18264310,1694
2020-05-01 01:36:07,kovan2,18266027,18264310,1717
2020-05-01 01:37:44,kovan2,18266052,18264310,1742
2020-05-01 01:39:20,kovan2,18266074,18264310,1764
2020-05-01 01:40:51,kovan2,18266099,18264310,1789
2020-05-01 01:42:27,kovan2,18266120,18264310,1810
2020-05-01 01:43:53,kovan2,18266144,18264310,1834
2020-05-01 01:45:29,kovan2,18266167,18264310,1857
2020-05-01 01:47:05,kovan2,18266192,18264310,1882
2020-05-01 01:48:45,kovan2,18266214,18264310,1904
2020-05-01 01:50:11,kovan2,18266241,18264310,1931
2020-05-01 01:52:05,kovan2,18266268,18264310,1958
2020-05-01 01:53:47,kovan2,18266291,18264310,1981
2020-05-01 01:55:22,kovan2,18266312,18264310,2002
2020-05-01 01:56:47,kovan2,18266335,18264310,2025
2020-05-01 01:58:19,kovan2,18266361,18264310,2051
2020-05-01 02:00:00,kovan2,18266382,18264310,2072
2020-05-01 02:01:26,kovan2,18266406,18264310,2096
2020-05-01 02:02:58,kovan2,18266429,18264310,2119
2020-05-01 02:04:32,kovan2,18266454,18264310,2144
2020-05-01 02:06:10,kovan2,18266474,18264310,2164
2020-05-01 02:07:33,kovan2,18266498,18264310,2188
2020-05-01 02:09:11,kovan2,18266520,18264310,2210
2020-05-01 02:10:38,kovan2,18266547,18264310,2237
2020-05-01 02:12:32,kovan2,18266575,18264310,2265
2020-05-01 02:14:21,kovan2,18266597,18264310,2287
2020-05-01 02:15:51,kovan2,18266620,18264310,2310
2020-05-01 02:17:22,kovan2,18266643,18264310,2333
2020-05-01 02:18:53,kovan2,18266664,18264310,2354
2020-05-01 02:20:19,kovan2,18266685,18264310,2375
2020-05-01 02:21:43,kovan2,18266716,18264310,2406
2020-05-01 02:23:45,kovan2,18266742,18264310,2432
2020-05-01 02:25:26,kovan2,18266763,18264310,2453
2020-05-01 02:26:49,kovan2,18266788,18264310,2478
2020-05-01 02:28:33,kovan2,18266810,18264310,2500
2020-05-01 02:30:00,kovan2,18266831,18264310,2521
2020-05-01 02:31:26,kovan2,18266855,18264310,2545
2020-05-01 02:33:06,kovan2,18266880,18264310,2570
2020-05-01 02:34:45,kovan2,18266901,18264310,2591
2020-05-01 02:36:10,kovan2,18266924,18264310,2614
2020-05-01 02:37:43,kovan2,18266948,18264310,2638
2020-05-01 02:39:14,kovan2,18266969,18264310,2659
2020-05-01 02:40:41,kovan2,18266993,18264310,2683
2020-05-01 02:42:16,kovan2,18267017,18264310,2707
2020-05-01 02:43:54,kovan2,18267041,18264310,2731
2020-05-01 02:45:32,kovan2,18267066,18264310,2756
2020-05-01 02:47:14,kovan2,18267095,18264310,2785
2020-05-01 02:49:10,kovan2,18267118,18264680,2438
2020-05-01 02:50:42,kovan2,18267143,18264680,2463
2020-05-01 02:52:20,kovan2,18267166,18264680,2486
2020-05-01 02:53:52,kovan2,18267187,18264680,2507
2020-05-01 02:55:20,kovan2,18267209,18264680,2529
2020-05-01 02:56:44,kovan2,18267233,18264680,2553
2020-05-01 02:58:22,kovan2,18267256,18264680,2576
2020-05-01 02:59:52,kovan2,18267276,18264680,2596
2020-05-01 03:01:14,kovan2,18267298,18264680,2618
2020-05-01 03:02:43,kovan2,18267323,18264680,2643
2020-05-01 03:04:22,kovan2,18267346,18264680,2666
2020-05-01 03:05:52,kovan2,18267367,18264680,2687
2020-05-01 03:07:15,kovan2,18267389,18264680,2709
2020-05-01 03:08:46,kovan2,18267411,18264680,2731
2020-05-01 03:10:11,kovan2,18267436,18264680,2756
2020-05-01 03:11:51,kovan2,18267464,18264680,2784
2020-05-01 03:13:43,kovan2,18267487,18264680,2807
2020-05-01 03:15:15,kovan2,18267509,18264680,2829
2020-05-01 03:16:45,kovan2,18267532,18264680,2852
2020-05-01 03:18:14,kovan2,18267554,18264680,2874
2020-05-01 03:19:48,kovan2,18267575,18264680,2895
2020-05-01 03:21:10,kovan2,18267598,18264680,2918
2020-05-01 03:22:45,kovan2,18267624,18264680,2944
2020-05-01 03:24:29,kovan2,18267646,18264680,2966
2020-05-01 03:25:54,kovan2,18267681,18264680,3001
2020-05-01 03:28:16,kovan2,18267702,18264680,3022
2020-05-01 03:29:42,kovan2,18267726,18264680,3046
2020-05-01 03:31:20,kovan2,18267748,18264680,3068
2020-05-01 03:32:49,kovan2,18267773,18264680,3093
2020-05-01 03:34:29,kovan2,18267794,18264680,3114
2020-05-01 03:35:54,kovan2,18267816,18264680,3136
2020-05-01 03:37:21,kovan2,18267839,18264680,3159
2020-05-01 03:38:52,kovan2,18267862,18264680,3182
2020-05-01 03:40:24,kovan2,18267886,18264680,3206
2020-05-01 03:42:01,kovan2,18267910,18264680,3230
2020-05-01 03:43:35,kovan2,18267935,18264680,3255
2020-05-01 03:45:17,kovan2,18267959,18264680,3279
2020-05-01 03:46:51,kovan2,18267988,18264680,3308
2020-05-01 03:48:48,kovan2,18268009,18264680,3329
2020-05-01 03:50:11,kovan2,18268030,18264680,3350
2020-05-01 03:51:36,kovan2,18268054,18264680,3374
2020-05-01 03:53:15,kovan2,18268076,18264680,3396
2020-05-01 03:54:40,kovan2,18268098,18264680,3418
2020-05-01 03:56:07,kovan2,18268118,18264680,3438
2020-05-01 03:57:30,kovan2,18268141,18264680,3461
2020-05-01 03:59:03,kovan2,18268166,18264680,3486
2020-05-01 04:00:40,kovan2,18268211,18264680,3531
2020-05-01 04:03:41,kovan2,18268236,18264680,3556
2020-05-01 04:05:20,kovan2,18268260,18264680,3580
2020-05-01 04:06:59,kovan2,18268286,18264680,3606
2020-05-01 04:08:41,kovan2,18268308,18264680,3628
2020-05-01 04:10:10,kovan2,18268331,18264680,3651
2020-05-01 04:11:44,kovan2,18268355,18264680,3675
2020-05-01 04:13:23,kovan2,18268378,18264680,3698
2020-05-01 04:14:54,kovan2,18268399,18264680,3719
2020-05-01 04:16:18,kovan2,18268422,18264680,3742
2020-05-01 04:17:50,kovan2,18268446,18264680,3766
2020-05-01 04:19:25,kovan2,18268469,18264680,3789
2020-05-01 04:20:55,kovan2,18268490,18264680,3810
2020-05-01 04:22:21,kovan2,18268516,18264680,3836
2020-05-01 04:24:04,kovan2,18268540,18264680,3860
2020-05-01 04:25:43,kovan2,18268566,18264680,3886
2020-05-01 04:27:29,kovan2,18268594,18264680,3914
2020-05-01 04:29:17,kovan2,18268615,18264680,3935
2020-05-01 04:30:42,kovan2,18268642,18264680,3962
2020-05-01 04:32:34,kovan2,18268665,18264680,3985
2020-05-01 04:34:05,kovan2,18268686,18264680,4006
2020-05-01 04:35:30,kovan2,18268714,18264680,4034
2020-05-01 04:37:19,kovan2,18268737,18264680,4057
2020-05-01 04:38:54,kovan2,18268759,18264680,4079
2020-05-01 04:40:20,kovan2,18268779,18264680,4099
2020-05-01 04:41:44,kovan2,18268809,18264680,4129
2020-05-01 04:43:46,kovan2,18268831,18264680,4151
2020-05-01 04:45:16,kovan2,18268855,18264680,4175
2020-05-01 04:46:49,kovan2,18268881,18264680,4201
2020-05-01 04:48:32,kovan2,18268903,18264680,4223
2020-05-01 04:50:01,kovan2,18268927,18264680,4247
2020-05-01 04:51:33,kovan2,18268951,18264680,4271
2020-05-01 04:53:14,kovan2,18268973,18264680,4293
2020-05-01 04:54:45,kovan2,18268995,18264680,4315
2020-05-01 04:56:09,kovan2,18269016,18264680,4336
2020-05-01 04:57:34,kovan2,18269041,18264680,4361
2020-05-01 04:59:10,kovan2,18269061,18264680,4381
2020-05-01 05:00:33,kovan2,18269087,18264680,4407
2020-05-01 05:02:16,kovan2,18269110,18264680,4430
2020-05-01 05:03:48,kovan2,18269131,18264680,4451
2020-05-01 05:05:11,kovan2,18269156,18264680,4476
2020-05-01 05:06:55,kovan2,18269183,18264680,4503
2020-05-01 05:08:40,kovan2,18269206,18264680,4526
2020-05-01 05:10:13,kovan2,18269226,18264680,4546
2020-05-01 05:11:35,kovan2,18269247,18264680,4567
2020-05-01 05:12:57,kovan2,18269267,18264680,4587
2020-05-01 05:14:21,kovan2,18269289,18264680,4609
2020-05-01 05:15:44,kovan2,18269310,18264680,4630
2020-05-01 05:17:06,kovan2,18269331,18264680,4651
2020-05-01 05:18:33,kovan2,18269352,18264680,4672
2020-05-01 05:19:55,kovan2,18269372,18264680,4692
2020-05-01 05:21:18,kovan2,18269393,18264805,4588
2020-05-01 05:22:40,kovan2,18269413,18264805,4608
2020-05-01 05:24:02,kovan2,18269434,18264805,4629
2020-05-01 05:25:24,kovan2,18269455,18264805,4650
2020-05-01 05:26:50,kovan2,18269476,18264805,4671
2020-05-01 05:28:13,kovan2,18269496,18264805,4691
2020-05-01 05:29:35,kovan2,18269517,18264805,4712
2020-05-01 05:30:58,kovan2,18269537,18264805,4732
2020-05-01 05:32:20,kovan2,18269559,18264805,4754
2020-05-01 05:33:47,kovan2,18269580,18264805,4775
2020-05-01 05:35:10,kovan2,18269599,18264805,4794
2020-05-01 05:36:32,kovan2,18269619,18264805,4814
2020-05-01 05:37:54,kovan2,18269640,18264805,4835
2020-05-01 05:39:16,kovan2,18269660,18264805,4855
2020-05-01 05:40:38,kovan2,18269681,18264805,4876
2020-05-01 05:42:00,kovan2,18269701,18264805,4896
2020-05-01 05:43:22,kovan2,18269724,18264805,4919
2020-05-01 05:44:53,kovan2,18269745,18264932,4813
2020-05-01 05:46:15,kovan2,18269765,18265186,4579
2020-05-01 05:47:37,kovan2,18269786,18265186,4600
2020-05-01 05:49:00,kovan2,18269807,18265186,4621
2020-05-01 05:50:22,kovan2,18269827,18265186,4641
2020-05-01 05:51:44,kovan2,18269848,18265186,4662
2020-05-01 05:53:06,kovan2,18269870,18265186,4684
2020-05-01 05:54:35,kovan2,18269890,18265186,4704
2020-05-01 05:55:57,kovan2,18269910,18265186,4724
2020-05-01 05:57:19,kovan2,18269930,18265186,4744
2020-05-01 05:58:41,kovan2,18269950,18265186,4764
2020-05-01 06:00:03,kovan2,18269970,18265186,4784
2020-05-01 06:01:25,kovan2,18269992,18265186,4806
2020-05-01 06:02:48,kovan2,18270012,18265186,4826
2020-05-01 06:04:10,kovan2,18270033,18265186,4847
2020-05-01 06:05:32,kovan2,18270054,18265313,4741
2020-05-01 06:06:54,kovan2,18270074,18265313,4761
2020-05-01 06:08:17,kovan2,18270095,18265313,4782
2020-05-01 06:09:45,kovan2,18270117,18265313,4804
2020-05-01 06:11:07,kovan2,18270137,18265313,4824
2020-05-01 06:12:29,kovan2,18270158,18265313,4845
2020-05-01 06:13:52,kovan2,18270179,18265313,4866
2020-05-01 06:15:18,kovan2,18270200,18265313,4887
2020-05-01 06:16:40,kovan2,18270222,18265313,4909
2020-05-01 06:18:08,kovan2,18270242,18265313,4929
2020-05-01 06:19:30,kovan2,18270263,18265313,4950
2020-05-01 06:20:54,kovan2,18270284,18265313,4971
2020-05-01 06:22:16,kovan2,18270305,18265313,4992
2020-05-01 06:23:39,kovan2,18270325,18265313,5012
2020-05-01 06:25:02,kovan2,18270346,18265313,5033
2020-05-01 06:26:24,kovan2,18270366,18265313,5053
2020-05-01 06:27:46,kovan2,18270387,18265313,5074
2020-05-01 06:29:08,kovan2,18270407,18265313,5094
2020-05-01 06:30:31,kovan2,18270426,18265313,5113
2020-05-01 06:31:53,kovan2,18270448,18265313,5135
2020-05-01 06:33:16,kovan2,18270469,18265313,5156
2020-05-01 06:34:38,kovan2,18270489,18265313,5176
2020-05-01 06:36:00,kovan2,18270510,18265313,5197
2020-05-01 06:37:25,kovan2,18270530,18265313,5217
2020-05-01 06:38:47,kovan2,18270551,18265313,5238
2020-05-01 06:40:10,kovan2,18270572,18265313,5259
2020-05-01 06:41:32,kovan2,18270594,18265313,5281
2020-05-01 06:43:00,kovan2,18270614,18265313,5301
2020-05-01 06:44:22,kovan2,18270635,18265313,5322
2020-05-01 06:45:44,kovan2,18270655,18265313,5342
2020-05-01 06:47:06,kovan2,18270675,18265313,5362
2020-05-01 06:48:29,kovan2,18270696,18265313,5383
2020-05-01 06:49:51,kovan2,18270715,18265440,5275
2020-05-01 06:51:14,kovan2,18270736,18265440,5296
2020-05-01 06:52:36,kovan2,18270756,18265440,5316
2020-05-01 06:53:58,kovan2,18270777,18265440,5337
2020-05-01 06:55:20,kovan2,18270798,18265440,5358
2020-05-01 06:56:42,kovan2,18270818,18265440,5378
2020-05-01 06:58:06,kovan2,18270839,18265440,5399
2020-05-01 06:59:28,kovan2,18270859,18265440,5419
2020-05-01 07:00:50,kovan2,18270880,18265440,5440
2020-05-01 07:02:12,kovan2,18270901,18265440,5461
2020-05-01 07:03:35,kovan2,18270921,18265440,5481
2020-05-01 07:04:57,kovan2,18270942,18265440,5502
2020-05-01 07:06:19,kovan2,18270962,18265440,5522
2020-05-01 07:07:41,kovan2,18270983,18265440,5543
2020-05-01 07:09:04,kovan2,18271003,18265440,5563
2020-05-01 07:10:26,kovan2,18271024,18265440,5584
2020-05-01 07:11:48,kovan2,18271044,18265440,5604
2020-05-01 07:13:10,kovan2,18271067,18265440,5627
2020-05-01 07:14:39,kovan2,18271087,18265567,5520
2020-05-01 07:16:01,kovan2,18271109,18265567,5542
2020-05-01 07:17:29,kovan2,18271130,18265567,5563
2020-05-01 07:18:51,kovan2,18271150,18265567,5583
2020-05-01 07:20:13,kovan2,18271171,18265567,5604
2020-05-01 07:21:35,kovan2,18271191,18265567,5624
2020-05-01 07:22:58,kovan2,18271212,18265567,5645
2020-05-01 07:24:20,kovan2,18271233,18265567,5666
2020-05-01 07:25:42,kovan2,18271252,18265567,5685
2020-05-01 07:27:04,kovan2,18271275,18265694,5581
2020-05-01 07:28:33,kovan2,18271296,18265694,5602
2020-05-01 07:29:55,kovan2,18271317,18265694,5623
2020-05-01 07:31:17,kovan2,18271336,18265694,5642
2020-05-01 07:32:39,kovan2,18271356,18265694,5662
2020-05-01 07:34:02,kovan2,18271377,18265694,5683
2020-05-01 07:35:25,kovan2,18271399,18265820,5579
2020-05-01 07:36:53,kovan2,18271420,18265820,5600
2020-05-01 07:38:16,kovan2,18271440,18265820,5620
2020-05-01 07:39:38,kovan2,18271461,18265820,5641
2020-05-01 07:41:00,kovan2,18271481,18265820,5661
2020-05-01 07:42:23,kovan2,18271501,18265820,5681
2020-05-01 07:43:45,kovan2,18271522,18266328,5194
2020-05-01 07:45:11,kovan2,18271547,18266455,5092
2020-05-01 07:46:50,kovan2,18271568,18266455,5113
2020-05-01 07:48:12,kovan2,18271588,18266455,5133
2020-05-01 07:49:34,kovan2,18271609,18266709,4900
2020-05-01 07:51:00,kovan2,18271631,18266709,4922
2020-05-01 07:52:22,kovan2,18271651,18266709,4942
2020-05-01 07:53:45,kovan2,18271671,18266709,4962
2020-05-01 07:55:08,kovan2,18271692,18266709,4983
2020-05-01 07:56:30,kovan2,18271713,18266709,5004
2020-05-01 07:57:52,kovan2,18271733,18266709,5024
2020-05-01 07:59:14,kovan2,18271754,18266709,5045
2020-05-01 08:00:37,kovan2,18271775,18266709,5066
2020-05-01 08:02:04,kovan2,18271797,18266709,5088
2020-05-01 08:03:30,kovan2,18271818,18266709,5109
2020-05-01 08:04:52,kovan2,18271839,18266709,5130
2020-05-01 08:06:14,kovan2,18271859,18266709,5150
2020-05-01 08:07:37,kovan2,18271880,18266709,5171
2020-05-01 08:08:59,kovan2,18271900,18266709,5191
2020-05-01 08:10:22,kovan2,18271921,18266709,5212
2020-05-01 08:11:44,kovan2,18271942,18266709,5233
2020-05-01 08:13:09,kovan2,18271962,18266709,5253
2020-05-01 08:14:31,kovan2,18271983,18266709,5274
2020-05-01 08:15:53,kovan2,18272005,18266835,5170
2020-05-01 08:17:21,kovan2,18272027,18266835,5192
2020-05-01 08:18:49,kovan2,18272049,18266835,5214
2020-05-01 08:20:17,kovan2,18272069,18266961,5108
2020-05-01 08:21:41,kovan2,18272092,18267469,4623
2020-05-01 08:23:08,kovan2,18272115,18267469,4646
2020-05-01 08:24:43,kovan2,18272137,18268740,3397
2020-05-01 08:26:08,kovan2,18272157,18269627,2530
2020-05-01 08:27:33,kovan2,18272178,18269754,2424
2020-05-01 08:28:55,kovan2,18272199,18269754,2445
2020-05-01 08:30:17,kovan2,18272220,18269754,2466
2020-05-01 08:31:46,kovan2,18272240,18269754,2486
2020-05-01 08:33:09,kovan2,18272261,18269754,2507
2020-05-01 08:34:31,kovan2,18272281,18269754,2527
2020-05-01 08:35:54,kovan2,18272302,18269754,2548
2020-05-01 08:37:17,kovan2,18272323,18269754,2569
2020-05-01 08:38:39,kovan2,18272343,18270006,2337
2020-05-01 08:40:03,kovan2,18272365,18270260,2105
2020-05-01 08:41:30,kovan2,18272386,18270261,2125
2020-05-01 08:42:53,kovan2,18272407,18270261,2146
2020-05-01 08:44:15,kovan2,18272427,18270261,2166
2020-05-01 08:45:37,kovan2,18272448,18270261,2187
2020-05-01 08:46:59,kovan2,18272468,18270261,2207
2020-05-01 08:48:21,kovan2,18272488,18270261,2227
2020-05-01 08:49:43,kovan2,18272509,18270261,2248
2020-05-01 08:51:05,kovan2,18272530,18270261,2269
2020-05-01 08:52:30,kovan2,18272551,18270261,2290
2020-05-01 08:53:53,kovan2,18272572,18270261,2311
2020-05-01 08:55:15,kovan2,18272592,18270261,2331
2020-05-01 08:56:37,kovan2,18272615,18271277,1338
2020-05-01 08:58:10,kovan2,18272636,18271277,1359
2020-05-01 08:59:32,kovan2,18272656,18271277,1379
2020-05-01 09:00:55,kovan2,18272679,18271277,1402
2020-05-01 09:02:27,kovan2,18272700,18271277,1423
2020-05-01 09:03:49,kovan2,18272720,18271277,1443
2020-05-01 09:05:11,kovan2,18272741,18271277,1464
2020-05-01 09:06:34,kovan2,18272762,18271655,1107
2020-05-01 09:07:57,kovan2,18272784,18272290,494
2020-05-01 09:09:25,kovan2,18272806,18272290,516
2020-05-01 09:10:53,kovan2,18272828,18272290,538
2020-05-01 09:12:18,kovan2,18272848,18272290,558
2020-05-01 09:13:40,kovan2,18272868,18272290,578
2020-05-01 09:15:02,kovan2,18272889,18272290,599
2020-05-01 09:16:25,kovan2,18272910,18272290,620
2020-05-01 09:17:48,kovan2,18272931,18272290,641
2020-05-01 09:19:11,kovan2,18272951,18272290,661
2020-05-01 09:20:33,kovan2,18272972,18272290,682
2020-05-01 09:21:55,kovan2,18272992,18272290,702
2020-05-01 09:23:17,kovan2,18273013,18272290,723
2020-05-01 09:24:39,kovan2,18273033,18272290,743
2020-05-01 09:26:01,kovan2,18273053,18272290,763
2020-05-01 09:27:23,kovan2,18273075,18272290,785
2020-05-01 09:28:49,kovan2,18273096,18272290,806
2020-05-01 09:30:11,kovan2,18273115,18272290,825
2020-05-01 09:31:33,kovan2,18273136,18272290,846
2020-05-01 09:32:55,kovan2,18273156,18272290,866
2020-05-01 09:34:18,kovan2,18273177,18272290,887
2020-05-01 09:35:40,kovan2,18273197,18272290,907
2020-05-01 09:37:02,kovan2,18273219,18272290,929
2020-05-01 09:38:27,kovan2,18273240,18272290,950
2020-05-01 09:39:49,kovan2,18273260,18272290,970
2020-05-01 09:41:11,kovan2,18273280,18272290,990
2020-05-01 09:42:33,kovan2,18273301,18273179,122
2020-05-01 09:43:56,kovan2,18273321,18273179,142
2020-05-01 09:45:18,kovan2,18273341,18273179,162
2020-05-01 09:46:40,kovan2,18273363,18273179,184
2020-05-01 09:48:02,kovan2,18273384,18273179,205
2020-05-01 09:49:28,kovan2,18273405,18273179,226
2020-05-01 09:50:52,kovan2,18273425,18273179,246
2020-05-01 09:52:14,kovan2,18273444,18273179,265
2020-05-01 09:53:36,kovan2,18273466,18273179,287
2020-05-01 09:54:58,kovan2,18273485,18273179,306
2020-05-01 09:56:20,kovan2,18273506,18273179,327
2020-05-01 09:57:43,kovan2,18273527,18273179,348
2020-05-01 09:59:07,kovan2,18273548,18273179,369
2020-05-01 10:00:29,kovan2,18273568,18273179,389
2020-05-01 10:01:51,kovan2,18273589,18273179,410
2020-05-01 10:03:13,kovan2,18273611,18273179,432
2020-05-01 10:04:41,kovan2,18273631,18273179,452
2020-05-01 10:06:03,kovan2,18273652,18273179,473
2020-05-01 10:07:25,kovan2,18273673,18273179,494
2020-05-01 10:08:49,kovan2,18273694,18273179,515
2020-05-01 10:10:11,kovan2,18273714,18273179,535
2020-05-01 10:11:33,kovan2,18273739,18273179,560
2020-05-01 10:13:10,kovan2,18273759,18273179,580
2020-05-01 10:14:32,kovan2,18273779,18273179,600
2020-05-01 10:15:55,kovan2,18273799,18273179,620
2020-05-01 10:17:17,kovan2,18273820,18273179,641
2020-05-01 10:18:39,kovan2,18273841,18273179,662
2020-05-01 10:20:01,kovan2,18273861,18273179,682
2020-05-01 10:21:23,kovan2,18273882,18273179,703
2020-05-01 10:22:46,kovan2,18273903,18273179,724
2020-05-01 10:24:08,kovan2,18273924,18273179,745
2020-05-01 10:25:30,kovan2,18273949,18273301,648
2020-05-01 10:27:13,kovan2,18273970,18273301,669
2020-05-01 10:28:35,kovan2,18273991,18273301,690
2020-05-01 10:30:00,kovan2,18274011,18273301,710
2020-05-01 10:31:23,kovan2,18274031,18273301,730
2020-05-01 10:32:45,kovan2,18274051,18273301,750
2020-05-01 10:34:08,kovan2,18274076,18273426,650
2020-05-01 10:35:44,kovan2,18274102,18273552,550
2020-05-01 10:37:28,kovan2,18274123,18273679,444
2020-05-01 10:38:53,kovan2,18274144,18273679,465
2020-05-01 10:40:15,kovan2,18274165,18273679,486
2020-05-01 10:41:40,kovan2,18274185,18273805,380
2020-05-01 10:43:03,kovan2,18274206,18273805,401
2020-05-01 10:44:25,kovan2,18274227,18273805,422
2020-05-01 10:45:47,kovan2,18274246,18273805,441
2020-05-01 10:47:10,kovan2,18274267,18273805,462
2020-05-01 10:48:32,kovan2,18274288,18273805,483
2020-05-01 10:49:54,kovan2,18274308,18273805,503
2020-05-01 10:51:16,kovan2,18274328,18273805,523
2020-05-01 10:52:38,kovan2,18274349,18273805,544
2020-05-01 10:54:01,kovan2,18274370,18273805,565
2020-05-01 10:55:23,kovan2,18274390,18273805,585
2020-05-01 10:56:45,kovan2,18274411,18273805,606
2020-05-01 10:58:09,kovan2,18274432,18273805,627
2020-05-01 10:59:31,kovan2,18274452,18273805,647
2020-05-01 11:00:53,kovan2,18274473,18274059,414
2020-05-01 11:02:15,kovan2,18274493,18274059,434
2020-05-01 11:03:37,kovan2,18274514,18274059,455
2020-05-01 11:05:00,kovan2,18274535,18274075,460
2020-05-01 11:06:24,kovan2,18274556,18274552,4
2020-05-01 11:07:47,kovan2,18274576,18274556,20
2020-05-01 11:09:10,kovan2,18274597,18274556,41
2020-05-01 11:10:32,kovan2,18274618,18274556,62
2020-05-01 11:11:54,kovan2,18274639,18274556,83
2020-05-01 11:13:23,kovan2,18274660,18274556,104
2020-05-01 11:14:45,kovan2,18274680,18274556,124
2020-05-01 11:16:07,kovan2,18274700,18274556,144
2020-05-01 11:17:29,kovan2,18274722,18274556,166
2020-05-01 11:18:53,kovan2,18274743,18274556,187
2020-05-01 11:20:16,kovan2,18274763,18274556,207
2020-05-01 11:21:38,kovan2,18274784,18274556,228
2020-05-01 11:23:00,kovan2,18274804,18274556,248
2020-05-01 11:24:22,kovan2,18274824,18274556,268
2020-05-01 11:25:44,kovan2,18274843,18274556,287
2020-05-01 11:27:06,kovan2,18274864,18274556,308
2020-05-01 11:28:29,kovan2,18274885,18274556,329
2020-05-01 11:29:51,kovan2,18274906,18274556,350
2020-05-01 11:31:16,kovan2,18274925,18274680,245
2020-05-01 11:32:39,kovan2,18274947,18274807,140
2020-05-01 11:34:03,kovan2,18274968,18274807,161
2020-05-01 11:35:25,kovan2,18274988,18274807,181
2020-05-01 11:36:47,kovan2,18275011,18274934,77
2020-05-01 11:38:20,kovan2,18275031,18274934,97
2020-05-01 11:39:42,kovan2,18275052,18274934,118
2020-05-01 11:41:04,kovan2,18275071,18274934,137
2020-05-01 11:42:26,kovan2,18275092,18274934,158
2020-05-01 11:43:48,kovan2,18275113,18274934,179
2020-05-01 11:45:11,kovan2,18275132,18274934,198
2020-05-01 11:46:33,kovan2,18275153,18274934,219
2020-05-01 11:47:55,kovan2,18275174,18275061,113
2020-05-01 11:49:23,kovan2,18275195,18275061,134
2020-05-01 11:50:45,kovan2,18275217,18275061,156
2020-05-01 11:52:10,kovan2,18275237,18275061,176
2020-05-01 11:53:33,kovan2,18275259,18275061,198
2020-05-01 11:55:01,kovan2,18275280,18275061,219
2020-05-01 11:56:24,kovan2,18275300,18275061,239
2020-05-01 11:57:46,kovan2,18275321,18275061,260
2020-05-01 11:59:08,kovan2,18275341,18275061,280
2020-05-01 12:00:30,kovan2,18275361,18275061,300
2020-05-01 12:01:53,kovan2,18275382,18275061,321
2020-05-01 12:03:15,kovan2,18275402,18275061,341
2020-05-01 12:04:37,kovan2,18275423,18275061,362
2020-05-01 12:06:00,kovan2,18275445,18275312,133
2020-05-01 12:07:27,kovan2,18275465,18275312,153
2020-05-01 12:08:50,kovan2,18275486,18275312,174
2020-05-01 12:10:12,kovan2,18275506,18275312,194
2020-05-01 12:11:34,kovan2,18275527,18275439,88
2020-05-01 12:12:56,kovan2,18275548,18275439,109
2020-05-01 12:14:20,kovan2,18275569,18275439,130
2020-05-01 12:15:46,kovan2,18275588,18275439,149
2020-05-01 12:17:08,kovan2,18275609,18275439,170
2020-05-01 12:18:32,kovan2,18275632,18275439,193
2020-05-01 12:19:59,kovan2,18275652,18275439,213
2020-05-01 12:21:21,kovan2,18275673,18275439,234
2020-05-01 12:22:43,kovan2,18275694,18275439,255
2020-05-01 12:24:06,kovan2,18275714,18275691,23
2020-05-01 12:25:29,kovan2,18275735,18275712,23
2020-05-01 12:26:54,kovan2,18275756,18275712,44
2020-05-01 12:28:17,kovan2,18275777,18275712,65
2020-05-01 12:29:39,kovan2,18275797,18275712,85
2020-05-01 12:31:01,kovan2,18275817,18275712,105
2020-05-01 12:32:27,kovan2,18275838,18275712,126
2020-05-01 12:33:49,kovan2,18275859,18275712,147
2020-05-01 12:35:11,kovan2,18275879,18275712,167
2020-05-01 12:36:33,kovan2,18275900,18275712,188
2020-05-01 12:37:56,kovan2,18275920,18275712,208
2020-05-01 12:39:18,kovan2,18275939,18275712,227
2020-05-01 12:40:40,kovan2,18275960,18275712,248
2020-05-01 12:42:02,kovan2,18275984,18275978,6
2020-05-01 12:43:34,kovan2,18276004,18275978,26
2020-05-01 12:44:56,kovan2,18276026,18275978,48
2020-05-01 12:46:23,kovan2,18276045,18275978,67
2020-05-01 12:47:45,kovan2,18276066,18275978,88
2020-05-01 12:49:11,kovan2,18276087,18275978,109
2020-05-01 12:50:33,kovan2,18276108,18275978,130
2020-05-01 12:51:55,kovan2,18276128,18275978,150
2020-05-01 12:53:18,kovan2,18276148,18275978,170
2020-05-01 12:54:40,kovan2,18276169,18275978,191
2020-05-01 12:56:02,kovan2,18276189,18275978,211
2020-05-01 12:57:24,kovan2,18276211,18275978,233
2020-05-01 12:58:47,kovan2,18276232,18276104,128
2020-05-01 13:00:15,kovan2,18276253,18276104,149
2020-05-01 13:01:37,kovan2,18276274,18276104,170
2020-05-01 13:02:59,kovan2,18276295,18276104,191
2020-05-01 13:04:22,kovan2,18276316,18276307,9
2020-05-01 13:05:48,kovan2,18276336,18276331,5
2020-05-01 13:07:10,kovan2,18276357,18276333,24
2020-05-01 13:08:33,kovan2,18276378,18276333,45
2020-05-01 13:09:56,kovan2,18276403,18276333,70
2020-05-01 13:11:35,kovan2,18276423,18276333,90
2020-05-01 13:12:57,kovan2,18276444,18276333,111
2020-05-01 13:14:19,kovan2,18276464,18276333,131
2020-05-01 13:15:41,kovan2,18276485,18276333,152
2020-05-01 13:17:03,kovan2,18276508,18276333,175
2020-05-01 13:18:34,kovan2,18276528,18276333,195
2020-05-01 13:19:57,kovan2,18276550,18276333,217
2020-05-01 13:21:25,kovan2,18276570,18276333,237
2020-05-01 13:22:47,kovan2,18276591,18276333,258
2020-05-01 13:24:10,kovan2,18276615,18276333,282
2020-05-01 13:25:46,kovan2,18276636,18276333,303
2020-05-01 13:27:08,kovan2,18276657,18276333,324
2020-05-01 13:28:32,kovan2,18276678,18276333,345
2020-05-01 13:29:54,kovan2,18276698,18276333,365
2020-05-01 13:31:16,kovan2,18276717,18276333,384
2020-05-01 13:32:39,kovan2,18276738,18276333,405
2020-05-01 13:34:02,kovan2,18276759,18276333,426
2020-05-01 13:35:24,kovan2,18276781,18276447,334
2020-05-01 13:36:52,kovan2,18276802,18276447,355
2020-05-01 13:38:16,kovan2,18276822,18276447,375
2020-05-01 13:39:38,kovan2,18276843,18276447,396
2020-05-01 13:41:00,kovan2,18276864,18276447,417
2020-05-01 13:42:23,kovan2,18276884,18276447,437
2020-05-01 13:43:46,kovan2,18276905,18276447,458
2020-05-01 13:45:08,kovan2,18276925,18276574,351
2020-05-01 13:46:31,kovan2,18276946,18276946,0
2020-05-01 13:47:54,kovan2,18276967,18276946,21
2020-05-01 13:49:16,kovan2,18276987,18276984,3
2020-05-01 13:50:39,kovan2,18277008,18276984,24
2020-05-01 13:52:01,kovan2,18277031,18276984,47
2020-05-01 13:53:31,kovan2,18277052,18276984,68
2020-05-01 13:54:58,kovan2,18277073,18276984,89
2020-05-01 13:56:20,kovan2,18277094,18277091,3
2020-05-01 13:57:42,kovan2,18277114,18277091,23
2020-05-01 13:59:06,kovan2,18277135,18277091,44
2020-05-01 14:00:28,kovan2,18277153,18277091,62
2020-05-01 14:01:50,kovan2,18277174,18277091,83
2020-05-01 14:03:13,kovan2,18277195,18277091,104
2020-05-01 14:04:35,kovan2,18277215,18277213,2
2020-05-01 14:05:58,kovan2,18277236,18277213,23
2020-05-01 14:07:20,kovan2,18277256,18277213,43
2020-05-01 14:08:43,kovan2,18277277,18277213,64
2020-05-01 14:10:05,kovan2,18277298,18277213,85
2020-05-01 14:11:30,kovan2,18277319,18277213,106
2020-05-01 14:12:52,kovan2,18277340,18277213,127
2020-05-01 14:14:14,kovan2,18277360,18277213,147
2020-05-01 14:15:36,kovan2,18277381,18277213,168
2020-05-01 14:16:59,kovan2,18277402,18277213,189
2020-05-01 14:18:24,kovan2,18277422,18277213,209
2020-05-01 14:19:46,kovan2,18277443,18277213,230
2020-05-01 14:21:08,kovan2,18277464,18277213,251
2020-05-01 14:22:31,kovan2,18277485,18277213,272
2020-05-01 14:23:57,kovan2,18277506,18277213,293
2020-05-01 14:25:19,kovan2,18277528,18277213,315
2020-05-01 14:26:51,kovan2,18277549,18277213,336
2020-05-01 14:28:14,kovan2,18277569,18277213,356
2020-05-01 14:29:36,kovan2,18277590,18277213,377
2020-05-01 14:30:58,kovan2,18277609,18277213,396
2020-05-01 14:32:20,kovan2,18277631,18277213,418
2020-05-01 14:33:48,kovan2,18277651,18277213,438
2020-05-01 14:35:10,kovan2,18277673,18277213,460
2020-05-01 14:36:34,kovan2,18277692,18277213,479
2020-05-01 14:37:56,kovan2,18277713,18277213,500
2020-05-01 14:39:19,kovan2,18277735,18277213,522
2020-05-01 14:40:43,kovan2,18277756,18277213,543
2020-05-01 14:42:13,kovan2,18277778,18277213,565
2020-05-01 14:43:39,kovan2,18277798,18277213,585
2020-05-01 14:45:01,kovan2,18277819,18277213,606
2020-05-01 14:46:23,kovan2,18277839,18277213,626
2020-05-01 14:47:46,kovan2,18277859,18277213,646
2020-05-01 14:49:09,kovan2,18277879,18277213,666
2020-05-01 14:50:31,kovan2,18277900,18277213,687
2020-05-01 14:51:53,kovan2,18277921,18277213,708
2020-05-01 14:53:15,kovan2,18277942,18277213,729
2020-05-01 14:54:37,kovan2,18277962,18277213,749
2020-05-01 14:55:59,kovan2,18277981,18277213,768
2020-05-01 14:57:21,kovan2,18278001,18277213,788
2020-05-01 14:58:44,kovan2,18278022,18277213,809
2020-05-01 15:00:06,kovan2,18278043,18277213,830
2020-05-01 15:01:28,kovan2,18278063,18277213,850
2020-05-01 15:02:51,kovan2,18278083,18277213,870
2020-05-01 15:04:13,kovan2,18278104,18277213,891
2020-05-01 15:05:35,kovan2,18278125,18277213,912
2020-05-01 15:06:57,kovan2,18278147,18277213,934
2020-05-01 15:08:29,kovan2,18278168,18277213,955
2020-05-01 15:09:51,kovan2,18278189,18277213,976
2020-05-01 15:11:13,kovan2,18278209,18277213,996
2020-05-01 15:12:35,kovan2,18278232,18277213,1019
2020-05-01 15:14:09,kovan2,18278253,18277213,1040
2020-05-01 15:15:33,kovan2,18278273,18277213,1060
2020-05-01 15:16:55,kovan2,18278295,18277213,1082
2020-05-01 15:18:23,kovan2,18278315,18277213,1102
2020-05-01 15:19:45,kovan2,18278336,18277338,998
2020-05-01 15:21:08,kovan2,18278356,18277338,1018
2020-05-01 15:22:30,kovan2,18278378,18277338,1040
2020-05-01 15:23:53,kovan2,18278398,18277465,933
2020-05-01 15:25:16,kovan2,18278418,18277465,953
2020-05-01 15:26:39,kovan2,18278439,18277465,974
2020-05-01 15:28:01,kovan2,18278459,18277465,994
2020-05-01 15:29:23,kovan2,18278480,18277465,1015
2020-05-01 15:30:48,kovan2,18278500,18277465,1035
2020-05-01 15:32:11,kovan2,18278521,18277465,1056
2020-05-01 15:33:34,kovan2,18278542,18277465,1077
2020-05-01 15:34:56,kovan2,18278563,18277465,1098
2020-05-01 15:36:18,kovan2,18278584,18277465,1119
2020-05-01 15:37:43,kovan2,18278604,18277465,1139
2020-05-01 15:39:06,kovan2,18278625,18277465,1160
2020-05-01 15:40:28,kovan2,18278644,18277465,1179
2020-05-01 15:41:50,kovan2,18278666,18277465,1201
2020-05-01 15:43:14,kovan2,18278687,18277465,1222
2020-05-01 15:44:39,kovan2,18278707,18277465,1242
2020-05-01 15:46:01,kovan2,18278728,18277465,1263
2020-05-01 15:47:29,kovan2,18278748,18277465,1283
2020-05-01 15:48:51,kovan2,18278771,18277465,1306
2020-05-01 15:50:18,kovan2,18278791,18277465,1326
2020-05-01 15:51:40,kovan2,18278811,18277465,1346
2020-05-01 15:53:03,kovan2,18278832,18277465,1367
2020-05-01 15:54:25,kovan2,18278852,18277465,1387
2020-05-01 15:55:47,kovan2,18278873,18277465,1408
2020-05-01 15:57:09,kovan2,18278894,18277465,1429
2020-05-01 15:58:33,kovan2,18278915,18277465,1450
2020-05-01 15:59:55,kovan2,18278936,18277465,1471
2020-05-01 16:01:17,kovan2,18278955,18277465,1490
2020-05-01 16:02:40,kovan2,18278977,18277465,1512
2020-05-01 16:04:10,kovan2,18278998,18277465,1533
2020-05-01 16:05:32,kovan2,18279019,18277465,1554
2020-05-01 16:06:56,kovan2,18279042,18277465,1577
2020-05-01 16:08:26,kovan2,18279061,18277465,1596
2020-05-01 16:09:48,kovan2,18279082,18277465,1617
2020-05-01 16:11:10,kovan2,18279103,18277465,1638
2020-05-01 16:12:32,kovan2,18279123,18277465,1658
2020-05-01 16:13:55,kovan2,18279147,18277465,1682
2020-05-01 16:15:28,kovan2,18279168,18277465,1703
2020-05-01 16:16:51,kovan2,18279193,18277465,1728
2020-05-01 16:18:30,kovan2,18279214,18277465,1749
2020-05-01 16:19:58,kovan2,18279235,18277465,1770
2020-05-01 16:21:21,kovan2,18279255,18277465,1790
2020-05-01 16:22:43,kovan2,18279278,18277465,1813
2020-05-01 16:24:11,kovan2,18279299,18277465,1834
2020-05-01 16:25:34,kovan2,18279318,18277465,1853
2020-05-01 16:26:56,kovan2,18279339,18277465,1874
2020-05-01 16:28:19,kovan2,18279359,18277716,1643
2020-05-01 16:29:43,kovan2,18279380,18277716,1664
2020-05-01 16:31:05,kovan2,18279400,18277716,1684
2020-05-01 16:32:29,kovan2,18279421,18277716,1705
2020-05-01 16:33:53,kovan2,18279441,18277716,1725
2020-05-01 16:35:16,kovan2,18279462,18277716,1746
2020-05-01 16:36:38,kovan2,18279483,18277716,1767
2020-05-01 16:38:00,kovan2,18279504,18277716,1788
2020-05-01 16:39:22,kovan2,18279524,18277716,1808
2020-05-01 16:40:46,kovan2,18279545,18277716,1829
2020-05-01 16:42:08,kovan2,18279566,18277843,1723
2020-05-01 16:43:31,kovan2,18279586,18277843,1743
2020-05-01 16:44:53,kovan2,18279608,18277843,1765
2020-05-01 16:46:19,kovan2,18279627,18277843,1784
2020-05-01 16:47:42,kovan2,18279647,18277843,1804
2020-05-01 16:49:04,kovan2,18279668,18277843,1825
2020-05-01 16:50:26,kovan2,18279688,18277843,1845
2020-05-01 16:51:48,kovan2,18279709,18277843,1866
2020-05-01 16:53:10,kovan2,18279730,18277843,1887
2020-05-01 16:54:33,kovan2,18279751,18277843,1908
2020-05-01 16:56:01,kovan2,18279771,18277843,1928
2020-05-01 16:57:23,kovan2,18279792,18277843,1949
2020-05-01 16:58:46,kovan2,18279813,18277843,1970
2020-05-01 17:00:08,kovan2,18279835,18277843,1992
2020-05-01 17:01:40,kovan2,18279855,18277843,2012
2020-05-01 17:03:02,kovan2,18279877,18277843,2034
2020-05-01 17:04:27,kovan2,18279897,18277843,2054
2020-05-01 17:05:49,kovan2,18279918,18277843,2075
2020-05-01 17:07:12,kovan2,18279938,18277843,2095
2020-05-01 17:08:34,kovan2,18279961,18277843,2118
2020-05-01 17:10:03,kovan2,18279981,18277843,2138
2020-05-01 17:11:26,kovan2,18280002,18277843,2159
2020-05-01 17:12:51,kovan2,18280023,18277843,2180
2020-05-01 17:14:13,kovan2,18280044,18277843,2201
2020-05-01 17:15:38,kovan2,18280065,18277843,2222
2020-05-01 17:17:00,kovan2,18280086,18277843,2243
2020-05-01 17:18:22,kovan2,18280106,18277843,2263
2020-05-01 17:19:45,kovan2,18280128,18277843,2285
2020-05-01 17:21:14,kovan2,18280155,18277843,2312
2020-05-01 17:23:01,kovan2,18280176,18277843,2333
2020-05-01 17:24:23,kovan2,18280196,18277843,2353
2020-05-01 17:25:45,kovan2,18280217,18277967,2250
2020-05-01 17:27:09,kovan2,18280238,18277967,2271
2020-05-01 17:28:32,kovan2,18280258,18277967,2291
2020-05-01 17:29:54,kovan2,18280281,18278857,1424
2020-05-01 17:31:29,kovan2,18280302,18278857,1445
2020-05-01 17:32:56,kovan2,18280323,18278857,1466
2020-05-01 17:34:18,kovan2,18280344,18278857,1487
2020-05-01 17:35:43,kovan2,18280365,18278857,1508
2020-05-01 17:37:05,kovan2,18280386,18278857,1529
2020-05-01 17:38:28,kovan2,18280407,18278857,1550
2020-05-01 17:39:52,kovan2,18280428,18278857,1571
2020-05-01 17:41:14,kovan2,18280449,18279111,1338
2020-05-01 17:42:41,kovan2,18280469,18279111,1358
2020-05-01 17:44:03,kovan2,18280490,18279111,1379
2020-05-01 17:45:25,kovan2,18280511,18279111,1400
2020-05-01 17:46:47,kovan2,18280531,18279111,1420
2020-05-01 17:48:10,kovan2,18280552,18279111,1441
2020-05-01 17:49:33,kovan2,18280575,18279111,1464
2020-05-01 17:51:05,kovan2,18280596,18279111,1485
2020-05-01 17:52:28,kovan2,18280616,18279111,1505
2020-05-01 17:53:50,kovan2,18280638,18279111,1527
2020-05-01 17:55:15,kovan2,18280658,18279111,1547
2020-05-01 17:56:37,kovan2,18280680,18279111,1569
2020-05-01 17:58:05,kovan2,18280702,18279111,1591
2020-05-01 17:59:30,kovan2,18280722,18279111,1611
2020-05-01 18:00:52,kovan2,18280742,18279111,1631
2020-05-01 18:02:14,kovan2,18280763,18279111,1652
2020-05-01 18:03:36,kovan2,18280784,18279111,1673
2020-05-01 18:04:59,kovan2,18280804,18279111,1693
2020-05-01 18:06:21,kovan2,18280825,18279111,1714
2020-05-01 18:07:43,kovan2,18280845,18279111,1734
2020-05-01 18:09:05,kovan2,18280866,18279111,1755
2020-05-01 18:10:27,kovan2,18280886,18279111,1775
2020-05-01 18:25:32,kovan,18281113,0,18281113
2020-05-01 18:26:55,kovan,18281135,0,18281135
2020-05-01 18:28:26,kovan,18281157,0,18281157
2020-05-01 18:29:52,kovan,18281181,0,18281181
2020-05-01 18:31:36,kovan,18281205,0,18281205
2020-05-01 18:33:09,kovan,18281233,0,18281233
2020-05-01 18:35:01,kovan,18281256,0,18281256
2020-05-01 18:36:33,kovan,18281278,0,18281278
2020-05-01 18:37:59,kovan,18281303,0,18281303
2020-05-01 18:39:41,kovan,18281329,0,18281329
2020-05-01 18:41:27,kovan,18281355,0,18281355
2020-05-01 18:43:12,kovan,18281380,0,18281380
2020-05-01 18:44:50,kovan,18281407,0,18281407
2020-05-01 18:46:49,kovan,18281432,0,18281432
2020-05-01 18:48:25,kovan,18281455,0,18281455
2020-05-01 18:49:59,kovan,18281481,0,18281481
2020-05-01 18:51:40,kovan,18281516,0,18281516
2020-05-01 18:54:00,kovan,18281542,0,18281542
2020-05-01 18:55:48,kovan,18281565,0,18281565
2020-05-01 18:57:19,kovan,18281590,0,18281590
2020-05-01 18:58:59,kovan,18281617,0,18281617
2020-05-01 19:00:48,kovan,18281641,0,18281641
2020-05-01 19:02:23,kovan,18281667,0,18281667
2020-05-01 19:04:05,kovan,18281697,0,18281697
2020-05-01 19:06:03,kovan,18281723,0,18281723
2020-05-01 19:07:48,kovan,18281748,0,18281748
2020-05-01 19:09:31,kovan,18281774,0,18281774
2020-05-01 19:11:16,kovan,18281797,0,18281797
2020-05-01 19:12:47,kovan,18281821,0,18281821
2020-05-01 19:14:18,kovan,18281843,0,18281843
2020-05-01 19:15:47,kovan,18281867,0,18281867
2020-05-01 19:17:23,kovan,18281890,0,18281890
2020-05-01 19:18:58,kovan,18281914,0,18281914
2020-05-01 19:20:34,kovan,18281939,0,18281939
2020-05-01 19:22:14,kovan,18281966,0,18281966
2020-05-01 19:24:02,kovan,18281991,0,18281991
2020-05-01 19:25:43,kovan,18282021,0,18282021
2020-05-01 19:27:45,kovan,18282056,0,18282056
2020-05-01 19:30:08,kovan,18282084,0,18282084
2020-05-01 19:31:59,kovan,18282114,0,18282114
2020-05-01 19:34:00,kovan,18282141,0,18282141
2020-05-01 19:35:53,kovan,18282168,0,18282168
2020-05-01 19:37:41,kovan,18282200,0,18282200
2020-05-01 19:39:49,kovan,18282234,0,18282234
2020-05-01 19:42:08,kovan,18282277,0,18282277
2020-05-01 19:44:57,kovan,18282307,0,18282307
2020-05-01 19:47:03,kovan,18282333,0,18282333
2020-05-01 19:48:44,kovan,18282373,0,18282373
2020-05-01 19:51:28,kovan,18282422,0,18282422
2020-05-01 19:54:45,kovan,18282459,0,18282459
2020-05-01 19:57:19,kovan,18282499,0,18282499
2020-05-01 20:02:50,kovan,18282569,0,18282569
2020-05-01 20:04:48,kovan,18282606,0,18282606
2020-05-01 20:07:19,kovan,18282637,0,18282637
2020-05-01 20:09:20,kovan,18282679,0,18282679
2020-05-01 20:12:10,kovan,18282716,0,18282716
2020-05-01 20:14:40,kovan,18282740,0,18282740
2020-05-01 20:16:18,kovan,18282766,0,18282766
2020-05-01 20:18:04,kovan,18282791,0,18282791
2020-05-01 20:19:43,kovan,18282814,0,18282814
2020-05-01 20:21:13,kovan,18282836,0,18282836
2020-05-01 20:22:43,kovan,18282861,0,18282861
2020-05-01 20:24:22,kovan,18282886,0,18282886
2020-05-01 20:26:01,kovan,18282912,0,18282912
2020-05-01 20:27:46,kovan,18282934,0,18282934
2020-05-01 20:29:12,kovan,18282956,0,18282956
2020-05-01 20:30:42,kovan,18282979,0,18282979
2020-05-01 20:36:16,kovan,18283070,0,18283070
2020-05-01 20:38:22,kovan,18283092,0,18283092
2020-05-01 20:39:48,kovan,18283128,0,18283128
2020-05-01 20:42:11,kovan,18283152,0,18283152
2020-05-01 20:43:50,kovan,18283182,0,18283182
2020-05-01 20:45:52,kovan,18283207,0,18283207
2020-05-01 20:47:31,kovan,18283241,0,18283241
2020-05-01 20:49:48,kovan,18283266,0,18283266
2020-05-01 20:51:29,kovan,18283291,0,18283291
2020-05-01 20:53:14,kovan,18283317,0,18283317
2020-05-01 20:57:59,kovan,18283404,0,18283404
2020-05-01 21:00:51,kovan,18283448,0,18283448
2020-05-01 21:08:19,kovan,18283556,0,18283556
2020-05-01 21:10:58,kovan,18283582,0,18283582
2020-05-01 21:12:52,kovan,18283607,0,18283607
2020-05-01 21:14:32,kovan,18283630,0,18283630
2020-05-01 21:16:03,kovan,18283655,0,18283655
2020-05-01 21:17:44,kovan,18283678,0,18283678
2020-05-01 21:19:23,kovan,18283700,0,18283700
2020-05-01 21:20:53,kovan,18283727,0,18283727
2020-05-01 21:22:42,kovan,18283758,0,18283758
2020-05-01 21:24:45,kovan,18283786,0,18283786
2020-05-01 21:26:40,kovan,18283809,0,18283809
2020-05-01 21:28:11,kovan,18283833,0,18283833
2020-05-01 21:29:47,kovan,18283859,0,18283859
2020-05-01 21:31:35,kovan,18283881,0,18283881
2020-05-01 21:36:02,kovan,18283950,0,18283950
2020-05-01 21:37:37,kovan,18283974,0,18283974
2020-05-01 21:39:15,kovan,18284000,0,18284000
2020-05-01 21:40:58,kovan,18284022,0,18284022
2020-05-01 21:42:30,kovan,18284046,0,18284046
2020-05-01 21:44:06,kovan,18284087,0,18284087
2020-05-01 21:46:51,kovan,18284110,0,18284110
2020-05-01 21:48:18,kovan,18284130,0,18284130
2020-05-01 21:49:40,kovan,18284150,0,18284150
2020-05-01 21:51:05,kovan,18284172,0,18284172
2020-05-01 21:52:29,kovan,18284194,0,18284194
2020-05-01 21:53:53,kovan,18284220,0,18284220
2020-05-01 21:55:39,kovan,18284249,0,18284249
2020-05-01 21:57:35,kovan,18284271,0,18284271
2020-05-01 21:59:10,kovan,18284295,0,18284295
2020-05-01 22:00:44,kovan,18284319,0,18284319
2020-05-01 22:02:21,kovan,18284341,0,18284341
2020-05-01 22:03:51,kovan,18284362,0,18284362
2020-05-01 22:05:14,kovan,18284384,0,18284384
2020-05-01 22:06:42,kovan,18284406,0,18284406
2020-05-01 22:08:09,kovan,18284428,0,18284428
2020-05-01 22:09:34,kovan,18284449,0,18284449
2020-05-01 22:11:03,kovan,18284471,0,18284471
2020-05-01 22:12:27,kovan,18284492,0,18284492
2020-05-01 22:13:54,kovan,18284524,0,18284524
2020-05-01 22:16:02,kovan,18284546,0,18284546
2020-05-01 22:17:28,kovan,18284567,0,18284567
2020-05-01 22:18:53,kovan,18284589,0,18284589
2020-05-01 22:20:19,kovan,18284611,0,18284611
2020-05-01 22:21:50,kovan,18284634,0,18284634
2020-05-01 22:23:19,kovan,18284658,0,18284658
2020-05-01 22:24:56,kovan,18284682,0,18284682
2020-05-01 22:26:30,kovan,18284702,0,18284702
2020-05-01 22:27:52,kovan,18284722,0,18284722
2020-05-01 22:29:14,kovan,18284743,0,18284743
2020-05-01 22:30:39,kovan,18284765,0,18284765
2020-05-01 22:32:07,kovan,18284786,0,18284786
2020-05-01 22:33:34,kovan,18284815,0,18284815
2020-05-01 22:35:27,kovan,18284839,0,18284839
2020-05-01 22:37:09,kovan,18284860,0,18284860
2020-05-01 22:38:34,kovan,18284882,0,18284882
2020-05-01 22:40:01,kovan,18284902,0,18284902
2020-05-01 22:41:25,kovan,18284923,0,18284923
2020-05-01 22:42:49,kovan,18284948,0,18284948
2020-05-01 22:44:29,kovan,18284969,15415000,2869969
2020-05-01 22:45:54,kovan,18284992,15415000,2869992
2020-05-01 22:47:24,kovan,18285015,15415000,2870015
2020-05-01 22:48:55,kovan,18285037,15415000,2870037
2020-05-01 22:50:25,kovan,18285062,15415000,2870062
2020-05-01 22:52:04,kovan,18285082,15415000,2870082
2020-05-01 22:53:28,kovan,18285105,15415000,2870105
2020-05-01 22:54:57,kovan,18285128,15415000,2870128
2020-05-01 22:56:30,kovan,18285152,15415000,2870152
2020-05-01 22:58:03,kovan,18285173,15415000,2870173
2020-05-01 22:59:28,kovan,18285194,15415000,2870194
2020-05-01 23:00:55,kovan,18285217,15415000,2870217
2020-05-01 23:02:28,kovan,18285241,15415000,2870241
2020-05-01 23:04:01,kovan,18285262,15415000,2870262
2020-05-01 23:05:25,kovan,18285284,15415000,2870284
2020-05-01 23:06:54,kovan,18285307,15415000,2870307
2020-05-01 23:08:24,kovan,18285332,15415000,2870332
2020-05-01 23:10:06,kovan,18285365,15415000,2870365
2020-05-01 23:12:16,kovan,18285389,15415000,2870389
2020-05-01 23:13:53,kovan,18285436,15415000,2870436
2020-05-01 23:17:01,kovan,18285459,15415000,2870459
2020-05-01 23:18:33,kovan,18285483,15415000,2870483
2020-05-01 23:20:11,kovan,18285510,15415000,2870510
2020-05-01 23:21:59,kovan,18285533,15415000,2870533
2020-05-01 23:23:32,kovan,18285558,15415000,2870558
2020-05-01 23:25:08,kovan,18285581,15415000,2870581
2020-05-01 23:26:41,kovan,18285603,15415000,2870603
2020-05-01 23:28:06,kovan,18285624,15415000,2870624
2020-05-01 23:29:39,kovan,18285648,15415000,2870648
2020-05-01 23:31:11,kovan,18285668,15415000,2870668
2020-05-01 23:32:38,kovan,18285690,15415000,2870690
2020-05-01 23:34:02,kovan,18285712,15415000,2870712
2020-05-01 23:35:33,kovan,18285747,15415000,2870747
2020-05-01 23:37:53,kovan,18285768,15415000,2870768
2020-05-01 23:39:16,kovan,18285789,15415000,2870789
2020-05-01 23:40:39,kovan,18285809,15415000,2870809
2020-05-01 23:42:04,kovan,18285831,15415000,2870831
2020-05-01 23:43:30,kovan,18285853,15415000,2870853
2020-05-01 23:45:00,kovan,18285874,15415000,2870874
2020-05-01 23:46:23,kovan,18285896,15415000,2870896
2020-05-01 23:47:58,kovan,18285924,15415000,2870924
2020-05-01 23:49:49,kovan,18285946,15415000,2870946
2020-05-01 23:51:14,kovan,18285969,15415000,2870969
2020-05-01 23:52:44,kovan,18285990,15415000,2870990
2020-05-01 23:54:08,kovan,18286011,15415000,2871011
2020-05-01 23:55:34,kovan,18286033,15415000,2871033
2020-05-01 23:57:02,kovan,18286055,15415000,2871055
2020-05-01 23:58:30,kovan,18286076,15415000,2871076
2020-05-01 23:59:54,kovan,18286104,15415000,2871104
2020-05-02 00:01:53,kovan,18286126,15415000,2871126
2020-05-02 00:03:18,kovan,18286148,15415000,2871148
2020-05-02 00:04:45,kovan,18286171,15415000,2871171
2020-05-02 00:06:15,kovan,18286192,15415000,2871192
2020-05-02 00:07:40,kovan,18286215,15415000,2871215
2020-05-02 00:09:12,kovan,18286236,15415000,2871236
2020-05-02 00:10:35,kovan,18286266,15415000,2871266
2020-05-02 00:12:35,kovan,18286291,15415000,2871291
2020-05-02 00:14:16,kovan,18286312,15415000,2871312
2020-05-02 00:15:43,kovan,18286334,15415000,2871334
2020-05-02 00:17:09,kovan,18286355,15415000,2871355
2020-05-02 00:18:34,kovan,18286380,15415000,2871380
2020-05-02 00:20:12,kovan,18286411,15415000,2871411
2020-05-02 00:22:15,kovan,18286435,15415000,2871435
2020-05-02 00:24:05,kovan,18286466,15415000,2871466
2020-05-02 00:26:06,kovan,18286491,15415000,2871491
2020-05-02 00:27:44,kovan,18286512,15415000,2871512
2020-05-02 00:29:08,kovan,18286533,15415000,2871533
2020-05-02 00:30:32,kovan,18286559,15415000,2871559
2020-05-02 00:32:15,kovan,18286579,15415000,2871579
2020-05-02 00:33:40,kovan,18286602,15415000,2871602
2020-05-02 00:35:09,kovan,18286625,15415000,2871625
2020-05-02 00:36:43,kovan,18286649,15415000,2871649
2020-05-02 00:38:17,kovan,18286670,15415000,2871670
2020-05-02 00:39:42,kovan,18286691,15415000,2871691
2020-05-02 00:41:06,kovan,18286713,15415000,2871713
2020-05-02 00:42:36,kovan,18286734,15415000,2871734
2020-05-02 00:44:01,kovan,18286763,15415000,2871763
2020-05-02 00:45:55,kovan,18286783,15415000,2871783
2020-05-02 00:47:23,kovan,18286809,15415000,2871809
2020-05-02 00:49:06,kovan,18286830,15415000,2871830
2020-05-02 00:50:32,kovan,18286856,15415000,2871856
2020-05-02 00:52:11,kovan,18286877,15415000,2871877
2020-05-02 00:53:36,kovan,18286897,15415000,2871897
2020-05-02 00:55:00,kovan,18286921,15415000,2871921
2020-05-02 00:56:33,kovan,18286942,15415000,2871942
2020-05-02 00:57:57,kovan,18286961,15415000,2871961
2020-05-02 00:59:21,kovan,18286985,15415000,2871985
2020-05-02 01:00:57,kovan,18287012,15415000,2872012
2020-05-02 01:02:52,kovan,18287034,15415000,2872034
2020-05-02 01:04:19,kovan,18287054,15415000,2872054
2020-05-02 01:05:43,kovan,18287077,15415000,2872077
2020-05-02 01:07:16,kovan,18287100,15415000,2872100
2020-05-02 01:08:51,kovan,18287122,15415000,2872122
2020-05-02 01:10:15,kovan,18287145,15415000,2872145
2020-05-02 01:11:51,kovan,18287166,15415000,2872166
2020-05-02 01:13:18,kovan,18287189,15415000,2872189
2020-05-02 01:14:49,kovan,18287210,15415000,2872210
2020-05-02 01:16:13,kovan,18287233,15415000,2872233
2020-05-02 01:17:45,kovan,18287255,15415000,2872255
2020-05-02 01:19:11,kovan,18287276,15415000,2872276
2020-05-02 01:20:37,kovan,18287299,15415000,2872299
2020-05-02 01:22:09,kovan,18287323,15415000,2872323
2020-05-02 01:23:50,kovan,18287346,15415000,2872346
2020-05-02 01:25:16,kovan,18287369,15415000,2872369
2020-05-02 01:26:50,kovan,18287392,15415000,2872392
2020-05-02 01:28:18,kovan,18287413,15415000,2872413
2020-05-02 01:29:43,kovan,18287434,15415000,2872434
2020-05-02 01:31:07,kovan,18287456,15415000,2872456
2020-05-02 01:35:32,kovan,18287522,15415000,2872522
2020-05-02 01:37:05,kovan,18287544,15415000,2872544
2020-05-02 01:38:33,kovan,18287571,15415000,2872571
2020-05-02 01:40:24,kovan,18287597,15415000,2872597
2020-05-02 01:42:06,kovan,18287619,15415000,2872619
2020-05-02 01:43:33,kovan,18287640,15415000,2872640
2020-05-02 01:44:57,kovan,18287661,15415000,2872661
2020-05-02 01:46:22,kovan,18287682,15415000,2872682
2020-05-02 01:47:48,kovan,18287704,15415000,2872704
2020-05-02 01:49:16,kovan,18287725,15415000,2872725
2020-05-02 01:50:44,kovan,18287749,15415000,2872749
2020-05-02 01:52:17,kovan,18287773,15415000,2872773
2020-05-02 01:53:53,kovan,18287795,15415000,2872795
2020-05-02 01:55:20,kovan,18287817,15415000,2872817
2020-05-02 01:56:47,kovan,18287838,15415000,2872838
2020-05-02 01:58:14,kovan,18287862,15415000,2872862
2020-05-02 01:59:47,kovan,18287885,15415000,2872885
2020-05-02 02:01:18,kovan,18287907,15415000,2872907
2020-05-02 02:02:52,kovan,18287928,15415000,2872928
2020-05-02 02:04:19,kovan,18287952,15415000,2872952
2020-05-02 02:05:50,kovan,18287973,15415000,2872973
2020-05-02 02:07:19,kovan,18287995,15415000,2872995
2020-05-02 02:08:47,kovan,18288015,15415000,2873015
2020-05-02 02:10:10,kovan,18288041,15415000,2873041
2020-05-02 02:11:53,kovan,18288062,15415000,2873062
2020-05-02 02:13:17,kovan,18288084,15415000,2873084
2020-05-02 02:14:44,kovan,18288106,15415000,2873106
2020-05-02 02:16:12,kovan,18288127,15415000,2873127
2020-05-02 02:17:37,kovan,18288148,15415000,2873148
2020-05-02 02:19:05,kovan,18288171,15415000,2873171
2020-05-02 02:20:32,kovan,18288193,15415000,2873193
2020-05-02 02:22:00,kovan,18288213,15415000,2873213
2020-05-02 02:23:25,kovan,18288237,15415000,2873237
2020-05-02 02:24:54,kovan,18288258,15415000,2873258
2020-05-02 02:26:18,kovan,18288280,15415000,2873280
2020-05-02 02:27:48,kovan,18288301,15415000,2873301
2020-05-02 02:29:11,kovan,18288323,15415000,2873323
2020-05-02 02:30:37,kovan,18288345,15415000,2873345
2020-05-02 02:32:11,kovan,18288367,15415000,2873367
2020-05-02 02:33:40,kovan,18288389,18235000,53389
2020-05-02 02:35:08,kovan,18288411,18235000,53411
2020-05-02 02:36:36,kovan,18288432,18235000,53432
2020-05-02 02:37:58,kovan,18288454,18235000,53454
2020-05-02 02:39:28,kovan,18288476,18235000,53476
2020-05-02 02:40:54,kovan,18288497,18235000,53497
2020-05-02 02:42:24,kovan,18288519,18235000,53519
2020-05-02 02:43:47,kovan,18288539,18235000,53539
2020-05-02 02:45:09,kovan,18288561,18235000,53561
2020-05-02 02:46:37,kovan,18288583,18235000,53583
2020-05-02 02:48:07,kovan,18288612,18235000,53612
2020-05-02 02:53:31,kovan,18288694,18235000,53694
2020-05-02 02:55:31,kovan,18288726,18235000,53726
2020-05-02 02:57:37,kovan,18288747,18235000,53747
2020-05-02 02:58:59,kovan,18288769,18235000,53769
2020-05-02 03:00:29,kovan,18288790,18235000,53790
2020-05-02 03:01:57,kovan,18288810,18235000,53810
2020-05-02 03:03:20,kovan,18288831,18235000,53831
2020-05-02 03:04:43,kovan,18288856,18235000,53856
2020-05-02 03:06:22,kovan,18288878,18235000,53878
2020-05-02 03:07:49,kovan,18288899,18235000,53899
2020-05-02 03:09:12,kovan,18288920,18235000,53920
2020-05-02 03:10:35,kovan,18288949,18235000,53949
2020-05-02 03:12:33,kovan,18288972,18235000,53972
2020-05-02 03:14:04,kovan,18288993,18235000,53993
2020-05-02 03:15:29,kovan,18289015,18235000,54015
2020-05-02 03:16:54,kovan,18289037,18235000,54037
2020-05-02 03:18:25,kovan,18289058,18235000,54058
2020-05-02 03:19:51,kovan,18289081,18235000,54081
2020-05-02 03:21:22,kovan,18289102,18235000,54102
2020-05-02 03:22:46,kovan,18289125,18235000,54125
2020-05-02 03:24:14,kovan,18289145,18235000,54145
2020-05-02 03:25:36,kovan,18289165,18235000,54165
2020-05-02 03:26:59,kovan,18289187,18235000,54187
2020-05-02 03:28:24,kovan,18289208,18235000,54208
2020-05-02 03:29:46,kovan,18289228,18235000,54228
2020-05-02 03:31:08,kovan,18289248,18235000,54248
2020-05-02 03:32:33,kovan,18289269,18235000,54269
2020-05-02 03:33:57,kovan,18289290,18235000,54290
2020-05-02 03:35:21,kovan,18289313,18235000,54313
2020-05-02 03:36:52,kovan,18289334,18235000,54334
2020-05-02 03:38:16,kovan,18289360,18235000,54360
2020-05-02 03:40:01,kovan,18289381,18235000,54381
2020-05-02 03:41:26,kovan,18289402,18235000,54402
2020-05-02 03:42:49,kovan,18289423,18235000,54423
2020-05-02 03:44:12,kovan,18289444,18235000,54444
2020-05-02 03:45:35,kovan,18289465,18235000,54465
2020-05-02 03:47:02,kovan,18289486,18235000,54486
2020-05-02 03:48:24,kovan,18289507,18235000,54507
2020-05-02 03:49:47,kovan,18289527,18235000,54527
2020-05-02 03:51:09,kovan,18289548,18235000,54548
2020-05-02 03:52:31,kovan,18289569,18235000,54569
2020-05-02 03:53:58,kovan,18289590,18235000,54590
2020-05-02 03:55:21,kovan,18289614,18235000,54614
2020-05-02 03:56:56,kovan,18289635,18235000,54635
2020-05-02 03:58:22,kovan,18289656,18235000,54656
2020-05-02 03:59:45,kovan,18289679,18235000,54679
2020-05-02 04:01:21,kovan,18289705,18235000,54705
2020-05-02 04:03:05,kovan,18289726,18235000,54726
2020-05-02 04:04:27,kovan,18289747,18235000,54747
2020-05-02 04:05:49,kovan,18289770,18235000,54770
2020-05-02 04:07:20,kovan,18289792,18235000,54792
2020-05-02 04:08:48,kovan,18289813,18235000,54813
2020-05-02 04:10:12,kovan,18289834,18235000,54834
2020-05-02 04:11:39,kovan,18289856,18235000,54856
2020-05-02 04:13:05,kovan,18289881,18235000,54881
2020-05-02 04:14:44,kovan,18289906,18235000,54906
2020-05-02 04:16:24,kovan,18289927,18235000,54927
2020-05-02 04:17:49,kovan,18289949,18235000,54949
2020-05-02 04:19:16,kovan,18289977,18235000,54977
2020-05-02 04:21:08,kovan,18289999,18235000,54999
2020-05-02 04:22:35,kovan,18290020,18235000,55020
2020-05-02 04:24:00,kovan,18290041,18235000,55041
2020-05-02 04:25:23,kovan,18290061,18235000,55061
2020-05-02 04:26:46,kovan,18290082,18235000,55082
2020-05-02 04:28:08,kovan,18290102,18235000,55102
2020-05-02 04:29:30,kovan,18290124,18235000,55124
2020-05-02 04:30:55,kovan,18290145,18235000,55145
2020-05-02 04:32:24,kovan,18290166,18235000,55166
2020-05-02 04:33:47,kovan,18290186,18235000,55186
2020-05-02 04:35:10,kovan,18290207,18235000,55207
2020-05-02 04:36:33,kovan,18290227,18235000,55227
2020-05-02 04:37:55,kovan,18290248,18235000,55248
2020-05-02 04:39:17,kovan,18290269,18235000,55269
2020-05-02 04:40:39,kovan,18290289,18235000,55289
2020-05-02 04:42:03,kovan,18290311,18235000,55311
2020-05-02 04:43:29,kovan,18290331,18235000,55331
2020-05-02 04:44:51,kovan,18290354,18235000,55354
2020-05-02 04:46:19,kovan,18290374,18235000,55374
2020-05-02 04:47:41,kovan,18290395,18235000,55395
2020-05-02 04:49:04,kovan,18290415,18235000,55415
2020-05-02 04:50:26,kovan,18290439,18235000,55439
2020-05-02 04:52:00,kovan,18290459,18235000,55459
2020-05-02 04:53:23,kovan,18290480,18235000,55480
2020-05-02 04:54:46,kovan,18290501,18235000,55501
2020-05-02 04:56:08,kovan,18290521,18235000,55521
2020-05-02 04:57:30,kovan,18290543,18235000,55543
2020-05-02 04:58:54,kovan,18290563,18235000,55563
2020-05-02 05:00:16,kovan,18290585,18235000,55585
2020-05-02 05:01:44,kovan,18290606,18235000,55606
2020-05-02 05:03:06,kovan,18290626,18235000,55626
2020-05-02 05:04:29,kovan,18290646,18235000,55646
2020-05-02 05:05:51,kovan,18290673,18235000,55673
2020-05-02 05:07:39,kovan,18290696,18235000,55696
2020-05-02 05:09:07,kovan,18290717,18235000,55717
2020-05-02 05:10:34,kovan,18290738,18235000,55738
2020-05-02 05:11:57,kovan,18290759,18235000,55759
2020-05-02 05:13:22,kovan,18290780,18235000,55780
2020-05-02 05:14:45,kovan,18290802,18235000,55802
2020-05-02 05:16:10,kovan,18290823,18235000,55823
2020-05-02 05:17:39,kovan,18290844,18235000,55844
2020-05-02 05:19:01,kovan,18290865,18235000,55865
2020-05-02 05:20:24,kovan,18290887,18235000,55887
2020-05-02 05:21:52,kovan,18290908,18235000,55908
2020-05-02 05:23:18,kovan,18290930,18235000,55930
2020-05-02 05:24:44,kovan,18290950,18235000,55950
2020-05-02 05:26:08,kovan,18290971,18235000,55971
2020-05-02 05:27:30,kovan,18290994,18235000,55994
2020-05-02 05:28:58,kovan,18291014,18235000,56014
2020-05-02 05:30:21,kovan,18291033,18235000,56033
2020-05-02 05:31:43,kovan,18291054,18235000,56054
2020-05-02 05:33:06,kovan,18291075,18235000,56075
2020-05-02 05:34:29,kovan,18291096,18235000,56096
2020-05-02 05:35:51,kovan,18291117,18235000,56117
2020-05-02 05:37:14,kovan,18291137,18235000,56137
2020-05-02 05:38:37,kovan,18291158,18235000,56158
2020-05-02 05:40:02,kovan,18291182,18235000,56182
2020-05-02 05:41:39,kovan,18291203,18235000,56203
2020-05-02 05:43:01,kovan,18291224,18235000,56224
2020-05-02 05:44:24,kovan,18291245,18235000,56245
2020-05-02 05:45:50,kovan,18291265,18235000,56265
2020-05-02 05:47:12,kovan,18291285,18235000,56285
2020-05-02 05:48:34,kovan,18291306,18235000,56306
2020-05-02 05:49:56,kovan,18291326,18235000,56326
2020-05-02 05:51:18,kovan,18291349,18235000,56349
2020-05-02 05:52:47,kovan,18291369,18235000,56369
2020-05-02 05:54:09,kovan,18291390,18235000,56390
2020-05-02 05:55:31,kovan,18291411,18235000,56411
2020-05-02 05:56:54,kovan,18291431,18235000,56431
2020-05-02 05:58:16,kovan,18291451,18235000,56451
2020-05-02 05:59:38,kovan,18291472,18235000,56472
2020-05-02 06:01:01,kovan,18291492,18235000,56492
2020-05-02 06:02:24,kovan,18291514,18235000,56514
2020-05-02 06:03:47,kovan,18291534,18235000,56534
2020-05-02 06:05:09,kovan,18291556,18235000,56556
2020-05-02 06:06:35,kovan,18291576,18235000,56576
2020-05-02 06:07:57,kovan,18291596,18235000,56596
2020-05-02 06:09:19,kovan,18291617,18235000,56617
2020-05-02 06:10:42,kovan,18291638,18235000,56638
2020-05-02 06:12:05,kovan,18291659,18235000,56659
2020-05-02 06:13:27,kovan,18291680,18235000,56680
2020-05-02 06:14:50,kovan,18291700,18235000,56700
2020-05-02 06:16:12,kovan,18291721,18235000,56721
2020-05-02 06:17:34,kovan,18291741,18235000,56741
2020-05-02 06:18:57,kovan,18291762,18235000,56762
2020-05-02 06:20:19,kovan,18291782,18235000,56782
2020-05-02 06:21:42,kovan,18291804,18235000,56804
2020-05-02 06:23:10,kovan,18291825,18235000,56825
2020-05-02 06:24:32,kovan,18291846,18235000,56846
2020-05-02 06:25:56,kovan,18291867,18235000,56867
2020-05-02 06:27:22,kovan,18291888,18235000,56888
2020-05-02 06:28:45,kovan,18291909,18235000,56909
2020-05-02 06:30:07,kovan,18291928,18235000,56928
2020-05-02 06:31:31,kovan,18291951,18235000,56951
2020-05-02 06:32:55,kovan,18291971,18235000,56971
2020-05-02 06:34:18,kovan,18291992,18235000,56992
2020-05-02 06:35:40,kovan,18292013,18235000,57013
2020-05-02 06:37:04,kovan,18292033,18235000,57033
2020-05-02 06:38:26,kovan,18292054,18235000,57054
2020-05-02 06:39:48,kovan,18292075,18235000,57075
2020-05-02 06:41:11,kovan,18292094,18235000,57094
2020-05-02 06:42:33,kovan,18292116,18235000,57116
2020-05-02 06:43:58,kovan,18292137,18235000,57137
2020-05-02 06:45:21,kovan,18292158,18235000,57158
2020-05-02 06:46:45,kovan,18292179,18235000,57179
2020-05-02 06:48:07,kovan,18292200,18235000,57200
2020-05-02 06:49:30,kovan,18292220,18235000,57220
2020-05-02 06:50:53,kovan,18292242,18235000,57242
2020-05-02 06:52:19,kovan,18292263,18235000,57263
2020-05-02 06:53:45,kovan,18292283,18235000,57283
2020-05-02 06:55:08,kovan,18292304,18235000,57304
2020-05-02 06:56:32,kovan,18292326,18235000,57326
2020-05-02 06:57:54,kovan,18292346,18235000,57346
2020-05-02 06:59:16,kovan,18292367,18235000,57367
2020-05-02 07:00:39,kovan,18292387,18235000,57387
2020-05-02 07:02:04,kovan,18292410,18235000,57410
2020-05-02 07:03:33,kovan,18292431,18235000,57431
2020-05-02 07:04:59,kovan,18292457,18235000,57457
2020-05-02 07:06:39,kovan,18292480,18235000,57480
2020-05-02 07:08:11,kovan,18292502,18235000,57502
2020-05-02 07:09:40,kovan,18292522,18235000,57522
2020-05-02 07:11:02,kovan,18292543,18235000,57543
2020-05-02 07:12:27,kovan,18292569,18235000,57569
2020-05-02 07:14:09,kovan,18292593,18235000,57593
2020-05-02 07:15:45,kovan,18292617,18235000,57617
2020-05-02 07:17:21,kovan,18292639,18235000,57639
2020-05-02 07:18:51,kovan,18292660,18235000,57660
2020-05-02 07:20:15,kovan,18292684,18235000,57684
2020-05-02 07:21:49,kovan,18292704,18235000,57704
2020-05-02 07:23:11,kovan,18292727,18235000,57727
2020-05-02 07:24:38,kovan,18292747,18235000,57747
2020-05-02 07:26:01,kovan,18292768,18235000,57768
2020-05-02 07:27:23,kovan,18292789,18235000,57789
2020-05-02 07:28:48,kovan,18292810,18235000,57810
2020-05-02 07:30:13,kovan,18292832,18235000,57832
2020-05-02 07:31:47,kovan,18292857,18235000,57857
2020-05-02 07:33:24,kovan,18292877,18235000,57877
2020-05-02 07:34:46,kovan,18292898,18235000,57898
2020-05-02 07:36:10,kovan,18292920,18235000,57920
2020-05-02 07:37:35,kovan,18292940,18235000,57940
2020-05-02 07:38:58,kovan,18292962,18235000,57962
2020-05-02 07:40:23,kovan,18292983,18235000,57983
2020-05-02 07:41:48,kovan,18293004,18235000,58004
2020-05-02 07:43:12,kovan,18293024,18235000,58024
2020-05-02 07:44:36,kovan,18293048,18235000,58048
2020-05-02 07:46:09,kovan,18293070,18235000,58070
2020-05-02 07:47:39,kovan,18293090,18235000,58090
2020-05-02 07:49:04,kovan,18293112,18235000,58112
2020-05-02 07:50:30,kovan,18293134,18235000,58134
2020-05-02 07:51:58,kovan,18293157,18235000,58157
2020-05-02 07:53:28,kovan,18293178,18235000,58178
2020-05-02 07:54:50,kovan,18293198,18235000,58198
2020-05-02 07:56:12,kovan,18293219,18235000,58219
2020-05-02 07:57:39,kovan,18293241,18235000,58241
2020-05-02 07:59:04,kovan,18293261,18235000,58261
2020-05-02 08:00:27,kovan,18293282,18235000,58282
2020-05-02 08:01:54,kovan,18293305,18235000,58305
2020-05-02 08:03:25,kovan,18293326,18235000,58326
2020-05-02 08:04:49,kovan,18293347,18235000,58347
2020-05-02 08:06:11,kovan,18293368,18235000,58368
2020-05-02 08:07:34,kovan,18293392,18235000,58392
2020-05-02 08:09:11,kovan,18293415,18235000,58415
2020-05-02 08:10:46,kovan,18293436,18235000,58436
2020-05-02 08:12:09,kovan,18293456,18235000,58456
2020-05-02 08:13:31,kovan,18293478,18235000,58478
2020-05-02 08:14:57,kovan,18293499,18235000,58499
2020-05-02 08:16:21,kovan,18293521,18235000,58521
2020-05-02 08:17:46,kovan,18293542,18235000,58542
2020-05-02 08:19:15,kovan,18293563,18235000,58563
2020-05-02 08:20:38,kovan,18293586,18235000,58586
2020-05-02 08:22:07,kovan,18293606,18235000,58606
2020-05-02 08:23:29,kovan,18293627,18235000,58627
2020-05-02 08:24:55,kovan,18293648,18235000,58648
2020-05-02 08:26:18,kovan,18293671,18235000,58671
2020-05-02 08:27:51,kovan,18293693,18235000,58693
2020-05-02 08:29:17,kovan,18293713,18235000,58713
2020-05-02 08:30:39,kovan,18293735,18235000,58735
2020-05-02 08:32:08,kovan,18293757,18235000,58757
2020-05-02 08:33:37,kovan,18293783,18235000,58783
2020-05-02 08:35:22,kovan,18293807,18235000,58807
2020-05-02 08:36:54,kovan,18293827,18235000,58827
2020-05-02 08:38:16,kovan,18293848,18235000,58848
2020-05-02 08:39:38,kovan,18293870,18235000,58870
2020-05-02 08:44:10,kovan,18293947,18235000,58947
2020-05-02 08:46:16,kovan,18293973,18235000,58973
2020-05-02 08:47:59,kovan,18293993,18235000,58993
2020-05-02 08:49:21,kovan,18294016,18235000,59016
2020-05-02 08:50:51,kovan,18294037,18235000,59037
2020-05-02 08:52:16,kovan,18294059,18235000,59059
2020-05-02 08:53:45,kovan,18294082,18235000,59082
2020-05-02 08:55:18,kovan,18294104,18235000,59104
2020-05-02 08:56:48,kovan,18294125,18235000,59125
2020-05-02 08:58:13,kovan,18294148,18235000,59148
2020-05-02 08:59:41,kovan,18294170,18235000,59170
2020-05-02 09:01:10,kovan,18294200,18235000,59200
2020-05-02 09:03:08,kovan,18294222,18235000,59222
2020-05-02 09:04:37,kovan,18294243,18235000,59243
2020-05-02 09:06:01,kovan,18294270,18235000,59270
2020-05-02 09:07:53,kovan,18294292,18235000,59292
2020-05-02 09:09:15,kovan,18294313,18235000,59313
2020-05-02 09:10:41,kovan,18294334,18235000,59334
2020-05-02 09:12:05,kovan,18294356,18235000,59356
2020-05-02 09:13:31,kovan,18294375,18235000,59375
2020-05-02 09:14:53,kovan,18294397,18235000,59397
2020-05-02 09:16:15,kovan,18294417,18235000,59417
2020-05-02 09:17:37,kovan,18294438,18235000,59438
2020-05-02 09:18:59,kovan,18294459,18235000,59459
2020-05-02 09:20:25,kovan,18294481,18235000,59481
2020-05-02 09:21:54,kovan,18294504,18235000,59504
2020-05-02 09:23:24,kovan,18294524,18235000,59524
2020-05-02 09:24:46,kovan,18294544,18235000,59544
2020-05-02 09:26:08,kovan,18294566,18235000,59566
2020-05-02 09:27:33,kovan,18294589,18235000,59589
2020-05-02 09:29:05,kovan,18294609,18235000,59609
2020-05-02 09:30:29,kovan,18294631,18235000,59631
2020-05-02 09:32:02,kovan,18294655,18235000,59655
2020-05-02 09:33:39,kovan,18294676,18235000,59676
2020-05-02 09:35:01,kovan,18294700,18235000,59700
2020-05-02 09:36:37,kovan,18294727,18235000,59727
2020-05-02 09:38:25,kovan,18294748,18235000,59748
2020-05-02 09:39:48,kovan,18294768,18235000,59768
2020-05-02 09:41:10,kovan,18294789,18235000,59789
2020-05-02 09:42:32,kovan,18294809,18235000,59809
2020-05-02 09:43:54,kovan,18294830,18235000,59830
2020-05-02 09:45:19,kovan,18294853,18235000,59853
2020-05-02 09:46:49,kovan,18294875,18235000,59875
2020-05-02 09:48:15,kovan,18294895,18235000,59895
2020-05-02 09:49:37,kovan,18294916,18235000,59916
2020-05-02 09:51:02,kovan,18294940,18235000,59940
2020-05-02 09:52:37,kovan,18294962,18235000,59962
2020-05-02 09:54:06,kovan,18294985,18235000,59985
2020-05-02 09:55:39,kovan,18295007,18235000,60007
2020-05-02 09:57:05,kovan,18295030,18235000,60030
2020-05-02 09:58:38,kovan,18295052,18235000,60052
2020-05-02 10:00:04,kovan,18295074,18235000,60074
2020-05-02 10:01:36,kovan,18295097,18235000,60097
2020-05-02 10:03:08,kovan,18295119,18235000,60119
2020-05-02 10:04:37,kovan,18295141,18235000,60141
2020-05-02 10:06:06,kovan,18295162,18235000,60162
2020-05-02 10:07:37,kovan,18295183,18235000,60183
2020-05-02 10:09:01,kovan,18295205,18235000,60205
2020-05-02 10:10:32,kovan,18295227,18235000,60227
2020-05-02 10:11:59,kovan,18295247,18235000,60247
2020-05-02 10:13:21,kovan,18295268,18235000,60268
2020-05-02 10:14:43,kovan,18295289,18235000,60289
2020-05-02 10:16:07,kovan,18295309,18235000,60309
2020-05-02 10:17:34,kovan,18295330,18235000,60330
2020-05-02 10:18:57,kovan,18295353,18235000,60353
2020-05-02 10:20:32,kovan,18295391,18235000,60391
2020-05-02 10:23:05,kovan,18295412,18235000,60412
2020-05-02 10:24:27,kovan,18295434,18235000,60434
2020-05-02 10:25:52,kovan,18295455,18235000,60455
2020-05-02 10:27:18,kovan,18295475,18235000,60475
2020-05-02 10:28:44,kovan,18295497,18235000,60497
2020-05-02 10:30:09,kovan,18295517,18235000,60517
2020-05-02 10:31:35,kovan,18295541,18235000,60541
2020-05-02 10:33:08,kovan,18295562,18235000,60562
2020-05-02 10:34:30,kovan,18295582,18235000,60582
2020-05-02 10:35:53,kovan,18295606,18235000,60606
2020-05-02 10:37:32,kovan,18295627,18235000,60627
2020-05-02 10:38:55,kovan,18295648,18235000,60648
2020-05-02 10:40:20,kovan,18295672,18235000,60672
2020-05-02 10:41:57,kovan,18295696,18235000,60696
2020-05-02 10:43:34,kovan,18295717,18235000,60717
2020-05-02 10:44:56,kovan,18295738,18235000,60738
2020-05-02 10:46:19,kovan,18295760,18235000,60760
2020-05-02 10:47:52,kovan,18295781,18235000,60781
2020-05-02 10:49:15,kovan,18295802,18235000,60802
2020-05-02 10:50:38,kovan,18295826,18235000,60826
2020-05-02 10:52:14,kovan,18295846,18235000,60846
2020-05-02 10:53:36,kovan,18295866,18235000,60866
2020-05-02 10:54:59,kovan,18295892,18235000,60892
2020-05-02 10:56:42,kovan,18295917,18235000,60917
2020-05-02 10:58:18,kovan,18295937,18235000,60937
2020-05-02 10:59:40,kovan,18295958,18235000,60958
2020-05-02 11:01:07,kovan,18295978,18235000,60978
2020-05-02 11:02:30,kovan,18295999,18235000,60999
2020-05-02 11:03:55,kovan,18296025,18235000,61025
2020-05-02 11:05:34,kovan,18296046,18235000,61046
2020-05-02 11:07:01,kovan,18296068,18235000,61068
2020-05-02 11:08:27,kovan,18296094,18235000,61094
2020-05-02 11:10:13,kovan,18296117,18235000,61117
2020-05-02 11:11:45,kovan,18296138,18235000,61138
2020-05-02 11:13:12,kovan,18296162,18235000,61162
2020-05-02 11:14:51,kovan,18296192,18235000,61192
2020-05-02 11:16:44,kovan,18296215,18235000,61215
2020-05-02 11:18:15,kovan,18296237,18235000,61237
2020-05-02 11:19:44,kovan,18296264,18235000,61264
2020-05-02 11:21:30,kovan,18296289,18235000,61289
2020-05-02 11:23:14,kovan,18296311,18235000,61311
2020-05-02 11:24:41,kovan,18296335,18235000,61335
2020-05-02 11:26:20,kovan,18296357,18235000,61357
2020-05-02 11:27:45,kovan,18296378,18235000,61378
2020-05-02 11:29:09,kovan,18296400,18235000,61400
2020-05-02 11:30:39,kovan,18296427,18235000,61427
2020-05-02 11:32:32,kovan,18296449,18235000,61449
2020-05-02 11:33:58,kovan,18296473,18235000,61473
2020-05-02 11:35:33,kovan,18296505,18235000,61505
2020-05-02 11:37:42,kovan,18296537,18235000,61537
2020-05-02 11:39:49,kovan,18296561,18235000,61561
2020-05-02 11:41:22,kovan,18296581,18235000,61581
2020-05-02 11:42:46,kovan,18296603,18235000,61603
2020-05-02 11:44:12,kovan,18296626,18235000,61626
2020-05-02 11:45:46,kovan,18296647,18235000,61647
2020-05-02 11:47:09,kovan,18296668,18235000,61668
2020-05-02 11:48:31,kovan,18296693,18235000,61693
2020-05-02 11:50:12,kovan,18296718,18235000,61718
2020-05-02 11:51:54,kovan,18296739,18235000,61739
2020-05-02 11:53:17,kovan,18296760,18235000,61760
2020-05-02 11:54:41,kovan,18296784,18235000,61784
2020-05-02 11:56:21,kovan,18296807,18235000,61807
2020-05-02 11:57:46,kovan,18296832,18235000,61832
2020-05-02 11:59:29,kovan,18296853,18235000,61853
2020-05-02 12:00:54,kovan,18296876,18235000,61876
2020-05-02 12:02:35,kovan,18296906,18235000,61906
2020-05-02 12:04:31,kovan,18296928,18235000,61928
2020-05-02 12:06:01,kovan,18296950,18235000,61950
2020-05-02 12:07:29,kovan,18296970,18235000,61970
2020-05-02 12:08:51,kovan,18296997,18235000,61997
2020-05-02 12:10:38,kovan,18297021,18235000,62021
2020-05-02 12:12:10,kovan,18297041,18235000,62041
2020-05-02 12:13:32,kovan,18297065,18235000,62065
2020-05-02 12:15:06,kovan,18297092,18235000,62092
2020-05-02 12:17:03,kovan,18297113,18235000,62113
2020-05-02 12:18:26,kovan,18297135,18235000,62135
2020-05-02 12:19:54,kovan,18297156,18235000,62156
2020-05-02 12:21:18,kovan,18297177,18235000,62177
2020-05-02 12:22:41,kovan,18297197,18235000,62197
2020-05-02 12:24:03,kovan,18297218,18235000,62218
2020-05-02 12:25:25,kovan,18297240,18235000,62240
2020-05-02 12:26:52,kovan,18297262,18235000,62262
2020-05-02 12:28:20,kovan,18297284,18235000,62284
2020-05-02 12:29:51,kovan,18297322,18235000,62322
2020-05-02 12:32:27,kovan,18297346,18235000,62346
2020-05-02 12:34:01,kovan,18297367,18235000,62367
2020-05-02 12:35:24,kovan,18297391,18235000,62391
2020-05-02 12:37:00,kovan,18297414,18235000,62414
2020-05-02 12:38:31,kovan,18297436,18235000,62436
2020-05-02 12:40:02,kovan,18297466,18235000,62466
2020-05-02 12:41:57,kovan,18297486,18235000,62486
2020-05-02 12:43:20,kovan,18297506,18235000,62506
2020-05-02 12:44:42,kovan,18297528,18235000,62528
2020-05-02 12:46:09,kovan,18297550,18235000,62550
2020-05-02 12:47:40,kovan,18297571,18235000,62571
2020-05-02 12:49:06,kovan,18297595,18235000,62595
2020-05-02 12:50:45,kovan,18297617,18235000,62617
2020-05-02 12:52:12,kovan,18297641,18235000,62641
2020-05-02 12:53:48,kovan,18297673,18235000,62673
2020-05-02 12:55:57,kovan,18297697,18235000,62697
2020-05-02 12:57:30,kovan,18297719,18235000,62719
2020-05-02 12:58:57,kovan,18297740,18235000,62740
2020-05-02 13:00:21,kovan,18297761,18235000,62761
2020-05-02 13:01:50,kovan,18297783,18235000,62783
2020-05-02 13:03:18,kovan,18297806,18235000,62806
2020-05-02 13:04:49,kovan,18297827,18235000,62827
2020-05-02 13:06:12,kovan,18297847,18235000,62847
2020-05-02 13:07:35,kovan,18297869,18235000,62869
2020-05-02 13:09:00,kovan,18297889,18235000,62889
2020-05-02 13:10:23,kovan,18297910,18235000,62910
2020-05-02 13:11:47,kovan,18297930,18235000,62930
2020-05-02 13:13:09,kovan,18297956,18235000,62956
2020-05-02 13:21:12,kovan,18298072,18235000,63072
2020-05-02 13:22:36,kovan,18298092,18235000,63092
2020-05-02 13:23:59,kovan,18298140,18235000,63140
2020-05-02 13:27:15,kovan,18298167,18235000,63167
2020-05-02 13:29:08,kovan,18298190,18235000,63190
2020-05-02 13:30:43,kovan,18298212,18235012,63200
2020-05-02 13:32:13,kovan,18298233,18235012,63221
2020-05-02 13:33:40,kovan,18298255,18235012,63243
2020-05-02 13:35:05,kovan,18298275,18235012,63263
2020-05-02 13:36:29,kovan,18298297,18235012,63285
2020-05-02 13:38:00,kovan,18298319,18235012,63307
2020-05-02 13:39:30,kovan,18298341,18235012,63329
2020-05-02 13:41:01,kovan,18298363,18235012,63351
2020-05-02 13:42:42,kovan,18298388,18235012,63376
2020-05-02 13:44:22,kovan,18298408,18235012,63396
2020-05-02 13:45:44,kovan,18298428,18235012,63416
2020-05-02 13:47:09,kovan,18298449,18235012,63437
2020-05-02 13:48:35,kovan,18298469,18235012,63457
2020-05-02 13:50:03,kovan,18298491,18235012,63479
2020-05-02 13:51:33,kovan,18298514,18235012,63502
2020-05-02 13:53:04,kovan,18298535,18235012,63523
2020-05-02 13:54:27,kovan,18298556,18235012,63544
2020-05-02 13:55:54,kovan,18298576,18235012,63564
2020-05-02 13:57:28,kovan,18298597,18235012,63585
2020-05-02 13:58:57,kovan,18298614,18235012,63602
2020-05-02 14:00:19,kovan,18298634,18235012,63622
2020-05-02 14:01:51,kovan,18298655,18235012,63643
2020-05-02 14:03:21,kovan,18298677,18235012,63665
2020-05-02 14:04:58,kovan,18298696,18235012,63684
2020-05-02 14:06:25,kovan,18298725,18235012,63713
2020-05-02 14:08:26,kovan,18298746,18235012,63734
2020-05-02 14:09:48,kovan,18298766,18235012,63754
2020-05-02 14:11:10,kovan,18298798,18235012,63786
2020-05-02 14:13:29,kovan,18298822,18235012,63810
2020-05-02 14:15:00,kovan,18298842,18235012,63830
2020-05-02 14:16:22,kovan,18298865,18235012,63853
2020-05-02 14:17:56,kovan,18298888,18235012,63876
2020-05-02 14:19:31,kovan,18298909,18235012,63897
2020-05-02 14:20:57,kovan,18298930,18235012,63918
2020-05-02 14:22:19,kovan,18298960,18235012,63948
2020-05-02 14:24:22,kovan,18298984,18235012,63972
2020-05-02 14:25:58,kovan,18299002,18235012,63990
2020-05-02 14:27:21,kovan,18299022,18235012,64010
2020-05-02 14:28:46,kovan,18299047,18235012,64035
2020-05-02 14:30:26,kovan,18299066,18235012,64054
2020-05-02 14:31:52,kovan,18299090,18235012,64078
2020-05-02 14:33:28,kovan,18299112,18235012,64100
2020-05-02 14:34:51,kovan,18299132,18235012,64120
2020-05-02 14:36:13,kovan,18299151,18235012,64139
2020-05-02 14:37:44,kovan,18299174,18235012,64162
2020-05-02 14:39:14,kovan,18299194,18235012,64182
2020-05-02 14:40:37,kovan,18299214,18235012,64202
2020-05-02 14:42:02,kovan,18299237,18235012,64225
2020-05-02 14:43:33,kovan,18299258,18235012,64246
2020-05-02 14:44:55,kovan,18299278,18235012,64266
2020-05-02 14:46:28,kovan,18299301,18235012,64289
2020-05-02 14:48:07,kovan,18299322,18235012,64310
2020-05-02 14:49:29,kovan,18299343,18235012,64331
2020-05-02 14:51:02,kovan,18299365,18235012,64353
2020-05-02 14:52:29,kovan,18299387,18235012,64375
2020-05-02 14:53:56,kovan,18299409,18235012,64397
2020-05-02 14:55:26,kovan,18299429,18235012,64417
2020-05-02 14:56:50,kovan,18299451,18235012,64439
2020-05-02 14:58:18,kovan,18299473,18235012,64461
2020-05-02 14:59:45,kovan,18299494,18235012,64482
2020-05-02 15:01:08,kovan,18299514,18235012,64502
2020-05-02 15:02:32,kovan,18299540,18235012,64528
2020-05-02 15:04:14,kovan,18299561,18235012,64549
2020-05-02 15:05:40,kovan,18299580,18235012,64568
2020-05-02 15:07:02,kovan,18299601,18235012,64589
2020-05-02 15:08:24,kovan,18299622,18235012,64610
2020-05-02 15:09:49,kovan,18299643,18235012,64631
2020-05-02 15:11:12,kovan,18299663,18235012,64651
2020-05-02 15:12:42,kovan,18299685,18235012,64673
2020-05-02 15:14:05,kovan,18299706,18235012,64694
2020-05-02 15:15:28,kovan,18299726,18235012,64714
2020-05-02 15:16:51,kovan,18299748,18235012,64736
2020-05-02 15:18:21,kovan,18299769,18235012,64757
2020-05-02 15:19:45,kovan,18299796,18235012,64784
2020-05-02 15:21:38,kovan,18299818,18235012,64806
2020-05-02 15:23:04,kovan,18299840,18235012,64828
2020-05-02 15:24:31,kovan,18299861,18235012,64849
2020-05-02 15:25:58,kovan,18299884,18235012,64872
2020-05-02 15:27:27,kovan,18299904,18235012,64892
2020-05-02 15:28:49,kovan,18299926,18235012,64914
2020-05-02 15:30:19,kovan,18299953,18235012,64941
2020-05-02 15:32:10,kovan,18299977,18235012,64965
2020-05-02 15:33:44,kovan,18299999,18235012,64987
2020-05-02 15:35:13,kovan,18300019,18235012,65007
2020-05-02 15:36:36,kovan,18300039,18235012,65027
2020-05-02 15:37:58,kovan,18300061,18235012,65049
2020-05-02 15:39:26,kovan,18300085,18235012,65073
2020-05-02 15:41:01,kovan,18300104,18235012,65092
2020-05-02 15:42:23,kovan,18300126,18235012,65114
2020-05-02 15:43:49,kovan,18300151,18235012,65139
2020-05-02 15:45:26,kovan,18300173,18235012,65161
2020-05-02 15:47:03,kovan,18300205,18235012,65193
2020-05-02 15:49:08,kovan,18300236,18235012,65224
2020-05-02 15:51:15,kovan,18300266,18235012,65254
2020-05-02 15:53:17,kovan,18300291,18235012,65279
2020-05-02 15:54:53,kovan,18300315,18235012,65303
2020-05-02 15:56:36,kovan,18300337,18235012,65325
2020-05-02 15:58:06,kovan,18300361,18235012,65349
2020-05-02 15:59:42,kovan,18300389,18235012,65377
2020-05-02 16:01:35,kovan,18300412,18235012,65400
2020-05-02 16:03:08,kovan,18300440,18235012,65428
2020-05-02 16:05:01,kovan,18300468,18235012,65456
2020-05-02 16:06:57,kovan,18300490,18235012,65478
2020-05-02 16:08:23,kovan,18300510,18235012,65498
2020-05-02 16:09:45,kovan,18300534,18235012,65522
2020-05-02 16:11:18,kovan,18300556,18235012,65544
2020-05-02 16:12:54,kovan,18300578,18235012,65566
2020-05-02 16:14:21,kovan,18300598,18235012,65586
2020-05-02 16:15:43,kovan,18300620,18235012,65608
2020-05-02 16:17:15,kovan,18300647,18235012,65635
2020-05-02 16:19:00,kovan,18300673,18235012,65661
2020-05-02 16:20:45,kovan,18300698,18235012,65686
2020-05-02 16:22:29,kovan,18300721,18235012,65709
2020-05-02 16:24:01,kovan,18300741,18235012,65729
2020-05-02 16:25:23,kovan,18300770,18235012,65758
2020-05-02 16:27:20,kovan,18300797,18235012,65785
2020-05-02 16:29:08,kovan,18300821,18235012,65809
2020-05-02 16:30:48,kovan,18300844,18235012,65832
2020-05-02 16:32:24,kovan,18300866,18235012,65854
2020-05-02 16:33:50,kovan,18300888,18235012,65876
2020-05-02 16:35:22,kovan,18300919,18235012,65907
2020-05-02 16:37:23,kovan,18300939,18235012,65927
2020-05-02 16:38:46,kovan,18300965,18235012,65953
2020-05-02 16:40:30,kovan,18300985,18235012,65973
2020-05-02 16:41:53,kovan,18301013,18235012,66001
2020-05-02 16:43:44,kovan,18301037,18235012,66025
2020-05-02 16:45:25,kovan,18301060,18235012,66048
2020-05-02 16:46:54,kovan,18301080,18235012,66068
2020-05-02 16:48:17,kovan,18301105,18235012,66093
2020-05-02 16:49:59,kovan,18301126,18235012,66114
2020-05-02 16:51:22,kovan,18301146,18235012,66134
2020-05-02 16:52:45,kovan,18301174,18235012,66162
2020-05-02 16:54:39,kovan,18301196,18235012,66184
2020-05-02 16:56:04,kovan,18301215,18235012,66203
2020-05-02 16:57:27,kovan,18301239,18235012,66227
2020-05-02 16:59:04,kovan,18301262,18235012,66250
2020-05-02 17:00:30,kovan,18301288,18235012,66276
2020-05-02 17:02:17,kovan,18301311,18235012,66299
2020-05-02 17:03:49,kovan,18301334,18235012,66322
2020-05-02 17:05:22,kovan,18301364,18235012,66352
2020-05-02 17:07:27,kovan,18301386,18235012,66374
2020-05-02 17:08:51,kovan,18301409,18235012,66397
2020-05-02 17:10:23,kovan,18301430,18235012,66418
2020-05-02 17:11:50,kovan,18301451,18235012,66439
2020-05-02 17:13:15,kovan,18301472,18235012,66460
2020-05-02 17:14:41,kovan,18301492,18235012,66480
2020-05-02 17:16:04,kovan,18301514,18235012,66502
2020-05-02 17:17:29,kovan,18301539,18235012,66527
2020-05-02 17:19:08,kovan,18301561,18235012,66549
2020-05-02 17:20:38,kovan,18301583,18235012,66571
2020-05-02 17:22:06,kovan,18301605,18235012,66593
2020-05-02 17:23:37,kovan,18301632,18235012,66620
2020-05-02 17:25:25,kovan,18301655,18235012,66643
2020-05-02 17:27:00,kovan,18301675,18235012,66663
2020-05-02 17:28:26,kovan,18301698,18235012,66686
2020-05-02 17:29:56,kovan,18301723,18235012,66711
2020-05-02 17:31:41,kovan,18301753,18235012,66741
2020-05-02 17:33:42,kovan,18301776,18235012,66764
2020-05-02 17:35:12,kovan,18301797,18235012,66785
2020-05-02 17:36:43,kovan,18301820,18235012,66808
2020-05-02 17:38:10,kovan,18301855,18235012,66843
2020-05-02 17:46:18,kovan,18301962,18235012,66950
2020-05-02 17:47:50,kovan,18301990,18235012,66978
2020-05-02 17:49:38,kovan,18302013,18235012,67001
2020-05-02 17:51:14,kovan,18302033,18235012,67021
2020-05-02 17:52:38,kovan,18302061,18235012,67049
2020-05-02 17:54:28,kovan,18302089,18235012,67077
2020-05-02 17:56:20,kovan,18302122,18235012,67110
2020-05-02 17:58:39,kovan,18302165,18235012,67153
2020-05-02 18:01:34,kovan,18302189,18235012,67177
2020-05-02 18:03:11,kovan,18302210,18235012,67198
2020-05-02 18:04:33,kovan,18302231,18235012,67219
2020-05-02 18:05:58,kovan,18302253,18235012,67241
2020-05-02 18:07:30,kovan,18302281,18235012,67269
2020-05-02 18:09:24,kovan,18302306,18235012,67294
2020-05-02 18:11:00,kovan,18302326,18235012,67314
2020-05-02 18:12:23,kovan,18302347,18235012,67335
2020-05-02 18:13:50,kovan,18302368,18235012,67356
2020-05-02 18:15:14,kovan,18302392,18235012,67380
2020-05-02 18:16:53,kovan,18302424,18235012,67412
2020-05-02 18:19:01,kovan,18302448,18235012,67436
2020-05-02 18:20:36,kovan,18302473,18235012,67461
2020-05-02 18:22:20,kovan,18302496,18235012,67484
2020-05-02 18:23:52,kovan,18302519,18235012,67507
2020-05-02 18:25:26,kovan,18302541,18235012,67529
2020-05-02 18:26:58,kovan,18302567,18235012,67555
2020-05-02 18:28:40,kovan,18302598,18235012,67586
2020-05-02 18:30:47,kovan,18302624,18235012,67612
2020-05-02 18:32:27,kovan,18302650,18235012,67638
2020-05-02 18:34:13,kovan,18302672,18235012,67660
2020-05-02 18:35:43,kovan,18302695,18235012,67683
2020-05-02 18:37:14,kovan,18302718,18235012,67706
2020-05-02 18:38:49,kovan,18302749,18235012,67737
2020-05-02 18:40:56,kovan,18302769,18235012,67757
2020-05-02 18:42:18,kovan,18302790,18235012,67778
2020-05-02 18:43:41,kovan,18302811,18235012,67799
2020-05-02 18:45:07,kovan,18302832,18235012,67820
2020-05-02 18:46:34,kovan,18302855,18235012,67843
2020-05-02 18:48:05,kovan,18302878,18235012,67866
2020-05-02 18:49:34,kovan,18302899,18235012,67887
2020-05-02 18:51:02,kovan,18302921,18235012,67909
2020-05-02 18:52:33,kovan,18302943,18235012,67931
2020-05-02 18:54:02,kovan,18302967,18235012,67955
2020-05-02 18:55:37,kovan,18302988,18235012,67976
2020-05-02 18:57:05,kovan,18303008,18235012,67996
2020-05-02 18:58:28,kovan,18303031,18235012,68019
2020-05-02 18:59:58,kovan,18303054,18235012,68042
2020-05-02 19:01:33,kovan,18303075,18235012,68063
2020-05-02 19:02:58,kovan,18303099,18235012,68087
2020-05-02 19:04:36,kovan,18303122,18235012,68110
2020-05-02 19:06:06,kovan,18303166,18235012,68154
2020-05-02 19:09:08,kovan,18303200,18235012,68188
2020-05-02 19:11:26,kovan,18303220,18235012,68208
2020-05-02 19:12:50,kovan,18303248,18235012,68236
2020-05-02 19:14:42,kovan,18303269,18235012,68257
2020-05-02 19:16:04,kovan,18303288,18235012,68276
2020-05-02 19:17:28,kovan,18303309,18235012,68297
2020-05-02 19:18:53,kovan,18303330,18235012,68318
2020-05-02 19:20:18,kovan,18303352,18235012,68340
2020-05-02 19:21:44,kovan,18303372,18235012,68360
2020-05-02 19:23:06,kovan,18303393,18235012,68381
2020-05-02 19:24:30,kovan,18303415,18235012,68403
2020-05-02 19:25:58,kovan,18303437,18235012,68425
2020-05-02 19:27:26,kovan,18303457,18235012,68445
2020-05-02 19:28:49,kovan,18303480,18235012,68468
2020-05-02 19:30:19,kovan,18303501,18235012,68489
2020-05-02 19:31:49,kovan,18303523,18235012,68511
2020-05-02 19:33:13,kovan,18303544,18235012,68532
2020-05-02 19:34:37,kovan,18303566,18235012,68554
2020-05-02 19:36:02,kovan,18303588,18235012,68576
2020-05-02 19:37:36,kovan,18303609,18235012,68597
2020-05-02 19:39:02,kovan,18303630,18235012,68618
2020-05-02 19:40:26,kovan,18303652,18235012,68640
2020-05-02 19:41:57,kovan,18303675,18235012,68663
2020-05-02 19:43:26,kovan,18303696,18235012,68684
2020-05-02 19:44:53,kovan,18303729,18235012,68717
2020-05-02 19:47:09,kovan,18303754,18235012,68742
2020-05-02 19:48:52,kovan,18303777,18235012,68765
2020-05-02 19:50:22,kovan,18303801,18235012,68789
2020-05-02 19:51:59,kovan,18303821,18235012,68809
2020-05-02 19:53:21,kovan,18303841,18235012,68829
2020-05-02 19:54:45,kovan,18303864,18235012,68852
2020-05-02 19:56:12,kovan,18303890,18235012,68878
2020-05-02 19:57:59,kovan,18303911,18235012,68899
2020-05-02 19:59:24,kovan,18303937,18235012,68925
2020-05-02 20:01:10,kovan,18303962,18235012,68950
2020-05-02 20:02:51,kovan,18303989,18235012,68977
2020-05-02 20:04:46,kovan,18304015,18235012,69003
2020-05-02 20:08:35,kovan,18304072,18235012,69060
2020-05-02 20:10:17,kovan,18304113,18235012,69101
2020-05-02 20:16:33,kovan,18304191,18235012,69179
2020-05-02 20:18:32,kovan,18304220,18235012,69208
2020-05-02 20:20:25,kovan,18304260,18235012,69248
2020-05-02 20:23:09,kovan,18304305,18235012,69293
2020-05-02 20:26:10,kovan,18304347,18235012,69335
2020-05-02 20:28:59,kovan,18304381,18235012,69369
2020-05-02 20:31:19,kovan,18304405,18235012,69393
2020-05-02 20:32:56,kovan,18304433,18235012,69421
2020-05-02 20:34:50,kovan,18304458,18235012,69446
2020-05-02 20:36:32,kovan,18304482,18235012,69470
2020-05-02 20:38:10,kovan,18304506,18235012,69494
2020-05-02 20:39:44,kovan,18304530,18235012,69518
2020-05-02 20:41:24,kovan,18304552,18235012,69540
2020-05-02 20:42:54,kovan,18304574,18235012,69562
2020-05-02 20:44:21,kovan,18304595,18235012,69583
2020-05-02 20:45:46,kovan,18304617,18235012,69605
2020-05-02 20:47:15,kovan,18304638,18235012,69626
2020-05-02 20:48:43,kovan,18304663,18235012,69651
2020-05-02 20:50:20,kovan,18304683,18235012,69671
2020-05-02 20:51:44,kovan,18304706,18235012,69694
2020-05-02 20:53:17,kovan,18304728,18235012,69716
2020-05-02 20:54:50,kovan,18304753,18235012,69741
2020-05-02 20:56:28,kovan,18304773,18235012,69761
2020-05-02 20:57:50,kovan,18304797,18235012,69785
2020-05-02 20:59:25,kovan,18304819,18235012,69807
2020-05-02 21:00:53,kovan,18304841,18235012,69829
2020-05-02 21:02:22,kovan,18304863,18235012,69851
2020-05-02 21:03:52,kovan,18304888,18235012,69876
2020-05-02 21:05:27,kovan,18304910,18235012,69898
2020-05-02 21:06:56,kovan,18304931,18235012,69919
2020-05-02 21:08:22,kovan,18304953,18235012,69941
2020-05-02 21:09:51,kovan,18304975,18235012,69963
2020-05-02 21:11:19,kovan,18304998,18235012,69986
2020-05-02 21:12:48,kovan,18305020,18235012,70008
2020-05-02 21:14:17,kovan,18305044,18235012,70032
2020-05-02 21:15:56,kovan,18305066,18235012,70054
2020-05-02 21:17:18,kovan,18305086,18235012,70074
2020-05-02 21:18:40,kovan,18305106,18235012,70094
2020-05-02 21:20:02,kovan,18305127,18235012,70115
2020-05-02 21:21:27,kovan,18305148,18235012,70136
2020-05-02 21:22:49,kovan,18305168,18235012,70156
2020-05-02 21:24:11,kovan,18305189,18235012,70177
2020-05-02 21:25:33,kovan,18305210,18235012,70198
2020-05-02 21:26:55,kovan,18305230,18235012,70218
2020-05-02 21:28:17,kovan,18305253,18235012,70241
2020-05-02 21:29:48,kovan,18305275,18235012,70263
2020-05-02 21:31:18,kovan,18305294,18235012,70282
2020-05-02 21:32:40,kovan,18305315,18235012,70303
2020-05-02 21:34:02,kovan,18305336,18235012,70324
2020-05-02 21:35:25,kovan,18305357,18235012,70345
2020-05-02 21:36:48,kovan,18305377,18235012,70365
2020-05-02 21:38:10,kovan,18305398,18235012,70386
2020-05-02 21:39:32,kovan,18305418,18235012,70406
2020-05-02 21:40:54,kovan,18305439,18235012,70427
2020-05-02 21:42:16,kovan,18305460,18235012,70448
2020-05-02 21:43:42,kovan,18305480,18235012,70468
2020-05-02 21:45:04,kovan,18305502,18235012,70490
2020-05-02 21:46:27,kovan,18305522,18235012,70510
2020-05-02 21:47:48,kovan,18305543,18235012,70531
2020-05-02 21:49:11,kovan,18305564,18235012,70552
2020-05-02 21:50:33,kovan,18305584,18235012,70572
2020-05-02 21:51:55,kovan,18305605,18235012,70593
2020-05-02 21:53:20,kovan,18305625,18235012,70613
2020-05-02 21:54:42,kovan,18305647,18235012,70635
2020-05-02 21:56:10,kovan,18305667,18235012,70655
2020-05-02 21:57:33,kovan,18305694,18235012,70682
2020-05-02 21:59:17,kovan,18305714,18235012,70702
2020-05-02 22:00:39,kovan,18305737,18235012,70725
2020-05-02 22:02:14,kovan,18305758,18235012,70746
2020-05-02 22:03:36,kovan,18305782,18235012,70770
2020-05-02 22:05:13,kovan,18305803,18235012,70791
2020-05-02 22:06:35,kovan,18305824,18235012,70812
2020-05-02 22:07:57,kovan,18305843,18235012,70831
2020-05-02 22:09:19,kovan,18305865,18235012,70853
2020-05-02 22:10:41,kovan,18305884,18235012,70872
2020-05-02 22:12:03,kovan,18305912,18235012,70900
2020-05-02 22:13:54,kovan,18305932,18235012,70920
2020-05-02 22:15:16,kovan,18305953,18235012,70941
2020-05-02 22:16:38,kovan,18305974,18235012,70962
2020-05-02 22:18:00,kovan,18305997,18235012,70985
2020-05-02 22:19:35,kovan,18306018,18235012,71006
2020-05-02 22:20:57,kovan,18306038,18235012,71026
2020-05-02 22:22:19,kovan,18306066,18235012,71054
2020-05-02 22:24:09,kovan,18306089,18235012,71077
2020-05-02 22:25:43,kovan,18306110,18235012,71098
2020-05-02 22:27:05,kovan,18306130,18235012,71118
2020-05-02 22:28:27,kovan,18306151,18235012,71139
2020-05-02 22:29:49,kovan,18306172,18235012,71160
2020-05-02 22:31:13,kovan,18306198,18235012,71186
2020-05-02 22:32:59,kovan,18306220,18235012,71208
2020-05-02 22:34:27,kovan,18306243,18235012,71231
2020-05-02 22:36:03,kovan,18306268,18235012,71256
2020-05-02 22:37:42,kovan,18306289,18235012,71277
2020-05-02 22:39:04,kovan,18306311,18235012,71299
2020-05-02 22:40:33,kovan,18306332,18235012,71320
2020-05-02 22:41:57,kovan,18306352,18235012,71340
2020-05-02 22:43:19,kovan,18306373,18235012,71361
2020-05-02 22:44:41,kovan,18306394,18235012,71382
2020-05-02 22:46:04,kovan,18306414,18235012,71402
2020-05-02 22:47:26,kovan,18306435,18235012,71423
2020-05-02 22:48:52,kovan,18306456,18235012,71444
2020-05-02 22:50:14,kovan,18306477,18235012,71465
2020-05-02 22:51:36,kovan,18306498,18235012,71486
2020-05-02 22:52:59,kovan,18306519,18235012,71507
2020-05-02 22:54:22,kovan,18306540,18235012,71528
2020-05-02 22:55:51,kovan,18306561,18235012,71549
2020-05-02 22:57:13,kovan,18306581,18235012,71569
2020-05-02 22:58:35,kovan,18306602,18235012,71590
2020-05-02 22:59:57,kovan,18306623,18235012,71611
2020-05-02 23:01:19,kovan,18306643,18235012,71631
2020-05-02 23:02:41,kovan,18306664,18235012,71652
2020-05-02 23:04:03,kovan,18306689,18235012,71677
2020-05-02 23:05:46,kovan,18306709,18235012,71697
2020-05-02 23:07:09,kovan,18306730,18235012,71718
2020-05-02 23:08:31,kovan,18306755,18235012,71743
2020-05-02 23:10:07,kovan,18306774,18235012,71762
2020-05-02 23:11:29,kovan,18306796,18235012,71784
2020-05-02 23:12:51,kovan,18306817,18235012,71805
2020-05-02 23:14:18,kovan,18306845,18235012,71833
2020-05-02 23:16:08,kovan,18306866,18235012,71854
2020-05-02 23:17:31,kovan,18306886,18235012,71874
2020-05-02 23:18:53,kovan,18306910,18235012,71898
2020-05-02 23:20:29,kovan,18306931,18235012,71919
2020-05-02 23:21:52,kovan,18306961,18235012,71949
2020-05-02 23:23:52,kovan,18306982,18235012,71970
2020-05-02 23:25:14,kovan,18307002,18235012,71990
2020-05-02 23:26:36,kovan,18307030,18235012,72018
2020-05-02 23:28:29,kovan,18307053,18235012,72041
2020-05-02 23:30:00,kovan,18307075,18235012,72063
2020-05-02 23:31:31,kovan,18307096,18235012,72084
2020-05-02 23:32:53,kovan,18307116,18235012,72104
2020-05-02 23:34:15,kovan,18307136,18235012,72124
2020-05-02 23:35:37,kovan,18307159,18235012,72147
2020-05-02 23:37:12,kovan,18307183,18235012,72171
2020-05-02 23:38:48,kovan,18307204,18235012,72192
2020-05-02 23:40:10,kovan,18307225,18235012,72213
2020-05-02 23:41:32,kovan,18307246,18235012,72234
2020-05-02 23:42:58,kovan,18307273,18235012,72261
2020-05-02 23:44:43,kovan,18307293,18235012,72281
2020-05-02 23:46:06,kovan,18307313,18235012,72301
2020-05-02 23:47:28,kovan,18307334,18235012,72322
2020-05-02 23:48:50,kovan,18307355,18235012,72343
2020-05-02 23:50:12,kovan,18307376,18235012,72364
2020-05-02 23:51:35,kovan,18307396,18235012,72384
2020-05-02 23:52:57,kovan,18307416,18235012,72404
2020-05-02 23:54:19,kovan,18307437,18235012,72425
2020-05-02 23:55:41,kovan,18307457,18235012,72445
2020-05-02 23:57:04,kovan,18307479,18235012,72467
2020-05-02 23:58:26,kovan,18307502,18235012,72490
2020-05-03 00:00:02,kovan,18307527,18235012,72515
2020-05-03 00:01:41,kovan,18307549,18235012,72537
2020-05-03 00:03:07,kovan,18307571,18235012,72559
2020-05-03 00:04:39,kovan,18307599,18235012,72587
2020-05-03 00:06:30,kovan,18307620,18235012,72608
2020-05-03 00:07:54,kovan,18307641,18235012,72629
2020-05-03 00:09:18,kovan,18307662,18235012,72650
2020-05-03 00:10:40,kovan,18307683,18235012,72671
2020-05-03 00:12:06,kovan,18307704,18235012,72692
2020-05-03 00:13:28,kovan,18307725,18235012,72713
2020-05-03 00:14:51,kovan,18307745,18235012,72733
2020-05-03 00:16:12,kovan,18307766,18235012,72754
2020-05-03 00:17:34,kovan,18307786,18235012,72774
2020-05-03 00:18:57,kovan,18307806,18235012,72794
2020-05-03 00:20:19,kovan,18307827,18235012,72815
2020-05-03 00:21:41,kovan,18307848,18235012,72836
2020-05-03 00:23:03,kovan,18307868,18235012,72856
2020-05-03 00:24:25,kovan,18307889,18235012,72877
2020-05-03 00:25:47,kovan,18307909,18235012,72897
2020-05-03 00:27:09,kovan,18307929,18235012,72917
2020-05-03 00:28:31,kovan,18307951,18235012,72939
2020-05-03 00:29:53,kovan,18307971,18235012,72959
2020-05-03 00:31:15,kovan,18307990,18235012,72978
2020-05-03 00:32:37,kovan,18308011,18235012,72999
2020-05-03 00:34:04,kovan,18308034,18235012,73022
2020-05-03 00:35:30,kovan,18308054,18235012,73042
2020-05-03 00:36:52,kovan,18308075,18235012,73063
2020-05-03 00:38:14,kovan,18308095,18235012,73083
2020-05-03 00:39:36,kovan,18308118,18235012,73106
2020-05-03 00:41:08,kovan,18308143,18235012,73131
2020-05-03 00:42:52,kovan,18308164,18235012,73152
2020-05-03 00:44:14,kovan,18308185,18235012,73173
2020-05-03 00:45:36,kovan,18308205,18235012,73193
2020-05-03 00:46:58,kovan,18308226,18235012,73214
2020-05-03 00:48:20,kovan,18308246,18235012,73234
2020-05-03 00:49:42,kovan,18308267,18235012,73255
2020-05-03 00:51:04,kovan,18308290,18235012,73278
2020-05-03 00:52:38,kovan,18308311,18235012,73299
2020-05-03 00:54:01,kovan,18308331,18235012,73319
2020-05-03 00:55:23,kovan,18308352,18235012,73340
2020-05-03 00:56:45,kovan,18308372,18235012,73360
2020-05-03 00:58:07,kovan,18308393,18235012,73381
2020-05-03 00:59:30,kovan,18308413,18235012,73401
2020-05-03 01:00:52,kovan,18308434,18235012,73422
2020-05-03 01:02:17,kovan,18308456,18235012,73444
2020-05-03 01:03:47,kovan,18308476,18235012,73464
2020-05-03 01:05:09,kovan,18308498,18235012,73486
2020-05-03 01:06:32,kovan,18308519,18235012,73507
2020-05-03 01:07:54,kovan,18308539,18235012,73527
2020-05-03 01:09:16,kovan,18308559,18235012,73547
2020-05-03 01:10:38,kovan,18308580,18235012,73568
2020-05-03 01:12:00,kovan,18308600,18235012,73588
2020-05-03 01:13:22,kovan,18308625,18235012,73613
2020-05-03 01:15:03,kovan,18308649,18235012,73637
2020-05-03 01:16:37,kovan,18308670,18235012,73658
2020-05-03 01:18:04,kovan,18308691,18235012,73679
2020-05-03 01:19:26,kovan,18308711,18235012,73699
2020-05-03 01:20:48,kovan,18308732,18235012,73720
2020-05-03 01:22:10,kovan,18308755,18235012,73743
2020-05-03 01:23:41,kovan,18308775,18235012,73763
2020-05-03 01:25:04,kovan,18308797,18235012,73785
2020-05-03 01:26:28,kovan,18308817,18235012,73805
2020-05-03 01:27:50,kovan,18308839,18235012,73827
2020-05-03 01:29:18,kovan,18308860,18235012,73848
2020-05-03 01:30:40,kovan,18308879,18235012,73867
2020-05-03 01:32:02,kovan,18308899,18235012,73887
2020-05-03 01:33:24,kovan,18308920,18235012,73908
2020-05-03 01:34:46,kovan,18308941,18235012,73929
2020-05-03 01:36:09,kovan,18308962,18235012,73950
2020-05-03 01:37:31,kovan,18308984,18235012,73972
2020-05-03 01:38:59,kovan,18309004,18235012,73992
2020-05-03 01:40:21,kovan,18309027,18235012,74015
2020-05-03 01:41:55,kovan,18309054,18235012,74042
2020-05-03 01:43:41,kovan,18309075,18235012,74063
2020-05-03 01:45:03,kovan,18309095,18235012,74083
2020-05-03 01:46:25,kovan,18309125,18235012,74113
2020-05-03 01:48:25,kovan,18309145,18235012,74133
2020-05-03 01:49:47,kovan,18309166,18235012,74154
2020-05-03 01:51:09,kovan,18309187,18235012,74175
2020-05-03 01:52:31,kovan,18309207,18235012,74195
2020-05-03 01:53:53,kovan,18309228,18235012,74216
2020-05-03 01:55:18,kovan,18309250,18235012,74238
2020-05-03 01:56:44,kovan,18309270,18235012,74258
2020-05-03 01:58:06,kovan,18309291,18235012,74279
2020-05-03 01:59:28,kovan,18309311,18235012,74299
2020-05-03 02:00:50,kovan,18309332,18235012,74320
2020-05-03 02:02:12,kovan,18309358,18235012,74346
2020-05-03 02:03:55,kovan,18309378,18235012,74366
2020-05-03 02:05:17,kovan,18309398,18235012,74386
2020-05-03 02:06:39,kovan,18309419,18235012,74407
2020-05-03 02:08:01,kovan,18309439,18235012,74427
2020-05-03 02:09:23,kovan,18309460,18235012,74448
2020-05-03 02:10:45,kovan,18309481,18235012,74469
2020-05-03 02:12:07,kovan,18309501,18235012,74489
2020-05-03 02:13:29,kovan,18309524,18235012,74512
2020-05-03 02:14:58,kovan,18309545,18235012,74533
2020-05-03 02:16:28,kovan,18309566,18235012,74554
2020-05-03 02:17:50,kovan,18309587,18235012,74575
2020-05-03 02:19:12,kovan,18309608,18235012,74596
2020-05-03 02:20:36,kovan,18309628,18235012,74616
2020-05-03 02:21:58,kovan,18309649,18235012,74637
2020-05-03 02:23:20,kovan,18309670,18235012,74658
2020-05-03 02:24:42,kovan,18309691,18235012,74679
2020-05-03 02:26:06,kovan,18309711,18235012,74699
2020-05-03 02:27:29,kovan,18309732,18235012,74720
2020-05-03 02:28:51,kovan,18309753,18235012,74741
2020-05-03 02:30:13,kovan,18309771,18235012,74759
2020-05-03 02:31:35,kovan,18309792,18235012,74780
2020-05-03 02:32:57,kovan,18309813,18235012,74801
2020-05-03 02:34:20,kovan,18309833,18235012,74821
2020-05-03 02:35:42,kovan,18309857,18235012,74845
2020-05-03 02:37:17,kovan,18309878,18235012,74866
2020-05-03 02:38:40,kovan,18309898,18235012,74886
2020-05-03 02:40:02,kovan,18309919,18235012,74907
2020-05-03 02:41:26,kovan,18309940,18235012,74928
2020-05-03 02:42:48,kovan,18309960,18235012,74948
2020-05-03 02:44:10,kovan,18309980,18235012,74968
2020-05-03 02:45:32,kovan,18310000,18235012,74988
2020-05-03 02:46:54,kovan,18310021,18235012,75009
2020-05-03 02:48:16,kovan,18310042,18235012,75030
2020-05-03 02:49:40,kovan,18310066,18235012,75054
2020-05-03 02:51:13,kovan,18310086,18235012,75074
2020-05-03 02:52:35,kovan,18310107,18235012,75095
2020-05-03 02:53:58,kovan,18310127,18235012,75115
2020-05-03 02:55:20,kovan,18310151,18235012,75139
2020-05-03 02:56:58,kovan,18310172,18235012,75160
2020-05-03 02:58:20,kovan,18310192,18235012,75180
2020-05-03 02:59:42,kovan,18310213,18235012,75201
2020-05-03 03:01:04,kovan,18310233,18235012,75221
2020-05-03 03:02:30,kovan,18310254,18235012,75242
2020-05-03 03:03:52,kovan,18310274,18235012,75262
2020-05-03 03:05:14,kovan,18310295,18235012,75283
2020-05-03 03:06:36,kovan,18310315,18235012,75303
2020-05-03 03:07:58,kovan,18310336,18235012,75324
2020-05-03 03:09:20,kovan,18310356,18235012,75344
2020-05-03 03:10:43,kovan,18310377,18235012,75365
2020-05-03 03:12:04,kovan,18310397,18235012,75385
2020-05-03 03:13:26,kovan,18310418,18235012,75406
2020-05-03 03:14:48,kovan,18310439,18235012,75427
2020-05-03 03:16:10,kovan,18310459,18235012,75447
2020-05-03 03:17:32,kovan,18310487,18235012,75475
2020-05-03 03:19:23,kovan,18310514,18235012,75502
2020-05-03 03:21:15,kovan,18310539,18235012,75527
2020-05-03 03:22:52,kovan,18310567,18235012,75555
2020-05-03 03:24:42,kovan,18310588,18235012,75576
2020-05-03 03:26:07,kovan,18310609,18235012,75597
2020-05-03 03:27:30,kovan,18310630,18235012,75618
2020-05-03 03:28:59,kovan,18310651,18235012,75639
2020-05-03 03:30:21,kovan,18310671,18235012,75659
2020-05-03 03:31:44,kovan,18310692,18235012,75680
2020-05-03 03:33:06,kovan,18310712,18235012,75700
2020-05-03 03:34:28,kovan,18310732,18235012,75720
2020-05-03 03:35:50,kovan,18310753,18235012,75741
2020-05-03 03:37:13,kovan,18310773,18235012,75761
2020-05-03 03:38:35,kovan,18310794,18235012,75782
2020-05-03 03:39:57,kovan,18310815,18235012,75803
2020-05-03 03:41:20,kovan,18310836,18235012,75824
2020-05-03 03:42:42,kovan,18310856,18235012,75844
2020-05-03 03:44:09,kovan,18310879,18235012,75867
2020-05-03 03:45:38,kovan,18310910,18235012,75898
2020-05-03 03:47:43,kovan,18310932,18235012,75920
2020-05-03 03:49:11,kovan,18310954,18235012,75942
2020-05-03 03:50:36,kovan,18310975,18235012,75963
2020-05-03 03:52:02,kovan,18310997,18235012,75985
2020-05-03 03:53:27,kovan,18311018,18235012,76006
2020-05-03 03:54:53,kovan,18311040,18235012,76028
2020-05-03 03:56:19,kovan,18311061,18235012,76049
2020-05-03 03:57:50,kovan,18311085,18235012,76073
2020-05-03 03:59:20,kovan,18311108,18235012,76096
2020-05-03 04:00:52,kovan,18311131,18235012,76119
2020-05-03 04:02:26,kovan,18311153,18235012,76141
2020-05-03 04:03:56,kovan,18311177,18235012,76165
2020-05-03 04:05:28,kovan,18311198,18235012,76186
2020-05-03 04:06:50,kovan,18311218,18235012,76206
2020-05-03 04:08:12,kovan,18311239,18235012,76227
2020-05-03 04:09:34,kovan,18311259,18235012,76247
2020-05-03 04:10:56,kovan,18311280,18235012,76268
2020-05-03 04:12:18,kovan,18311300,18235012,76288
2020-05-03 04:13:40,kovan,18311321,18235012,76309
2020-05-03 04:15:02,kovan,18311347,18235012,76335
2020-05-03 04:16:48,kovan,18311367,18235012,76355
2020-05-03 04:18:10,kovan,18311388,18235012,76376
2020-05-03 04:19:32,kovan,18311408,18235012,76396
2020-05-03 04:20:54,kovan,18311429,18235012,76417
2020-05-03 04:22:16,kovan,18311450,18235012,76438
2020-05-03 04:23:42,kovan,18311471,18235012,76459
2020-05-03 04:25:04,kovan,18311491,18235012,76479
2020-05-03 04:26:26,kovan,18311512,18235012,76500
2020-05-03 04:27:48,kovan,18311533,18235012,76521
2020-05-03 04:29:10,kovan,18311552,18235012,76540
2020-05-03 04:30:32,kovan,18311573,18235012,76561
2020-05-03 04:31:57,kovan,18311593,18235012,76581
2020-05-03 04:33:19,kovan,18311614,18235012,76602
2020-05-03 04:34:42,kovan,18311635,18235012,76623
2020-05-03 04:36:04,kovan,18311656,18235012,76644
2020-05-03 04:37:26,kovan,18311676,18235012,76664
2020-05-03 04:38:49,kovan,18311697,18235012,76685
2020-05-03 04:40:11,kovan,18311717,18235012,76705
2020-05-03 04:41:33,kovan,18311738,18235012,76726
2020-05-03 04:42:55,kovan,18311758,18235012,76746
2020-05-03 04:44:18,kovan,18311779,18235012,76767
2020-05-03 04:45:40,kovan,18311799,18235012,76787
2020-05-03 04:47:02,kovan,18311820,18235012,76808
2020-05-03 04:48:24,kovan,18311840,18235012,76828
2020-05-03 04:49:46,kovan,18311861,18235012,76849
2020-05-03 04:51:08,kovan,18311881,18235012,76869
2020-05-03 04:52:30,kovan,18311902,18235012,76890
2020-05-03 04:53:52,kovan,18311922,18235012,76910
2020-05-03 04:55:14,kovan,18311943,18235012,76931
2020-05-03 04:56:36,kovan,18311963,18235012,76951
2020-05-03 04:57:58,kovan,18311984,18235012,76972
2020-05-03 04:59:20,kovan,18312005,18235012,76993
2020-05-03 05:00:42,kovan,18312025,18235012,77013
2020-05-03 05:02:05,kovan,18312045,18235012,77033
2020-05-03 05:03:27,kovan,18312066,18235012,77054
2020-05-03 05:04:50,kovan,18312087,18235012,77075
2020-05-03 05:06:12,kovan,18312107,18235012,77095
2020-05-03 05:07:34,kovan,18312129,18235012,77117
2020-05-03 05:09:02,kovan,18312154,18235012,77142
2020-05-03 05:10:38,kovan,18312183,18235012,77171
2020-05-03 05:12:35,kovan,18312232,18235012,77220
2020-05-03 05:15:52,kovan,18312253,18235012,77241
2020-05-03 05:17:14,kovan,18312273,18235012,77261
2020-05-03 05:18:36,kovan,18312296,18235012,77284
2020-05-03 05:20:09,kovan,18312317,18235012,77305
2020-05-03 05:21:31,kovan,18312337,18235012,77325
2020-05-03 05:22:53,kovan,18312358,18235012,77346
2020-05-03 05:24:15,kovan,18312378,18235012,77366
2020-05-03 05:25:37,kovan,18312399,18235012,77387
2020-05-03 05:26:59,kovan,18312419,18235012,77407
2020-05-03 05:28:21,kovan,18312440,18235012,77428
2020-05-03 05:29:43,kovan,18312461,18235012,77449
2020-05-03 05:31:06,kovan,18312480,18235012,77468
2020-05-03 05:32:28,kovan,18312500,18235012,77488
2020-05-03 05:33:51,kovan,18312521,18235012,77509
2020-05-03 05:35:13,kovan,18312541,18235012,77529
2020-05-03 05:36:35,kovan,18312563,18235012,77551
2020-05-03 05:38:00,kovan,18312583,18235012,77571
2020-05-03 05:39:22,kovan,18312604,18235012,77592
2020-05-03 05:40:44,kovan,18312624,18235012,77612
2020-05-03 05:42:08,kovan,18312644,18235012,77632
2020-05-03 05:43:29,kovan,18312665,18235012,77653
2020-05-03 05:44:51,kovan,18312685,18235012,77673
2020-05-03 05:46:14,kovan,18312705,18235012,77693
2020-05-03 05:47:36,kovan,18312725,18235012,77713
2020-05-03 05:48:58,kovan,18312746,18235012,77734
2020-05-03 05:50:20,kovan,18312766,18235012,77754
2020-05-03 05:51:43,kovan,18312787,18235012,77775
2020-05-03 05:53:05,kovan,18312812,18235012,77800
2020-05-03 05:54:47,kovan,18312833,18235012,77821
2020-05-03 05:56:09,kovan,18312853,18235012,77841
2020-05-03 05:57:31,kovan,18312874,18235012,77862
2020-05-03 05:58:54,kovan,18312895,18235012,77883
2020-05-03 06:00:16,kovan,18312914,18235012,77902
2020-05-03 06:01:38,kovan,18312934,18235012,77922
2020-05-03 06:03:00,kovan,18312955,18235012,77943
2020-05-03 06:04:22,kovan,18312975,18235012,77963
2020-05-03 06:05:45,kovan,18312996,18235012,77984
2020-05-03 06:07:07,kovan,18313017,18235012,78005
2020-05-03 06:08:29,kovan,18313038,18235012,78026
2020-05-03 06:09:51,kovan,18313058,18235012,78046
2020-05-03 06:11:13,kovan,18313085,18235012,78073
2020-05-03 06:13:04,kovan,18313105,18235012,78093
2020-05-03 06:14:26,kovan,18313126,18235012,78114
2020-05-03 06:15:48,kovan,18313145,18235012,78133
2020-05-03 06:17:10,kovan,18313165,18235012,78153
2020-05-03 06:18:32,kovan,18313187,18235012,78175
2020-05-03 06:19:57,kovan,18313208,18235012,78196
2020-05-03 06:21:19,kovan,18313227,18235012,78215
2020-05-03 06:22:41,kovan,18313248,18235012,78236
2020-05-03 06:24:03,kovan,18313269,18235012,78257
2020-05-03 06:25:25,kovan,18313289,18235012,78277
2020-05-03 06:26:47,kovan,18313310,18235012,78298
2020-05-03 06:28:09,kovan,18313330,18235012,78318
2020-05-03 06:29:31,kovan,18313351,18235012,78339
2020-05-03 06:30:53,kovan,18313370,18235012,78358
2020-05-03 06:32:15,kovan,18313395,18235012,78383
2020-05-03 06:34:00,kovan,18313416,18235012,78404
2020-05-03 06:35:22,kovan,18313435,18235012,78423
2020-05-03 06:36:44,kovan,18313457,18235012,78445
2020-05-03 06:38:06,kovan,18313477,18235012,78465
2020-05-03 06:39:28,kovan,18313504,18235012,78492
2020-05-03 06:41:22,kovan,18313524,18235012,78512
2020-05-03 06:42:44,kovan,18313545,18235012,78533
2020-05-03 06:44:07,kovan,18313566,18235012,78554
2020-05-03 06:45:29,kovan,18313586,18235012,78574
2020-05-03 06:46:51,kovan,18313606,18235012,78594
2020-05-03 06:48:13,kovan,18313626,18235012,78614
2020-05-03 06:49:35,kovan,18313647,18235012,78635
2020-05-03 06:50:58,kovan,18313672,18235012,78660
2020-05-03 06:52:42,kovan,18313693,18235012,78681
2020-05-03 06:54:05,kovan,18313713,18235012,78701
2020-05-03 06:55:27,kovan,18313734,18235012,78722
2020-05-03 06:56:49,kovan,18313754,18235012,78742
2020-05-03 06:58:11,kovan,18313774,18235012,78762
2020-05-03 06:59:33,kovan,18313795,18235012,78783
2020-05-03 07:00:55,kovan,18313815,18235012,78803
2020-05-03 07:02:17,kovan,18313836,18235012,78824
2020-05-03 07:03:39,kovan,18313856,18235012,78844
2020-05-03 07:05:01,kovan,18313877,18235012,78865
2020-05-03 07:06:23,kovan,18313897,18235012,78885
2020-05-03 07:07:45,kovan,18313917,18235012,78905
2020-05-03 07:09:08,kovan,18313939,18235012,78927
2020-05-03 07:10:30,kovan,18313958,18235012,78946
2020-05-03 07:11:52,kovan,18313982,18235012,78970
2020-05-03 07:13:31,kovan,18314003,18235012,78991
2020-05-03 07:14:53,kovan,18314024,18235012,79012
2020-05-03 07:16:15,kovan,18314044,18235012,79032
2020-05-03 07:17:37,kovan,18314066,18235012,79054
2020-05-03 07:19:05,kovan,18314089,18235012,79077
2020-05-03 07:20:37,kovan,18314109,18235012,79097
2020-05-03 07:21:59,kovan,18314130,18235012,79118
2020-05-03 07:23:21,kovan,18314150,18235012,79138
2020-05-03 07:24:43,kovan,18314171,18235012,79159
2020-05-03 07:26:05,kovan,18314197,18235012,79185
2020-05-03 07:27:47,kovan,18314218,18235012,79206
2020-05-03 07:29:11,kovan,18314238,18235012,79226
2020-05-03 07:30:33,kovan,18314258,18235012,79246
2020-05-03 07:31:55,kovan,18314278,18235012,79266
2020-05-03 07:33:17,kovan,18314307,18235012,79295
2020-05-03 07:35:13,kovan,18314328,18235012,79316
2020-05-03 07:36:35,kovan,18314348,18235012,79336
2020-05-03 07:37:57,kovan,18314369,18235012,79357
2020-05-03 07:39:19,kovan,18314389,18235012,79377
2020-05-03 07:40:41,kovan,18314409,18235012,79397
2020-05-03 07:42:03,kovan,18314430,18235012,79418
2020-05-03 07:43:25,kovan,18314450,18235012,79438
2020-05-03 07:44:47,kovan,18314471,18235012,79459
2020-05-03 07:46:10,kovan,18314491,18235012,79479
2020-05-03 07:47:32,kovan,18314512,18235012,79500
2020-05-03 07:48:57,kovan,18314533,18235012,79521
2020-05-03 07:50:19,kovan,18314553,18235012,79541
2020-05-03 07:51:41,kovan,18314574,18235012,79562
2020-05-03 07:53:03,kovan,18314594,18235012,79582
2020-05-03 07:54:25,kovan,18314619,18235012,79607
2020-05-03 07:56:04,kovan,18314639,18235012,79627
2020-05-03 07:57:26,kovan,18314659,18235012,79647
2020-05-03 07:58:49,kovan,18314680,18235012,79668
2020-05-03 08:00:10,kovan,18314700,18235012,79688
2020-05-03 08:01:33,kovan,18314720,18235012,79708
2020-05-03 08:02:55,kovan,18314741,18235012,79729
2020-05-03 08:04:17,kovan,18314761,18235012,79749
2020-05-03 08:05:39,kovan,18314782,18235012,79770
2020-05-03 08:07:01,kovan,18314803,18235012,79791
2020-05-03 08:08:23,kovan,18314823,18235012,79811
2020-05-03 08:09:46,kovan,18314844,18235012,79832
2020-05-03 08:11:08,kovan,18314864,18235012,79852
2020-05-03 08:12:30,kovan,18314885,18235012,79873
2020-05-03 08:13:53,kovan,18314905,18235012,79893
2020-05-03 08:15:15,kovan,18314926,18235012,79914
2020-05-03 08:16:37,kovan,18314947,18235012,79935
2020-05-03 08:18:02,kovan,18314968,18235012,79956
2020-05-03 08:19:24,kovan,18314990,18235012,79978
2020-05-03 08:20:51,kovan,18315009,18235012,79997
2020-05-03 08:22:13,kovan,18315030,18235012,80018
2020-05-03 08:23:35,kovan,18315051,18235012,80039
2020-05-03 08:25:03,kovan,18315072,18235012,80060
2020-05-03 08:26:25,kovan,18315092,18235012,80080
2020-05-03 08:27:47,kovan,18315113,18235012,80101
2020-05-03 08:29:10,kovan,18315133,18235012,80121
2020-05-03 08:30:32,kovan,18315153,18235012,80141
2020-05-03 08:31:54,kovan,18315174,18235012,80162
2020-05-03 08:33:16,kovan,18315194,18235012,80182
2020-05-03 08:34:38,kovan,18315215,18235012,80203
2020-05-03 08:36:00,kovan,18315235,18235012,80223
2020-05-03 08:37:22,kovan,18315256,18235012,80244
2020-05-03 08:38:45,kovan,18315275,18235012,80263
2020-05-03 08:40:07,kovan,18315297,18235012,80285
2020-05-03 08:41:30,kovan,18315317,18235012,80305
2020-05-03 08:42:52,kovan,18315337,18235012,80325
2020-05-03 08:44:14,kovan,18315358,18235012,80346
2020-05-03 08:45:36,kovan,18315378,18235012,80366
2020-05-03 08:46:58,kovan,18315399,18235012,80387
2020-05-03 08:48:20,kovan,18315420,18235012,80408
2020-05-03 08:49:42,kovan,18315440,18235012,80428
2020-05-03 08:51:04,kovan,18315461,18235012,80449
2020-05-03 08:52:27,kovan,18315481,18235012,80469
2020-05-03 08:53:49,kovan,18315502,18235012,80490
2020-05-03 08:55:11,kovan,18315522,18235012,80510
2020-05-03 08:56:34,kovan,18315543,18235012,80531
2020-05-03 08:57:55,kovan,18315563,18235012,80551
2020-05-03 08:59:17,kovan,18315584,18235012,80572
2020-05-03 09:00:40,kovan,18315607,18235012,80595
2020-05-03 09:02:19,kovan,18315628,18235012,80616
2020-05-03 09:03:42,kovan,18315649,18235012,80637
2020-05-03 09:05:04,kovan,18315670,18235012,80658
2020-05-03 09:06:33,kovan,18315691,18235012,80679
2020-05-03 09:07:55,kovan,18315712,18235012,80700
2020-05-03 09:09:17,kovan,18315733,18235012,80721
2020-05-03 09:10:39,kovan,18315753,18235012,80741
2020-05-03 09:12:01,kovan,18315774,18235012,80762
2020-05-03 09:13:23,kovan,18315794,18235012,80782
2020-05-03 09:14:45,kovan,18315814,18235012,80802
2020-05-03 09:16:08,kovan,18315836,18235012,80824
2020-05-03 09:17:31,kovan,18315856,18235012,80844
2020-05-03 09:18:53,kovan,18315877,18235012,80865
2020-05-03 09:20:15,kovan,18315897,18235012,80885
2020-05-03 09:21:37,kovan,18315917,18235012,80905
2020-05-03 09:22:59,kovan,18315938,18235012,80926
2020-05-03 09:24:21,kovan,18315958,18235012,80946
2020-05-03 09:25:43,kovan,18315979,18235012,80967
2020-05-03 09:27:05,kovan,18316003,18235012,80991
2020-05-03 09:28:42,kovan,18316023,18235012,81011
2020-05-03 09:30:04,kovan,18316045,18235012,81033
2020-05-03 09:31:27,kovan,18316064,18235012,81052
2020-05-03 09:32:49,kovan,18316086,18235012,81074
2020-05-03 09:34:17,kovan,18316106,18235012,81094
2020-05-03 09:35:39,kovan,18316127,18235012,81115
2020-05-03 09:37:01,kovan,18316147,18235012,81135
2020-05-03 09:38:23,kovan,18316168,18235012,81156
2020-05-03 09:39:45,kovan,18316188,18235012,81176
2020-05-03 09:41:07,kovan,18316209,18235012,81197
2020-05-03 09:42:29,kovan,18316230,18235012,81218
2020-05-03 09:43:51,kovan,18316250,18235012,81238
2020-05-03 09:45:13,kovan,18316270,18235012,81258
2020-05-03 09:46:35,kovan,18316290,18235012,81278
2020-05-03 09:47:57,kovan,18316311,18235012,81299
2020-05-03 09:49:19,kovan,18316331,18235012,81319
2020-05-03 09:50:41,kovan,18316351,18235012,81339
2020-05-03 09:52:03,kovan,18316371,18235012,81359
2020-05-03 09:53:25,kovan,18316392,18235012,81380
2020-05-03 09:54:48,kovan,18316412,18235012,81400
2020-05-03 09:56:10,kovan,18316432,18235012,81420
2020-05-03 09:57:36,kovan,18316454,18235012,81442
2020-05-03 09:59:02,kovan,18316475,18235012,81463
2020-05-03 10:00:24,kovan,18316494,18235012,81482
2020-05-03 10:01:47,kovan,18316514,18235012,81502
2020-05-03 10:03:09,kovan,18316535,18235012,81523
2020-05-03 10:04:31,kovan,18316555,18235012,81543
2020-05-03 10:05:54,kovan,18316575,18235012,81563
2020-05-03 10:07:16,kovan,18316596,18235012,81584
2020-05-03 10:08:38,kovan,18316616,18235012,81604
2020-05-03 10:10:00,kovan,18316636,18235012,81624
2020-05-03 10:11:22,kovan,18316658,18235012,81646
2020-05-03 10:12:52,kovan,18316682,18235012,81670
2020-05-03 10:14:29,kovan,18316705,18235012,81693
2020-05-03 10:16:03,kovan,18316728,18235012,81716
2020-05-03 10:17:31,kovan,18316750,18235012,81738
2020-05-03 10:19:01,kovan,18316770,18235012,81758
2020-05-03 10:20:23,kovan,18316789,18235012,81777
2020-05-03 10:21:45,kovan,18316810,18235012,81798
2020-05-03 10:23:07,kovan,18316831,18235012,81819
2020-05-03 10:24:29,kovan,18316852,18235012,81840
2020-05-03 10:25:53,kovan,18316871,18235012,81859
2020-05-03 10:27:15,kovan,18316891,18235012,81879
2020-05-03 10:28:37,kovan,18316913,18235012,81901
2020-05-03 10:29:59,kovan,18316933,18235012,81921
2020-05-03 10:31:21,kovan,18316953,18235012,81941
2020-05-03 10:32:44,kovan,18316973,18235012,81961
2020-05-03 10:34:06,kovan,18316994,18235012,81982
2020-05-03 10:35:28,kovan,18317014,18235012,82002
2020-05-03 10:36:50,kovan,18317034,18235012,82022
2020-05-03 10:38:12,kovan,18317054,18235012,82042
2020-05-03 10:39:34,kovan,18317075,18235012,82063
2020-05-03 10:40:56,kovan,18317094,18235012,82082
2020-05-03 10:42:20,kovan,18317115,18235012,82103
2020-05-03 10:43:42,kovan,18317136,18235012,82124
2020-05-03 10:45:04,kovan,18317156,18235012,82144
2020-05-03 10:46:26,kovan,18317176,18235012,82164
2020-05-03 10:47:48,kovan,18317197,18235012,82185
2020-05-03 10:49:10,kovan,18317217,18235012,82205
2020-05-03 10:50:32,kovan,18317238,18235012,82226
2020-05-03 10:51:54,kovan,18317258,18235012,82246
2020-05-03 10:53:16,kovan,18317279,18235012,82267
2020-05-03 10:54:38,kovan,18317298,18235012,82286
2020-05-03 10:56:00,kovan,18317318,18235012,82306
2020-05-03 10:57:22,kovan,18317338,18235012,82326
2020-05-03 10:58:45,kovan,18317360,18235012,82348
2020-05-03 11:00:08,kovan,18317380,18235012,82368
2020-05-03 11:01:30,kovan,18317400,18235012,82388
2020-05-03 11:02:52,kovan,18317421,18235012,82409
2020-05-03 11:04:14,kovan,18317441,18235012,82429
2020-05-03 11:05:36,kovan,18317460,18235012,82448
2020-05-03 11:06:58,kovan,18317481,18235012,82469
2020-05-03 11:08:20,kovan,18317501,18235012,82489
2020-05-03 11:09:43,kovan,18317522,18235012,82510
2020-05-03 11:11:04,kovan,18317542,18235012,82530
2020-05-03 11:12:27,kovan,18317562,18235012,82550
2020-05-03 11:13:49,kovan,18317583,18235012,82571
2020-05-03 11:15:11,kovan,18317603,18235012,82591
2020-05-03 11:16:33,kovan,18317623,18235012,82611
2020-05-03 11:17:56,kovan,18317643,18235012,82631
2020-05-03 11:19:18,kovan,18317663,18235012,82651
2020-05-03 11:20:40,kovan,18317683,18235012,82671
2020-05-03 11:22:02,kovan,18317707,18235012,82695
2020-05-03 11:23:37,kovan,18317737,18235012,82725
2020-05-03 11:25:36,kovan,18317756,18235012,82744
2020-05-03 11:27:00,kovan,18317780,18235012,82768
2020-05-03 11:28:32,kovan,18317804,18235012,82792
2020-05-03 11:30:12,kovan,18317824,18235012,82812
2020-05-03 11:31:34,kovan,18317845,18235012,82833
2020-05-03 11:32:59,kovan,18317870,18235012,82858
2020-05-03 11:36:00,kovan,18317911,0,18317911
2020-05-03 11:37:27,kovan,18317943,0,18317943
2020-05-03 11:39:34,kovan,18317965,0,18317965
2020-05-03 11:41:00,kovan,18317985,0,18317985
2020-05-03 11:42:27,kovan,18318006,0,18318006
2020-05-03 11:43:51,kovan,18318031,0,18318031
2020-05-03 11:45:29,kovan,18318054,0,18318054
2020-05-03 11:47:05,kovan,18318075,0,18318075
2020-05-03 11:48:29,kovan,18318096,0,18318096
2020-05-03 11:49:55,kovan,18318118,0,18318118
2020-05-03 11:51:22,kovan,18318141,0,18318141
2020-05-03 11:52:56,kovan,18318162,0,18318162
2020-05-03 11:54:23,kovan,18318187,0,18318187
2020-05-03 11:56:03,kovan,18318212,0,18318212
2020-05-03 11:57:46,kovan,18318233,0,18318233
2020-05-03 11:59:10,kovan,18318255,0,18318255
2020-05-03 12:00:38,kovan,18318279,0,18318279
2020-05-03 12:02:17,kovan,18318304,0,18318304
2020-05-03 12:03:59,kovan,18318334,0,18318334
2020-05-03 12:06:01,kovan,18318360,0,18318360
2020-05-03 12:07:44,kovan,18318389,0,18318389
2020-05-03 12:09:38,kovan,18318419,0,18318419
2020-05-03 12:11:44,kovan,18318454,0,18318454
2020-05-03 12:14:03,kovan,18318476,0,18318476
2020-05-03 12:15:27,kovan,18318500,0,18318500
2020-05-03 12:17:09,kovan,18318527,0,18318527
2020-05-03 12:18:58,kovan,18318549,0,18318549
2020-05-03 12:20:25,kovan,18318571,0,18318571
2020-05-03 12:22:00,kovan,18318596,0,18318596
2020-05-03 12:23:40,kovan,18318640,0,18318640
2020-05-03 12:26:29,kovan,18318662,0,18318662
2020-05-03 12:28:02,kovan,18318687,0,18318687
2020-05-03 12:29:43,kovan,18318711,0,18318711
2020-05-03 12:31:16,kovan,18318734,0,18318734
2020-05-03 12:32:55,kovan,18318760,0,18318760
2020-05-03 12:34:36,kovan,18318792,0,18318792
2020-05-03 12:36:48,kovan,18318820,0,18318820
2020-05-03 12:38:39,kovan,18318843,0,18318843
2020-05-03 12:40:08,kovan,18318867,0,18318867
2020-05-03 12:41:48,kovan,18318890,0,18318890
2020-05-03 12:43:20,kovan,18318913,0,18318913
2020-05-03 12:44:55,kovan,18318936,0,18318936
2020-05-03 12:46:30,kovan,18318958,0,18318958
2020-05-03 12:47:56,kovan,18318981,0,18318981
2020-05-03 12:49:30,kovan,18319005,0,18319005
2020-05-03 12:51:06,kovan,18319028,0,18319028
2020-05-03 12:52:42,kovan,18319051,0,18319051
2020-05-03 12:54:13,kovan,18319077,0,18319077
2020-05-03 12:56:02,kovan,18319110,0,18319110
2020-05-03 12:58:18,kovan,18319131,0,18319131
2020-05-03 12:59:44,kovan,18319155,0,18319155
2020-05-03 13:01:14,kovan,18319178,0,18319178
2020-05-03 13:02:51,kovan,18319203,0,18319203
2020-05-03 13:04:30,kovan,18319226,0,18319226
2020-05-03 13:06:00,kovan,18319252,0,18319252
2020-05-03 13:07:50,kovan,18319285,0,18319285
2020-05-03 13:09:59,kovan,18319314,0,18319314
2020-05-03 13:12:01,kovan,18319336,0,18319336
2020-05-03 13:13:25,kovan,18319359,0,18319359
2020-05-03 13:15:01,kovan,18319383,0,18319383
2020-05-03 13:16:38,kovan,18319409,0,18319409
2020-05-03 13:18:21,kovan,18319432,0,18319432
2020-05-03 13:19:54,kovan,18319456,0,18319456
2020-05-03 13:21:38,kovan,18319480,0,18319480
2020-05-03 13:23:16,kovan,18319503,0,18319503
2020-05-03 13:24:43,kovan,18319525,0,18319525
2020-05-03 13:26:14,kovan,18319550,0,18319550
2020-05-03 13:27:52,kovan,18319573,0,18319573
2020-05-03 13:29:26,kovan,18319599,0,18319599
2020-05-03 13:31:09,kovan,18319633,0,18319633
2020-05-03 13:33:32,kovan,18319658,0,18319658
2020-05-03 13:35:09,kovan,18319685,0,18319685
2020-05-03 13:37:05,kovan,18319714,0,18319714
2020-05-03 13:39:05,kovan,18319750,0,18319750
2020-05-03 13:44:30,kovan,18319832,0,18319832
2020-05-03 13:46:57,kovan,18319861,0,18319861
2020-05-03 13:48:52,kovan,18319882,0,18319882
2020-05-03 13:50:19,kovan,18319903,0,18319903
2020-05-03 13:51:41,kovan,18319924,0,18319924
2020-05-03 13:53:04,kovan,18319955,0,18319955
2020-05-03 13:55:07,kovan,18319977,0,18319977
2020-05-03 13:56:37,kovan,18319998,0,18319998
2020-05-03 13:58:00,kovan,18320020,0,18320020
2020-05-03 13:59:30,kovan,18320045,0,18320045
2020-05-03 14:01:08,kovan,18320064,0,18320064
2020-05-03 14:02:31,kovan,18320086,0,18320086
2020-05-03 14:03:56,kovan,18320107,0,18320107
2020-05-03 14:05:18,kovan,18320127,0,18320127
2020-05-03 14:06:41,kovan,18320154,0,18320154
2020-05-03 14:08:32,kovan,18320179,0,18320179
2020-05-03 14:10:17,kovan,18320202,0,18320202
2020-05-03 14:11:50,kovan,18320223,0,18320223
2020-05-03 14:13:14,kovan,18320246,0,18320246
2020-05-03 14:14:48,kovan,18320269,0,18320269
2020-05-03 14:16:16,kovan,18320291,0,18320291
2020-05-03 14:17:48,kovan,18320312,0,18320312
2020-05-03 14:19:12,kovan,18320342,0,18320342
2020-05-03 14:21:15,kovan,18320367,0,18320367
2020-05-03 14:22:55,kovan,18320389,0,18320389
2020-05-03 14:24:23,kovan,18320417,0,18320417
2020-05-03 14:26:15,kovan,18320442,0,18320442
2020-05-03 14:28:03,kovan,18320465,0,18320465
2020-05-03 14:29:35,kovan,18320490,0,18320490
2020-05-03 14:31:15,kovan,18320514,0,18320514
2020-05-03 14:33:00,kovan,18320540,0,18320540
2020-05-03 14:34:42,kovan,18320564,0,18320564
2020-05-03 14:36:15,kovan,18320587,0,18320587
2020-05-03 14:37:54,kovan,18320609,0,18320609
2020-05-03 14:39:22,kovan,18320631,0,18320631
2020-05-03 14:40:48,kovan,18320651,0,18320651
2020-05-03 14:42:14,kovan,18320675,0,18320675
2020-05-03 14:43:50,kovan,18320698,0,18320698
2020-05-03 14:45:20,kovan,18320721,0,18320721
2020-05-03 14:46:57,kovan,18320742,0,18320742
2020-05-03 14:48:23,kovan,18320761,0,18320761
2020-05-03 14:49:46,kovan,18320782,0,18320782
2020-05-03 14:51:09,kovan,18320803,0,18320803
2020-05-03 14:58:39,kovan,18320919,0,18320919
2020-05-03 15:00:31,kovan,18320939,0,18320939
2020-05-03 15:01:56,kovan,18320961,0,18320961
2020-05-03 15:03:25,kovan,18320982,0,18320982
2020-05-03 15:04:47,kovan,18321003,0,18321003
2020-05-03 15:06:09,kovan,18321022,0,18321022
2020-05-03 15:07:32,kovan,18321043,0,18321043
2020-05-03 15:08:54,kovan,18321065,0,18321065
2020-05-03 15:10:26,kovan,18321089,0,18321089
2020-05-03 15:12:07,kovan,18321117,0,18321117
2020-05-03 15:13:54,kovan,18321138,0,18321138
2020-05-03 15:15:21,kovan,18321167,0,18321167
2020-05-03 15:17:28,kovan,18321191,0,18321191
2020-05-03 15:19:00,kovan,18321217,0,18321217
2020-05-03 15:20:41,kovan,18321240,0,18321240
2020-05-03 15:22:17,kovan,18321265,0,18321265
2020-05-03 15:23:56,kovan,18321291,0,18321291
2020-05-03 15:25:42,kovan,18321315,0,18321315
2020-05-03 15:27:22,kovan,18321341,0,18321341
2020-05-03 15:29:04,kovan,18321367,0,18321367
2020-05-03 15:30:50,kovan,18321390,0,18321390
2020-05-03 15:32:29,kovan,18321415,0,18321415
2020-05-03 15:34:09,kovan,18321456,0,18321456
2020-05-03 15:36:54,kovan,18321483,0,18321483
2020-05-03 15:38:35,kovan,18321513,0,18321513
2020-05-03 15:40:36,kovan,18321538,0,18321538
2020-05-03 15:42:21,kovan,18321564,0,18321564
2020-05-03 15:53:46,kovan,18321754,0,18321754
2020-05-03 15:56:45,kovan,18321792,0,18321792
2020-05-03 15:59:19,kovan,18321835,0,18321835
2020-05-03 16:02:09,kovan,18321868,0,18321868
2020-05-03 16:06:55,kovan,18321958,0,18321958
2020-05-03 16:10:20,kovan,18321984,0,18321984
2020-05-03 16:12:10,kovan,18322011,0,18322011
2020-05-03 16:14:01,kovan,18322034,0,18322034
2020-05-03 16:15:29,kovan,18322057,0,18322057
2020-05-03 16:17:01,kovan,18322081,0,18322081
2020-05-03 16:18:37,kovan,18322104,0,18322104
2020-05-03 16:20:09,kovan,18322128,0,18322128
2020-05-03 16:40:02,kovan,18322443,0,18322443
2020-05-03 16:42:59,kovan,18322474,0,18322474
2020-05-03 16:45:03,kovan,18322496,0,18322496
2020-05-03 16:46:38,kovan,18322519,0,18322519
2020-05-03 16:48:08,kovan,18322545,0,18322545
2020-05-03 16:49:55,kovan,18322591,0,18322591
2020-05-03 16:53:02,kovan,18322627,0,18322627
2020-05-03 16:55:25,kovan,18322646,0,18322646
2020-05-03 16:56:47,kovan,18322675,0,18322675
2020-05-03 16:58:39,kovan,18322700,0,18322700
2020-05-03 17:00:19,kovan,18322723,0,18322723
2020-05-03 17:01:58,kovan,18322759,0,18322759
2020-05-03 17:04:21,kovan,18322801,0,18322801
2020-05-03 17:07:08,kovan,18322863,0,18322863
2020-05-03 17:11:14,kovan,18322884,0,18322884
2020-05-03 17:12:40,kovan,18322935,0,18322935
2020-05-03 17:16:02,kovan,18322956,0,18322956
2020-05-03 17:17:30,kovan,18322997,0,18322997
2020-05-03 17:20:11,kovan,18323025,0,18323025
2020-05-03 17:22:07,kovan,18323076,0,18323076
2020-05-03 17:25:29,kovan,18323099,0,18323099
2020-05-03 17:27:00,kovan,18323131,0,18323131
2020-05-03 17:29:10,kovan,18323167,0,18323167
2020-05-03 17:31:37,kovan,18323194,0,18323194
2020-05-03 17:33:25,kovan,18323238,0,18323238
2020-05-03 17:38:32,kovan,18323293,0,18323293
2020-05-03 17:40:02,kovan,18323343,0,18323343
2020-05-03 17:43:21,kovan,18323387,0,18323387
2020-05-03 17:46:18,kovan,18323412,0,18323412
2020-05-03 17:48:03,kovan,18323439,0,18323439
2020-05-03 17:49:46,kovan,18323471,0,18323471
2020-05-03 17:51:59,kovan,18323499,0,18323499
2020-05-03 17:53:50,kovan,18323541,0,18323541
2020-05-03 17:56:38,kovan,18323576,0,18323576
2020-05-03 17:58:58,kovan,18323601,0,18323601
2020-05-03 18:00:37,kovan,18323622,0,18323622
2020-05-03 18:02:04,kovan,18323680,0,18323680
2020-05-03 18:08:17,kovan,18323736,0,18323736
2020-05-03 18:09:48,kovan,18323761,0,18323761
2020-05-03 18:14:56,kovan,18323835,0,18323835
2020-05-03 18:16:22,kovan,18323879,0,18323879
2020-05-03 18:19:20,kovan,18323902,0,18323902
2020-05-03 18:20:52,kovan,18323944,0,18323944
2020-05-03 18:23:40,kovan,18323976,0,18323976
2020-05-03 18:25:50,kovan,18323997,0,18323997
2020-05-03 18:29:56,kovan,18324079,0,18324079
2020-05-03 18:32:45,kovan,18324106,0,18324106
2020-05-03 18:36:44,kovan,18324165,0,18324165
2020-05-03 18:38:26,kovan,18324197,0,18324197
2020-05-03 18:40:34,kovan,18324239,0,18324239
2020-05-03 18:43:26,kovan,18324264,0,18324264
2020-05-03 18:45:05,kovan,18324303,0,18324303
2020-05-03 18:47:46,kovan,18324333,0,18324333
2020-05-03 18:49:43,kovan,18324364,0,18324364
2020-05-03 18:51:49,kovan,18324387,0,18324387
2020-05-03 18:53:19,kovan,18324433,0,18324433
2020-05-03 18:56:27,kovan,18324458,0,18324458
2020-05-03 18:58:04,kovan,18324489,0,18324489
2020-05-03 19:00:10,kovan,18324510,0,18324510
2020-05-03 19:01:40,kovan,18324535,0,18324535
2020-05-03 19:03:22,kovan,18324562,0,18324562
2020-05-03 19:05:10,kovan,18324589,0,18324589
2020-05-03 19:06:54,kovan,18324621,0,18324621
2020-05-03 19:16:33,kovan,18324756,0,18324756
2020-05-03 19:18:07,kovan,18324784,0,18324784
2020-05-03 19:19:57,kovan,18324809,0,18324809
2020-05-03 19:21:36,kovan,18324831,0,18324831
2020-05-03 19:23:05,kovan,18324857,0,18324857
2020-05-03 19:24:49,kovan,18324881,0,18324881
2020-05-03 19:26:26,kovan,18324912,0,18324912
2020-05-03 19:28:29,kovan,18324945,0,18324945
2020-05-03 19:30:39,kovan,18324992,0,18324992
2020-05-03 19:33:50,kovan,18325017,0,18325017
2020-05-03 19:35:36,kovan,18325061,0,18325061
2020-05-03 19:38:34,kovan,18325091,0,18325091
2020-05-03 19:40:32,kovan,18325111,0,18325111
2020-05-03 19:41:54,kovan,18325138,0,18325138
2020-05-03 19:43:45,kovan,18325166,0,18325166
2020-05-03 19:45:38,kovan,18325194,0,18325194
2020-05-03 19:47:34,kovan,18325216,0,18325216
2020-05-03 19:49:00,kovan,18325254,0,18325254
2020-05-03 19:51:37,kovan,18325276,0,18325276
2020-05-03 19:53:05,kovan,18325315,0,18325315
2020-05-03 19:55:42,kovan,18325360,0,18325360
2020-05-03 19:58:44,kovan,18325386,0,18325386
2020-05-03 20:00:29,kovan,18325417,0,18325417
2020-05-03 20:04:48,kovan,18325493,0,18325493
2020-05-03 20:07:42,kovan,18325526,0,18325526
2020-05-03 20:09:51,kovan,18325569,0,18325569
2020-05-03 20:12:46,kovan,18325607,0,18325607
2020-05-03 20:15:21,kovan,18325668,0,18325668
2020-05-03 20:30:08,kovan,18325856,0,18325856
2020-05-03 20:32:11,kovan,18325877,0,18325877
2020-05-03 20:33:37,kovan,18325906,0,18325906
2020-05-03 20:35:33,kovan,18325927,0,18325927
2020-05-03 20:37:02,kovan,18325966,0,18325966
2020-05-03 20:42:16,kovan,18326029,0,18326029
2020-05-03 20:43:56,kovan,18326060,0,18326060
2020-05-03 20:45:59,kovan,18326095,0,18326095
2020-05-03 20:48:18,kovan,18326128,0,18326128
2020-05-03 20:50:35,kovan,18326151,0,18326151
2020-05-03 20:52:07,kovan,18326182,0,18326182
2020-05-03 20:54:11,kovan,18326209,0,18326209
2020-05-03 20:56:04,kovan,18326239,0,18326239
2020-05-03 20:58:07,kovan,18326265,0,18326265
2020-05-03 20:59:47,kovan,18326298,0,18326298
2020-05-03 21:05:15,kovan,18326372,0,18326372
2020-05-03 21:07:09,kovan,18326395,0,18326395
2020-05-03 21:08:38,kovan,18326422,0,18326422
2020-05-03 21:10:30,kovan,18326443,0,18326443
2020-05-03 21:11:55,kovan,18326479,0,18326479
2020-05-03 21:14:26,kovan,18326505,0,18326505
2020-05-03 21:19:16,kovan,18326576,0,18326576
2020-05-03 21:20:54,kovan,18326621,0,18326621
2020-05-03 21:23:57,kovan,18326666,0,18326666
2020-05-03 21:26:59,kovan,18326690,0,18326690
2020-05-03 21:28:30,kovan,18326718,0,18326718
2020-05-03 21:30:26,kovan,18326742,0,18326742
2020-05-03 21:32:08,kovan,18326766,0,18326766
2020-05-03 21:33:43,kovan,18326795,0,18326795
2020-05-03 21:35:35,kovan,18326820,0,18326820
2020-05-03 21:37:26,kovan,18326843,0,18326843
2020-05-03 21:38:53,kovan,18326869,0,18326869
2020-05-03 21:40:35,kovan,18326892,0,18326892
2020-05-03 21:42:12,kovan,18326913,0,18326913
2020-05-03 21:48:58,kovan,18327045,0,18327045
2020-05-03 21:58:35,kovan,18327176,0,18327176
2020-05-03 22:01:25,kovan,18327206,0,18327206
2020-05-03 22:03:30,kovan,18327246,0,18327246
2020-05-03 22:06:08,kovan,18327284,0,18327284
2020-05-03 22:08:43,kovan,18327344,0,18327344
2020-05-03 22:12:44,kovan,18327364,0,18327364
2020-05-03 22:14:06,kovan,18327385,0,18327385
2020-05-03 22:15:28,kovan,18327406,0,18327406
2020-05-03 22:16:51,kovan,18327426,0,18327426
2020-05-03 22:18:13,kovan,18327466,0,18327466
2020-05-03 22:20:51,kovan,18327489,0,18327489
2020-05-03 22:22:29,kovan,18327511,0,18327511
2020-05-03 22:23:57,kovan,18327534,0,18327534
2020-05-03 22:25:31,kovan,18327558,0,18327558
2020-05-03 22:27:12,kovan,18327596,0,18327596
2020-05-03 22:29:43,kovan,18327622,0,18327622
2020-05-03 22:31:30,kovan,18327646,0,18327646
2020-05-03 22:33:06,kovan,18327668,0,18327668
2020-05-03 22:34:32,kovan,18327693,0,18327693
2020-05-03 22:36:15,kovan,18327716,0,18327716
2020-05-03 22:37:44,kovan,18327739,0,18327739
2020-05-03 22:39:19,kovan,18327761,0,18327761
2020-05-03 22:40:47,kovan,18327785,0,18327785
2020-05-03 22:42:24,kovan,18327811,0,18327811
2020-05-03 22:44:10,kovan,18327834,0,18327834
2020-05-03 22:45:44,kovan,18327858,0,18327858
2020-05-03 22:47:22,kovan,18327881,0,18327881
2020-05-03 22:48:57,kovan,18327908,0,18327908
2020-05-03 22:50:39,kovan,18327932,0,18327932
2020-05-03 22:52:17,kovan,18327955,0,18327955
2020-05-03 22:53:49,kovan,18327982,0,18327982
2020-05-03 22:55:36,kovan,18328012,0,18328012
2020-05-03 22:57:34,kovan,18328035,0,18328035
2020-05-03 22:59:11,kovan,18328059,0,18328059
2020-05-03 23:00:45,kovan,18328083,0,18328083
2020-05-03 23:02:23,kovan,18328107,0,18328107
2020-05-03 23:04:00,kovan,18328128,0,18328128
2020-05-03 23:05:27,kovan,18328158,0,18328158
2020-05-03 23:07:28,kovan,18328181,0,18328181
2020-05-03 23:09:06,kovan,18328222,0,18328222
2020-05-03 23:11:46,kovan,18328246,0,18328246
2020-05-03 23:13:25,kovan,18328269,0,18328269
2020-05-03 23:14:57,kovan,18328293,0,18328293
2020-05-03 23:16:34,kovan,18328319,0,18328319
2020-05-03 23:18:16,kovan,18328339,0,18328339
2020-05-03 23:19:39,kovan,18328366,0,18328366
2020-05-03 23:21:27,kovan,18328388,0,18328388
2020-05-03 23:22:56,kovan,18328424,0,18328424
2020-05-03 23:25:22,kovan,18328448,0,18328448
2020-05-03 23:30:05,kovan,18328520,0,18328520
2020-05-03 23:31:46,kovan,18328547,0,18328547
2020-05-03 23:33:34,kovan,18328573,0,18328573
2020-05-03 23:35:24,kovan,18328598,0,18328598
2020-05-03 23:37:06,kovan,18328620,0,18328620
2020-05-03 23:38:33,kovan,18328644,0,18328644
2020-05-03 23:40:09,kovan,18328668,0,18328668
2020-05-03 23:41:50,kovan,18328693,0,18328693
2020-05-03 23:43:31,kovan,18328717,18235012,93705
2020-05-03 23:45:05,kovan,18328753,18235012,93741
2020-05-03 23:47:35,kovan,18328779,18235012,93767
2020-05-03 23:49:16,kovan,18328802,18235012,93790
2020-05-03 23:50:46,kovan,18328821,18235012,93809
2020-05-03 23:52:10,kovan,18328842,18235012,93830
2020-05-03 23:53:33,kovan,18328879,18235012,93867
2020-05-03 23:56:06,kovan,18328912,18235012,93900
2020-05-03 23:58:17,kovan,18328958,18235012,93946
2020-05-04 00:01:22,kovan,18328981,18235012,93969
2020-05-04 00:02:55,kovan,18329002,18235012,93990
2020-05-04 00:04:18,kovan,18329022,18235012,94010
2020-05-04 00:05:40,kovan,18329043,18235012,94031
2020-05-04 00:07:09,kovan,18329064,18235012,94052
2020-05-04 00:08:32,kovan,18329084,18235012,94072
2020-05-04 00:09:54,kovan,18329108,18235012,94096
2020-05-04 00:11:32,kovan,18329128,18235012,94116
2020-05-04 00:12:54,kovan,18329149,18235012,94137
2020-05-04 00:14:16,kovan,18329169,18235012,94157
2020-05-04 00:15:38,kovan,18329190,18235012,94178
2020-05-04 00:17:02,kovan,18329216,18235012,94204
2020-05-04 00:18:48,kovan,18329236,18235012,94224
2020-05-04 00:20:10,kovan,18329259,18235012,94247
2020-05-04 00:21:37,kovan,18329282,18235012,94270
2020-05-04 00:23:09,kovan,18329304,18235012,94292
2020-05-04 00:24:41,kovan,18329326,18235012,94314
2020-05-04 00:26:03,kovan,18329346,18235012,94334
2020-05-04 00:27:27,kovan,18329367,18235012,94355
2020-05-04 00:28:52,kovan,18329388,18235012,94376
2020-05-04 00:30:20,kovan,18329408,18235012,94396
2020-05-04 00:31:42,kovan,18329430,18235012,94418
2020-05-04 00:33:08,kovan,18329450,18235012,94438
2020-05-04 00:34:31,kovan,18329471,18235012,94459
2020-05-04 00:35:53,kovan,18329491,18235012,94479
2020-05-04 00:37:15,kovan,18329512,18235012,94500
2020-05-04 00:38:37,kovan,18329533,18235012,94521
2020-05-04 00:40:00,kovan,18329553,18235012,94541
2020-05-04 00:41:22,kovan,18329577,18235012,94565
2020-05-04 00:43:00,kovan,18329599,18235012,94587
2020-05-04 00:44:23,kovan,18329622,18235012,94610
2020-05-04 00:45:57,kovan,18329643,18235012,94631
2020-05-04 00:47:25,kovan,18329663,18235012,94651
2020-05-04 00:48:48,kovan,18329685,18235012,94673
2020-05-04 00:50:10,kovan,18329704,18235012,94692
2020-05-04 00:51:32,kovan,18329725,18235012,94713
2020-05-04 00:52:56,kovan,18329748,18235012,94736
2020-05-04 00:54:32,kovan,18329771,18235012,94759
2020-05-04 00:56:00,kovan,18329791,18235012,94779
2020-05-04 00:57:22,kovan,18329816,18235012,94804
2020-05-04 00:59:05,kovan,18329839,18235012,94827
2020-05-04 01:00:32,kovan,18329858,18235012,94846
2020-05-04 01:01:54,kovan,18329879,18235012,94867
2020-05-04 01:03:16,kovan,18329899,18235012,94887
2020-05-04 01:04:38,kovan,18329920,18235012,94908
2020-05-04 01:06:01,kovan,18329940,18235012,94928
2020-05-04 01:07:27,kovan,18329961,18235012,94949
2020-05-04 01:08:49,kovan,18329981,18235012,94969
2020-05-04 01:10:11,kovan,18330002,18235012,94990
2020-05-04 01:11:33,kovan,18330026,18235012,95014
2020-05-04 01:13:08,kovan,18330047,18235012,95035
2020-05-04 01:14:33,kovan,18330069,18235012,95057
2020-05-04 01:16:02,kovan,18330090,18235012,95078
2020-05-04 01:17:24,kovan,18330110,18235012,95098
2020-05-04 01:18:46,kovan,18330131,18235012,95119
2020-05-04 01:20:08,kovan,18330152,18235012,95140
2020-05-04 01:21:30,kovan,18330172,18235012,95160
2020-05-04 01:22:52,kovan,18330193,18235012,95181
2020-05-04 01:24:14,kovan,18330213,18235012,95201
2020-05-04 01:25:36,kovan,18330232,18235012,95220
2020-05-04 01:26:58,kovan,18330254,18235012,95242
2020-05-04 01:28:26,kovan,18330275,18235012,95263
2020-05-04 01:29:48,kovan,18330296,18235012,95284
2020-05-04 01:31:10,kovan,18330314,18235012,95302
2020-05-04 01:32:32,kovan,18330336,18235012,95324
2020-05-04 01:33:54,kovan,18330356,18235012,95344
2020-05-04 01:35:17,kovan,18330376,18235012,95364
2020-05-04 01:36:40,kovan,18330397,18235012,95385
2020-05-04 01:38:02,kovan,18330418,18235012,95406
2020-05-04 01:39:27,kovan,18330439,18235012,95427
2020-05-04 01:40:49,kovan,18330459,18235012,95447
2020-05-04 01:42:11,kovan,18330479,18235012,95467
2020-05-04 01:43:34,kovan,18330500,18235012,95488
2020-05-04 01:44:55,kovan,18330520,18235012,95508
2020-05-04 01:46:17,kovan,18330539,18235012,95527
2020-05-04 01:47:39,kovan,18330560,18235012,95548
2020-05-04 01:49:02,kovan,18330585,18235012,95573
2020-05-04 01:50:41,kovan,18330606,18235012,95594
2020-05-04 01:52:03,kovan,18330626,18235012,95614
2020-05-04 01:53:25,kovan,18330647,18235012,95635
2020-05-04 01:54:48,kovan,18330670,18235012,95658
2020-05-04 01:56:18,kovan,18330690,18235012,95678
2020-05-04 01:57:40,kovan,18330710,18235012,95698
2020-05-04 01:59:02,kovan,18330731,18235012,95719
2020-05-04 02:00:24,kovan,18330751,18235012,95739
2020-05-04 02:01:47,kovan,18330771,18235012,95759
2020-05-04 02:03:09,kovan,18330792,18235012,95780
2020-05-04 02:04:31,kovan,18330812,18235012,95800
2020-05-04 02:05:53,kovan,18330832,18235012,95820
2020-05-04 02:07:15,kovan,18330853,18235012,95841
2020-05-04 02:08:37,kovan,18330874,18235012,95862
2020-05-04 02:10:00,kovan,18330894,18235012,95882
2020-05-04 02:11:22,kovan,18330915,18235012,95903
2020-05-04 02:12:48,kovan,18330937,18235012,95925
2020-05-04 02:14:12,kovan,18330957,18235012,95945
2020-05-04 02:15:34,kovan,18330978,18235012,95966
2020-05-04 02:16:56,kovan,18330999,18235012,95987
2020-05-04 02:18:18,kovan,18331018,18235012,96006
2020-05-04 02:19:41,kovan,18331039,18235012,96027
2020-05-04 02:21:03,kovan,18331060,18235012,96048
2020-05-04 02:22:25,kovan,18331081,18235012,96069
2020-05-04 02:23:47,kovan,18331101,18235012,96089
2020-05-04 02:25:09,kovan,18331121,18235012,96109
2020-05-04 02:26:31,kovan,18331143,18235012,96131
2020-05-04 02:27:53,kovan,18331163,18235012,96151
2020-05-04 02:29:15,kovan,18331184,18235012,96172
2020-05-04 02:30:38,kovan,18331203,18235012,96191
2020-05-04 02:31:59,kovan,18331223,18235012,96211
2020-05-04 02:33:22,kovan,18331244,18235012,96232
2020-05-04 02:34:44,kovan,18331265,18235012,96253
2020-05-04 02:36:06,kovan,18331285,18235012,96273
2020-05-04 02:37:28,kovan,18331306,18235012,96294
2020-05-04 02:38:51,kovan,18331326,18235012,96314
2020-05-04 02:40:13,kovan,18331347,18235012,96335
2020-05-04 02:41:35,kovan,18331367,18235012,96355
2020-05-04 02:42:57,kovan,18331388,18235012,96376
2020-05-04 02:44:19,kovan,18331408,18235012,96396
2020-05-04 02:45:41,kovan,18331427,18235012,96415
2020-05-04 02:47:03,kovan,18331449,18235012,96437
2020-05-04 02:48:26,kovan,18331469,18235012,96457
2020-05-04 02:49:48,kovan,18331489,18235012,96477
2020-05-04 02:51:10,kovan,18331513,18235012,96501
2020-05-04 02:52:43,kovan,18331533,18235012,96521
2020-05-04 02:54:05,kovan,18331554,18235012,96542
2020-05-04 02:55:27,kovan,18331573,18235012,96561
2020-05-04 02:56:49,kovan,18331595,18235012,96583
2020-05-04 02:58:13,kovan,18331616,18235012,96604
2020-05-04 02:59:37,kovan,18331639,18235012,96627
2020-05-04 03:01:07,kovan,18331658,18235012,96646
2020-05-04 03:02:29,kovan,18331679,18235012,96667
2020-05-04 03:03:51,kovan,18331700,18235012,96688
2020-05-04 03:05:13,kovan,18331720,18235012,96708
2020-05-04 03:06:36,kovan,18331740,18235012,96728
2020-05-04 03:07:58,kovan,18331762,18235012,96750
2020-05-04 03:09:22,kovan,18331782,18235012,96770
2020-05-04 03:10:44,kovan,18331803,18235012,96791
2020-05-04 03:12:06,kovan,18331823,18235012,96811
2020-05-04 03:13:28,kovan,18331844,18235012,96832
2020-05-04 03:14:50,kovan,18331865,18235012,96853
2020-05-04 03:16:15,kovan,18331884,18235012,96872
2020-05-04 03:17:37,kovan,18331905,18235012,96893
2020-05-04 03:18:59,kovan,18331924,18235012,96912
2020-05-04 03:20:21,kovan,18331946,18235012,96934
2020-05-04 03:21:45,kovan,18331967,18235012,96955
2020-05-04 03:23:07,kovan,18331986,18235012,96974
2020-05-04 03:24:29,kovan,18332009,18235012,96997
2020-05-04 03:25:56,kovan,18332030,18235012,97018
2020-05-04 03:27:21,kovan,18332050,18235012,97038
2020-05-04 03:28:43,kovan,18332072,18235012,97060
2020-05-04 03:30:09,kovan,18332092,18235012,97080
2020-05-04 03:31:31,kovan,18332112,18235012,97100
2020-05-04 03:32:53,kovan,18332133,18235012,97121
2020-05-04 03:34:18,kovan,18332153,18235012,97141
2020-05-04 03:35:40,kovan,18332174,18235012,97162
2020-05-04 03:37:02,kovan,18332194,18235012,97182
2020-05-04 03:38:24,kovan,18332216,18235012,97204
2020-05-04 03:39:46,kovan,18332236,18235012,97224
2020-05-04 03:43:19,kovan,18332304,18235012,97292
2020-05-04 03:45:41,kovan,18332324,18235012,97312
2020-05-04 03:47:04,kovan,18332344,18235012,97332
2020-05-04 03:48:25,kovan,18332365,18235012,97353
2020-05-04 03:49:47,kovan,18332384,18235012,97372
2020-05-04 03:51:10,kovan,18332406,18235012,97394
2020-05-04 03:52:32,kovan,18332427,18235012,97415
2020-05-04 03:53:54,kovan,18332447,18235012,97435
2020-05-04 03:55:16,kovan,18332468,18235012,97456
2020-05-04 03:56:38,kovan,18332488,18235012,97476
2020-05-04 03:58:00,kovan,18332508,18235012,97496
2020-05-04 03:59:22,kovan,18332528,18235012,97516
2020-05-04 04:00:44,kovan,18332550,18235012,97538
2020-05-04 04:02:07,kovan,18332570,18235012,97558
2020-05-04 04:03:29,kovan,18332590,18235012,97578
2020-05-04 04:04:51,kovan,18332611,18235012,97599
2020-05-04 04:06:13,kovan,18332632,18235012,97620
2020-05-04 04:07:35,kovan,18332652,18235012,97640
2020-05-04 04:08:57,kovan,18332673,18235012,97661
2020-05-04 04:10:19,kovan,18332693,18235012,97681
2020-05-04 04:11:42,kovan,18332714,18235012,97702
2020-05-04 04:13:04,kovan,18332735,18235012,97723
2020-05-04 04:14:26,kovan,18332755,18235012,97743
2020-05-04 04:15:48,kovan,18332775,18235012,97763
2020-05-04 04:17:10,kovan,18332796,18235012,97784
2020-05-04 04:18:32,kovan,18332816,18235012,97804
2020-05-04 04:19:54,kovan,18332838,18235012,97826
2020-05-04 04:21:23,kovan,18332859,18235012,97847
2020-05-04 04:22:46,kovan,18332880,18235012,97868
2020-05-04 04:24:09,kovan,18332901,18235012,97889
2020-05-04 04:25:31,kovan,18332922,18235012,97910
2020-05-04 04:26:58,kovan,18332943,18235012,97931
2020-05-04 04:28:20,kovan,18332963,18235012,97951
2020-05-04 04:29:42,kovan,18332983,18235012,97971
2020-05-04 04:31:05,kovan,18333003,18235012,97991
2020-05-04 04:32:27,kovan,18333024,18235012,98012
2020-05-04 04:33:49,kovan,18333050,18235012,98038
2020-05-04 04:35:34,kovan,18333074,18235012,98062
2020-05-04 04:37:05,kovan,18333096,18235012,98084
2020-05-04 04:38:35,kovan,18333118,18235012,98106
2020-05-04 04:40:06,kovan,18333140,18235012,98128
2020-05-04 04:41:32,kovan,18333160,18235012,98148
2020-05-04 04:42:54,kovan,18333182,18235012,98170
2020-05-04 04:44:20,kovan,18333202,18235012,98190
2020-05-04 04:45:42,kovan,18333222,18235012,98210
2020-05-04 04:47:04,kovan,18333242,18235012,98230
2020-05-04 04:48:26,kovan,18333263,18235012,98251
2020-05-04 04:49:48,kovan,18333283,18235012,98271
2020-05-04 04:51:10,kovan,18333303,18235012,98291
2020-05-04 04:52:32,kovan,18333324,18235012,98312
2020-05-04 04:53:54,kovan,18333353,18235012,98341
2020-05-04 04:55:48,kovan,18333385,18235012,98373
2020-05-04 04:57:58,kovan,18333420,18235012,98408
2020-05-04 05:00:16,kovan,18333445,18235012,98433
2020-05-04 05:02:00,kovan,18333466,18235012,98454
2020-05-04 05:03:24,kovan,18333486,18235012,98474
2020-05-04 05:04:46,kovan,18333506,18235012,98494
2020-05-04 05:06:08,kovan,18333528,18235012,98516
2020-05-04 05:07:30,kovan,18333548,18235012,98536
2020-05-04 05:08:52,kovan,18333568,18235012,98556
2020-05-04 05:10:15,kovan,18333588,18235012,98576
2020-05-04 05:11:37,kovan,18333609,18235012,98597
2020-05-04 05:12:59,kovan,18333629,18235012,98617
2020-05-04 05:14:21,kovan,18333650,18235012,98638
2020-05-04 05:15:43,kovan,18333670,18235012,98658
2020-05-04 05:17:05,kovan,18333691,18235012,98679
2020-05-04 05:18:28,kovan,18333711,18235012,98699
2020-05-04 05:19:51,kovan,18333732,18235012,98720
2020-05-04 05:21:13,kovan,18333752,18235012,98740
2020-05-04 05:22:35,kovan,18333773,18235012,98761
2020-05-04 05:23:58,kovan,18333794,18235012,98782
2020-05-04 05:25:20,kovan,18333815,18235012,98803
2020-05-04 05:26:47,kovan,18333836,18235012,98824
2020-05-04 05:28:09,kovan,18333859,18235012,98847
2020-05-04 05:29:40,kovan,18333879,18235012,98867
2020-05-04 05:31:02,kovan,18333898,18235012,98886
2020-05-04 05:32:24,kovan,18333919,18235012,98907
2020-05-04 05:33:46,kovan,18333940,18235012,98928
2020-05-04 05:35:08,kovan,18333962,18235012,98950
2020-05-04 05:36:36,kovan,18333982,18235012,98970
2020-05-04 05:37:59,kovan,18334004,18235012,98992
2020-05-04 05:39:21,kovan,18334024,18235012,99012
2020-05-04 05:40:47,kovan,18334045,18235012,99033
2020-05-04 05:42:09,kovan,18334065,18235012,99053
2020-05-04 05:43:31,kovan,18334086,18235012,99074
2020-05-04 05:44:54,kovan,18334108,18235012,99096
2020-05-04 05:46:20,kovan,18334128,18235012,99116
2020-05-04 05:47:45,kovan,18334149,18235012,99137
2020-05-04 05:49:07,kovan,18334169,18235012,99157
2020-05-04 05:50:29,kovan,18334190,18235012,99178
2020-05-04 05:51:51,kovan,18334210,18235012,99198
2020-05-04 05:53:13,kovan,18334231,18235012,99219
2020-05-04 05:54:35,kovan,18334251,18235012,99239
2020-05-04 05:55:59,kovan,18334272,18235012,99260
2020-05-04 05:57:21,kovan,18334293,18235012,99281
2020-05-04 05:58:47,kovan,18334315,18235012,99303
2020-05-04 06:00:13,kovan,18334335,18235012,99323
2020-05-04 06:01:38,kovan,18334356,18235012,99344
2020-05-04 06:03:00,kovan,18334376,18235012,99364
2020-05-04 06:04:23,kovan,18334396,18235012,99384
2020-05-04 06:05:45,kovan,18334418,18235012,99406
2020-05-04 06:07:07,kovan,18334438,18235012,99426
2020-05-04 06:08:29,kovan,18334459,18235012,99447
2020-05-04 06:09:51,kovan,18334479,18235012,99467
2020-05-04 06:11:13,kovan,18334500,18235012,99488
2020-05-04 06:12:35,kovan,18334520,18235012,99508
2020-05-04 06:13:58,kovan,18334541,18235012,99529
2020-05-04 06:15:20,kovan,18334560,18235012,99548
2020-05-04 06:16:42,kovan,18334581,18235012,99569
2020-05-04 06:18:04,kovan,18334602,18235012,99590
2020-05-04 06:19:26,kovan,18334621,18235012,99609
2020-05-04 06:20:48,kovan,18334644,18235012,99632
2020-05-04 06:22:20,kovan,18334665,18235012,99653
2020-05-04 06:23:43,kovan,18334686,18235012,99674
2020-05-04 06:25:05,kovan,18334706,18235012,99694
2020-05-04 06:26:27,kovan,18334727,18235012,99715
2020-05-04 06:27:49,kovan,18334748,18235012,99736
2020-05-04 06:29:11,kovan,18334767,18235012,99755
2020-05-04 06:30:33,kovan,18334783,18235012,99771
2020-05-04 06:31:55,kovan,18334804,18235012,99792
2020-05-04 06:33:17,kovan,18334825,18235012,99813
2020-05-04 06:34:39,kovan,18334841,18235012,99829
2020-05-04 06:36:01,kovan,18334857,18235012,99845
2020-05-04 06:37:23,kovan,18334874,18235012,99862
2020-05-04 06:38:45,kovan,18334890,18235012,99878
2020-05-04 06:40:07,kovan,18334907,18235012,99895
2020-05-04 06:41:30,kovan,18334923,18235012,99911
2020-05-04 06:42:52,kovan,18334939,18235012,99927
2020-05-04 06:44:15,kovan,18334956,18235012,99944
2020-05-04 06:45:37,kovan,18334973,18235012,99961
2020-05-04 06:46:59,kovan,18334989,18235012,99977
2020-05-04 06:48:21,kovan,18335006,18235012,99994
2020-05-04 06:49:45,kovan,18335022,18235012,100010
2020-05-04 06:51:08,kovan,18335038,18235012,100026
2020-05-04 06:52:30,kovan,18335055,18235012,100043
2020-05-04 06:53:52,kovan,18335072,18235012,100060
2020-05-04 06:55:14,kovan,18335090,18235012,100078
2020-05-04 06:56:42,kovan,18335106,18235012,100094
2020-05-04 06:58:04,kovan,18335122,18235012,100110
2020-05-04 06:59:26,kovan,18335138,18235012,100126
2020-05-04 07:00:48,kovan,18335154,18235012,100142
2020-05-04 07:02:10,kovan,18335171,18235012,100159
2020-05-04 07:03:32,kovan,18335186,18235012,100174
2020-05-04 07:04:54,kovan,18335204,18235012,100192
2020-05-04 07:06:17,kovan,18335220,18235012,100208
2020-05-04 07:07:39,kovan,18335236,18235012,100224
2020-05-04 07:09:02,kovan,18335253,18235012,100241
2020-05-04 07:10:24,kovan,18335269,18235012,100257
2020-05-04 07:11:47,kovan,18335285,18235012,100273
2020-05-04 07:13:09,kovan,18335304,18235012,100292
2020-05-04 07:14:39,kovan,18335320,18235012,100308
2020-05-04 07:16:01,kovan,18335336,18235012,100324
2020-05-04 07:17:23,kovan,18335353,18235012,100341
2020-05-04 07:18:47,kovan,18335369,18235012,100357
2020-05-04 07:20:09,kovan,18335387,18235012,100375
2020-05-04 07:21:38,kovan,18335404,18235012,100392
2020-05-04 07:23:00,kovan,18335420,18235012,100408
2020-05-04 07:24:22,kovan,18335437,18235012,100425
2020-05-04 07:25:48,kovan,18335455,18235012,100443
2020-05-04 07:27:14,kovan,18335471,18235012,100459
2020-05-04 07:28:36,kovan,18335488,18235012,100476
2020-05-04 07:29:59,kovan,18335504,18235012,100492
2020-05-04 07:31:21,kovan,18335520,18235012,100508
2020-05-04 07:32:43,kovan,18335535,18235012,100523
2020-05-04 07:34:05,kovan,18335551,18235012,100539
2020-05-04 07:35:27,kovan,18335567,18235012,100555
2020-05-04 07:36:49,kovan,18335584,18235012,100572
2020-05-04 07:38:12,kovan,18335600,18235012,100588
2020-05-04 07:39:35,kovan,18335617,18235012,100605
2020-05-04 07:40:57,kovan,18335634,18235012,100622
2020-05-04 07:42:20,kovan,18335650,18235012,100638
2020-05-04 07:43:42,kovan,18335667,18235012,100655
2020-05-04 07:45:04,kovan,18335683,18235012,100671
2020-05-04 07:46:26,kovan,18335699,18235012,100687
2020-05-04 07:47:48,kovan,18335716,18235012,100704
2020-05-04 07:49:11,kovan,18335733,18235012,100721
2020-05-04 07:50:33,kovan,18335749,18235012,100737
2020-05-04 07:51:56,kovan,18335765,18235012,100753
2020-05-04 07:53:18,kovan,18335782,18235012,100770
2020-05-04 07:54:41,kovan,18335799,18235012,100787
2020-05-04 07:56:05,kovan,18335815,18235012,100803
2020-05-04 07:57:27,kovan,18335831,18235012,100819
2020-05-04 07:58:49,kovan,18335848,18235012,100836
2020-05-04 08:00:12,kovan,18335864,18235012,100852
2020-05-04 08:01:34,kovan,18335881,18235012,100869
2020-05-04 08:02:56,kovan,18335898,18235012,100886
2020-05-04 08:04:18,kovan,18335914,18235012,100902
2020-05-04 08:05:41,kovan,18335930,18235012,100918
2020-05-04 08:07:03,kovan,18335947,18235012,100935
2020-05-04 08:08:26,kovan,18335963,18235012,100951
2020-05-04 08:09:48,kovan,18335979,18235012,100967
2020-05-04 08:11:10,kovan,18335995,18235012,100983
2020-05-04 08:12:32,kovan,18336013,18235012,101001
2020-05-04 08:13:54,kovan,18336029,18235012,101017
2020-05-04 08:15:16,kovan,18336045,18235012,101033
2020-05-04 08:16:39,kovan,18336062,18235012,101050
2020-05-04 08:18:04,kovan,18336079,18235012,101067
2020-05-04 08:19:26,kovan,18336097,18235012,101085
2020-05-04 08:20:56,kovan,18336119,18235012,101107
2020-05-04 08:22:48,kovan,18336136,18235012,101124
2020-05-04 08:24:11,kovan,18336152,18235012,101140
2020-05-04 08:25:33,kovan,18336169,18235012,101157
2020-05-04 08:26:55,kovan,18336185,18235012,101173
2020-05-04 08:28:17,kovan,18336202,18235012,101190
2020-05-04 08:29:39,kovan,18336218,18235012,101206
2020-05-04 08:31:01,kovan,18336235,18235012,101223
2020-05-04 08:32:24,kovan,18336252,18235012,101240
2020-05-04 08:33:46,kovan,18336268,18235012,101256
2020-05-04 08:35:08,kovan,18336284,18235012,101272
2020-05-04 08:36:30,kovan,18336301,18235012,101289
2020-05-04 08:37:52,kovan,18336319,18235012,101307
2020-05-04 08:39:16,kovan,18336337,18235012,101325
2020-05-04 08:40:46,kovan,18336353,18235012,101341
2020-05-04 08:42:08,kovan,18336374,18235012,101362
2020-05-04 08:43:41,kovan,18336394,18235012,101382
2020-05-04 08:45:05,kovan,18336410,18235012,101398
2020-05-04 08:46:27,kovan,18336434,18235012,101422
2020-05-04 08:48:21,kovan,18336451,18235012,101439
2020-05-04 08:49:45,kovan,18336469,18235012,101457
2020-05-04 08:51:13,kovan,18336488,18235012,101476
2020-05-04 08:52:35,kovan,18336506,18235012,101494
2020-05-04 08:53:57,kovan,18336523,18235012,101511
2020-05-04 08:55:19,kovan,18336539,18235012,101527
2020-05-04 08:56:41,kovan,18336566,18235012,101554
2020-05-04 08:58:54,kovan,18336584,18235012,101572
2020-05-04 09:02:35,kovan,18336642,18235012,101630
2020-05-04 09:05:13,kovan,18336659,18235012,101647
2020-05-04 09:06:37,kovan,18336676,18235012,101664
2020-05-04 09:07:59,kovan,18336691,18235012,101679
2020-05-04 09:09:22,kovan,18336709,18235012,101697
2020-05-04 09:10:45,kovan,18336728,18235012,101716
2020-05-04 09:12:22,kovan,18336744,18235012,101732
2020-05-04 09:13:44,kovan,18336761,18235012,101749
2020-05-04 09:15:07,kovan,18336777,18235012,101765
2020-05-04 09:16:29,kovan,18336794,18235012,101782
2020-05-04 09:17:51,kovan,18336810,18235012,101798
2020-05-04 09:19:13,kovan,18336827,18235012,101815
2020-05-04 09:20:35,kovan,18336843,18235012,101831
2020-05-04 09:21:58,kovan,18336860,18235012,101848
2020-05-04 09:23:20,kovan,18336876,18235012,101864
2020-05-04 09:24:42,kovan,18336893,18235012,101881
2020-05-04 09:26:04,kovan,18336909,18235012,101897
2020-05-04 09:27:26,kovan,18336925,18235012,101913
2020-05-04 09:28:48,kovan,18336941,18235012,101929
2020-05-04 09:30:10,kovan,18336958,18235012,101946
2020-05-04 09:31:33,kovan,18336974,18235012,101962
2020-05-04 09:32:55,kovan,18336991,18235012,101979
2020-05-04 09:34:17,kovan,18337008,18235012,101996
2020-05-04 09:35:39,kovan,18337024,18235012,102012
2020-05-04 09:37:01,kovan,18337041,18235012,102029
2020-05-04 09:38:23,kovan,18337057,18235012,102045
2020-05-04 09:39:45,kovan,18337073,18235012,102061
2020-05-04 09:41:08,kovan,18337090,18235012,102078
2020-05-04 09:42:30,kovan,18337106,18235012,102094
2020-05-04 09:43:52,kovan,18337122,18235012,102110
2020-05-04 09:45:14,kovan,18337138,18235012,102126
2020-05-04 09:46:36,kovan,18337156,18235012,102144
2020-05-04 09:47:58,kovan,18337172,18235012,102160
2020-05-04 09:49:20,kovan,18337188,18235012,102176
2020-05-04 09:50:43,kovan,18337205,18235012,102193
2020-05-04 09:52:05,kovan,18337221,18235012,102209
2020-05-04 09:53:27,kovan,18337238,18235012,102226
2020-05-04 09:54:51,kovan,18337254,18235012,102242
2020-05-04 09:56:14,kovan,18337271,18235012,102259
2020-05-04 09:57:36,kovan,18337287,18235012,102275
2020-05-04 09:58:58,kovan,18337304,18235012,102292
2020-05-04 10:00:20,kovan,18337320,18235012,102308
2020-05-04 10:01:42,kovan,18337337,18235012,102325
2020-05-04 10:03:04,kovan,18337357,18235012,102345
2020-05-04 10:04:27,kovan,18337377,18235012,102365
2020-05-04 10:05:51,kovan,18337397,18235012,102385
2020-05-04 10:07:13,kovan,18337418,18235012,102406
2020-05-04 10:08:36,kovan,18337438,18235012,102426
2020-05-04 10:09:58,kovan,18337458,18235012,102446
2020-05-04 10:11:20,kovan,18337478,18235012,102466
2020-05-04 10:12:43,kovan,18337500,18235012,102488
2020-05-04 10:14:07,kovan,18337520,18235012,102508
2020-05-04 10:15:29,kovan,18337540,18235012,102528
2020-05-04 10:16:55,kovan,18337561,18235012,102549
2020-05-04 10:18:17,kovan,18337581,18235012,102569
2020-05-04 10:19:39,kovan,18337605,18235012,102593
2020-05-04 10:21:13,kovan,18337630,18235012,102618
2020-05-04 10:22:58,kovan,18337654,18235012,102642
2020-05-04 10:24:32,kovan,18337681,18235012,102669
2020-05-04 10:26:21,kovan,18337706,18235012,102694
2020-05-04 10:28:01,kovan,18337727,18235012,102715
2020-05-04 10:29:23,kovan,18337747,18235012,102735
2020-05-04 10:30:45,kovan,18337767,18235012,102755
2020-05-04 10:32:10,kovan,18337789,18235012,102777
2020-05-04 10:33:38,kovan,18337811,18235012,102799
2020-05-04 10:35:07,kovan,18337837,18235012,102825
2020-05-04 10:36:55,kovan,18337864,18235012,102852
2020-05-04 10:38:42,kovan,18337891,18235012,102879
2020-05-04 10:40:31,kovan,18337917,18235012,102905
2020-05-04 10:42:18,kovan,18337948,18235012,102936
2020-05-04 10:44:22,kovan,18337972,18235012,102960
2020-05-04 10:45:58,kovan,18337994,18235012,102982
2020-05-04 10:47:28,kovan,18338020,18235012,103008
2020-05-04 10:49:15,kovan,18338046,18235012,103034
2020-05-04 10:50:58,kovan,18338072,18235012,103060
2020-05-04 10:52:47,kovan,18338097,18235012,103085
2020-05-04 10:54:22,kovan,18338117,18235012,103105
2020-05-04 10:55:45,kovan,18338139,18235012,103127
2020-05-04 10:57:13,kovan,18338160,18235012,103148
2020-05-04 10:58:35,kovan,18338183,18235012,103171
2020-05-04 11:00:09,kovan,18338211,18235012,103199
2020-05-04 11:02:05,kovan,18338233,18235012,103221
2020-05-04 11:03:31,kovan,18338258,18235012,103246
2020-05-04 11:05:11,kovan,18338278,18235012,103266
2020-05-04 11:06:33,kovan,18338302,18235012,103290
2020-05-04 11:08:09,kovan,18338323,18235012,103311
2020-05-04 11:09:31,kovan,18338344,18235012,103332
2020-05-04 11:10:56,kovan,18338368,18235012,103356
2020-05-04 11:12:37,kovan,18338392,18235012,103380
2020-05-04 11:14:13,kovan,18338412,18235012,103400
2020-05-04 11:15:35,kovan,18338434,18235012,103422
2020-05-04 11:17:06,kovan,18338455,18235012,103443
2020-05-04 11:18:28,kovan,18338478,18235012,103466
2020-05-04 11:20:00,kovan,18338500,18235012,103488
2020-05-04 11:21:30,kovan,18338523,18235012,103511
2020-05-04 11:23:08,kovan,18338547,18235012,103535
2020-05-04 11:24:42,kovan,18338574,18235012,103562
2020-05-04 11:26:35,kovan,18338595,18235012,103583
2020-05-04 11:27:59,kovan,18338617,18235012,103605
2020-05-04 11:29:26,kovan,18338645,18235012,103633
2020-05-04 11:31:17,kovan,18338668,18235012,103656
2020-05-04 11:32:55,kovan,18338691,18235012,103679
2020-05-04 11:34:26,kovan,18338716,18235012,103704
2020-05-04 11:36:04,kovan,18338739,18235012,103727
2020-05-04 11:37:42,kovan,18338760,18235012,103748
2020-05-04 11:39:05,kovan,18338783,18235012,103771
2020-05-04 11:40:37,kovan,18338807,18235012,103795
2020-05-04 11:42:17,kovan,18338828,18235012,103816
2020-05-04 11:43:39,kovan,18338848,18235012,103836
2020-05-04 11:45:01,kovan,18338873,18235012,103861
2020-05-04 11:46:43,kovan,18338893,18235012,103881
2020-05-04 11:48:07,kovan,18338914,18235012,103902
2020-05-04 11:49:30,kovan,18338940,18235012,103928
2020-05-04 11:51:14,kovan,18338962,18235012,103950
2020-05-04 11:52:43,kovan,18338982,18235012,103970
2020-05-04 11:54:08,kovan,18339006,18235012,103994
2020-05-04 11:55:42,kovan,18339028,18235012,104016
2020-05-04 11:57:13,kovan,18339048,18235012,104036
2020-05-04 11:58:35,kovan,18339072,18235012,104060
2020-05-04 12:00:13,kovan,18339095,18235012,104083
2020-05-04 12:01:45,kovan,18339119,18235012,104107
2020-05-04 12:03:21,kovan,18339139,18235012,104127
2020-05-04 12:04:43,kovan,18339163,18235012,104151
2020-05-04 12:06:16,kovan,18339186,18235012,104174
2020-05-04 12:07:54,kovan,18339207,18235012,104195
2020-05-04 12:09:17,kovan,18339228,18235012,104216
2020-05-04 12:10:40,kovan,18339249,18235012,104237
2020-05-04 12:12:08,kovan,18339272,18235012,104260
2020-05-04 12:13:40,kovan,18339292,18235012,104280
2020-05-04 12:15:02,kovan,18339313,18235012,104301
2020-05-04 12:16:25,kovan,18339332,18235012,104320
2020-05-04 12:17:47,kovan,18339357,18235012,104345
2020-05-04 12:19:26,kovan,18339382,18235012,104370
2020-05-04 12:21:03,kovan,18339405,18235012,104393
2020-05-04 12:22:39,kovan,18339430,18235012,104418
2020-05-04 12:24:20,kovan,18339451,18235012,104439
2020-05-04 12:25:42,kovan,18339474,18235012,104462
2020-05-04 12:27:17,kovan,18339497,18235012,104485
2020-05-04 12:28:49,kovan,18339518,18235012,104506
2020-05-04 12:30:14,kovan,18339541,18235012,104529
2020-05-04 12:31:50,kovan,18339562,18235012,104550
2020-05-04 12:33:12,kovan,18339585,18235012,104573
2020-05-04 12:34:44,kovan,18339611,18235012,104599
2020-05-04 12:36:27,kovan,18339630,18235012,104618
2020-05-04 12:37:51,kovan,18339654,18235012,104642
2020-05-04 12:39:24,kovan,18339677,18235012,104665
2020-05-04 12:40:58,kovan,18339696,18235012,104684
2020-05-04 12:42:20,kovan,18339722,18235012,104710
2020-05-04 12:44:02,kovan,18339743,18235012,104731
2020-05-04 12:45:30,kovan,18339768,18235012,104756
2020-05-04 12:47:08,kovan,18339789,18235012,104777
2020-05-04 12:48:30,kovan,18339812,18235012,104800
2020-05-04 12:50:08,kovan,18339835,18235012,104823
2020-05-04 12:51:38,kovan,18339855,18235012,104843
2020-05-04 12:53:01,kovan,18339876,18235012,104864
2020-05-04 12:54:23,kovan,18339898,18235012,104886
2020-05-04 12:55:53,kovan,18339920,18235012,104908
2020-05-04 12:57:27,kovan,18339941,18235012,104929
2020-05-04 12:58:49,kovan,18339964,18235012,104952
2020-05-04 13:00:20,kovan,18339985,18235012,104973
2020-05-04 13:01:50,kovan,18340011,18235012,104999
2020-05-04 13:03:34,kovan,18340046,18235012,105034
2020-05-04 13:05:54,kovan,18340071,18235012,105059
2020-05-04 13:07:30,kovan,18340094,18235012,105082
2020-05-04 13:09:05,kovan,18340116,18235012,105104
2020-05-04 13:10:32,kovan,18340138,18235012,105126
2020-05-04 13:12:05,kovan,18340159,18235012,105147
2020-05-04 13:13:30,kovan,18340181,18235012,105169
2020-05-04 13:14:59,kovan,18340204,18235012,105192
2020-05-04 13:16:31,kovan,18340227,18235012,105215
2020-05-04 13:18:04,kovan,18340249,18235012,105237
2020-05-04 13:19:33,kovan,18340273,18235012,105261
2020-05-04 13:21:10,kovan,18340293,18235012,105281
2020-05-04 13:22:34,kovan,18340314,18235012,105302
2020-05-04 13:23:58,kovan,18340340,18235012,105328
2020-05-04 13:25:42,kovan,18340359,18235012,105347
2020-05-04 13:27:04,kovan,18340385,18235012,105373
2020-05-04 13:28:43,kovan,18340410,18235012,105398
2020-05-04 13:30:23,kovan,18340429,18235012,105417
2020-05-04 13:31:45,kovan,18340450,18235012,105438
2020-05-04 13:33:07,kovan,18340477,18235012,105465
2020-05-04 13:34:55,kovan,18340500,18235012,105488
2020-05-04 13:36:35,kovan,18340521,18235012,105509
2020-05-04 13:37:57,kovan,18340545,18235012,105533
2020-05-04 13:39:31,kovan,18340566,18235012,105554
2020-05-04 13:40:59,kovan,18340588,18235012,105576
2020-05-04 13:42:29,kovan,18340611,18235012,105599
2020-05-04 13:44:01,kovan,18340634,18235012,105622
2020-05-04 13:45:33,kovan,18340656,18235012,105644
2020-05-04 13:47:04,kovan,18340676,18235012,105664
2020-05-04 13:48:26,kovan,18340701,18235012,105689
2020-05-04 13:50:04,kovan,18340729,18235012,105717
2020-05-04 13:52:00,kovan,18340749,18235012,105737
2020-05-04 13:53:22,kovan,18340771,18235012,105759
2020-05-04 13:54:49,kovan,18340794,18235012,105782
2020-05-04 13:56:22,kovan,18340814,18235012,105802
2020-05-04 13:57:46,kovan,18340834,18235012,105822
2020-05-04 13:59:08,kovan,18340858,18235012,105846
2020-05-04 14:00:41,kovan,18340882,18235012,105870
2020-05-04 14:02:19,kovan,18340902,18235012,105890
2020-05-04 14:03:41,kovan,18340926,18235012,105914
2020-05-04 14:05:16,kovan,18340948,18235012,105936
2020-05-04 14:06:44,kovan,18340968,18235012,105956
2020-05-04 14:08:06,kovan,18340996,18235012,105984
2020-05-04 14:09:57,kovan,18341019,18235012,106007
2020-05-04 14:11:28,kovan,18341038,18235012,106026
2020-05-04 14:12:51,kovan,18341061,18235012,106049
2020-05-04 14:14:20,kovan,18341091,18235012,106079
2020-05-04 14:16:22,kovan,18341111,18235012,106099
2020-05-04 14:17:44,kovan,18341133,18235012,106121
2020-05-04 14:19:10,kovan,18341156,18235012,106144
2020-05-04 14:20:44,kovan,18341181,18235012,106169
2020-05-04 14:22:29,kovan,18341202,18235012,106190
2020-05-04 14:23:51,kovan,18341222,18235012,106210
2020-05-04 14:25:13,kovan,18341245,18235012,106233
2020-05-04 14:26:48,kovan,18341265,18235012,106253
2020-05-04 14:28:10,kovan,18341290,18235012,106278
2020-05-04 14:29:48,kovan,18341314,18235012,106302
2020-05-04 14:31:28,kovan,18341334,18235012,106322
2020-05-04 14:32:50,kovan,18341355,18235012,106343
2020-05-04 14:34:12,kovan,18341375,18235012,106363
2020-05-04 14:35:34,kovan,18341397,18235012,106385
2020-05-04 14:37:05,kovan,18341417,18235012,106405
2020-05-04 14:38:29,kovan,18341439,18235012,106427
2020-05-04 14:39:51,kovan,18341461,18235012,106449
2020-05-04 14:41:22,kovan,18341485,18235012,106473
2020-05-04 14:42:59,kovan,18341509,18235012,106497
2020-05-04 14:44:36,kovan,18341530,18235012,106518
2020-05-04 14:46:01,kovan,18341551,18235012,106539
2020-05-04 14:47:32,kovan,18341576,18235012,106564
2020-05-04 14:49:07,kovan,18341596,18235012,106584
2020-05-04 14:50:29,kovan,18341615,18235012,106603
2020-05-04 14:51:51,kovan,18341637,18235012,106625
2020-05-04 14:53:19,kovan,18341662,18235012,106650
2020-05-04 14:54:56,kovan,18341683,18235012,106671
2020-05-04 14:56:23,kovan,18341703,18235012,106691
2020-05-04 14:57:45,kovan,18341724,18235012,106712
2020-05-04 14:59:07,kovan,18341747,18235012,106735
2020-05-04 15:00:45,kovan,18341771,18235012,106759
2020-05-04 15:02:21,kovan,18341794,18235012,106782
2020-05-04 15:03:54,kovan,18341822,18235012,106810
2020-05-04 15:05:43,kovan,18341846,18235012,106834
2020-05-04 15:07:23,kovan,18341877,18235012,106865
2020-05-04 15:09:30,kovan,18341899,18235012,106887
2020-05-04 15:10:57,kovan,18341921,18235012,106909
2020-05-04 15:12:33,kovan,18341956,18235012,106944
2020-05-04 15:14:54,kovan,18341979,18235012,106967
2020-05-04 15:16:26,kovan,18342019,18235012,107007
2020-05-04 15:19:10,kovan,18342046,18235012,107034
2020-05-04 15:20:56,kovan,18342066,18235012,107054
2020-05-04 15:22:20,kovan,18342110,18235012,107098
2020-05-04 15:25:17,kovan,18342140,18235012,107128
2020-05-04 15:27:20,kovan,18342189,18235012,107177
2020-05-04 15:30:36,kovan,18342213,18235012,107201
2020-05-04 15:32:11,kovan,18342234,18235012,107222
2020-05-04 15:33:34,kovan,18342263,18235012,107251
2020-05-04 15:35:34,kovan,18342288,18235012,107276
2020-05-04 15:37:16,kovan,18342311,18235012,107299
2020-05-04 15:38:50,kovan,18342337,18235012,107325
2020-05-04 15:40:35,kovan,18342361,18235012,107349
2020-05-04 15:42:15,kovan,18342382,18235012,107370
2020-05-04 15:43:43,kovan,18342407,18235012,107395
2020-05-04 15:45:23,kovan,18342440,18235012,107428
2020-05-04 15:47:34,kovan,18342463,18235012,107451
2020-05-04 15:49:09,kovan,18342486,18235012,107474
2020-05-04 15:50:41,kovan,18342509,18235012,107497
2020-05-04 15:52:17,kovan,18342533,18235012,107521
2020-05-04 15:53:53,kovan,18342554,18235012,107542
2020-05-04 15:55:18,kovan,18342574,18235012,107562
2020-05-04 15:56:41,kovan,18342603,18235012,107591
2020-05-04 15:58:37,kovan,18342626,18235012,107614
2020-05-04 16:00:10,kovan,18342646,18235012,107634
2020-05-04 16:01:33,kovan,18342669,18235012,107657
2020-05-04 16:03:04,kovan,18342689,18235012,107677
2020-05-04 16:04:26,kovan,18342711,18235012,107699
2020-05-04 16:05:55,kovan,18342734,18235012,107722
2020-05-04 16:07:29,kovan,18342757,18235012,107745
2020-05-04 16:09:01,kovan,18342779,18235012,107767
2020-05-04 16:10:29,kovan,18342803,18235012,107791
2020-05-04 16:12:09,kovan,18342824,18235012,107812
2020-05-04 16:13:31,kovan,18342848,18235012,107836
2020-05-04 16:15:08,kovan,18342869,18235012,107857
2020-05-04 16:16:39,kovan,18342890,18235012,107878
2020-05-04 16:18:01,kovan,18342912,18235012,107900
2020-05-04 16:19:31,kovan,18342937,18235012,107925
2020-05-04 16:21:10,kovan,18342958,18235012,107946
2020-05-04 16:22:39,kovan,18342981,18235012,107969
2020-05-04 16:24:09,kovan,18343002,18235012,107990
2020-05-04 16:25:31,kovan,18343021,18235012,108009
2020-05-04 16:26:53,kovan,18343042,18235012,108030
2020-05-04 16:28:15,kovan,18343063,18235012,108051
2020-05-04 16:29:43,kovan,18343087,18235012,108075
2020-05-04 16:31:19,kovan,18343107,18235012,108095
2020-05-04 16:32:41,kovan,18343129,18235012,108117
2020-05-04 16:34:07,kovan,18343151,18235012,108139
2020-05-04 16:35:37,kovan,18343171,18235012,108159
2020-05-04 16:37:05,kovan,18343192,18235012,108180
2020-05-04 16:38:27,kovan,18343212,18235012,108200
2020-05-04 16:39:49,kovan,18343235,18235012,108223
2020-05-04 16:41:21,kovan,18343257,18235012,108245
2020-05-04 16:42:52,kovan,18343277,18235012,108265
2020-05-04 16:44:15,kovan,18343300,18235012,108288
2020-05-04 16:45:45,kovan,18343324,18235012,108312
2020-05-04 16:47:24,kovan,18343344,18235012,108332
2020-05-04 16:48:46,kovan,18343365,18235012,108353
2020-05-04 16:50:08,kovan,18343385,18235012,108373
2020-05-04 16:51:31,kovan,18343407,18235012,108395
2020-05-04 16:53:00,kovan,18343429,18235012,108417
2020-05-04 16:54:31,kovan,18343450,18235012,108438
2020-05-04 16:55:53,kovan,18343470,18235012,108458
2020-05-04 16:57:15,kovan,18343493,18235012,108481
2020-05-04 16:58:49,kovan,18343515,18235012,108503
2020-05-04 17:00:17,kovan,18343534,18235012,108522
2020-05-04 17:01:39,kovan,18343555,18235012,108543
2020-05-04 17:03:01,kovan,18343576,18235012,108564
2020-05-04 17:04:28,kovan,18343598,18235012,108586
2020-05-04 17:06:00,kovan,18343618,18235012,108606
2020-05-04 17:07:23,kovan,18343640,18235012,108628
2020-05-04 17:08:53,kovan,18343662,18235012,108650
2020-05-04 17:10:21,kovan,18343681,18235012,108669
2020-05-04 17:11:44,kovan,18343702,18235012,108690
2020-05-04 17:13:06,kovan,18343724,18235012,108712
2020-05-04 17:14:32,kovan,18343749,18235012,108737
2020-05-04 17:16:11,kovan,18343768,18235012,108756
2020-05-04 17:17:33,kovan,18343789,18235012,108777
2020-05-04 17:18:55,kovan,18343809,18235012,108797
2020-05-04 17:20:17,kovan,18343828,18235012,108816
2020-05-04 17:21:39,kovan,18343852,18235012,108840
2020-05-04 17:23:11,kovan,18343872,18235012,108860
2020-05-04 17:24:35,kovan,18343893,18235012,108881
2020-05-04 17:25:57,kovan,18343912,18235012,108900
2020-05-04 17:27:19,kovan,18343934,18235012,108922
2020-05-04 17:28:47,kovan,18343957,18235012,108945
2020-05-04 17:30:15,kovan,18343977,18235012,108965
2020-05-04 17:31:38,kovan,18343999,18235012,108987
2020-05-04 17:33:05,kovan,18344019,18235012,109007
2020-05-04 17:34:30,kovan,18344043,18235012,109031
2020-05-04 17:35:57,kovan,18344062,18235012,109050
2020-05-04 17:37:20,kovan,18344085,18235012,109073
2020-05-04 17:38:52,kovan,18344109,18235012,109097
2020-05-04 17:40:32,kovan,18344131,18235012,109119
2020-05-04 17:41:55,kovan,18344151,18235012,109139
2020-05-04 17:43:17,kovan,18344176,18235012,109164
2020-05-04 17:44:56,kovan,18344201,18235012,109189
2020-05-04 17:46:40,kovan,18344222,18235012,109210
2020-05-04 17:48:06,kovan,18344244,18235012,109232
2020-05-04 17:49:36,kovan,18344268,18235012,109256
2020-05-04 17:51:09,kovan,18344288,18235012,109276
2020-05-04 17:52:32,kovan,18344308,18235012,109296
2020-05-04 17:53:54,kovan,18344329,18235012,109317
2020-05-04 17:55:16,kovan,18344351,18235012,109339
2020-05-04 17:56:50,kovan,18344372,18235012,109360
2020-05-04 17:58:20,kovan,18344393,18235012,109381
2020-05-04 17:59:42,kovan,18344416,18235012,109404
2020-05-04 18:01:13,kovan,18344438,18235012,109426
2020-05-04 18:02:44,kovan,18344457,18235012,109445
2020-05-04 18:04:06,kovan,18344483,18235012,109471
2020-05-04 18:05:50,kovan,18344505,18235012,109493
2020-05-04 18:07:19,kovan,18344525,18235012,109513
2020-05-04 18:08:41,kovan,18344547,18235012,109535
2020-05-04 18:10:09,kovan,18344568,18235012,109556
2020-05-04 18:11:37,kovan,18344588,18235012,109576
2020-05-04 18:12:59,kovan,18344609,18235012,109597
2020-05-04 18:14:23,kovan,18344634,18235012,109622
2020-05-04 18:15:59,kovan,18344653,18235012,109641
2020-05-04 18:17:21,kovan,18344674,18235012,109662
2020-05-04 18:18:43,kovan,18344696,18235012,109684
2020-05-04 18:20:11,kovan,18344717,18235012,109705
2020-05-04 18:21:42,kovan,18344739,18235012,109727
2020-05-04 18:23:10,kovan,18344762,18235012,109750
2020-05-04 18:24:43,kovan,18344783,18235012,109771
2020-05-04 18:26:06,kovan,18344803,18235012,109791
2020-05-04 18:27:28,kovan,18344826,18235012,109814
2020-05-04 18:28:59,kovan,18344848,18235012,109836
2020-05-04 18:30:29,kovan,18344868,18235012,109856
2020-05-04 18:31:52,kovan,18344889,18235012,109877
2020-05-04 18:33:16,kovan,18344911,18235012,109899
2020-05-04 18:34:45,kovan,18344934,18235012,109922
2020-05-04 18:36:16,kovan,18344954,18235012,109942
2020-05-04 18:37:38,kovan,18344975,18235012,109963
2020-05-04 18:39:07,kovan,18344998,18235012,109986
2020-05-04 18:40:36,kovan,18345017,18235012,110005
2020-05-04 18:41:59,kovan,18345038,18235012,110026
2020-05-04 18:43:21,kovan,18345060,18235012,110048
2020-05-04 18:44:48,kovan,18345083,18235012,110071
2020-05-04 18:46:24,kovan,18345103,18235012,110091
2020-05-04 18:47:46,kovan,18345125,18235012,110113
2020-05-04 18:49:12,kovan,18345147,18235012,110135
2020-05-04 18:50:42,kovan,18345167,18235012,110155
2020-05-04 18:52:04,kovan,18345188,18235012,110176
2020-05-04 18:53:26,kovan,18345209,18235012,110197
2020-05-04 18:54:56,kovan,18345233,18235012,110221
2020-05-04 18:56:29,kovan,18345252,18235012,110240
2020-05-04 18:57:51,kovan,18345273,18235012,110261
2020-05-04 18:59:15,kovan,18345298,18235012,110286
2020-05-04 19:00:53,kovan,18345318,18235012,110306
2020-05-04 19:02:15,kovan,18345337,18235012,110325
2020-05-04 19:03:37,kovan,18345359,18235012,110347
2020-05-04 19:05:05,kovan,18345381,18235012,110369
2020-05-04 19:06:36,kovan,18345401,18235012,110389
2020-05-04 19:07:58,kovan,18345423,18235012,110411
2020-05-04 19:09:24,kovan,18345443,18235012,110431
2020-05-04 19:10:46,kovan,18345465,18235012,110453
2020-05-04 19:12:17,kovan,18345491,18235012,110479
2020-05-04 19:14:01,kovan,18345510,18235012,110498
2020-05-04 19:15:23,kovan,18345530,18235012,110518
2020-05-04 19:16:45,kovan,18345551,18235012,110539
2020-05-04 19:18:11,kovan,18345573,18235012,110561
2020-05-04 19:19:38,kovan,18345594,18235012,110582
2020-05-04 19:21:01,kovan,18345614,18235012,110602
2020-05-04 19:22:23,kovan,18345635,18235012,110623
2020-05-04 19:23:53,kovan,18345658,18235012,110646
2020-05-04 19:25:24,kovan,18345678,18235012,110666
2020-05-04 19:26:46,kovan,18345699,18235012,110687
2020-05-04 19:28:08,kovan,18345720,18235012,110708
2020-05-04 19:29:34,kovan,18345744,18235012,110732
2020-05-04 19:31:09,kovan,18345764,18235012,110752
2020-05-04 19:32:31,kovan,18345786,18235012,110774
2020-05-04 19:34:01,kovan,18345809,18235012,110797
2020-05-04 19:35:36,kovan,18345830,18235012,110818
2020-05-04 19:36:58,kovan,18345851,18235012,110839
2020-05-04 19:38:20,kovan,18345872,18235012,110860
2020-05-04 19:39:46,kovan,18345896,18235012,110884
2020-05-04 19:41:21,kovan,18345915,18235012,110903
2020-05-04 19:42:43,kovan,18345937,18235012,110925
2020-05-04 19:44:10,kovan,18345960,18235012,110948
2020-05-04 19:45:41,kovan,18345981,18235012,110969
2020-05-04 19:47:07,kovan,18346001,18235012,110989
2020-05-04 19:48:29,kovan,18346023,18235012,111011
2020-05-04 19:49:54,kovan,18346045,18235012,111033
2020-05-04 19:51:25,kovan,18346065,18235012,111053
2020-05-04 19:52:47,kovan,18346086,18235012,111074
2020-05-04 19:54:15,kovan,18346108,18235012,111096
2020-05-04 19:55:43,kovan,18346129,18235012,111117
2020-05-04 19:57:06,kovan,18346149,18235012,111137
2020-05-04 19:58:28,kovan,18346171,18235012,111159
2020-05-04 19:59:59,kovan,18346194,18235012,111182
2020-05-04 20:01:31,kovan,18346214,18235012,111202
2020-05-04 20:02:53,kovan,18346237,18235012,111225
2020-05-04 20:04:23,kovan,18346257,18235012,111245
2020-05-04 20:05:45,kovan,18346276,18235012,111264
2020-05-04 20:07:12,kovan,18346298,18235012,111286
2020-05-04 20:08:35,kovan,18346318,18235012,111306
2020-05-04 20:09:57,kovan,18346339,18235012,111327
2020-05-04 20:11:19,kovan,18346358,18235012,111346
2020-05-04 20:12:41,kovan,18346378,18235012,111366
2020-05-04 20:14:03,kovan,18346399,18235012,111387
2020-05-04 20:15:25,kovan,18346420,18235012,111408
2020-05-04 20:16:52,kovan,18346440,18235012,111428
2020-05-04 20:18:14,kovan,18346461,18235012,111449
2020-05-04 20:19:36,kovan,18346482,18235012,111470
2020-05-04 20:20:58,kovan,18346502,18235012,111490
2020-05-04 20:22:28,kovan,18346523,18235012,111511
2020-05-04 20:23:50,kovan,18346544,18235012,111532
2020-05-04 20:25:12,kovan,18346563,18235012,111551
2020-05-04 20:26:34,kovan,18346586,18235012,111574
2020-05-04 20:28:05,kovan,18346607,18235012,111595
2020-05-04 20:29:28,kovan,18346628,18235012,111616
2020-05-04 20:30:50,kovan,18346650,18235012,111638
2020-05-04 20:32:23,kovan,18346671,18235012,111659
2020-05-04 20:33:46,kovan,18346692,18235012,111680
2020-05-04 20:35:08,kovan,18346712,18235012,111700
2020-05-04 20:36:32,kovan,18346732,18235012,111720
2020-05-04 20:37:54,kovan,18346753,18235012,111741
2020-05-04 20:39:16,kovan,18346774,18235012,111762
2020-05-04 20:40:38,kovan,18346793,18235012,111781
2020-05-04 20:42:00,kovan,18346814,18235012,111802
2020-05-04 20:43:22,kovan,18346833,18235012,111821
2020-05-04 20:44:44,kovan,18346854,18235012,111842
2020-05-04 20:46:06,kovan,18346875,18235012,111863
2020-05-04 20:47:35,kovan,18346896,18235012,111884
2020-05-04 20:48:56,kovan,18346917,18235012,111905
2020-05-04 20:50:18,kovan,18346937,18235012,111925
2020-05-04 20:51:43,kovan,18346957,18235012,111945
2020-05-04 20:53:05,kovan,18346984,18235012,111972
2020-05-04 20:54:52,kovan,18347004,18235012,111992
2020-05-04 20:56:15,kovan,18347024,18235012,112012
2020-05-04 20:57:37,kovan,18347045,18235012,112033
2020-05-04 20:58:59,kovan,18347065,18235012,112053
2020-05-04 21:00:21,kovan,18347086,18235012,112074
2020-05-04 21:01:47,kovan,18347107,18235012,112095
2020-05-04 21:03:10,kovan,18347127,18235012,112115
2020-05-04 21:04:36,kovan,18347147,18235012,112135
2020-05-04 21:05:59,kovan,18347168,18235012,112156
2020-05-04 21:07:23,kovan,18347189,18235012,112177
2020-05-04 21:08:46,kovan,18347209,18235012,112197
2020-05-04 21:10:08,kovan,18347229,18235012,112217
2020-05-04 21:11:30,kovan,18347249,18235012,112237
2020-05-04 21:12:52,kovan,18347270,18235012,112258
2020-05-04 21:14:14,kovan,18347290,18235012,112278
2020-05-04 21:15:36,kovan,18347311,18235012,112299
2020-05-04 21:17:05,kovan,18347332,18235012,112320
2020-05-04 21:18:28,kovan,18347353,18235012,112341
2020-05-04 21:19:50,kovan,18347373,18235012,112361
2020-05-04 21:21:13,kovan,18347393,18235012,112381
2020-05-04 21:22:39,kovan,18347414,18235012,112402
2020-05-04 21:24:00,kovan,18347434,18235012,112422
2020-05-04 21:25:23,kovan,18347453,18235012,112441
2020-05-04 21:26:45,kovan,18347474,18235012,112462
2020-05-04 21:28:07,kovan,18347494,18235012,112482
2020-05-04 21:29:29,kovan,18347514,18235012,112502
2020-05-04 21:30:52,kovan,18347535,18235012,112523
2020-05-04 21:32:14,kovan,18347555,18235012,112543
2020-05-04 21:33:36,kovan,18347576,18235012,112564
2020-05-04 21:35:00,kovan,18347599,18235012,112587
2020-05-04 21:36:40,kovan,18347621,18235012,112609
2020-05-04 21:38:02,kovan,18347641,18235012,112629
2020-05-04 21:39:24,kovan,18347661,18235012,112649
2020-05-04 21:40:47,kovan,18347682,18235012,112670
2020-05-04 21:42:13,kovan,18347703,18235012,112691
2020-05-04 21:43:35,kovan,18347723,18235012,112711
2020-05-04 21:44:57,kovan,18347744,18235012,112732
2020-05-04 21:46:20,kovan,18347763,18235012,112751
2020-05-04 21:47:41,kovan,18347783,18235012,112771
2020-05-04 21:49:03,kovan,18347804,18235012,112792
2020-05-04 21:50:25,kovan,18347826,18235012,112814
2020-05-04 21:51:56,kovan,18347847,18235012,112835
2020-05-04 21:53:18,kovan,18347867,18235012,112855
2020-05-04 21:54:40,kovan,18347888,18235012,112876
2020-05-04 21:56:06,kovan,18347909,18235012,112897
2020-05-04 21:57:35,kovan,18347930,18235012,112918
2020-05-04 21:58:57,kovan,18347950,18235012,112938
2020-05-04 22:00:19,kovan,18347970,18235012,112958
2020-05-04 22:01:41,kovan,18347992,18235012,112980
2020-05-04 22:03:07,kovan,18348012,18235012,113000
2020-05-04 22:04:30,kovan,18348033,18235012,113021
2020-05-04 22:05:52,kovan,18348054,18235012,113042
2020-05-04 22:07:20,kovan,18348075,18235012,113063
2020-05-04 22:08:42,kovan,18348094,18235012,113082
2020-05-04 22:10:05,kovan,18348114,18235012,113102
2020-05-04 22:11:27,kovan,18348134,18235012,113122
2020-05-04 22:12:49,kovan,18348155,18235012,113143
2020-05-04 22:14:12,kovan,18348175,18235012,113163
2020-05-04 22:15:34,kovan,18348197,18235012,113185
2020-05-04 22:17:02,kovan,18348217,18235012,113205
2020-05-04 22:18:24,kovan,18348237,18235012,113225
2020-05-04 22:19:47,kovan,18348258,18235012,113246
2020-05-04 22:21:10,kovan,18348277,18235012,113265
2020-05-04 22:22:32,kovan,18348297,18235012,113285
2020-05-04 22:23:54,kovan,18348318,18235012,113306
2020-05-04 22:25:16,kovan,18348338,18235012,113326
2020-05-04 22:26:38,kovan,18348358,18235012,113346
2020-05-04 22:28:00,kovan,18348379,18235012,113367
2020-05-04 22:29:22,kovan,18348398,18235012,113386
2020-05-04 22:30:44,kovan,18348418,18235012,113406
2020-05-04 22:32:06,kovan,18348439,18235012,113427
2020-05-04 22:33:28,kovan,18348460,18235012,113448
2020-05-04 22:34:50,kovan,18348480,18235012,113468
2020-05-04 22:36:13,kovan,18348500,18235012,113488
2020-05-04 22:37:35,kovan,18348520,18235012,113508
2020-05-04 22:38:57,kovan,18348540,18235012,113528
2020-05-04 22:40:19,kovan,18348560,18235012,113548
2020-05-04 22:41:41,kovan,18348581,18235012,113569
2020-05-04 22:43:03,kovan,18348601,18235012,113589
2020-05-04 22:44:25,kovan,18348622,18235012,113610
2020-05-04 22:45:48,kovan,18348641,18235012,113629
2020-05-04 22:47:10,kovan,18348661,18235012,113649
2020-05-04 22:48:33,kovan,18348682,18235012,113670
2020-05-04 22:49:55,kovan,18348703,18235012,113691
2020-05-04 22:51:18,kovan,18348723,18235012,113711
2020-05-04 22:52:40,kovan,18348744,18235012,113732
2020-05-04 22:54:04,kovan,18348764,18235012,113752
2020-05-04 22:55:26,kovan,18348786,18235012,113774
2020-05-04 22:56:53,kovan,18348807,18235012,113795
2020-05-04 22:58:15,kovan,18348827,18235012,113815
2020-05-04 22:59:37,kovan,18348847,18235012,113835
2020-05-04 23:01:00,kovan,18348864,18235012,113852
2020-05-04 23:02:22,kovan,18348881,18235012,113869
2020-05-04 23:03:44,kovan,18348902,18235012,113890
2020-05-04 23:05:06,kovan,18348921,18235012,113909
2020-05-04 23:06:29,kovan,18348940,18235012,113928
2020-05-04 23:07:51,kovan,18348962,18235012,113950
2020-05-04 23:09:16,kovan,18348986,18235012,113974
2020-05-04 23:10:56,kovan,18349006,18235012,113994
2020-05-04 23:12:18,kovan,18349027,18235012,114015
2020-05-04 23:13:40,kovan,18349048,18235012,114036
2020-05-04 23:15:04,kovan,18349068,18235012,114056
2020-05-04 23:16:26,kovan,18349088,18235012,114076
2020-05-04 23:17:51,kovan,18349109,18235012,114097
2020-05-04 23:19:13,kovan,18349131,18235012,114119
2020-05-04 23:20:41,kovan,18349153,18235012,114141
2020-05-04 23:22:10,kovan,18349174,18235012,114162
2020-05-04 23:23:33,kovan,18349196,18235012,114184
2020-05-04 23:25:02,kovan,18349217,18235012,114205
2020-05-04 23:26:24,kovan,18349240,18235012,114228
2020-05-04 23:27:57,kovan,18349262,18235012,114250
2020-05-04 23:29:26,kovan,18349283,18235012,114271
2020-05-04 23:30:49,kovan,18349303,18235012,114291
2020-05-04 23:32:11,kovan,18349324,18235012,114312
2020-05-04 23:33:37,kovan,18349344,18235012,114332
2020-05-04 23:35:01,kovan,18349366,18235012,114354
2020-05-04 23:36:23,kovan,18349386,18235012,114374
2020-05-04 23:37:46,kovan,18349407,18235012,114395
2020-05-04 23:39:08,kovan,18349427,18235012,114415
2020-05-04 23:40:30,kovan,18349447,18235012,114435
2020-05-04 23:41:55,kovan,18349469,18235012,114457
2020-05-04 23:43:24,kovan,18349490,18235012,114478
2020-05-04 23:44:47,kovan,18349510,18235012,114498
2020-05-04 23:46:09,kovan,18349530,18235012,114518
2020-05-04 23:47:31,kovan,18349551,18235012,114539
2020-05-04 23:48:53,kovan,18349571,18235012,114559
2020-05-04 23:50:15,kovan,18349591,18235012,114579
2020-05-04 23:51:40,kovan,18349611,18235012,114599
2020-05-04 23:53:02,kovan,18349631,18235012,114619
2020-05-04 23:54:24,kovan,18349655,18235012,114643
2020-05-04 23:55:54,kovan,18349674,18235012,114662
2020-05-04 23:57:16,kovan,18349698,18235012,114686
2020-05-04 23:58:55,kovan,18349718,18235012,114706
2020-05-05 00:00:17,kovan,18349740,18235012,114728
2020-05-05 00:01:46,kovan,18349761,18235012,114749
2020-05-05 00:03:09,kovan,18349784,18235012,114772
2020-05-05 00:04:42,kovan,18349807,18235012,114795
2020-05-05 00:06:15,kovan,18349827,18235012,114815
2020-05-05 00:07:37,kovan,18349854,18235012,114842
2020-05-05 00:09:28,kovan,18349874,18235012,114862
2020-05-05 00:10:50,kovan,18349904,18235012,114892
2020-05-05 00:12:53,kovan,18349925,18235012,114913
2020-05-05 00:14:16,kovan,18349950,18235012,114938
2020-05-05 00:15:55,kovan,18349969,18235012,114957
2020-05-05 00:17:17,kovan,18349992,18235012,114980
2020-05-05 00:18:50,kovan,18350013,18235012,115001
2020-05-05 00:20:12,kovan,18350033,18235012,115021
2020-05-05 00:21:34,kovan,18350053,18235012,115041
2020-05-05 00:22:59,kovan,18350074,18235012,115062
2020-05-05 00:24:22,kovan,18350094,18235012,115082
2020-05-05 00:25:44,kovan,18350116,18235012,115104
2020-05-05 00:27:06,kovan,18350136,18235012,115124
2020-05-05 00:28:28,kovan,18350157,18235012,115145
2020-05-05 00:29:51,kovan,18350180,18235012,115168
2020-05-05 00:31:25,kovan,18350200,18235012,115188
2020-05-05 00:32:48,kovan,18350222,18235012,115210
2020-05-05 00:34:10,kovan,18350242,18235012,115230
2020-05-05 00:35:32,kovan,18350262,18235012,115250
2020-05-05 00:36:54,kovan,18350288,18235012,115276
2020-05-05 00:38:42,kovan,18350309,18235012,115297
2020-05-05 00:40:04,kovan,18350333,18235012,115321
2020-05-05 00:41:44,kovan,18350353,18235012,115341
2020-05-05 00:43:06,kovan,18350376,18235012,115364
2020-05-05 00:44:39,kovan,18350400,18235012,115388
2020-05-05 00:46:13,kovan,18350420,18235012,115408
2020-05-05 00:47:36,kovan,18350443,18235012,115431
2020-05-05 00:49:12,kovan,18350466,18235012,115454
2020-05-05 00:50:40,kovan,18350487,18235012,115475
2020-05-05 00:52:02,kovan,18350509,18235012,115497
2020-05-05 00:53:33,kovan,18350533,18235012,115521
2020-05-05 00:55:12,kovan,18350554,18235012,115542
2020-05-05 00:56:33,kovan,18350575,18235012,115563
2020-05-05 00:57:58,kovan,18350596,18235012,115584
2020-05-05 00:59:20,kovan,18350618,18235012,115606
2020-05-05 01:00:51,kovan,18350640,18235012,115628
2020-05-05 01:02:19,kovan,18350660,18235012,115648
2020-05-05 01:03:42,kovan,18350683,18235012,115671
2020-05-05 01:05:13,kovan,18350705,18235012,115693
2020-05-05 01:06:42,kovan,18350726,18235012,115714
2020-05-05 01:08:04,kovan,18350746,18235012,115734
2020-05-05 01:09:27,kovan,18350767,18235012,115755
2020-05-05 01:10:49,kovan,18350789,18235012,115777
2020-05-05 01:12:18,kovan,18350812,18235012,115800
2020-05-05 01:13:48,kovan,18350832,18235012,115820
2020-05-05 01:15:10,kovan,18350858,18235012,115846
2020-05-05 01:16:53,kovan,18350880,18235012,115868
2020-05-05 01:18:21,kovan,18350903,18235012,115891
2020-05-05 01:19:55,kovan,18350924,18235012,115912
2020-05-05 01:21:17,kovan,18350946,18235012,115934
2020-05-05 01:22:47,kovan,18350969,18235012,115957
2020-05-05 01:24:20,kovan,18350990,18235012,115978
2020-05-05 01:25:47,kovan,18351012,18235012,116000
2020-05-05 01:27:18,kovan,18351038,18235012,116026
2020-05-05 01:29:02,kovan,18351059,18235012,116047
2020-05-05 01:30:25,kovan,18351086,18235012,116074
2020-05-05 01:32:15,kovan,18351107,18235012,116095
2020-05-05 01:33:41,kovan,18351127,18235012,116115
2020-05-05 01:35:04,kovan,18351149,18235012,116137
2020-05-05 01:36:28,kovan,18351170,18235012,116158
2020-05-05 01:37:51,kovan,18351196,18235012,116184
2020-05-05 01:39:36,kovan,18351216,18235012,116204
2020-05-05 01:40:58,kovan,18351239,18235012,116227
2020-05-05 01:42:29,kovan,18351261,18235012,116249
2020-05-05 01:43:59,kovan,18351283,18235012,116271
2020-05-05 01:45:25,kovan,18351303,18235012,116291
2020-05-05 01:46:47,kovan,18351325,18235012,116313
2020-05-05 01:48:18,kovan,18351348,18235012,116336
2020-05-05 01:49:49,kovan,18351368,18235012,116356
2020-05-05 01:51:11,kovan,18351389,18235012,116377
2020-05-05 01:52:33,kovan,18351409,18235012,116397
2020-05-05 01:53:55,kovan,18351430,18235012,116418
2020-05-05 01:55:19,kovan,18351454,18235012,116442
2020-05-05 01:56:53,kovan,18351476,18235012,116464
2020-05-05 01:58:22,kovan,18351496,18235012,116484
2020-05-05 01:59:44,kovan,18351519,18235012,116507
2020-05-05 02:01:13,kovan,18351540,18235012,116528
2020-05-05 02:02:42,kovan,18351561,18235012,116549
2020-05-05 02:04:05,kovan,18351581,18235012,116569
2020-05-05 02:05:27,kovan,18351600,18235012,116588
2020-05-05 02:06:49,kovan,18351622,18235012,116610
2020-05-05 02:08:17,kovan,18351645,18235012,116633
2020-05-05 02:09:49,kovan,18351667,18235012,116655
2020-05-05 02:11:18,kovan,18351688,18235012,116676
2020-05-05 02:12:45,kovan,18351710,18235012,116698
2020-05-05 02:14:14,kovan,18351731,18235012,116719
2020-05-05 02:15:36,kovan,18351754,18235012,116742
2020-05-05 02:17:13,kovan,18351777,18235012,116765
2020-05-05 02:18:45,kovan,18351798,18235012,116786
2020-05-05 02:20:07,kovan,18351818,18235012,116806
2020-05-05 02:21:31,kovan,18351840,18235012,116828
2020-05-05 02:23:00,kovan,18351865,18235012,116853
2020-05-05 02:24:38,kovan,18351885,18235012,116873
2020-05-05 02:26:00,kovan,18351910,18235012,116898
2020-05-05 02:27:35,kovan,18351932,18235012,116920
2020-05-05 02:29:08,kovan,18351956,18235012,116944
2020-05-05 02:30:41,kovan,18351975,18235012,116963
2020-05-05 02:32:03,kovan,18351997,18235012,116985
2020-05-05 02:33:29,kovan,18352018,18235012,117006
2020-05-05 02:34:51,kovan,18352041,18235012,117029
2020-05-05 02:36:26,kovan,18352063,18235012,117051
2020-05-05 02:37:56,kovan,18352084,18235012,117072
2020-05-05 02:39:19,kovan,18352105,18235012,117093
2020-05-05 02:40:41,kovan,18352129,18235012,117117
2020-05-05 02:42:15,kovan,18352151,18235012,117139
2020-05-05 02:43:43,kovan,18352171,18235012,117159
2020-05-05 02:45:05,kovan,18352191,18235012,117179
2020-05-05 02:46:27,kovan,18352213,18235012,117201
2020-05-05 02:47:57,kovan,18352237,18235012,117225
2020-05-05 02:49:33,kovan,18352261,18235012,117249
2020-05-05 02:51:08,kovan,18352284,18235012,117272
2020-05-05 02:52:44,kovan,18352308,18235012,117296
2020-05-05 02:54:16,kovan,18352330,18235012,117318
2020-05-05 02:55:44,kovan,18352356,18235012,117344
2020-05-05 02:57:30,kovan,18352379,18235012,117367
2020-05-05 02:59:04,kovan,18352400,18235012,117388
2020-05-05 03:00:26,kovan,18352422,18235012,117410
2020-05-05 03:02:01,kovan,18352443,18235012,117431
2020-05-05 03:03:26,kovan,18352464,18235012,117452
2020-05-05 03:04:49,kovan,18352485,18235012,117473
2020-05-05 03:06:11,kovan,18352509,18235012,117497
2020-05-05 03:07:50,kovan,18352533,18235012,117521
2020-05-05 03:09:23,kovan,18352555,18235012,117543
2020-05-05 03:10:55,kovan,18352577,18235012,117565
2020-05-05 03:12:18,kovan,18352632,18235012,117620
2020-05-05 03:16:00,kovan,18352672,18235012,117660
2020-05-05 03:18:46,kovan,18352696,18235012,117684
2020-05-05 03:20:21,kovan,18352715,18235012,117703
2020-05-05 03:21:43,kovan,18352738,18235012,117726
2020-05-05 03:23:12,kovan,18352761,18235012,117749
2020-05-05 03:24:45,kovan,18352783,18235012,117771
2020-05-05 03:26:14,kovan,18352807,18235012,117795
2020-05-05 03:27:46,kovan,18352827,18235012,117815
2020-05-05 03:29:08,kovan,18352848,18235012,117836
2020-05-05 03:30:30,kovan,18352868,18235012,117856
2020-05-05 03:31:58,kovan,18352890,18235012,117878
2020-05-05 03:33:28,kovan,18352911,18235012,117899
2020-05-05 03:34:50,kovan,18352932,18235012,117920
2020-05-05 03:36:12,kovan,18352959,18235012,117947
2020-05-05 03:38:00,kovan,18352979,18235012,117967
2020-05-05 03:39:22,kovan,18353000,18235012,117988
2020-05-05 03:40:44,kovan,18353021,18235012,118009
2020-05-05 03:42:06,kovan,18353041,18235012,118029
2020-05-05 03:43:28,kovan,18353061,18235012,118049
2020-05-05 03:44:51,kovan,18353085,18235012,118073
2020-05-05 03:46:31,kovan,18353113,18235012,118101
2020-05-05 03:48:26,kovan,18353135,18235012,118123
2020-05-05 03:49:48,kovan,18353155,18235012,118143
2020-05-05 03:51:10,kovan,18353178,18235012,118166
2020-05-05 03:52:38,kovan,18353205,18235012,118193
2020-05-05 03:54:28,kovan,18353225,18235012,118213
2020-05-05 03:55:50,kovan,18353248,18235012,118236
2020-05-05 03:57:19,kovan,18353268,18235012,118256
2020-05-05 03:58:41,kovan,18353288,18235012,118276
2020-05-05 04:00:04,kovan,18353309,18235012,118297
2020-05-05 04:01:26,kovan,18353330,18235012,118318
2020-05-05 04:02:53,kovan,18353359,18235012,118347
2020-05-05 04:05:06,kovan,18353380,18235012,118368
2020-05-05 04:06:35,kovan,18353401,18235012,118389
2020-05-05 04:07:58,kovan,18353426,18235012,118414
2020-05-05 04:09:38,kovan,18353447,18235012,118435
2020-05-05 04:11:04,kovan,18353473,18235012,118461
2020-05-05 04:12:43,kovan,18353494,18235012,118482
2020-05-05 04:14:05,kovan,18353514,18235012,118502
2020-05-05 04:15:28,kovan,18353536,18235012,118524
2020-05-05 04:17:01,kovan,18353559,18235012,118547
2020-05-05 04:18:32,kovan,18353580,18235012,118568
2020-05-05 04:19:55,kovan,18353600,18235012,118588
2020-05-05 04:21:17,kovan,18353621,18235012,118609
2020-05-05 04:22:44,kovan,18353649,18235012,118637
2020-05-05 04:24:39,kovan,18353671,18235012,118659
2020-05-05 04:26:03,kovan,18353691,18235012,118679
2020-05-05 04:27:25,kovan,18353715,18235012,118703
2020-05-05 04:29:02,kovan,18353741,18235012,118729
2020-05-05 04:30:43,kovan,18353760,18235012,118748
2020-05-05 04:32:05,kovan,18353781,18235012,118769
2020-05-05 04:33:27,kovan,18353801,18235012,118789
2020-05-05 04:34:49,kovan,18353824,18235012,118812
2020-05-05 04:36:19,kovan,18353845,18235012,118833
2020-05-05 04:37:46,kovan,18353865,18235012,118853
2020-05-05 04:39:11,kovan,18353886,18235012,118874
2020-05-05 04:40:35,kovan,18353912,18235012,118900
2020-05-05 04:42:20,kovan,18353934,18235012,118922
2020-05-05 04:43:48,kovan,18353954,18235012,118942
2020-05-05 04:45:10,kovan,18353976,18235012,118964
2020-05-05 04:46:39,kovan,18353996,18235012,118984
2020-05-05 04:48:01,kovan,18354023,18235012,119011
2020-05-05 04:49:52,kovan,18354047,18235012,119035
2020-05-05 04:51:25,kovan,18354068,18235012,119056
2020-05-05 04:52:47,kovan,18354093,18235012,119081
2020-05-05 04:54:31,kovan,18354136,18235012,119124
2020-05-05 04:57:25,kovan,18354162,18235012,119150
2020-05-05 04:59:05,kovan,18354192,18235012,119180
2020-05-05 05:01:12,kovan,18354214,18235012,119202
2020-05-05 05:02:40,kovan,18354234,18235012,119222
2020-05-05 05:04:03,kovan,18354255,18235012,119243
2020-05-05 05:05:25,kovan,18354275,18235012,119263
2020-05-05 05:06:47,kovan,18354298,18235012,119286
2020-05-05 05:08:21,kovan,18354328,18235012,119316
2020-05-05 05:10:21,kovan,18354352,18235012,119340
2020-05-05 05:11:55,kovan,18354375,18235012,119363
2020-05-05 05:13:28,kovan,18354395,18235012,119383
2020-05-05 05:14:50,kovan,18354416,18235012,119404
2020-05-05 05:16:13,kovan,18354440,18235012,119428
2020-05-05 05:17:51,kovan,18354462,18235012,119450
2020-05-05 05:19:18,kovan,18354483,18235012,119471
2020-05-05 05:20:41,kovan,18354505,18235012,119493
2020-05-05 05:22:09,kovan,18354529,18235012,119517
2020-05-05 05:23:41,kovan,18354549,18235012,119537
2020-05-05 05:25:04,kovan,18354569,18235012,119557
2020-05-05 05:26:26,kovan,18354595,18235012,119583
2020-05-05 05:28:10,kovan,18354624,18235012,119612
2020-05-05 05:30:08,kovan,18354644,18235012,119632
2020-05-05 05:31:30,kovan,18354664,18235012,119652
2020-05-05 05:32:52,kovan,18354686,18235012,119674
2020-05-05 05:34:14,kovan,18354704,18235012,119692
2020-05-05 05:35:36,kovan,18354723,18235012,119711
2020-05-05 05:36:58,kovan,18354744,18235012,119732
2020-05-05 05:38:20,kovan,18354766,18235012,119754
2020-05-05 05:39:51,kovan,18354790,18235012,119778
2020-05-05 05:41:26,kovan,18354810,18235012,119798
2020-05-05 05:42:48,kovan,18354834,18235012,119822
2020-05-05 05:44:26,kovan,18354857,18235012,119845
2020-05-05 05:46:03,kovan,18354877,18235012,119865
2020-05-05 05:47:25,kovan,18354900,18235012,119888
2020-05-05 05:49:00,kovan,18354925,18235012,119913
2020-05-05 05:50:36,kovan,18354945,18235012,119933
2020-05-05 05:52:00,kovan,18354966,18235012,119954
2020-05-05 05:53:22,kovan,18354986,18235012,119974
2020-05-05 05:54:44,kovan,18355011,18235012,119999
2020-05-05 05:56:22,kovan,18355031,18235012,120019
2020-05-05 05:57:45,kovan,18355052,18235012,120040
2020-05-05 05:59:08,kovan,18355073,18235012,120061
2020-05-05 06:00:30,kovan,18355091,18235012,120079
2020-05-05 06:01:52,kovan,18355111,18235012,120099
2020-05-05 06:03:14,kovan,18355131,18235012,120119
2020-05-05 06:04:37,kovan,18355156,18235012,120144
2020-05-05 06:06:15,kovan,18355179,18235012,120167
2020-05-05 06:07:55,kovan,18355200,18235012,120188
2020-05-05 06:09:18,kovan,18355220,18235012,120208
2020-05-05 06:10:40,kovan,18355250,18235012,120238
2020-05-05 06:12:40,kovan,18355271,18235012,120259
2020-05-05 06:14:06,kovan,18355292,18235012,120280
2020-05-05 06:15:28,kovan,18355314,18235012,120302
2020-05-05 06:16:59,kovan,18355340,18235012,120328
2020-05-05 06:18:42,kovan,18355361,18235012,120349
2020-05-05 06:20:05,kovan,18355381,18235012,120369
2020-05-05 06:21:30,kovan,18355406,18235012,120394
2020-05-05 06:23:06,kovan,18355430,18235012,120418
2020-05-05 06:24:40,kovan,18355450,18235012,120438
2020-05-05 06:26:02,kovan,18355470,18235012,120458
2020-05-05 06:27:25,kovan,18355491,18235012,120479
2020-05-05 06:28:50,kovan,18355514,18235012,120502
2020-05-05 06:30:21,kovan,18355533,18235012,120521
2020-05-05 06:31:43,kovan,18355566,18235012,120554
2020-05-05 06:33:53,kovan,18355589,18235012,120577
2020-05-05 06:35:25,kovan,18355609,18235012,120597
2020-05-05 06:36:48,kovan,18355641,18235012,120629
2020-05-05 06:38:58,kovan,18355664,18235012,120652
2020-05-05 06:40:29,kovan,18355684,18235012,120672
2020-05-05 06:41:51,kovan,18355705,18235012,120693
2020-05-05 06:43:13,kovan,18355725,18235012,120713
2020-05-05 06:44:35,kovan,18355750,18235012,120738
2020-05-05 06:46:10,kovan,18355770,18235012,120758
2020-05-05 06:47:37,kovan,18355790,18235012,120778
2020-05-05 06:48:59,kovan,18355811,18235012,120799
2020-05-05 06:50:21,kovan,18355835,18235012,120823
2020-05-05 06:51:56,kovan,18355858,18235012,120846
2020-05-05 06:53:31,kovan,18355879,18235012,120867
2020-05-05 06:54:53,kovan,18355900,18235012,120888
2020-05-05 06:56:16,kovan,18355935,18235012,120923
2020-05-05 06:58:39,kovan,18355959,18235012,120947
2020-05-05 07:00:17,kovan,18355979,18235012,120967
2020-05-05 07:01:39,kovan,18356002,18235012,120990
2020-05-05 07:03:12,kovan,18356030,18235012,121018
2020-05-05 07:05:05,kovan,18356051,18235012,121039
2020-05-05 07:06:34,kovan,18356075,18235012,121063
2020-05-05 07:08:07,kovan,18356102,18235012,121090
2020-05-05 07:09:55,kovan,18356123,18235012,121111
2020-05-05 07:11:21,kovan,18356147,18235012,121135
2020-05-05 07:12:55,kovan,18356171,18235012,121159
2020-05-05 07:14:34,kovan,18356192,18235012,121180
2020-05-05 07:15:56,kovan,18356216,18235012,121204
2020-05-05 07:17:32,kovan,18356242,18235012,121230
2020-05-05 07:19:18,kovan,18356270,18235012,121258
2020-05-05 07:21:10,kovan,18356295,18235012,121283
2020-05-05 07:22:46,kovan,18356322,18235012,121310
2020-05-05 07:24:39,kovan,18356344,18235012,121332
2020-05-05 07:26:06,kovan,18356368,18235012,121356
2020-05-05 07:27:43,kovan,18356394,18235012,121382
2020-05-05 07:29:23,kovan,18356416,18235012,121404
2020-05-05 07:30:54,kovan,18356436,18235012,121424
2020-05-05 07:32:20,kovan,18356461,18235012,121449
2020-05-05 07:34:01,kovan,18356483,18235012,121471
2020-05-05 07:35:29,kovan,18356503,18235012,121491
2020-05-05 07:36:53,kovan,18356526,18235012,121514
2020-05-05 07:38:27,kovan,18356549,18235012,121537
2020-05-05 07:39:59,kovan,18356573,18235012,121561
2020-05-05 07:41:34,kovan,18356598,18235012,121586
2020-05-05 07:43:12,kovan,18356632,18235012,121620
2020-05-05 07:45:32,kovan,18356653,18235012,121641
2020-05-05 07:46:58,kovan,18356673,18235012,121661
2020-05-05 07:48:20,kovan,18356696,18235012,121684
2020-05-05 07:49:51,kovan,18356719,18235012,121707
2020-05-05 07:51:20,kovan,18356739,18235012,121727
2020-05-05 07:52:42,kovan,18356760,18235012,121748
2020-05-05 07:54:05,kovan,18356780,18235012,121768
2020-05-05 07:55:27,kovan,18356800,18235012,121788
2020-05-05 07:56:50,kovan,18356827,18235012,121815
2020-05-05 07:58:34,kovan,18356851,18235012,121839
2020-05-05 08:00:12,kovan,18356870,18235012,121858
2020-05-05 08:01:34,kovan,18356892,18235012,121880
2020-05-05 08:03:04,kovan,18356914,18235012,121902
2020-05-05 08:04:36,kovan,18356934,18235012,121922
2020-05-05 08:05:58,kovan,18356954,18235012,121942
2020-05-05 08:07:21,kovan,18356975,18235012,121963
2020-05-05 08:08:43,kovan,18356995,18235012,121983
2020-05-05 08:10:05,kovan,18357016,18235012,122004
2020-05-05 08:11:32,kovan,18357037,18235012,122025
2020-05-05 08:12:58,kovan,18357059,18235012,122047
2020-05-05 08:14:24,kovan,18357080,18235012,122068
2020-05-05 08:15:46,kovan,18357099,18235012,122087
2020-05-05 08:17:08,kovan,18357119,18235012,122107
2020-05-05 08:18:30,kovan,18357140,18235012,122128
2020-05-05 08:19:53,kovan,18357163,18235012,122151
2020-05-05 08:21:28,kovan,18357187,18235012,122175
2020-05-05 08:22:59,kovan,18357208,18235012,122196
2020-05-05 08:24:28,kovan,18357229,18235012,122217
2020-05-05 08:25:51,kovan,18357250,18235012,122238
2020-05-05 08:27:19,kovan,18357273,18235012,122261
2020-05-05 08:28:49,kovan,18357298,18235012,122286
2020-05-05 08:30:29,kovan,18357322,18235012,122310
2020-05-05 08:32:07,kovan,18357342,18235012,122330
2020-05-05 08:33:33,kovan,18357363,18235012,122351
2020-05-05 08:34:58,kovan,18357384,18235012,122372
2020-05-05 08:36:21,kovan,18357403,18235012,122391
2020-05-05 08:37:43,kovan,18357425,18235012,122413
2020-05-05 08:39:11,kovan,18357447,18235012,122435
2020-05-05 08:40:35,kovan,18357468,18235012,122456
2020-05-05 08:42:01,kovan,18357487,18235012,122475
2020-05-05 08:43:26,kovan,18357508,18235012,122496
2020-05-05 08:44:48,kovan,18357528,18235012,122516
2020-05-05 08:46:10,kovan,18357547,18235012,122535
2020-05-05 08:49:02,kovan,18357593,18235012,122581
2020-05-05 08:50:32,kovan,18357616,18235012,122604
2020-05-05 08:52:09,kovan,18357639,18235012,122627
2020-05-05 08:53:44,kovan,18357666,18235012,122654
2020-05-05 08:55:29,kovan,18357692,18235012,122680
2020-05-05 08:57:17,kovan,18357715,18235012,122703
2020-05-05 08:58:48,kovan,18357738,18235012,122726
2020-05-05 09:00:22,kovan,18357761,18235012,122749
2020-05-05 09:02:01,kovan,18357783,18235012,122771
2020-05-05 09:03:28,kovan,18357807,18235012,122795
2020-05-05 09:05:01,kovan,18357830,18235012,122818
2020-05-05 09:06:38,kovan,18357857,18235012,122845
2020-05-05 09:08:25,kovan,18357877,18235012,122865
2020-05-05 09:09:48,kovan,18357901,18235012,122889
2020-05-05 09:11:21,kovan,18357934,18235012,122922
2020-05-05 09:13:37,kovan,18357956,18235012,122944
2020-05-05 09:15:08,kovan,18357993,18235012,122981
2020-05-05 09:17:38,kovan,18358021,18235012,123009
2020-05-05 09:19:31,kovan,18358059,18235012,123047
2020-05-05 09:22:04,kovan,18358090,18235012,123078
2020-05-05 09:24:12,kovan,18358111,18235012,123099
2020-05-05 09:25:43,kovan,18358137,18235012,123125
2020-05-05 09:27:29,kovan,18358166,18235012,123154
2020-05-05 09:29:26,kovan,18358199,18235012,123187
2020-05-05 09:31:40,kovan,18358227,18235012,123215
2020-05-05 09:33:33,kovan,18358249,18235012,123237
2020-05-05 09:35:02,kovan,18358270,18235012,123258
2020-05-05 09:36:24,kovan,18358290,18235012,123278
2020-05-05 09:37:48,kovan,18358313,18235012,123301
2020-05-05 09:39:22,kovan,18358334,18235012,123322
2020-05-05 09:40:44,kovan,18358359,18235012,123347
2020-05-05 09:42:29,kovan,18358389,18235012,123377
2020-05-05 09:44:29,kovan,18358411,18235012,123399
2020-05-05 09:45:59,kovan,18358435,18235012,123423
2020-05-05 09:47:38,kovan,18358456,18235012,123444
2020-05-05 09:49:01,kovan,18358478,18235012,123466
2020-05-05 09:50:32,kovan,18358499,18235012,123487
2020-05-05 09:51:57,kovan,18358520,18235012,123508
2020-05-05 09:53:21,kovan,18358554,18235012,123542
2020-05-05 09:55:37,kovan,18358575,18235012,123563
2020-05-05 09:57:05,kovan,18358604,18235012,123592
2020-05-05 09:58:57,kovan,18358626,18235012,123614
2020-05-05 10:00:31,kovan,18358646,18235012,123634
2020-05-05 10:01:53,kovan,18358672,18235012,123660
2020-05-05 10:03:35,kovan,18358691,18235012,123679
2020-05-05 10:04:59,kovan,18358714,18235012,123702
2020-05-05 10:06:34,kovan,18358735,18235012,123723
2020-05-05 10:08:02,kovan,18358759,18235012,123747
2020-05-05 10:09:29,kovan,18358789,18235012,123777
2020-05-05 10:11:38,kovan,18358824,18235012,123812
2020-05-05 10:13:54,kovan,18358844,18235012,123832
2020-05-05 10:15:18,kovan,18358864,18235012,123852
2020-05-05 10:16:41,kovan,18358890,18235012,123878
2020-05-05 10:18:26,kovan,18358911,18235012,123899
2020-05-05 10:19:49,kovan,18358933,18235012,123921
2020-05-05 10:21:15,kovan,18358967,18235012,123955
2020-05-05 10:23:35,kovan,18358987,18235012,123975
2020-05-05 10:24:58,kovan,18359010,18235012,123998
2020-05-05 10:26:29,kovan,18359038,18235012,124026
2020-05-05 10:28:25,kovan,18359067,18235012,124055
2020-05-05 10:30:21,kovan,18359092,18235012,124080
2020-05-05 10:32:05,kovan,18359117,18235012,124105
2020-05-05 10:33:46,kovan,18359146,18235012,124134
2020-05-05 10:35:47,kovan,18359166,18235012,124154
2020-05-05 10:37:10,kovan,18359197,18235012,124185
2020-05-05 10:39:11,kovan,18359221,18235012,124209
2020-05-05 10:40:49,kovan,18359241,18235012,124229
2020-05-05 10:42:12,kovan,18359262,18235012,124250
2020-05-05 10:43:41,kovan,18359285,18235012,124273
2020-05-05 10:45:11,kovan,18359305,18235012,124293
2020-05-05 10:46:35,kovan,18359327,18235012,124315
2020-05-05 10:48:05,kovan,18359351,18235012,124339
2020-05-05 10:49:42,kovan,18359373,18235012,124361
2020-05-05 10:51:10,kovan,18359392,18235012,124380
2020-05-05 10:52:32,kovan,18359413,18235012,124401
2020-05-05 10:53:54,kovan,18359436,18235012,124424
2020-05-05 10:55:26,kovan,18359456,18235012,124444
2020-05-05 10:56:48,kovan,18359480,18235012,124468
2020-05-05 10:58:26,kovan,18359501,18235012,124489
2020-05-05 10:59:54,kovan,18359522,18235012,124510
2020-05-05 11:01:20,kovan,18359553,18235012,124541
2020-05-05 11:03:31,kovan,18359576,18235012,124564
2020-05-05 11:05:00,kovan,18359596,18235012,124584
2020-05-05 11:06:22,kovan,18359616,18235012,124604
2020-05-05 11:07:45,kovan,18359647,18235012,124635
2020-05-05 11:09:50,kovan,18359672,18235012,124660
2020-05-05 11:11:33,kovan,18359692,18235012,124680
2020-05-05 11:12:55,kovan,18359713,18235012,124701
2020-05-05 11:14:17,kovan,18359734,18235012,124722
2020-05-05 11:15:40,kovan,18359758,18235012,124746
2020-05-05 11:17:23,kovan,18359789,18235012,124777
2020-05-05 11:19:22,kovan,18359810,18235012,124798
2020-05-05 11:20:50,kovan,18359832,18235012,124820
2020-05-05 11:22:22,kovan,18359853,18235012,124841
2020-05-05 11:23:45,kovan,18359873,18235012,124861
2020-05-05 11:25:08,kovan,18359904,18235012,124892
2020-05-05 11:27:11,kovan,18359926,18235012,124914
2020-05-05 11:28:41,kovan,18359948,18235012,124936
2020-05-05 11:30:12,kovan,18359970,18235012,124958
2020-05-05 11:31:45,kovan,18359990,18235012,124978
2020-05-05 11:33:08,kovan,18360018,18235012,125006
2020-05-05 11:35:01,kovan,18360041,18235012,125029
2020-05-05 11:36:34,kovan,18360068,18235012,125056
2020-05-05 11:38:26,kovan,18360093,18235012,125081
2020-05-05 11:40:08,kovan,18360116,18235012,125104
2020-05-05 11:41:36,kovan,18360137,18235012,125125
2020-05-05 11:42:58,kovan,18360159,18235012,125147
2020-05-05 11:44:28,kovan,18360181,18235012,125169
2020-05-05 11:45:59,kovan,18360206,18235012,125194
2020-05-05 11:47:42,kovan,18360227,18235012,125215
2020-05-05 11:49:06,kovan,18360248,18235012,125236
2020-05-05 11:50:28,kovan,18360272,18235012,125260
2020-05-05 11:52:05,kovan,18360294,18235012,125282
2020-05-05 11:53:31,kovan,18360316,18235012,125304
2020-05-05 11:54:57,kovan,18360339,18235012,125327
2020-05-05 11:56:36,kovan,18360360,18235012,125348
2020-05-05 11:58:04,kovan,18360386,18235012,125374
2020-05-05 11:59:49,kovan,18360408,18235012,125396
2020-05-05 12:01:21,kovan,18360427,18235012,125415
2020-05-05 12:02:44,kovan,18360450,18235012,125438
2020-05-05 12:04:21,kovan,18360482,18235012,125470
2020-05-05 12:06:35,kovan,18360504,18235012,125492
2020-05-05 12:08:00,kovan,18360528,18235012,125516
2020-05-05 12:09:38,kovan,18360550,18235012,125538
2020-05-05 12:11:05,kovan,18360569,18235012,125557
2020-05-05 12:12:27,kovan,18360590,18235012,125578
2020-05-05 12:13:49,kovan,18360611,18235012,125599
2020-05-05 12:15:12,kovan,18360632,18235012,125620
2020-05-05 12:16:45,kovan,18360653,18235012,125641
2020-05-05 12:18:07,kovan,18360678,18235012,125666
2020-05-05 12:19:47,kovan,18360702,18235012,125690
2020-05-05 12:21:23,kovan,18360723,18235012,125711
2020-05-05 12:22:46,kovan,18360746,18235012,125734
2020-05-05 12:24:20,kovan,18360768,18235012,125756
2020-05-05 12:25:51,kovan,18360790,18235012,125778
2020-05-05 12:27:13,kovan,18360811,18235012,125799
2020-05-05 12:28:42,kovan,18360836,18235012,125824
2020-05-05 12:30:22,kovan,18360857,18235012,125845
2020-05-05 12:31:48,kovan,18360877,18235012,125865
2020-05-05 12:33:12,kovan,18360902,18235012,125890
2020-05-05 12:34:47,kovan,18360929,18235012,125917
2020-05-05 12:36:38,kovan,18360950,18235012,125938
2020-05-05 12:38:02,kovan,18360976,18235012,125964
2020-05-05 12:39:47,kovan,18361008,18235012,125996
2020-05-05 12:41:53,kovan,18361029,18235012,126017
2020-05-05 12:43:16,kovan,18361053,18235012,126041
2020-05-05 12:44:54,kovan,18361077,18235012,126065
2020-05-05 12:46:31,kovan,18361098,18235012,126086
2020-05-05 12:47:57,kovan,18361120,18235012,126108
2020-05-05 12:49:23,kovan,18361143,18235012,126131
2020-05-05 12:50:56,kovan,18361167,18235012,126155
2020-05-05 12:52:34,kovan,18361187,18235012,126175
2020-05-05 12:53:58,kovan,18361213,18235012,126201
2020-05-05 12:55:41,kovan,18361234,18235012,126222
2020-05-05 12:57:05,kovan,18361258,18235012,126246
2020-05-05 12:58:46,kovan,18361280,18235012,126268
2020-05-05 13:00:09,kovan,18361300,18235012,126288
2020-05-05 13:01:31,kovan,18361325,18235012,126313
2020-05-05 13:03:15,kovan,18361350,18235012,126338
2020-05-05 13:04:54,kovan,18361371,18235012,126359
2020-05-05 13:06:16,kovan,18361396,18235012,126384
2020-05-05 13:07:58,kovan,18361420,18235012,126408
2020-05-05 13:09:32,kovan,18361440,18235012,126428
2020-05-05 13:10:54,kovan,18361460,18235012,126448
2020-05-05 13:12:17,kovan,18361483,18235012,126471
2020-05-05 13:13:48,kovan,18361506,18235012,126494
2020-05-05 13:15:20,kovan,18361522,18235012,126510
2020-05-05 13:16:43,kovan,18361547,18235012,126535
2020-05-05 13:18:18,kovan,18361569,18235012,126557
2020-05-05 13:19:51,kovan,18361593,18235012,126581
2020-05-05 13:21:26,kovan,18361615,18235012,126603
2020-05-05 13:22:56,kovan,18361639,18235012,126627
2020-05-05 13:24:28,kovan,18361659,18235012,126647
2020-05-05 13:25:50,kovan,18361679,18235012,126667
2020-05-05 13:27:12,kovan,18361699,18235012,126687
2020-05-05 13:28:34,kovan,18361725,18235012,126713
2020-05-05 13:30:17,kovan,18361755,18235012,126743
2020-05-05 13:32:22,kovan,18361779,18235012,126767
2020-05-05 13:33:58,kovan,18361808,18235012,126796
2020-05-05 13:35:50,kovan,18361831,18235012,126819
2020-05-05 13:37:26,kovan,18361852,18235012,126840
2020-05-05 13:38:54,kovan,18361879,18235012,126867
2020-05-05 13:40:45,kovan,18361900,18235012,126888
2020-05-05 13:42:08,kovan,18361923,18235012,126911
2020-05-05 13:43:41,kovan,18361946,18235012,126934
2020-05-05 13:45:14,kovan,18361967,18235012,126955
2020-05-05 13:46:44,kovan,18361987,18235012,126975
2020-05-05 13:48:08,kovan,18362013,18235012,127001
2020-05-05 13:49:53,kovan,18362043,18235012,127031
2020-05-05 13:51:59,kovan,18362064,18235012,127052
2020-05-05 13:53:22,kovan,18362098,18235012,127086
2020-05-05 13:55:36,kovan,18362133,18235012,127121
2020-05-05 13:57:58,kovan,18362157,18235012,127145
2020-05-05 13:59:31,kovan,18362193,18235012,127181
2020-05-05 14:01:54,kovan,18362213,18235012,127201
2020-05-05 14:03:17,kovan,18362236,18235012,127224
2020-05-05 14:04:47,kovan,18362263,18235012,127251
2020-05-05 14:06:45,kovan,18362282,18235012,127270
2020-05-05 14:08:07,kovan,18362305,18235012,127293
2020-05-05 14:09:39,kovan,18362326,18235012,127314
2020-05-05 14:11:02,kovan,18362347,18235012,127335
2020-05-05 14:12:30,kovan,18362373,18235012,127361
2020-05-05 14:14:11,kovan,18362397,18235012,127385
2020-05-05 14:15:47,kovan,18362418,18235012,127406
2020-05-05 14:17:15,kovan,18362440,18235012,127428
2020-05-05 14:18:44,kovan,18362461,18235012,127449
2020-05-05 14:20:11,kovan,18362481,18235012,127469
2020-05-05 14:21:35,kovan,18362502,18235012,127490
2020-05-05 14:22:58,kovan,18362526,18235012,127514
2020-05-05 14:24:33,kovan,18362553,18235012,127541
2020-05-05 14:26:25,kovan,18362573,18235012,127561
2020-05-05 14:27:49,kovan,18362597,18235012,127585
2020-05-05 14:29:19,kovan,18362619,18235012,127607
2020-05-05 14:30:48,kovan,18362638,18235012,127626
2020-05-05 14:32:11,kovan,18362660,18235012,127648
2020-05-05 14:33:38,kovan,18362687,18235012,127675
2020-05-05 14:35:24,kovan,18362707,18235012,127695
2020-05-05 14:36:47,kovan,18362729,18235012,127717
2020-05-05 14:38:17,kovan,18362755,18235012,127743
2020-05-05 14:40:00,kovan,18362775,18235012,127763
2020-05-05 14:41:22,kovan,18362796,18235012,127784
2020-05-05 14:42:48,kovan,18362819,18235012,127807
2020-05-05 14:44:16,kovan,18362840,18235012,127828
2020-05-05 14:45:44,kovan,18362861,18235012,127849
2020-05-05 14:47:11,kovan,18362883,18235012,127871
2020-05-05 14:48:37,kovan,18362905,18235012,127893
2020-05-05 14:50:08,kovan,18362928,18235012,127916
2020-05-05 14:51:41,kovan,18362953,18235012,127941
2020-05-05 14:53:18,kovan,18362974,18235012,127962
2020-05-05 14:54:44,kovan,18362995,18235012,127983
2020-05-05 14:56:06,kovan,18363024,18235012,128012
2020-05-05 14:58:10,kovan,18363047,18235012,128035
2020-05-05 14:59:35,kovan,18363067,18235012,128055
2020-05-05 15:00:57,kovan,18363089,18235012,128077
2020-05-05 15:02:33,kovan,18363111,18235012,128099
2020-05-05 15:04:00,kovan,18363137,18235012,128125
2020-05-05 15:05:44,kovan,18363156,18235012,128144
2020-05-05 15:07:06,kovan,18363181,18235012,128169
2020-05-05 15:08:45,kovan,18363205,18235012,128193
2020-05-05 15:10:23,kovan,18363225,18235012,128213
2020-05-05 15:11:45,kovan,18363255,18235012,128243
2020-05-05 15:13:45,kovan,18363291,18235012,128279
2020-05-05 15:16:07,kovan,18363314,18235012,128302
2020-05-05 15:17:46,kovan,18363340,18235012,128328
2020-05-05 15:19:31,kovan,18363363,18235012,128351
2020-05-05 15:21:01,kovan,18363385,18235012,128373
2020-05-05 15:22:33,kovan,18363412,18235012,128400
2020-05-05 15:24:20,kovan,18363436,18235012,128424
2020-05-05 15:25:55,kovan,18363455,18235012,128443
2020-05-05 15:27:17,kovan,18363480,18235012,128468
2020-05-05 15:28:59,kovan,18363503,18235012,128491
2020-05-05 15:30:30,kovan,18363524,18235012,128512
2020-05-05 15:31:53,kovan,18363546,18235012,128534
2020-05-05 15:33:21,kovan,18363569,18235012,128557
2020-05-05 15:34:54,kovan,18363590,18235012,128578
2020-05-05 15:36:17,kovan,18363612,18235012,128600
2020-05-05 15:37:49,kovan,18363633,18235012,128621
2020-05-05 15:39:13,kovan,18363654,18235012,128642
2020-05-05 15:40:37,kovan,18363673,18235012,128661
2020-05-05 15:41:59,kovan,18363706,18235012,128694
2020-05-05 15:44:09,kovan,18363729,18235012,128717
2020-05-05 15:45:40,kovan,18363748,18235012,128736
2020-05-05 15:47:02,kovan,18363772,18235012,128760
2020-05-05 15:48:38,kovan,18363798,18235012,128786
2020-05-05 15:50:19,kovan,18363821,18235012,128809
2020-05-05 15:51:56,kovan,18363849,18235012,128837
2020-05-05 15:53:50,kovan,18363869,18235012,128857
2020-05-05 15:55:12,kovan,18363890,18235012,128878
2020-05-05 15:56:38,kovan,18363915,18235012,128903
2020-05-05 15:58:22,kovan,18363936,18235012,128924
2020-05-05 15:59:45,kovan,18363959,18235012,128947
2020-05-05 16:01:16,kovan,18363981,18235012,128969
2020-05-05 16:02:50,kovan,18364000,18235012,128988
2020-05-05 16:04:14,kovan,18364018,18235012,129006
2020-05-05 16:05:42,kovan,18364055,18235012,129043
2020-05-05 16:08:21,kovan,18364079,18235012,129067
2020-05-05 16:09:58,kovan,18364097,18235012,129085
2020-05-05 16:11:20,kovan,18364120,18235012,129108
2020-05-05 16:13:18,kovan,18364142,18235012,129130
2020-05-05 16:15:06,kovan,18364160,18235012,129148
2020-05-05 16:16:31,kovan,18364181,18235012,129169
2020-05-05 16:17:58,kovan,18364206,18235012,129194
2020-05-05 16:19:36,kovan,18364233,18235012,129221
2020-05-05 16:21:24,kovan,18364253,18235012,129241
2020-05-05 16:22:46,kovan,18364275,18235012,129263
2020-05-05 16:24:13,kovan,18364297,18235012,129285
2020-05-05 16:25:42,kovan,18364319,18235012,129307
2020-05-05 16:27:12,kovan,18364341,18235012,129329
2020-05-05 16:28:34,kovan,18364371,18235012,129359
2020-05-05 16:30:35,kovan,18364392,18235012,129380
2020-05-05 16:32:02,kovan,18364412,18235012,129400
2020-05-05 16:33:24,kovan,18364441,18235012,129429
2020-05-05 16:35:17,kovan,18364465,18235012,129453
2020-05-05 16:36:53,kovan,18364487,18235012,129475
2020-05-05 16:38:19,kovan,18364510,18235012,129498
2020-05-05 16:39:51,kovan,18364532,18235012,129520
2020-05-05 16:41:23,kovan,18364554,18235012,129542
2020-05-05 16:42:53,kovan,18364575,18235012,129563
2020-05-05 16:44:16,kovan,18364599,18235012,129587
2020-05-05 16:45:51,kovan,18364619,18235012,129607
2020-05-05 16:47:13,kovan,18364640,18235012,129628
2020-05-05 16:48:35,kovan,18364660,18235012,129648
2020-05-05 16:49:57,kovan,18364682,18235012,129670
2020-05-05 16:51:19,kovan,18364702,18235012,129690
2020-05-05 16:52:42,kovan,18364731,18235012,129719
2020-05-05 16:54:36,kovan,18364753,18235012,129741
2020-05-05 16:56:05,kovan,18364774,18235012,129762
2020-05-05 16:57:27,kovan,18364797,18235012,129785
2020-05-05 16:59:03,kovan,18364820,18235012,129808
2020-05-05 17:00:32,kovan,18364841,18235012,129829
2020-05-05 17:01:55,kovan,18364862,18235012,129850
2020-05-05 17:03:22,kovan,18364884,18235012,129872
2020-05-05 17:04:48,kovan,18364906,18235012,129894
2020-05-05 17:06:15,kovan,18364928,18235012,129916
2020-05-05 17:07:47,kovan,18364949,18235012,129937
2020-05-05 17:09:09,kovan,18364968,18235012,129956
2020-05-05 17:10:31,kovan,18364991,18235012,129979
2020-05-05 17:12:01,kovan,18365013,18235012,130001
2020-05-05 17:13:28,kovan,18365035,18235012,130023
2020-05-05 17:14:55,kovan,18365055,18235012,130043
2020-05-05 17:16:19,kovan,18365084,18235012,130072
2020-05-05 17:18:14,kovan,18365110,18235012,130098
2020-05-05 17:19:55,kovan,18365130,18235012,130118
2020-05-05 17:21:17,kovan,18365150,18235012,130138
2020-05-05 17:22:44,kovan,18365173,18235012,130161
2020-05-05 17:24:17,kovan,18365192,18235012,130180
2020-05-05 17:25:39,kovan,18365213,18235012,130201
2020-05-05 17:27:01,kovan,18365236,18235012,130224
2020-05-05 17:28:32,kovan,18365256,18235012,130244
2020-05-05 17:30:01,kovan,18365277,18235012,130265
2020-05-05 17:31:25,kovan,18365299,18235012,130287
2020-05-05 17:32:53,kovan,18365321,18235012,130309
2020-05-05 17:34:23,kovan,18365342,18235012,130330
2020-05-05 17:35:45,kovan,18365367,18235012,130355
2020-05-05 17:37:27,kovan,18365391,18235012,130379
2020-05-05 17:38:58,kovan,18365412,18235012,130400
2020-05-05 17:40:26,kovan,18365436,18235012,130424
2020-05-05 17:41:59,kovan,18365459,18235012,130447
2020-05-05 17:43:32,kovan,18365479,18235012,130467
2020-05-05 17:44:55,kovan,18365500,18235012,130488
2020-05-05 17:46:17,kovan,18365522,18235012,130510
2020-05-05 17:47:48,kovan,18365546,18235012,130534
2020-05-05 17:49:27,kovan,18365569,18235012,130557
2020-05-05 17:50:57,kovan,18365591,18235012,130579
2020-05-05 17:52:30,kovan,18365614,18235012,130602
2020-05-05 17:53:58,kovan,18365638,18235012,130626
2020-05-05 17:55:35,kovan,18365662,18235012,130650
2020-05-05 17:57:10,kovan,18365682,18235012,130670
2020-05-05 17:58:32,kovan,18365705,18235012,130693
2020-05-05 18:00:07,kovan,18365728,18235012,130716
2020-05-05 18:01:38,kovan,18365748,18235012,130736
2020-05-05 18:03:00,kovan,18365769,18235012,130757
2020-05-05 18:04:27,kovan,18365792,18235012,130780
2020-05-05 18:05:57,kovan,18365818,18235012,130806
2020-05-05 18:07:49,kovan,18365842,18235012,130830
2020-05-05 18:09:23,kovan,18365863,18235012,130851
2020-05-05 18:10:45,kovan,18365883,18235012,130871
2020-05-05 18:12:07,kovan,18365902,18235012,130890
2020-05-05 18:13:38,kovan,18365924,18235012,130912
2020-05-05 18:15:12,kovan,18365949,18235012,130937
2020-05-05 18:16:48,kovan,18365972,18235012,130960
2020-05-05 18:18:29,kovan,18365993,18235012,130981
2020-05-05 18:19:52,kovan,18366015,18235012,131003
2020-05-05 18:21:24,kovan,18366039,18235012,131027
2020-05-05 18:23:00,kovan,18366059,18235012,131047
2020-05-05 18:24:23,kovan,18366080,18235012,131068
2020-05-05 18:25:45,kovan,18366107,18235012,131095
2020-05-05 18:27:36,kovan,18366130,18235012,131118
2020-05-05 18:29:07,kovan,18366150,18235012,131138
2020-05-05 18:30:31,kovan,18366171,18235012,131159
2020-05-05 18:31:57,kovan,18366194,18235012,131182
2020-05-05 18:33:31,kovan,18366217,18235012,131205
2020-05-05 18:35:00,kovan,18366235,18235012,131223
2020-05-05 18:36:23,kovan,18366255,18235012,131243
2020-05-05 18:37:45,kovan,18366284,18235012,131272
2020-05-05 18:39:39,kovan,18366306,18235012,131294
2020-05-05 18:41:11,kovan,18366326,18235012,131314
2020-05-05 18:42:33,kovan,18366349,18235012,131337
2020-05-05 18:44:06,kovan,18366373,18235012,131361
2020-05-05 18:45:42,kovan,18366393,18235012,131381
2020-05-05 18:47:05,kovan,18366415,18235012,131403
2020-05-05 18:48:34,kovan,18366438,18235012,131426
2020-05-05 18:50:04,kovan,18366459,18235012,131447
2020-05-05 18:51:30,kovan,18366480,18235012,131468
2020-05-05 18:52:58,kovan,18366502,18235012,131490
2020-05-05 18:54:23,kovan,18366522,18235012,131510
2020-05-05 18:55:48,kovan,18366542,18235012,131530
2020-05-05 18:57:10,kovan,18366563,18235012,131551
2020-05-05 18:58:37,kovan,18366586,18235012,131574
2020-05-05 19:00:05,kovan,18366606,18235012,131594
2020-05-05 19:01:27,kovan,18366626,18235012,131614
2020-05-05 19:02:52,kovan,18366647,18235012,131635
2020-05-05 19:04:18,kovan,18366668,18235012,131656
2020-05-05 19:05:43,kovan,18366688,18235012,131676
2020-05-05 19:07:05,kovan,18366707,18235012,131695
2020-05-05 19:08:31,kovan,18366729,18235012,131717
2020-05-05 19:10:00,kovan,18366751,18235012,131739
2020-05-05 19:11:25,kovan,18366771,18235012,131759
2020-05-05 19:12:49,kovan,18366794,18235012,131782
2020-05-05 19:14:21,kovan,18366814,18235012,131802
2020-05-05 19:15:43,kovan,18366834,18235012,131822
2020-05-05 19:17:06,kovan,18366855,18235012,131843
2020-05-05 19:18:31,kovan,18366878,18235012,131866
2020-05-05 19:20:01,kovan,18366899,18235012,131887
2020-05-05 19:21:26,kovan,18366920,18235012,131908
2020-05-05 19:22:55,kovan,18366942,18235012,131930
2020-05-05 19:24:19,kovan,18366963,18235012,131951
2020-05-05 19:25:46,kovan,18366982,18235012,131970
2020-05-05 19:27:10,kovan,18367003,18235012,131991
2020-05-05 19:28:34,kovan,18367024,18235012,132012
2020-05-05 19:30:02,kovan,18367045,18235012,132033
2020-05-05 19:31:24,kovan,18367065,18235012,132053
2020-05-05 19:32:50,kovan,18367086,18235012,132074
2020-05-05 19:34:16,kovan,18367107,18235012,132095
2020-05-05 19:35:41,kovan,18367127,18235012,132115
2020-05-05 19:37:03,kovan,18367148,18235012,132136
2020-05-05 19:38:26,kovan,18367171,18235012,132159
2020-05-05 19:40:01,kovan,18367190,18235012,132178
2020-05-05 19:41:32,kovan,18367211,18235012,132199
2020-05-05 19:42:54,kovan,18367231,18235012,132219
2020-05-05 19:44:17,kovan,18367252,18235012,132240
2020-05-05 19:45:39,kovan,18367273,18235012,132261
2020-05-05 19:47:09,kovan,18367294,18235012,132282
2020-05-05 19:48:35,kovan,18367317,18235012,132305
2020-05-05 19:50:05,kovan,18367337,18235012,132325
2020-05-05 19:51:35,kovan,18367358,18235012,132346
2020-05-05 19:52:58,kovan,18367381,18235012,132369
2020-05-05 19:54:28,kovan,18367401,18235012,132389
2020-05-05 19:55:50,kovan,18367420,18235012,132408
2020-05-05 19:57:15,kovan,18367442,18235012,132430
2020-05-05 19:58:41,kovan,18367463,18235012,132451
2020-05-05 20:00:07,kovan,18367483,18235012,132471
2020-05-05 20:01:29,kovan,18367504,18235012,132492
2020-05-05 20:02:54,kovan,18367525,18235012,132513
2020-05-05 20:04:16,kovan,18367545,18235012,132533
2020-05-05 20:05:39,kovan,18367569,18235012,132557
2020-05-05 20:07:18,kovan,18367590,18235012,132578
2020-05-05 20:08:42,kovan,18367609,18235012,132597
2020-05-05 20:10:04,kovan,18367629,18235012,132617
2020-05-05 20:11:26,kovan,18367649,18235012,132637
2020-05-05 20:12:48,kovan,18367669,18235012,132657
2020-05-05 20:14:11,kovan,18367691,18235012,132679
2020-05-05 20:15:33,kovan,18367710,18235012,132698
2020-05-05 20:16:55,kovan,18367730,18235012,132718
2020-05-05 20:18:17,kovan,18367751,18235012,132739
2020-05-05 20:19:40,kovan,18367771,18235012,132759
2020-05-05 20:21:03,kovan,18367791,18235012,132779
2020-05-05 20:22:27,kovan,18367812,18235012,132800
2020-05-05 20:23:52,kovan,18367835,18235012,132823
2020-05-05 20:25:21,kovan,18367855,18235012,132843
2020-05-05 20:26:47,kovan,18367878,18235012,132866
2020-05-05 20:28:22,kovan,18367902,18235012,132890
2020-05-05 20:29:54,kovan,18367922,18235012,132910
2020-05-05 20:31:18,kovan,18367942,18235012,132930
2020-05-05 20:32:40,kovan,18367966,18235012,132954
2020-05-05 20:34:18,kovan,18367986,18235012,132974
2020-05-05 20:35:44,kovan,18368008,18235012,132996
2020-05-05 20:37:12,kovan,18368028,18235012,133016
2020-05-05 20:38:34,kovan,18368052,18235012,133040
2020-05-05 20:40:10,kovan,18368073,18235012,133061
2020-05-05 20:41:36,kovan,18368094,18235012,133082
2020-05-05 20:43:04,kovan,18368121,18235012,133109
2020-05-05 20:44:46,kovan,18368141,18235012,133129
2020-05-05 20:46:08,kovan,18368161,18235012,133149
2020-05-05 20:47:30,kovan,18368181,18235012,133169
2020-05-05 20:50:15,kovan,18368223,0,18368223
2020-05-05 20:51:47,kovan,18368247,0,18368247
2020-05-05 20:53:21,kovan,18368269,0,18368269
2020-05-05 20:54:49,kovan,18368293,0,18368293
2020-05-05 20:56:23,kovan,18368313,0,18368313
2020-05-05 20:57:48,kovan,18368334,0,18368334
2020-05-05 20:59:12,kovan,18368363,0,18368363
2020-05-05 21:01:09,kovan,18368385,0,18368385
2020-05-05 21:02:44,kovan,18368406,0,18368406
2020-05-05 21:04:08,kovan,18368430,0,18368430
2020-05-05 21:05:45,kovan,18368451,0,18368451
2020-05-05 21:07:09,kovan,18368472,0,18368472
2020-05-05 21:08:35,kovan,18368492,0,18368492
2020-05-05 21:10:00,kovan,18368515,0,18368515
2020-05-05 21:11:33,kovan,18368537,0,18368537
2020-05-05 21:13:01,kovan,18368559,0,18368559
2020-05-05 21:14:35,kovan,18368586,0,18368586
2020-05-05 21:16:18,kovan,18368609,0,18368609
2020-05-05 21:17:56,kovan,18368632,0,18368632
2020-05-05 21:19:30,kovan,18368655,0,18368655
2020-05-05 21:21:04,kovan,18368677,0,18368677
2020-05-05 21:22:40,kovan,18368700,0,18368700
2020-05-05 21:24:09,kovan,18368721,0,18368721
2020-05-05 21:25:35,kovan,18368745,0,18368745
2020-05-05 21:27:14,kovan,18368766,0,18368766
2020-05-05 21:28:39,kovan,18368788,0,18368788
2020-05-05 21:30:04,kovan,18368812,0,18368812
2020-05-05 21:31:49,kovan,18368834,0,18368834
2020-05-05 21:33:16,kovan,18368855,0,18368855
2020-05-05 21:34:43,kovan,18368878,0,18368878
2020-05-05 21:36:11,kovan,18368899,0,18368899
2020-05-05 21:37:40,kovan,18368921,0,18368921
2020-05-05 21:39:10,kovan,18368950,0,18368950
2020-05-05 21:41:05,kovan,18368973,0,18368973
2020-05-05 21:42:43,kovan,18368995,0,18368995
2020-05-05 21:44:09,kovan,18369021,0,18369021
2020-05-05 21:45:59,kovan,18369045,0,18369045
2020-05-05 21:47:38,kovan,18369067,0,18369067
2020-05-05 21:49:05,kovan,18369089,0,18369089
2020-05-05 21:50:35,kovan,18369111,0,18369111
2020-05-05 21:52:04,kovan,18369139,0,18369139
2020-05-05 21:53:57,kovan,18369163,0,18369163
2020-05-05 21:55:32,kovan,18369184,0,18369184
2020-05-05 21:57:04,kovan,18369206,0,18369206
2020-05-05 21:58:30,kovan,18369232,0,18369232
2020-05-05 22:00:11,kovan,18369254,0,18369254
2020-05-05 22:01:43,kovan,18369275,0,18369275
2020-05-05 22:03:10,kovan,18369298,0,18369298
2020-05-05 22:04:39,kovan,18369318,0,18369318
2020-05-05 22:06:04,kovan,18369340,0,18369340
2020-05-05 22:07:32,kovan,18369363,0,18369363
2020-05-05 22:09:05,kovan,18369385,0,18369385
2020-05-05 22:10:31,kovan,18369413,0,18369413
2020-05-05 22:12:32,kovan,18369441,0,18369441
2020-05-05 22:14:19,kovan,18369464,0,18369464
2020-05-05 22:15:52,kovan,18369486,0,18369486
2020-05-05 22:17:27,kovan,18369511,0,18369511
2020-05-05 22:19:06,kovan,18369533,0,18369533
2020-05-05 22:20:32,kovan,18369553,0,18369553
2020-05-05 22:22:00,kovan,18369579,0,18369579
2020-05-05 22:23:39,kovan,18369601,0,18369601
2020-05-05 22:25:08,kovan,18369623,0,18369623
2020-05-05 22:26:40,kovan,18369646,0,18369646
2020-05-05 22:28:12,kovan,18369670,0,18369670
2020-05-05 22:29:46,kovan,18369694,0,18369694
2020-05-05 22:31:31,kovan,18369718,0,18369718
2020-05-05 22:33:08,kovan,18369740,0,18369740
2020-05-05 22:34:38,kovan,18369763,0,18369763
2020-05-05 22:36:12,kovan,18369784,0,18369784
2020-05-05 22:37:36,kovan,18369806,0,18369806
2020-05-05 22:39:05,kovan,18369826,0,18369826
2020-05-05 22:40:32,kovan,18369849,0,18369849
2020-05-05 22:42:08,kovan,18369872,0,18369872
2020-05-05 22:43:37,kovan,18369894,0,18369894
2020-05-05 22:45:08,kovan,18369916,0,18369916
2020-05-05 22:46:42,kovan,18369936,0,18369936
2020-05-05 22:48:06,kovan,18369964,0,18369964
2020-05-05 22:49:58,kovan,18369987,0,18369987
2020-05-05 22:51:33,kovan,18370008,0,18370008
2020-05-05 22:52:57,kovan,18370030,0,18370030
2020-05-05 22:54:26,kovan,18370051,0,18370051
2020-05-05 22:55:50,kovan,18370073,0,18370073
2020-05-05 22:57:22,kovan,18370096,0,18370096
2020-05-05 22:58:51,kovan,18370118,0,18370118
2020-05-05 23:00:21,kovan,18370145,0,18370145
2020-05-05 23:02:13,kovan,18370166,0,18370166
2020-05-05 23:03:38,kovan,18370188,0,18370188
2020-05-05 23:05:06,kovan,18370218,0,18370218
2020-05-05 23:07:12,kovan,18370240,0,18370240
2020-05-05 23:08:39,kovan,18370266,0,18370266
2020-05-05 23:10:22,kovan,18370291,0,18370291
2020-05-05 23:12:06,kovan,18370313,0,18370313
2020-05-05 23:13:36,kovan,18370335,0,18370335
2020-05-05 23:15:03,kovan,18370356,0,18370356
2020-05-05 23:16:30,kovan,18370379,0,18370379
2020-05-05 23:18:07,kovan,18370401,0,18370401
2020-05-05 23:19:32,kovan,18370424,0,18370424
2020-05-05 23:21:05,kovan,18370447,0,18370447
2020-05-05 23:22:41,kovan,18370471,0,18370471
2020-05-05 23:24:16,kovan,18370497,0,18370497
2020-05-05 23:26:00,kovan,18370518,0,18370518
2020-05-05 23:27:30,kovan,18370541,0,18370541
2020-05-05 23:29:03,kovan,18370566,0,18370566
2020-05-05 23:30:39,kovan,18370588,0,18370588
2020-05-05 23:32:12,kovan,18370610,0,18370610
2020-05-05 23:33:42,kovan,18370633,0,18370633
2020-05-05 23:35:10,kovan,18370656,0,18370656
2020-05-05 23:36:47,kovan,18370682,0,18370682
2020-05-05 23:38:35,kovan,18370706,0,18370706
2020-05-05 23:40:14,kovan,18370729,0,18370729
2020-05-05 23:41:45,kovan,18370750,0,18370750
2020-05-05 23:43:11,kovan,18370777,0,18370777
2020-05-05 23:44:56,kovan,18370802,0,18370802
2020-05-05 23:46:44,kovan,18370827,0,18370827
2020-05-05 23:48:24,kovan,18370854,0,18370854
2020-05-05 23:50:09,kovan,18370876,0,18370876
2020-05-05 23:51:43,kovan,18370900,0,18370900
2020-05-05 23:53:18,kovan,18370926,0,18370926
2020-05-05 23:55:01,kovan,18370948,0,18370948
2020-05-05 23:56:31,kovan,18370970,0,18370970
2020-05-05 23:58:03,kovan,18370994,0,18370994
2020-05-05 23:59:39,kovan,18371017,0,18371017
2020-05-06 00:01:06,kovan,18371041,0,18371041
2020-05-06 00:02:53,kovan,18371062,0,18371062
2020-05-06 00:04:26,kovan,18371087,0,18371087
2020-05-06 00:06:06,kovan,18371111,0,18371111
2020-05-06 00:07:45,kovan,18371132,0,18371132
2020-05-06 00:09:10,kovan,18371159,0,18371159
2020-05-06 00:10:54,kovan,18371182,0,18371182
2020-05-06 00:12:36,kovan,18371205,0,18371205
2020-05-06 00:14:11,kovan,18371235,0,18371235
2020-05-06 00:16:14,kovan,18371267,0,18371267
2020-05-06 00:18:28,kovan,18371299,0,18371299
2020-05-06 00:20:36,kovan,18371323,0,18371323
2020-05-06 00:22:18,kovan,18371350,0,18371350
2020-05-06 00:24:05,kovan,18371374,0,18371374
2020-05-06 00:25:43,kovan,18371405,0,18371405
2020-05-06 00:27:51,kovan,18371430,0,18371430
2020-05-06 00:29:27,kovan,18371452,0,18371452
2020-05-06 00:30:54,kovan,18371474,0,18371474
2020-05-06 00:32:28,kovan,18371494,0,18371494
2020-05-06 00:33:53,kovan,18371525,15415000,2956525
2020-05-06 00:35:57,kovan,18371546,15415000,2956546
2020-05-06 00:37:24,kovan,18371567,15415000,2956567
2020-05-06 00:38:49,kovan,18371590,15415000,2956590
2020-05-06 00:40:24,kovan,18371613,15415000,2956613
2020-05-06 00:41:55,kovan,18371634,15415000,2956634
2020-05-06 00:43:22,kovan,18371655,15415000,2956655
2020-05-06 00:44:44,kovan,18371676,15415000,2956676
2020-05-06 00:46:06,kovan,18371695,15415000,2956695
2020-05-06 00:47:29,kovan,18371717,15415000,2956717
2020-05-06 00:48:59,kovan,18371739,15415000,2956739
2020-05-06 00:50:26,kovan,18371760,15415000,2956760
2020-05-06 00:51:53,kovan,18371782,15415000,2956782
2020-05-06 00:53:20,kovan,18371804,15415000,2956804
2020-05-06 00:54:48,kovan,18371826,15415000,2956826
2020-05-06 00:56:16,kovan,18371846,15415000,2956846
2020-05-06 00:57:43,kovan,18371868,15415000,2956868
2020-05-06 00:59:07,kovan,18371889,15415000,2956889
2020-05-06 01:00:35,kovan,18371910,15415000,2956910
2020-05-06 01:02:03,kovan,18371932,15415000,2956932
2020-05-06 01:03:28,kovan,18371952,15415000,2956952
2020-05-06 01:04:52,kovan,18371974,15415000,2956974
2020-05-06 01:06:19,kovan,18371995,15415000,2956995
2020-05-06 01:07:46,kovan,18372018,15415000,2957018
2020-05-06 01:09:18,kovan,18372041,15415000,2957041
2020-05-06 01:10:50,kovan,18372063,15415000,2957063
2020-05-06 01:12:22,kovan,18372085,15415000,2957085
2020-05-06 01:13:48,kovan,18372107,15415000,2957107
2020-05-06 01:15:19,kovan,18372128,15415000,2957128
2020-05-06 01:16:49,kovan,18372150,15415000,2957150
2020-05-06 01:18:16,kovan,18372173,15415000,2957173
2020-05-06 01:19:51,kovan,18372198,15415000,2957198
2020-05-06 01:21:34,kovan,18372223,15415000,2957223
2020-05-06 01:23:16,kovan,18372247,15415000,2957247
2020-05-06 01:24:47,kovan,18372270,15415000,2957270
2020-05-06 01:26:19,kovan,18372291,15415000,2957291
2020-05-06 01:27:51,kovan,18372315,15415000,2957315
2020-05-06 01:29:26,kovan,18372338,15415000,2957338
2020-05-06 01:31:00,kovan,18372359,15415000,2957359
2020-05-06 01:32:23,kovan,18372380,15415000,2957380
2020-05-06 01:33:48,kovan,18372402,15415000,2957402
2020-05-06 01:35:16,kovan,18372422,15415000,2957422
2020-05-06 01:36:43,kovan,18372443,15415000,2957443
2020-05-06 01:38:06,kovan,18372465,15415000,2957465
2020-05-06 01:39:31,kovan,18372487,15415000,2957487
2020-05-06 01:41:00,kovan,18372506,15415000,2957506
2020-05-06 01:42:24,kovan,18372530,15415000,2957530
2020-05-06 01:43:55,kovan,18372553,15415000,2957553
2020-05-06 01:45:26,kovan,18372575,15415000,2957575
2020-05-06 01:47:02,kovan,18372597,15415000,2957597
2020-05-06 01:48:27,kovan,18372619,15415000,2957619
2020-05-06 01:49:55,kovan,18372639,15415000,2957639
2020-05-06 01:51:19,kovan,18372660,15415000,2957660
2020-05-06 01:52:44,kovan,18372681,15415000,2957681
2020-05-06 01:54:07,kovan,18372702,15415000,2957702
2020-05-06 01:55:34,kovan,18372726,15415000,2957726
2020-05-06 01:57:10,kovan,18372748,15415000,2957748
2020-05-06 01:58:42,kovan,18372769,15415000,2957769
2020-05-06 02:00:06,kovan,18372790,15415000,2957790
2020-05-06 02:01:37,kovan,18372813,15415000,2957813
2020-05-06 02:03:08,kovan,18372836,15415000,2957836
2020-05-06 02:04:41,kovan,18372861,15415000,2957861
2020-05-06 02:06:24,kovan,18372882,15415000,2957882
2020-05-06 02:07:47,kovan,18372905,15415000,2957905
2020-05-06 02:09:22,kovan,18372927,15415000,2957927
2020-05-06 02:10:47,kovan,18372948,15415000,2957948
2020-05-06 02:12:17,kovan,18372970,15415000,2957970
2020-05-06 02:13:43,kovan,18372991,15415000,2957991
2020-05-06 02:15:08,kovan,18373011,15415000,2958011
2020-05-06 02:16:34,kovan,18373031,15415000,2958031
2020-05-06 02:17:58,kovan,18373052,15415000,2958052
2020-05-06 02:19:22,kovan,18373074,15415000,2958074
2020-05-06 02:20:50,kovan,18373095,15415000,2958095
2020-05-06 02:22:17,kovan,18373118,15415000,2958118
2020-05-06 02:23:47,kovan,18373140,15415000,2958140
2020-05-06 02:25:17,kovan,18373162,15415000,2958162
2020-05-06 02:26:48,kovan,18373182,15415000,2958182
2020-05-06 02:28:13,kovan,18373203,15415000,2958203
2020-05-06 02:29:37,kovan,18373224,15415000,2958224
2020-05-06 02:31:00,kovan,18373244,15415000,2958244
2020-05-06 02:32:24,kovan,18373266,15415000,2958266
2020-05-06 02:33:50,kovan,18373286,15415000,2958286
2020-05-06 02:35:15,kovan,18373309,15415000,2958309
2020-05-06 02:36:50,kovan,18373328,15415000,2958328
2020-05-06 02:38:13,kovan,18373348,15415000,2958348
2020-05-06 02:39:36,kovan,18373370,15415000,2958370
2020-05-06 02:41:04,kovan,18373389,15415000,2958389
2020-05-06 02:42:28,kovan,18373410,15415000,2958410
2020-05-06 02:43:54,kovan,18373432,15415000,2958432
2020-05-06 02:45:18,kovan,18373452,15415000,2958452
2020-05-06 02:46:44,kovan,18373474,15415000,2958474
2020-05-06 02:48:12,kovan,18373495,15415000,2958495
2020-05-06 02:49:41,kovan,18373519,15415000,2958519
2020-05-06 02:51:19,kovan,18373540,15415000,2958540
2020-05-06 02:52:43,kovan,18373561,15415000,2958561
2020-05-06 02:54:09,kovan,18373585,15415000,2958585
2020-05-06 02:55:45,kovan,18373606,15415000,2958606
2020-05-06 02:57:14,kovan,18373627,15415000,2958627
2020-05-06 02:58:37,kovan,18373648,15415000,2958648
2020-05-06 03:00:08,kovan,18373670,15415000,2958670
2020-05-06 03:01:41,kovan,18373692,15415000,2958692
2020-05-06 03:03:07,kovan,18373712,15415000,2958712
2020-05-06 03:04:31,kovan,18373736,15415000,2958736
2020-05-06 03:06:05,kovan,18373764,15415000,2958764
2020-05-06 03:08:01,kovan,18373787,15415000,2958787
2020-05-06 03:09:31,kovan,18373813,15415000,2958813
2020-05-06 03:11:18,kovan,18373835,15415000,2958835
2020-05-06 03:12:47,kovan,18373856,15415000,2958856
2020-05-06 03:14:10,kovan,18373877,15415000,2958877
2020-05-06 03:15:38,kovan,18373900,15415000,2958900
2020-05-06 03:17:15,kovan,18373920,15415000,2958920
2020-05-06 03:18:38,kovan,18373944,15415000,2958944
2020-05-06 03:20:14,kovan,18373966,15415000,2958966
2020-05-06 03:24:25,kovan,18374040,15415000,2959040
2020-05-06 03:26:44,kovan,18374063,15415000,2959063
2020-05-06 03:28:17,kovan,18374085,15415000,2959085
2020-05-06 03:29:45,kovan,18374108,15415000,2959108
2020-05-06 03:31:20,kovan,18374134,15415000,2959134
2020-05-06 03:33:06,kovan,18374155,15415000,2959155
2020-05-06 03:34:30,kovan,18374175,15415000,2959175
2020-05-06 03:35:54,kovan,18374195,15415000,2959195
2020-05-06 03:37:18,kovan,18374217,15415000,2959217
2020-05-06 03:38:48,kovan,18374239,15415000,2959239
2020-05-06 03:40:14,kovan,18374260,15415000,2959260
2020-05-06 03:41:39,kovan,18374281,15415000,2959281
2020-05-06 03:43:05,kovan,18374304,15415000,2959304
2020-05-06 03:44:34,kovan,18374325,15415000,2959325
2020-05-06 03:46:04,kovan,18374346,15415000,2959346
2020-05-06 03:47:32,kovan,18374367,15415000,2959367
2020-05-06 03:48:55,kovan,18374406,15415000,2959406
2020-05-06 03:51:36,kovan,18374434,15415000,2959434
2020-05-06 03:53:26,kovan,18374470,15415000,2959470
2020-05-06 03:55:51,kovan,18374492,15415000,2959492
2020-05-06 03:57:23,kovan,18374514,15415000,2959514
2020-05-06 03:58:48,kovan,18374535,15415000,2959535
2020-05-06 04:00:12,kovan,18374556,15415000,2959556
2020-05-06 04:01:37,kovan,18374578,15415000,2959578
2020-05-06 04:03:12,kovan,18374601,15415000,2959601
2020-05-06 04:04:40,kovan,18374624,15415000,2959624
2020-05-06 04:06:15,kovan,18374645,15415000,2959645
2020-05-06 04:07:45,kovan,18374669,15415000,2959669
2020-05-06 04:09:20,kovan,18374692,15415000,2959692
2020-05-06 04:10:54,kovan,18374715,15415000,2959715
2020-05-06 04:12:22,kovan,18374736,15415000,2959736
2020-05-06 04:13:46,kovan,18374756,15415000,2959756
2020-05-06 04:15:12,kovan,18374779,15415000,2959779
2020-05-06 04:16:45,kovan,18374801,15415000,2959801
2020-05-06 04:18:15,kovan,18374823,15415000,2959823
2020-05-06 04:19:40,kovan,18374844,15415000,2959844
2020-05-06 04:21:06,kovan,18374864,15415000,2959864
2020-05-06 04:22:29,kovan,18374886,15415000,2959886
2020-05-06 04:23:58,kovan,18374908,15415000,2959908
2020-05-06 04:25:24,kovan,18374929,15415000,2959929
2020-05-06 04:26:52,kovan,18374949,15415000,2959949
2020-05-06 04:28:17,kovan,18374972,15415000,2959972
2020-05-06 04:29:45,kovan,18374993,15415000,2959993
2020-05-06 04:31:11,kovan,18375013,15415000,2960013
2020-05-06 04:32:41,kovan,18375035,15415000,2960035
2020-05-06 04:34:05,kovan,18375060,15415000,2960060
2020-05-06 04:35:45,kovan,18375082,15415000,2960082
2020-05-06 04:37:18,kovan,18375102,18235012,140090
2020-05-06 04:38:41,kovan,18375124,18235012,140112
2020-05-06 04:40:03,kovan,18375144,18235012,140132
2020-05-06 04:41:28,kovan,18375164,18235012,140152
2020-05-06 04:42:50,kovan,18375185,18235012,140173
2020-05-06 04:44:12,kovan,18375204,18235012,140192
2020-05-06 04:45:34,kovan,18375223,18235012,140211
2020-05-06 04:46:57,kovan,18375243,18235012,140231
2020-05-06 04:48:18,kovan,18375264,18235012,140252
2020-05-06 04:49:41,kovan,18375284,18235012,140272
2020-05-06 04:51:03,kovan,18375304,18235012,140292
2020-05-06 04:52:25,kovan,18375323,18235012,140311
2020-05-06 04:53:47,kovan,18375344,18235012,140332
2020-05-06 04:55:10,kovan,18375366,18235012,140354
2020-05-06 04:56:42,kovan,18375387,18235012,140375
2020-05-06 04:58:04,kovan,18375408,18235012,140396
2020-05-06 04:59:27,kovan,18375428,18235012,140416
2020-05-06 05:00:49,kovan,18375451,18235012,140439
2020-05-06 05:02:24,kovan,18375471,18235012,140459
2020-05-06 05:03:46,kovan,18375492,18235012,140480
2020-05-06 05:05:10,kovan,18375513,18235012,140501
2020-05-06 05:06:35,kovan,18375542,18235012,140530
2020-05-06 05:08:29,kovan,18375564,18235012,140552
2020-05-06 05:09:56,kovan,18375585,18235012,140573
2020-05-06 05:11:20,kovan,18375605,18235012,140593
2020-05-06 05:12:44,kovan,18375624,18235012,140612
2020-05-06 05:14:07,kovan,18375645,18235012,140633
2020-05-06 05:15:30,kovan,18375670,18235012,140658
2020-05-06 05:17:12,kovan,18375691,18235012,140679
2020-05-06 05:18:34,kovan,18375711,18235012,140699
2020-05-06 05:19:56,kovan,18375732,18235012,140720
2020-05-06 05:21:18,kovan,18375751,18235012,140739
2020-05-06 05:22:41,kovan,18375771,18235012,140759
2020-05-06 05:24:03,kovan,18375792,18235012,140780
2020-05-06 05:25:25,kovan,18375812,18235012,140800
2020-05-06 05:26:48,kovan,18375832,18235012,140820
2020-05-06 05:28:10,kovan,18375853,18235012,140841
2020-05-06 05:29:33,kovan,18375873,18235012,140861
2020-05-06 05:30:55,kovan,18375895,18235012,140883
2020-05-06 05:32:27,kovan,18375916,18235012,140904
2020-05-06 05:33:49,kovan,18375938,18235012,140926
2020-05-06 05:35:17,kovan,18375957,18235012,140945
2020-05-06 05:36:39,kovan,18375978,18235012,140966
2020-05-06 05:38:01,kovan,18375999,18235012,140987
2020-05-06 05:39:23,kovan,18376020,18235012,141008
2020-05-06 05:40:46,kovan,18376039,18235012,141027
2020-05-06 05:42:09,kovan,18376059,18235012,141047
2020-05-06 05:43:30,kovan,18376080,18235012,141068
2020-05-06 05:44:53,kovan,18376101,18235012,141089
2020-05-06 05:46:16,kovan,18376122,18235012,141110
2020-05-06 05:47:45,kovan,18376143,18235012,141131
2020-05-06 05:49:07,kovan,18376163,18235012,141151
2020-05-06 05:50:29,kovan,18376183,18235012,141171
2020-05-06 05:51:51,kovan,18376205,18235012,141193
2020-05-06 05:53:19,kovan,18376225,18235012,141213
2020-05-06 05:54:41,kovan,18376244,18235012,141232
2020-05-06 05:56:03,kovan,18376265,18235012,141253
2020-05-06 05:57:33,kovan,18376288,18235012,141276
2020-05-06 05:59:03,kovan,18376309,18235012,141297
2020-05-06 06:00:26,kovan,18376328,18235012,141316
2020-05-06 06:01:48,kovan,18376351,18235012,141339
2020-05-06 06:03:25,kovan,18376372,18235012,141360
2020-05-06 06:04:47,kovan,18376392,18235012,141380
2020-05-06 06:06:10,kovan,18376424,18235012,141412
2020-05-06 06:08:21,kovan,18376444,18235012,141432
2020-05-06 06:09:43,kovan,18376465,18235012,141453
2020-05-06 06:11:05,kovan,18376496,18235012,141484
2020-05-06 06:13:13,kovan,18376516,18235012,141504
2020-05-06 06:14:35,kovan,18376537,18235012,141525
2020-05-06 06:15:57,kovan,18376559,18235012,141547
2020-05-06 06:17:27,kovan,18376580,18235012,141568
2020-05-06 06:18:49,kovan,18376600,18235012,141588
2020-05-06 06:20:11,kovan,18376620,18235012,141608
2020-05-06 06:21:34,kovan,18376640,18235012,141628
2020-05-06 06:22:56,kovan,18376661,18235012,141649
2020-05-06 06:24:20,kovan,18376679,18235012,141667
2020-05-06 06:25:42,kovan,18376700,18235012,141688
2020-05-06 06:27:10,kovan,18376720,18235012,141708
2020-05-06 06:28:32,kovan,18376742,18235012,141730
2020-05-06 06:29:55,kovan,18376764,18235012,141752
2020-05-06 06:31:27,kovan,18376785,18235012,141773
2020-05-06 06:32:54,kovan,18376806,18235012,141794
2020-05-06 06:34:16,kovan,18376828,18235012,141816
2020-05-06 06:35:44,kovan,18376848,18235012,141836
2020-05-06 06:37:07,kovan,18376871,18235012,141859
2020-05-06 06:38:43,kovan,18376892,18235012,141880
2020-05-06 06:40:05,kovan,18376911,18235012,141899
2020-05-06 06:41:27,kovan,18376931,18235012,141919
2020-05-06 06:42:49,kovan,18376956,18235012,141944
2020-05-06 06:44:28,kovan,18376977,18235012,141965
2020-05-06 06:45:51,kovan,18376996,18235012,141984
2020-05-06 06:47:13,kovan,18377017,18235012,142005
2020-05-06 06:48:35,kovan,18377037,18235012,142025
2020-05-06 06:49:57,kovan,18377057,18235012,142045
2020-05-06 06:51:20,kovan,18377082,18235012,142070
2020-05-06 06:53:01,kovan,18377107,18235012,142095
2020-05-06 06:54:41,kovan,18377127,18235012,142115
2020-05-06 06:56:03,kovan,18377149,18235012,142137
2020-05-06 06:57:31,kovan,18377173,18235012,142161
2020-05-06 06:59:12,kovan,18377194,18235012,142182
2020-05-06 07:00:34,kovan,18377213,18235012,142201
2020-05-06 07:01:56,kovan,18377234,18235012,142222
2020-05-06 07:03:20,kovan,18377255,18235012,142243
2020-05-06 07:04:42,kovan,18377276,18235012,142264
2020-05-06 07:06:10,kovan,18377299,18235012,142287
2020-05-06 07:07:47,kovan,18377320,18235012,142308
2020-05-06 07:09:09,kovan,18377340,18235012,142328
2020-05-06 07:10:31,kovan,18377361,18235012,142349
2020-05-06 07:11:55,kovan,18377385,18235012,142373
2020-05-06 07:13:33,kovan,18377408,18235012,142396
2020-05-06 07:15:08,kovan,18377429,18235012,142417
2020-05-06 07:16:30,kovan,18377450,18235012,142438
2020-05-06 07:17:54,kovan,18377471,18235012,142459
2020-05-06 07:19:19,kovan,18377491,18235012,142479
2020-05-06 07:20:42,kovan,18377510,18235012,142498
2020-05-06 07:22:04,kovan,18377534,18235012,142522
2020-05-06 07:23:34,kovan,18377560,18235012,142548
2020-05-06 07:25:20,kovan,18377579,18235012,142567
2020-05-06 07:26:44,kovan,18377600,18235012,142588
2020-05-06 07:28:06,kovan,18377622,18235012,142610
2020-05-06 07:29:36,kovan,18377643,18235012,142631
2020-05-06 07:30:58,kovan,18377669,18235012,142657
2020-05-06 07:32:44,kovan,18377691,18235012,142679
2020-05-06 07:34:06,kovan,18377710,18235012,142698
2020-05-06 07:35:28,kovan,18377730,18235012,142718
2020-05-06 07:36:51,kovan,18377751,18235012,142739
2020-05-06 07:38:13,kovan,18377773,18235012,142761
2020-05-06 07:39:42,kovan,18377794,18235012,142782
2020-05-06 07:41:04,kovan,18377814,18235012,142802
2020-05-06 07:42:26,kovan,18377837,18235012,142825
2020-05-06 07:44:05,kovan,18377859,18235012,142847
2020-05-06 07:45:27,kovan,18377878,18235012,142866
2020-05-06 07:46:51,kovan,18377899,18235012,142887
2020-05-06 07:48:13,kovan,18377920,18235012,142908
2020-05-06 07:49:36,kovan,18377940,18235012,142928
2020-05-06 07:50:58,kovan,18377961,18235012,142949
2020-05-06 07:52:22,kovan,18377982,18235012,142970
2020-05-06 07:53:45,kovan,18378006,18235012,142994
2020-05-06 07:55:22,kovan,18378028,18235012,143016
2020-05-06 07:56:57,kovan,18378053,18235012,143041
2020-05-06 07:58:32,kovan,18378075,18235012,143063
2020-05-06 07:59:59,kovan,18378097,18235012,143085
2020-05-06 08:01:35,kovan,18378120,18235012,143108
2020-05-06 08:03:06,kovan,18378143,18235012,143131
2020-05-06 08:04:43,kovan,18378170,18235012,143158
2020-05-06 08:06:32,kovan,18378192,18235012,143180
2020-05-06 08:08:05,kovan,18378214,18235012,143202
2020-05-06 08:09:27,kovan,18378241,18235012,143229
2020-05-06 08:11:16,kovan,18378261,18235012,143249
2020-05-06 08:12:43,kovan,18378282,18235012,143270
2020-05-06 08:14:10,kovan,18378306,18235012,143294
2020-05-06 08:15:44,kovan,18378329,18235012,143317
2020-05-06 08:17:21,kovan,18378354,18235012,143342
2020-05-06 08:18:59,kovan,18378377,18235012,143365
2020-05-06 08:20:34,kovan,18378399,18235012,143387
2020-05-06 08:22:06,kovan,18378425,18235012,143413
2020-05-06 08:23:48,kovan,18378447,18235012,143435
2020-05-06 08:25:16,kovan,18378468,18235012,143456
2020-05-06 08:26:45,kovan,18378489,18235012,143477
2020-05-06 08:28:08,kovan,18378512,18235012,143500
2020-05-06 08:29:45,kovan,18378536,18235012,143524
2020-05-06 08:31:14,kovan,18378555,18235012,143543
2020-05-06 08:32:36,kovan,18378575,18235012,143563
2020-05-06 08:33:59,kovan,18378597,18235012,143585
2020-05-06 08:35:26,kovan,18378619,18235012,143607
2020-05-06 08:36:57,kovan,18378640,18235012,143628
2020-05-06 08:38:21,kovan,18378661,18235012,143649
2020-05-06 08:39:47,kovan,18378687,18235012,143675
2020-05-06 08:41:37,kovan,18378712,18235012,143700
2020-05-06 08:43:16,kovan,18378733,18235012,143721
2020-05-06 08:44:43,kovan,18378756,18235012,143744
2020-05-06 08:46:11,kovan,18378776,18235012,143764
2020-05-06 08:47:39,kovan,18378798,18235012,143786
2020-05-06 08:49:05,kovan,18378819,18235012,143807
2020-05-06 08:50:28,kovan,18378839,18235012,143827
2020-05-06 08:51:50,kovan,18378869,18235012,143857
2020-05-06 08:53:53,kovan,18378892,18235012,143880
2020-05-06 08:55:23,kovan,18378912,18235012,143900
2020-05-06 08:56:47,kovan,18378933,18235012,143921
2020-05-06 08:58:10,kovan,18378957,18235012,143945
2020-05-06 08:59:50,kovan,18378980,18235012,143968
2020-05-06 09:01:20,kovan,18378999,18235012,143987
2020-05-06 09:02:42,kovan,18379023,18235012,144011
2020-05-06 09:04:15,kovan,18379046,18235012,144034
2020-05-06 09:05:47,kovan,18379065,18235012,144053
2020-05-06 09:07:10,kovan,18379087,18235012,144075
2020-05-06 09:08:39,kovan,18379115,18235012,144103
2020-05-06 09:10:29,kovan,18379135,18235012,144123
2020-05-06 09:11:52,kovan,18379156,18235012,144144
2020-05-06 09:13:14,kovan,18379176,18235012,144164
2020-05-06 09:14:36,kovan,18379197,18235012,144185
2020-05-06 09:15:58,kovan,18379221,18235012,144209
2020-05-06 09:17:44,kovan,18379242,18235012,144230
2020-05-06 09:19:06,kovan,18379263,18235012,144251
2020-05-06 09:20:28,kovan,18379283,18235012,144271
2020-05-06 09:21:52,kovan,18379304,18235012,144292
2020-05-06 09:23:14,kovan,18379324,18235012,144312
2020-05-06 09:24:35,kovan,18379343,18235012,144331
2020-05-06 09:25:57,kovan,18379367,18235012,144355
2020-05-06 09:27:34,kovan,18379387,18235012,144375
2020-05-06 09:28:56,kovan,18379408,18235012,144396
2020-05-06 09:30:18,kovan,18379427,18235012,144415
2020-05-06 09:31:43,kovan,18379448,18235012,144436
2020-05-06 09:33:05,kovan,18379469,18235012,144457
2020-05-06 09:34:28,kovan,18379489,18235012,144477
2020-05-06 09:35:50,kovan,18379511,18235012,144499
2020-05-06 09:37:22,kovan,18379535,18235012,144523
2020-05-06 09:38:56,kovan,18379555,18235012,144543
2020-05-06 09:40:19,kovan,18379575,18235012,144563
2020-05-06 09:41:42,kovan,18379600,18235012,144588
2020-05-06 09:43:21,kovan,18379628,18235012,144616
2020-05-06 09:45:12,kovan,18379647,18235012,144635
2020-05-06 09:46:35,kovan,18379669,18235012,144657
2020-05-06 09:48:01,kovan,18379691,18235012,144679
2020-05-06 09:49:31,kovan,18379712,18235012,144700
2020-05-06 09:50:54,kovan,18379732,18235012,144720
2020-05-06 09:52:17,kovan,18379754,18235012,144742
2020-05-06 09:53:46,kovan,18379775,18235012,144763
2020-05-06 09:55:12,kovan,18379795,18235012,144783
2020-05-06 09:56:36,kovan,18379817,18235012,144805
2020-05-06 09:58:01,kovan,18379839,18235012,144827
2020-05-06 09:59:30,kovan,18379859,18235012,144847
2020-05-06 10:00:54,kovan,18379879,18235012,144867
2020-05-06 10:02:16,kovan,18379901,18235012,144889
2020-05-06 10:03:43,kovan,18379922,18235012,144910
2020-05-06 10:05:12,kovan,18379945,18235012,144933
2020-05-06 10:06:43,kovan,18379965,18235012,144953
2020-05-06 10:08:05,kovan,18379992,18235012,144980
2020-05-06 10:09:52,kovan,18380014,18235012,145002
2020-05-06 10:11:22,kovan,18380033,18235012,145021
2020-05-06 10:12:44,kovan,18380057,18235012,145045
2020-05-06 10:14:17,kovan,18380092,18235012,145080
2020-05-06 10:16:42,kovan,18380113,18235012,145101
2020-05-06 10:18:06,kovan,18380134,18235012,145122
2020-05-06 10:19:28,kovan,18380157,18235012,145145
2020-05-06 10:21:01,kovan,18380183,18235012,145171
2020-05-06 10:22:50,kovan,18380205,18235012,145193
2020-05-06 10:24:15,kovan,18380228,18235012,145216
2020-05-06 10:25:48,kovan,18380259,18235012,145247
2020-05-06 10:27:55,kovan,18380281,18235012,145269
2020-05-06 10:29:26,kovan,18380302,18235012,145290
2020-05-06 10:30:48,kovan,18380324,18235012,145312
2020-05-06 10:32:19,kovan,18380347,18235012,145335
2020-05-06 10:33:53,kovan,18380370,18235012,145358
2020-05-06 10:35:27,kovan,18380390,18235012,145378
2020-05-06 10:36:51,kovan,18380411,18235012,145399
2020-05-06 10:38:13,kovan,18380436,18235012,145424
2020-05-06 10:39:53,kovan,18380459,18235012,145447
2020-05-06 10:41:27,kovan,18380484,18235012,145472
2020-05-06 10:43:08,kovan,18380506,18235012,145494
2020-05-06 10:44:34,kovan,18380530,18235012,145518
2020-05-06 10:46:12,kovan,18380554,18235012,145542
2020-05-06 10:47:54,kovan,18380575,18235012,145563
2020-05-06 10:49:16,kovan,18380596,18235012,145584
2020-05-06 10:50:43,kovan,18380623,18235012,145611
2020-05-06 10:52:35,kovan,18380650,18235012,145638
2020-05-06 10:54:22,kovan,18380672,18235012,145660
2020-05-06 10:55:48,kovan,18380691,18235012,145679
2020-05-06 10:57:10,kovan,18380714,18235012,145702
2020-05-06 10:58:41,kovan,18380737,18235012,145725
2020-05-06 11:00:12,kovan,18380756,18235012,145744
2020-05-06 11:01:35,kovan,18380780,18235012,145768
2020-05-06 11:03:08,kovan,18380799,18235012,145787
2020-05-06 11:04:35,kovan,18380828,18235012,145816
2020-05-06 11:06:37,kovan,18380853,18235012,145841
2020-05-06 11:08:18,kovan,18380876,18235012,145864
2020-05-06 11:09:47,kovan,18380905,18235012,145893
2020-05-06 11:11:48,kovan,18380926,18235012,145914
2020-05-06 11:13:11,kovan,18380949,18235012,145937
2020-05-06 11:14:46,kovan,18380971,18235012,145959
2020-05-06 11:16:13,kovan,18380992,18235012,145980
2020-05-06 11:17:42,kovan,18381013,18235012,146001
2020-05-06 11:19:05,kovan,18381034,18235012,146022
2020-05-06 11:20:31,kovan,18381056,18235012,146044
2020-05-06 11:22:01,kovan,18381077,18235012,146065
2020-05-06 11:23:25,kovan,18381097,18235012,146085
2020-05-06 11:24:51,kovan,18381122,18235012,146110
2020-05-06 11:26:31,kovan,18381144,18235012,146132
2020-05-06 11:28:03,kovan,18381167,18235012,146155
2020-05-06 11:29:34,kovan,18381189,18235012,146177
2020-05-06 11:31:02,kovan,18381209,18235012,146197
2020-05-06 11:32:27,kovan,18381237,18235012,146225
2020-05-06 11:34:16,kovan,18381260,18235012,146248
2020-05-06 11:35:51,kovan,18381280,18235012,146268
2020-05-06 11:37:13,kovan,18381301,18235012,146289
2020-05-06 11:38:35,kovan,18381325,18235012,146313
2020-05-06 11:40:15,kovan,18381345,18235012,146333
2020-05-06 11:41:44,kovan,18381366,18235012,146354
2020-05-06 11:43:07,kovan,18381388,18235012,146376
2020-05-06 11:44:38,kovan,18381409,18235012,146397
2020-05-06 11:46:00,kovan,18381429,18235012,146417
2020-05-06 11:47:23,kovan,18381457,18235012,146445
2020-05-06 11:49:16,kovan,18381480,18235012,146468
2020-05-06 11:50:55,kovan,18381503,18235012,146491
2020-05-06 11:52:32,kovan,18381524,18235012,146512
2020-05-06 11:54:00,kovan,18381545,18235012,146533
2020-05-06 11:55:22,kovan,18381566,18235012,146554
2020-05-06 11:56:46,kovan,18381587,18235012,146575
2020-05-06 11:58:18,kovan,18381607,18235012,146595
2020-05-06 11:59:40,kovan,18381627,18235012,146615
2020-05-06 12:01:02,kovan,18381646,18235012,146634
2020-05-06 12:02:24,kovan,18381667,18235012,146655
2020-05-06 12:03:48,kovan,18381686,18235012,146674
2020-05-06 12:05:10,kovan,18381707,18235012,146695
2020-05-06 12:06:44,kovan,18381730,18235012,146718
2020-05-06 12:08:16,kovan,18381750,18235012,146738
2020-05-06 12:09:38,kovan,18381770,18235012,146758
2020-05-06 12:11:00,kovan,18381790,18235012,146778
2020-05-06 12:12:28,kovan,18381812,18235012,146800
2020-05-06 12:14:00,kovan,18381833,18235012,146821
2020-05-06 12:15:22,kovan,18381853,18235012,146841
2020-05-06 12:16:45,kovan,18381873,18235012,146861
2020-05-06 12:18:07,kovan,18381897,18235012,146885
2020-05-06 12:19:43,kovan,18381917,18235012,146905
2020-05-06 12:21:10,kovan,18381936,18235012,146924
2020-05-06 12:22:32,kovan,18381956,18235012,146944
2020-05-06 12:23:54,kovan,18381978,18235012,146966
2020-05-06 12:25:22,kovan,18381997,18235012,146985
2020-05-06 12:26:45,kovan,18382023,18235012,147011
2020-05-06 12:28:32,kovan,18382046,18235012,147034
2020-05-06 12:30:04,kovan,18382067,18235012,147055
2020-05-06 12:31:39,kovan,18382089,18235012,147077
2020-05-06 12:33:03,kovan,18382109,18235012,147097
2020-05-06 12:34:25,kovan,18382130,18235012,147118
2020-05-06 12:35:52,kovan,18382151,18235012,147139
2020-05-06 12:37:23,kovan,18382173,18235012,147161
2020-05-06 12:38:48,kovan,18382196,18235012,147184
2020-05-06 12:40:21,kovan,18382217,18235012,147205
2020-05-06 12:41:48,kovan,18382239,18235012,147227
2020-05-06 12:43:17,kovan,18382261,18235012,147249
2020-05-06 12:44:52,kovan,18382286,18235012,147274
2020-05-06 12:46:42,kovan,18382310,18235012,147298
2020-05-06 12:48:17,kovan,18382331,18235012,147319
2020-05-06 12:49:44,kovan,18382357,18235012,147345
2020-05-06 12:51:24,kovan,18382385,18235012,147373
2020-05-06 12:53:20,kovan,18382408,18235012,147396
2020-05-06 12:54:55,kovan,18382432,18235012,147420
2020-05-06 12:56:29,kovan,18382454,18235012,147442
2020-05-06 12:57:59,kovan,18382476,18235012,147464
2020-05-06 12:59:29,kovan,18382506,18235012,147494
2020-05-06 13:01:44,kovan,18382527,18235012,147515
2020-05-06 13:03:09,kovan,18382554,18235012,147542
2020-05-06 13:05:08,kovan,18382578,18235012,147566
2020-05-06 13:06:47,kovan,18382600,18235012,147588
2020-05-06 13:08:09,kovan,18382627,18235012,147615
2020-05-06 13:10:01,kovan,18382647,18235012,147635
2020-05-06 13:11:25,kovan,18382670,18235012,147658
2020-05-06 13:13:01,kovan,18382691,18235012,147679
2020-05-06 13:14:25,kovan,18382715,18235012,147703
2020-05-06 13:16:03,kovan,18382736,18235012,147724
2020-05-06 13:17:30,kovan,18382765,18235012,147753
2020-05-06 13:19:24,kovan,18382786,18235012,147774
2020-05-06 13:20:48,kovan,18382806,18235012,147794
2020-05-06 13:22:11,kovan,18382834,18235012,147822
2020-05-06 13:24:06,kovan,18382856,18235012,147844
2020-05-06 13:25:34,kovan,18382876,18235012,147864
2020-05-06 13:26:59,kovan,18382899,18235012,147887
2020-05-06 13:28:30,kovan,18382920,18235012,147908
2020-05-06 13:29:52,kovan,18382943,18235012,147931
2020-05-06 13:31:24,kovan,18382998,18235012,147986
2020-05-06 13:35:07,kovan,18383026,18235012,148014
2020-05-06 13:37:05,kovan,18383074,18235012,148062
2020-05-06 13:40:20,kovan,18383096,18235012,148084
2020-05-06 13:41:42,kovan,18383117,18235012,148105
2020-05-06 13:43:10,kovan,18383140,18235012,148128
2020-05-06 13:44:47,kovan,18383161,18235012,148149
2020-05-06 13:46:11,kovan,18383186,18235012,148174
2020-05-06 13:47:55,kovan,18383212,18235012,148200
2020-05-06 13:49:35,kovan,18383240,18235012,148228
2020-05-06 13:54:28,kovan,18383309,18235012,148297
2020-05-06 13:56:14,kovan,18383330,18235012,148318
2020-05-06 13:57:43,kovan,18383357,18235012,148345
2020-05-06 13:59:31,kovan,18383384,18235012,148372
2020-05-06 14:01:24,kovan,18383407,18235012,148395
2020-05-06 14:02:55,kovan,18383430,18235012,148418
2020-05-06 14:04:27,kovan,18383462,18235012,148450
2020-05-06 14:06:42,kovan,18383488,18235012,148476
2020-05-06 14:08:28,kovan,18383513,18235012,148501
2020-05-06 14:10:09,kovan,18383533,18235012,148521
2020-05-06 14:11:33,kovan,18383562,18235012,148550
2020-05-06 14:13:29,kovan,18383586,18235012,148574
2020-05-06 14:15:04,kovan,18383613,18235012,148601
2020-05-06 14:16:57,kovan,18383635,18235012,148623
2020-05-06 14:18:26,kovan,18383658,18235012,148646
2020-05-06 14:19:54,kovan,18383680,18235012,148668
2020-05-06 14:21:26,kovan,18383711,18235012,148699
2020-05-06 14:23:34,kovan,18383731,18235012,148719
2020-05-06 14:24:57,kovan,18383754,18235012,148742
2020-05-06 14:26:34,kovan,18383779,18235012,148767
2020-05-06 14:28:13,kovan,18383809,18235012,148797
2020-05-06 14:30:12,kovan,18383831,18235012,148819
2020-05-06 14:31:44,kovan,18383854,18235012,148842
2020-05-06 14:33:17,kovan,18383877,18235012,148865
2020-05-06 14:34:49,kovan,18383908,18235012,148896
2020-05-06 14:36:58,kovan,18383931,18235012,148919
2020-05-06 14:38:28,kovan,18383957,18235012,148945
2020-05-06 14:40:11,kovan,18383977,18235012,148965
2020-05-06 14:41:37,kovan,18384005,18235012,148993
2020-05-06 14:43:37,kovan,18384028,18235012,149016
2020-05-06 14:45:07,kovan,18384048,18235012,149036
2020-05-06 14:46:33,kovan,18384069,18235012,149057
2020-05-06 14:47:57,kovan,18384108,18235012,149096
2020-05-06 14:50:34,kovan,18384135,18235012,149123
2020-05-06 14:52:24,kovan,18384161,18235012,149149
2020-05-06 14:54:09,kovan,18384182,18235012,149170
2020-05-06 14:55:32,kovan,18384218,18235012,149206
2020-05-06 14:58:02,kovan,18384262,18235012,149250
2020-05-06 15:00:58,kovan,18384285,18235012,149273
2020-05-06 15:02:34,kovan,18384335,18235012,149323
2020-05-06 15:05:55,kovan,18384359,18235012,149347
2020-05-06 15:07:33,kovan,18384396,18235012,149384
2020-05-06 15:10:03,kovan,18384459,18235012,149447
2020-05-06 15:14:16,kovan,18384513,18235012,149501
2020-05-06 15:17:56,kovan,18384546,18235012,149534
2020-05-06 15:20:14,kovan,18384573,18235012,149561
2020-05-06 15:22:09,kovan,18384624,18235012,149612
2020-05-06 15:25:28,kovan,18384644,18235012,149632
2020-05-06 15:26:54,kovan,18384663,18235012,149651
2020-05-06 15:28:17,kovan,18384684,18235012,149672
2020-05-06 15:29:40,kovan,18384705,18235012,149693
2020-05-06 15:31:07,kovan,18384737,18235012,149725
2020-05-06 15:33:12,kovan,18384765,18235012,149753
2020-05-06 15:35:05,kovan,18384789,18235012,149777
2020-05-06 15:36:46,kovan,18384816,18235012,149804
2020-05-06 15:38:34,kovan,18384857,18235012,149845
2020-05-06 15:44:42,kovan,18384938,18235012,149926
2020-05-06 15:46:48,kovan,18384962,18235012,149950
2020-05-06 15:48:26,kovan,18384984,18235012,149972
2020-05-06 15:49:52,kovan,18385010,18235012,149998
2020-05-06 15:51:42,kovan,18385039,18235012,150027
2020-05-06 15:53:33,kovan,18385072,18235012,150060
2020-05-06 15:55:49,kovan,18385102,18235012,150090
2020-05-06 15:57:52,kovan,18385123,18235012,150111
2020-05-06 15:59:19,kovan,18385146,18235012,150134
2020-05-06 16:00:49,kovan,18385167,18235012,150155
2020-05-06 16:02:30,kovan,18385200,18235012,150188
2020-05-06 16:04:41,kovan,18385225,18235012,150213
2020-05-06 16:06:19,kovan,18385254,18235012,150242
2020-05-06 16:08:13,kovan,18385274,18235012,150262
2020-05-06 16:09:39,kovan,18385298,18235012,150286
2020-05-06 16:11:19,kovan,18385317,18235012,150305
2020-05-06 16:12:43,kovan,18385338,18235012,150326
2020-05-06 16:14:09,kovan,18385359,18235012,150347
2020-05-06 16:15:33,kovan,18385380,18235012,150368
2020-05-06 16:17:02,kovan,18385401,18235012,150389
2020-05-06 16:18:24,kovan,18385424,18235012,150412
2020-05-06 16:20:08,kovan,18385454,18235012,150442
2020-05-06 16:22:39,kovan,18385471,18235012,150459
2020-05-06 16:24:02,kovan,18385487,18235012,150475
2020-05-06 16:25:24,kovan,18385504,18235012,150492
2020-05-06 16:26:54,kovan,18385521,18235012,150509
2020-05-06 16:28:16,kovan,18385538,18235012,150526
2020-05-06 16:29:38,kovan,18385559,18235012,150547
2020-05-06 16:31:31,kovan,18385579,18235012,150567
2020-05-06 16:33:05,kovan,18385595,18235012,150583
2020-05-06 16:34:28,kovan,18385611,18235012,150599
2020-05-06 16:35:50,kovan,18385630,18235012,150618
2020-05-06 16:37:25,kovan,18385647,18235012,150635
2020-05-06 16:38:50,kovan,18385664,18235012,150652
2020-05-06 16:40:12,kovan,18385683,18235012,150671
2020-05-06 16:41:42,kovan,18385702,18235012,150690
2020-05-06 16:43:04,kovan,18385720,18235012,150708
2020-05-06 16:44:26,kovan,18385742,18235012,150730
2020-05-06 16:46:01,kovan,18385760,18235012,150748
2020-05-06 16:47:23,kovan,18385778,18235012,150766
2020-05-06 16:48:52,kovan,18385796,18235012,150784
2020-05-06 16:50:14,kovan,18385815,18235012,150803
2020-05-06 16:51:42,kovan,18385834,18235012,150822
2020-05-06 16:53:07,kovan,18385852,18235012,150840
2020-05-06 16:54:30,kovan,18385870,18235012,150858
2020-05-06 16:55:56,kovan,18385887,18235012,150875
2020-05-06 16:57:21,kovan,18385905,18235012,150893
2020-05-06 16:58:44,kovan,18385925,18235012,150913
2020-05-06 17:00:07,kovan,18385948,18235012,150936
2020-05-06 17:01:47,kovan,18385965,18235012,150953
2020-05-06 17:03:10,kovan,18385983,18235012,150971
2020-05-06 17:04:33,kovan,18386004,18235012,150992
2020-05-06 17:06:01,kovan,18386022,18235012,151010
2020-05-06 17:07:24,kovan,18386039,18235012,151027
2020-05-06 17:08:49,kovan,18386058,18235012,151046
2020-05-06 17:10:11,kovan,18386076,18235012,151064
2020-05-06 17:11:40,kovan,18386093,18235012,151081
2020-05-06 17:13:04,kovan,18386109,18235012,151097
2020-05-06 17:14:27,kovan,18386128,18235012,151116
2020-05-06 17:15:50,kovan,18386145,18235012,151133
2020-05-06 17:17:12,kovan,18386164,18235012,151152
2020-05-06 17:18:34,kovan,18386183,18235012,151171
2020-05-06 17:20:02,kovan,18386203,18235012,151191
2020-05-06 17:21:32,kovan,18386222,18235012,151210
2020-05-06 17:22:55,kovan,18386240,18235012,151228
2020-05-06 17:24:17,kovan,18386258,18235012,151246
2020-05-06 17:25:39,kovan,18386277,18235012,151265
2020-05-06 17:27:13,kovan,18386296,18235012,151284
2020-05-06 17:28:36,kovan,18386316,18235012,151304
2020-05-06 17:30:02,kovan,18386336,18235012,151324
2020-05-06 17:31:37,kovan,18386353,18235012,151341
2020-05-06 17:32:59,kovan,18386374,18235012,151362
2020-05-06 17:34:24,kovan,18386392,18235012,151380
2020-05-06 17:35:46,kovan,18386410,18235012,151398
2020-05-06 17:37:09,kovan,18386430,18235012,151418
2020-05-06 17:38:34,kovan,18386449,18235012,151437
2020-05-06 17:39:57,kovan,18386470,18235012,151458
2020-05-06 17:41:33,kovan,18386489,18235012,151477
2020-05-06 17:42:55,kovan,18386511,18235012,151499
2020-05-06 17:44:27,kovan,18386528,18235012,151516
2020-05-06 17:45:51,kovan,18386549,18235012,151537
2020-05-06 17:47:30,kovan,18386565,18235012,151553
2020-05-06 17:48:56,kovan,18386585,18235012,151573
2020-05-06 17:50:35,kovan,18386601,18235012,151589
2020-05-06 17:51:57,kovan,18386617,18235012,151605
2020-05-06 17:53:21,kovan,18386636,18235012,151624
2020-05-06 17:54:55,kovan,18386656,18235012,151644
2020-05-06 17:56:33,kovan,18386672,18235012,151660
2020-05-06 17:57:56,kovan,18386689,18235012,151677
2020-05-06 17:59:19,kovan,18386712,18235012,151700
2020-05-06 18:01:16,kovan,18386729,18235012,151717
2020-05-06 18:02:39,kovan,18386746,18235012,151734
2020-05-06 18:04:07,kovan,18386764,18235012,151752
2020-05-06 18:05:35,kovan,18386780,18235012,151768
2020-05-06 18:06:58,kovan,18386797,18235012,151785
2020-05-06 18:08:21,kovan,18386814,18235012,151802
2020-05-06 18:09:44,kovan,18386830,18235012,151818
2020-05-06 18:11:06,kovan,18386848,18235012,151836
2020-05-06 18:12:35,kovan,18386864,18235012,151852
2020-05-06 18:13:58,kovan,18386886,18235012,151874
2020-05-06 18:15:47,kovan,18386902,18235012,151890
2020-05-06 18:17:09,kovan,18386919,18235012,151907
2020-05-06 18:18:32,kovan,18386938,18235012,151926
2020-05-06 18:20:03,kovan,18386956,18235012,151944
2020-05-06 18:21:38,kovan,18386973,18235012,151961
2020-05-06 18:23:01,kovan,18386993,18235012,151981
2020-05-06 18:24:38,kovan,18387010,18235012,151998
2020-05-06 18:26:06,kovan,18387026,18235012,152014
2020-05-06 18:27:31,kovan,18387049,18235012,152037
2020-05-06 18:29:23,kovan,18387069,18235012,152057
2020-05-06 18:31:02,kovan,18387087,18235012,152075
2020-05-06 18:32:33,kovan,18387104,18235012,152092
2020-05-06 18:33:58,kovan,18387121,18235012,152109
2020-05-06 18:35:20,kovan,18387138,18235012,152126
2020-05-06 18:36:51,kovan,18387156,18235012,152144
2020-05-06 18:38:16,kovan,18387178,18235012,152166
2020-05-06 18:40:05,kovan,18387201,18235012,152189
2020-05-06 18:41:54,kovan,18387218,18235012,152206
2020-05-06 18:43:17,kovan,18387234,18235012,152222
2020-05-06 18:44:44,kovan,18387254,18235012,152242
2020-05-06 18:46:19,kovan,18387270,18235012,152258
2020-05-06 18:47:41,kovan,18387286,18235012,152274
2020-05-06 18:49:04,kovan,18387303,18235012,152291
2020-05-06 18:50:26,kovan,18387321,18235012,152309
2020-05-06 18:51:54,kovan,18387337,18235012,152325
2020-05-06 18:53:16,kovan,18387353,18235012,152341
2020-05-06 18:54:38,kovan,18387375,18235012,152363
2020-05-06 18:56:25,kovan,18387391,18235012,152379
2020-05-06 18:57:51,kovan,18387408,18235012,152396
2020-05-06 18:59:13,kovan,18387426,18235012,152414
2020-05-06 19:00:42,kovan,18387445,18235012,152433
2020-05-06 19:02:17,kovan,18387462,18235012,152450
2020-05-06 19:03:41,kovan,18387479,18235012,152467
2020-05-06 19:05:07,kovan,18387499,18235012,152487
2020-05-06 19:06:46,kovan,18387518,18235012,152506
2020-05-06 19:08:21,kovan,18387535,18235012,152523
2020-05-06 19:09:51,kovan,18387555,18235012,152543
2020-05-06 19:11:25,kovan,18387572,18235012,152560
2020-05-06 19:12:52,kovan,18387588,18235012,152576
2020-05-06 19:14:14,kovan,18387605,18235012,152593
2020-05-06 19:15:37,kovan,18387623,18235012,152611
2020-05-06 19:17:07,kovan,18387639,18235012,152627
2020-05-06 19:18:30,kovan,18387656,18235012,152644
2020-05-06 19:19:54,kovan,18387675,18235012,152663
2020-05-06 19:21:32,kovan,18387693,18235012,152681
2020-05-06 19:22:54,kovan,18387710,18235012,152698
2020-05-06 19:24:16,kovan,18387728,18235012,152716
2020-05-06 19:25:39,kovan,18387744,18235012,152732
2020-05-06 19:27:03,kovan,18387761,18235012,152749
2020-05-06 19:28:25,kovan,18387778,18235012,152766
2020-05-06 19:29:53,kovan,18387798,18235012,152786
2020-05-06 19:31:33,kovan,18387816,18235012,152804
2020-05-06 19:32:59,kovan,18387832,18235012,152820
2020-05-06 19:34:29,kovan,18387851,18235012,152839
2020-05-06 19:35:59,kovan,18387867,18235012,152855
2020-05-06 19:37:23,kovan,18387885,18235012,152873
2020-05-06 19:38:52,kovan,18387901,18235012,152889
2020-05-06 19:40:14,kovan,18387919,18235012,152907
2020-05-06 19:41:42,kovan,18387936,18235012,152924
2020-05-06 19:43:09,kovan,18387954,18235012,152942
2020-05-06 19:44:38,kovan,18387972,18235012,152960
2020-05-06 19:46:04,kovan,18387988,18235012,152976
2020-05-06 19:47:28,kovan,18388005,18235012,152993
2020-05-06 19:48:52,kovan,18388023,18235012,153011
2020-05-06 19:50:14,kovan,18388043,18235012,153031
2020-05-06 19:51:46,kovan,18388060,18235012,153048
2020-05-06 19:53:08,kovan,18388077,18235012,153065
2020-05-06 19:54:33,kovan,18388094,18235012,153082
2020-05-06 19:55:55,kovan,18388112,18235012,153100
2020-05-06 19:57:20,kovan,18388129,18235012,153117
2020-05-06 19:58:46,kovan,18388145,18235012,153133
2020-05-06 20:00:08,kovan,18388165,18235012,153153
2020-05-06 20:01:44,kovan,18388185,18235012,153173
2020-05-06 20:03:22,kovan,18388202,18235012,153190
2020-05-06 20:04:45,kovan,18388225,18235012,153213
2020-05-06 20:06:41,kovan,18388243,18235012,153231
2020-05-06 20:08:12,kovan,18388259,18235012,153247
2020-05-06 20:09:35,kovan,18388276,18235012,153264
2020-05-06 20:10:58,kovan,18388292,18235012,153280
2020-05-06 20:12:20,kovan,18388313,18235012,153301
2020-05-06 20:14:01,kovan,18388330,18235012,153318
2020-05-06 20:15:28,kovan,18388349,18235012,153337
2020-05-06 20:17:02,kovan,18388366,18235012,153354
2020-05-06 20:18:30,kovan,18388384,18235012,153372
2020-05-06 20:19:57,kovan,18388404,18235012,153392
2020-05-06 20:21:39,kovan,18388421,18235012,153409
2020-05-06 20:23:01,kovan,18388438,18235012,153426
2020-05-06 20:24:30,kovan,18388455,18235012,153443
2020-05-06 20:25:52,kovan,18388472,18235012,153460
2020-05-06 20:27:15,kovan,18388490,18235012,153478
2020-05-06 20:28:46,kovan,18388506,18235012,153494
2020-05-06 20:30:09,kovan,18388524,18235012,153512
2020-05-06 20:31:38,kovan,18388542,18235012,153530
2020-05-06 20:33:06,kovan,18388558,18235012,153546
2020-05-06 20:34:28,kovan,18388577,18235012,153565
2020-05-06 20:36:04,kovan,18388595,18235012,153583
2020-05-06 20:37:31,kovan,18388611,18235012,153599
2020-05-06 20:38:54,kovan,18388634,18235012,153622
2020-05-06 20:40:46,kovan,18388651,18235012,153639
2020-05-06 20:42:13,kovan,18388672,18235012,153660
2020-05-06 20:43:56,kovan,18388689,18235012,153677
2020-05-06 20:45:20,kovan,18388706,18235012,153694
2020-05-06 20:46:48,kovan,18388727,18235012,153715
2020-05-06 20:48:34,kovan,18388744,18235012,153732
2020-05-06 20:49:56,kovan,18388765,18235012,153753
2020-05-06 20:51:41,kovan,18388782,18235012,153770
2020-05-06 20:53:07,kovan,18388798,18235012,153786
2020-05-06 20:54:29,kovan,18388817,18235012,153805
2020-05-06 20:55:52,kovan,18388832,18235012,153820
2020-05-06 20:57:14,kovan,18388850,18235012,153838
2020-05-06 20:58:36,kovan,18388866,18235012,153854
2020-05-06 20:59:58,kovan,18388884,18235012,153872
2020-05-06 21:01:29,kovan,18388901,18235012,153889
2020-05-06 21:02:55,kovan,18388919,18235012,153907
2020-05-06 21:04:21,kovan,18388936,18235012,153924
2020-05-06 21:05:50,kovan,18388954,18235012,153942
2020-05-06 21:07:16,kovan,18388972,18235012,153960
2020-05-06 21:08:42,kovan,18388988,18235012,153976
2020-05-06 21:10:08,kovan,18389008,18235012,153996
2020-05-06 21:11:46,kovan,18389024,18235012,154012
2020-05-06 21:13:08,kovan,18389042,18235012,154030
2020-05-06 21:14:34,kovan,18389058,18235012,154046
2020-05-06 21:15:58,kovan,18389074,18235012,154062
2020-05-06 21:17:20,kovan,18389092,18235012,154080
2020-05-06 21:18:43,kovan,18389109,18235012,154097
2020-05-06 21:20:05,kovan,18389129,18235012,154117
2020-05-06 21:21:48,kovan,18389149,18235012,154137
2020-05-06 21:23:22,kovan,18389165,18235012,154153
2020-05-06 21:24:44,kovan,18389181,18235012,154169
2020-05-06 21:26:06,kovan,18389197,18235012,154185
2020-05-06 21:27:28,kovan,18389216,18235012,154204
2020-05-06 21:29:01,kovan,18389233,18235012,154221
2020-05-06 21:30:31,kovan,18389252,18235012,154240
2020-05-06 21:31:59,kovan,18389269,18235012,154257
2020-05-06 21:33:27,kovan,18389289,18235012,154277
2020-05-06 21:35:05,kovan,18389307,18235012,154295
2020-05-06 21:36:37,kovan,18389325,18235012,154313
2020-05-06 21:38:10,kovan,18389342,18235012,154330
2020-05-06 21:39:34,kovan,18389360,18235012,154348
2020-05-06 21:41:00,kovan,18389377,18235012,154365
2020-05-06 21:42:25,kovan,18389398,18235012,154386
2020-05-06 21:44:11,kovan,18389415,18235012,154403
2020-05-06 21:45:33,kovan,18389431,18235012,154419
2020-05-06 21:46:56,kovan,18389447,18235012,154435
2020-05-06 21:48:19,kovan,18389465,18235012,154453
2020-05-06 21:49:47,kovan,18389483,18235012,154471
2020-05-06 21:51:19,kovan,18389500,18235012,154488
2020-05-06 21:52:43,kovan,18389517,18235012,154505
2020-05-06 21:54:05,kovan,18389533,18235012,154521
2020-05-06 21:55:27,kovan,18389552,18235012,154540
2020-05-06 21:57:03,kovan,18389569,18235012,154557
2020-05-06 21:58:29,kovan,18389586,18235012,154574
2020-05-06 21:59:54,kovan,18389604,18235012,154592
2020-05-06 22:01:21,kovan,18389621,18235012,154609
2020-05-06 22:02:43,kovan,18389637,18235012,154625
2020-05-06 22:04:05,kovan,18389653,18235012,154641
2020-05-06 22:05:28,kovan,18389671,18235012,154659
2020-05-06 22:06:55,kovan,18389688,18235012,154676
2020-05-06 22:08:21,kovan,18389707,18235012,154695
2020-05-06 22:09:54,kovan,18389724,18235012,154712
2020-05-06 22:11:20,kovan,18389741,18235012,154729
2020-05-06 22:12:45,kovan,18389757,18235012,154745
2020-05-06 22:14:08,kovan,18389774,18235012,154762
2020-05-06 22:15:30,kovan,18389791,18235012,154779
2020-05-06 22:16:56,kovan,18389807,18235012,154795
2020-05-06 22:18:19,kovan,18389824,18235012,154812
2020-05-06 22:19:41,kovan,18389841,18235012,154829
2020-05-06 22:21:04,kovan,18389858,18235012,154846
2020-05-06 22:22:32,kovan,18389874,18235012,154862
2020-05-06 22:23:54,kovan,18389891,18235012,154879
2020-05-06 22:25:18,kovan,18389910,18235012,154898
2020-05-06 22:26:56,kovan,18389927,18235012,154915
2020-05-06 22:28:18,kovan,18389945,18235012,154933
2020-05-06 22:29:46,kovan,18389965,18235012,154953
2020-05-06 22:31:30,kovan,18389983,18235012,154971
2020-05-06 22:32:55,kovan,18389999,18235012,154987
2020-05-06 22:34:17,kovan,18390017,18235012,155005
2020-05-06 22:35:47,kovan,18390034,18235012,155022
2020-05-06 22:37:10,kovan,18390050,18235012,155038
2020-05-06 22:38:32,kovan,18390066,18235012,155054
2020-05-06 22:39:54,kovan,18390084,18235012,155072
2020-05-06 22:41:21,kovan,18390101,18235012,155089
2020-05-06 22:42:48,kovan,18390118,18235012,155106
2020-05-06 22:44:15,kovan,18390135,18235012,155123
2020-05-06 22:45:37,kovan,18390152,18235012,155140
2020-05-06 22:47:00,kovan,18390169,18235012,155157
2020-05-06 22:48:25,kovan,18390187,18235012,155175
2020-05-06 22:49:56,kovan,18390207,18235012,155195
2020-05-06 22:51:35,kovan,18390223,18235012,155211
2020-05-06 22:52:57,kovan,18390239,18235012,155227
2020-05-06 22:54:20,kovan,18390257,18235012,155245
2020-05-06 22:55:47,kovan,18390273,18235012,155261
2020-05-06 22:57:09,kovan,18390290,18235012,155278
2020-05-06 22:58:32,kovan,18390306,18235012,155294
2020-05-06 22:59:55,kovan,18390324,18235012,155312
2020-05-06 23:01:22,kovan,18390341,18235012,155329
2020-05-06 23:02:44,kovan,18390357,18235012,155345
2020-05-06 23:04:08,kovan,18390373,18235012,155361
2020-05-06 23:05:30,kovan,18390390,18235012,155378
2020-05-06 23:06:55,kovan,18390409,18235012,155397
2020-05-06 23:08:23,kovan,18390425,18235012,155413
2020-05-06 23:09:46,kovan,18390443,18235012,155431
2020-05-06 23:11:15,kovan,18390460,18235012,155448
2020-05-06 23:12:41,kovan,18390476,18235012,155464
2020-05-06 23:14:03,kovan,18390493,18235012,155481
2020-05-06 23:15:25,kovan,18390513,18235012,155501
2020-05-06 23:17:04,kovan,18390529,18235012,155517
2020-05-06 23:18:26,kovan,18390545,18235012,155533
2020-05-06 23:19:49,kovan,18390561,18235012,155549
2020-05-06 23:21:13,kovan,18390578,18235012,155566
2020-05-06 23:22:39,kovan,18390596,18235012,155584
2020-05-06 23:24:04,kovan,18390613,18235012,155601
2020-05-06 23:25:32,kovan,18390629,18235012,155617
2020-05-06 23:26:55,kovan,18390649,18235012,155637
2020-05-06 23:28:17,kovan,18390667,18235012,155655
2020-05-06 23:29:39,kovan,18390683,18235012,155671
2020-05-06 23:31:01,kovan,18390701,18235012,155689
2020-05-06 23:32:24,kovan,18390721,18235012,155709
2020-05-06 23:33:46,kovan,18390737,18235012,155725
2020-05-06 23:35:08,kovan,18390756,18235012,155744
2020-05-06 23:36:39,kovan,18390772,18235012,155760
2020-05-06 23:38:02,kovan,18390789,18235012,155777
2020-05-06 23:39:28,kovan,18390805,18235012,155793
2020-05-06 23:40:50,kovan,18390821,18235012,155809
2020-05-06 23:42:13,kovan,18390840,18235012,155828
2020-05-06 23:43:39,kovan,18390856,18235012,155844
2020-05-06 23:45:01,kovan,18390875,18235012,155863
2020-05-06 23:46:34,kovan,18390894,18235012,155882
2020-05-06 23:47:56,kovan,18390912,18235012,155900
2020-05-06 23:49:18,kovan,18390928,18235012,155916
2020-05-06 23:50:40,kovan,18390945,18235012,155933
2020-05-06 23:52:09,kovan,18390962,18235012,155950
2020-05-06 23:53:36,kovan,18390981,18235012,155969
2020-05-06 23:55:04,kovan,18391000,18235012,155988
2020-05-06 23:56:38,kovan,18391016,18235012,156004
2020-05-06 23:58:00,kovan,18391033,18235012,156021
2020-05-06 23:59:22,kovan,18391049,18235012,156037
2020-05-07 00:00:44,kovan,18391067,18235012,156055
2020-05-07 00:02:10,kovan,18391084,18235012,156072
2020-05-07 00:03:32,kovan,18391101,18235012,156089
2020-05-07 00:04:55,kovan,18391120,18235012,156108
2020-05-07 00:06:33,kovan,18391139,18235012,156127
2020-05-07 00:07:58,kovan,18391156,18235012,156144
2020-05-07 00:09:21,kovan,18391175,18235012,156163
2020-05-07 00:10:49,kovan,18391196,18235012,156184
2020-05-07 00:12:20,kovan,18391215,18235012,156203
2020-05-07 00:13:42,kovan,18391233,18235012,156221
2020-05-07 00:15:04,kovan,18391254,18235012,156242
2020-05-07 00:16:42,kovan,18391272,18235012,156260
2020-05-07 00:18:05,kovan,18391291,18235012,156279
2020-05-07 00:19:26,kovan,18391308,18235012,156296
2020-05-07 00:20:49,kovan,18391327,18235012,156315
2020-05-07 00:22:11,kovan,18391348,18235012,156336
2020-05-07 00:23:52,kovan,18391365,18235012,156353
2020-05-07 00:25:15,kovan,18391382,18235012,156370
2020-05-07 00:26:49,kovan,18391404,18235012,156392
2020-05-07 00:28:23,kovan,18391424,18235012,156412
2020-05-07 00:29:45,kovan,18391440,18235012,156428
2020-05-07 00:31:07,kovan,18391456,18235012,156444
2020-05-07 00:32:29,kovan,18391472,18235012,156460
2020-05-07 00:33:52,kovan,18391491,18235012,156479
2020-05-07 00:35:18,kovan,18391508,18235012,156496
2020-05-07 00:36:48,kovan,18391525,18235012,156513
2020-05-07 00:38:12,kovan,18391543,18235012,156531
2020-05-07 00:39:40,kovan,18391559,18235012,156547
2020-05-07 00:41:02,kovan,18391576,18235012,156564
2020-05-07 00:42:24,kovan,18391592,18235012,156580
2020-05-07 00:43:46,kovan,18391608,18235012,156596
2020-05-07 00:45:08,kovan,18391627,18235012,156615
2020-05-07 00:46:41,kovan,18391644,18235012,156632
2020-05-07 00:48:04,kovan,18391660,18235012,156648
2020-05-07 00:49:30,kovan,18391677,18235012,156665
2020-05-07 00:50:52,kovan,18391694,18235012,156682
2020-05-07 00:52:14,kovan,18391710,18235012,156698
2020-05-07 00:53:37,kovan,18391728,18235012,156716
2020-05-07 00:55:04,kovan,18391745,18235012,156733
2020-05-07 00:56:32,kovan,18391762,18235012,156750
2020-05-07 00:57:55,kovan,18391779,18235012,156767
2020-05-07 00:59:18,kovan,18391795,18235012,156783
2020-05-07 01:00:41,kovan,18391814,18235012,156802
2020-05-07 01:02:15,kovan,18391830,18235012,156818
2020-05-07 01:03:38,kovan,18391846,18235012,156834
2020-05-07 01:05:00,kovan,18391864,18235012,156852
2020-05-07 01:06:33,kovan,18391881,18235012,156869
2020-05-07 01:07:55,kovan,18391897,18235012,156885
2020-05-07 01:09:17,kovan,18391915,18235012,156903
2020-05-07 01:10:45,kovan,18391931,18235012,156919
2020-05-07 01:12:07,kovan,18391947,18235012,156935
2020-05-07 01:13:29,kovan,18391964,18235012,156952
2020-05-07 01:14:52,kovan,18391981,18235012,156969
2020-05-07 01:16:19,kovan,18391999,18235012,156987
2020-05-07 01:17:45,kovan,18392015,18235012,157003
2020-05-07 01:19:07,kovan,18392031,18235012,157019
2020-05-07 01:20:30,kovan,18392049,18235012,157037
2020-05-07 01:22:00,kovan,18392066,18235012,157054
2020-05-07 01:23:23,kovan,18392083,18235012,157071
2020-05-07 01:24:45,kovan,18392099,18235012,157087
2020-05-07 01:26:07,kovan,18392115,18235012,157103
2020-05-07 01:27:30,kovan,18392132,18235012,157120
2020-05-07 01:28:53,kovan,18392149,18235012,157137
2020-05-07 01:30:15,kovan,18392167,18235012,157155
2020-05-07 01:31:41,kovan,18392184,18235012,157172
2020-05-07 01:33:03,kovan,18392203,18235012,157191
2020-05-07 01:34:26,kovan,18392222,18235012,157210
2020-05-07 01:35:48,kovan,18392242,18235012,157230
2020-05-07 01:37:19,kovan,18392261,18235012,157249
2020-05-07 01:38:41,kovan,18392278,18235012,157266
2020-05-07 01:40:03,kovan,18392298,18235012,157286
2020-05-07 01:41:33,kovan,18392318,18235012,157306
2020-05-07 01:43:01,kovan,18392337,18235012,157325
2020-05-07 01:44:23,kovan,18392354,18235012,157342
2020-05-07 01:45:45,kovan,18392373,18235012,157361
2020-05-07 01:47:16,kovan,18392390,18235012,157378
2020-05-07 01:48:38,kovan,18392410,18235012,157398
2020-05-07 01:50:04,kovan,18392429,18235012,157417
2020-05-07 01:51:34,kovan,18392448,18235012,157436
2020-05-07 01:52:59,kovan,18392466,18235012,157454
2020-05-07 01:54:25,kovan,18392483,18235012,157471
2020-05-07 01:55:48,kovan,18392502,18235012,157490
2020-05-07 01:57:15,kovan,18392520,18235012,157508
2020-05-07 01:58:37,kovan,18392538,18235012,157526
2020-05-07 02:00:00,kovan,18392558,18235012,157546
2020-05-07 02:01:34,kovan,18392574,18235012,157562
2020-05-07 02:02:56,kovan,18392592,18235012,157580
2020-05-07 02:04:19,kovan,18392613,18235012,157601
2020-05-07 02:05:42,kovan,18392631,18235012,157619
2020-05-07 02:07:14,kovan,18392650,18235012,157638
2020-05-07 02:08:38,kovan,18392669,18235012,157657
2020-05-07 02:10:00,kovan,18392688,18235012,157676
2020-05-07 02:11:28,kovan,18392706,18235012,157694
2020-05-07 02:12:52,kovan,18392727,18235012,157715
2020-05-07 02:14:23,kovan,18392745,18235012,157733
2020-05-07 02:15:46,kovan,18392765,18235012,157753
2020-05-07 02:17:14,kovan,18392786,18235012,157774
2020-05-07 02:18:41,kovan,18392805,18235012,157793
2020-05-07 02:20:05,kovan,18392824,18235012,157812
2020-05-07 02:21:36,kovan,18392842,18235012,157830
2020-05-07 02:22:58,kovan,18392859,18235012,157847
2020-05-07 02:24:22,kovan,18392876,18235012,157864
2020-05-07 02:25:44,kovan,18392898,18235012,157886
2020-05-07 02:27:25,kovan,18392916,18235012,157904
2020-05-07 02:28:47,kovan,18392934,18235012,157922
2020-05-07 02:30:10,kovan,18392953,18235012,157941
2020-05-07 02:31:43,kovan,18392974,18235012,157962
2020-05-07 02:33:11,kovan,18392992,18235012,157980
2020-05-07 02:34:33,kovan,18393010,18235012,157998
2020-05-07 02:35:55,kovan,18393029,18235012,158017
2020-05-07 02:37:17,kovan,18393047,18235012,158035
2020-05-07 02:38:42,kovan,18393064,18235012,158052
2020-05-07 02:40:06,kovan,18393084,18235012,158072
2020-05-07 02:41:35,kovan,18393105,18235012,158093
2020-05-07 02:43:12,kovan,18393124,18235012,158112
2020-05-07 02:44:38,kovan,18393141,18235012,158129
2020-05-07 02:46:04,kovan,18393157,18235012,158145
2020-05-07 02:47:27,kovan,18393177,18235012,158165
2020-05-07 02:48:50,kovan,18393195,18235012,158183
2020-05-07 02:50:16,kovan,18393214,18235012,158202
2020-05-07 02:51:49,kovan,18393234,18235012,158222
2020-05-07 02:53:11,kovan,18393252,18235012,158240
2020-05-07 02:54:33,kovan,18393277,18235012,158265
2020-05-07 02:56:22,kovan,18393296,18235012,158284
2020-05-07 02:57:44,kovan,18393314,18235012,158302
2020-05-07 02:59:13,kovan,18393332,18235012,158320
2020-05-07 03:00:39,kovan,18393350,18235012,158338
2020-05-07 03:02:06,kovan,18393367,18235012,158355
2020-05-07 03:03:29,kovan,18393387,18235012,158375
2020-05-07 03:04:51,kovan,18393410,18235012,158398
2020-05-07 03:06:28,kovan,18393432,18235012,158420
2020-05-07 03:07:50,kovan,18393452,18235012,158440
2020-05-07 03:09:14,kovan,18393476,18235012,158464
2020-05-07 03:10:46,kovan,18393496,18235012,158484
2020-05-07 03:12:11,kovan,18393525,18235012,158513
2020-05-07 03:14:11,kovan,18393547,18235012,158535
2020-05-07 03:15:38,kovan,18393568,18235012,158556
2020-05-07 03:17:04,kovan,18393588,18235012,158576
2020-05-07 03:18:31,kovan,18393608,18235012,158596
2020-05-07 03:19:53,kovan,18393630,18235012,158618
2020-05-07 03:21:22,kovan,18393648,18235012,158636
2020-05-07 03:22:46,kovan,18393668,18235012,158656
2020-05-07 03:24:09,kovan,18393687,18235012,158675
2020-05-07 03:25:34,kovan,18393710,18235012,158698
2020-05-07 03:27:04,kovan,18393731,18235012,158719
2020-05-07 03:28:26,kovan,18393751,18235012,158739
2020-05-07 03:29:49,kovan,18393772,18235012,158760
2020-05-07 03:31:15,kovan,18393791,18235012,158779
2020-05-07 03:32:38,kovan,18393811,18235012,158799
2020-05-07 03:34:03,kovan,18393833,18235012,158821
2020-05-07 03:35:28,kovan,18393852,18235012,158840
2020-05-07 03:36:55,kovan,18393873,18235012,158861
2020-05-07 03:38:19,kovan,18393893,18235012,158881
2020-05-07 03:39:41,kovan,18393914,18235012,158902
2020-05-07 03:41:04,kovan,18393932,18235012,158920
2020-05-07 03:42:29,kovan,18393952,18235012,158940
2020-05-07 03:43:52,kovan,18393972,18235012,158960
2020-05-07 03:45:15,kovan,18393994,18235012,158982
2020-05-07 03:46:44,kovan,18394012,18235012,159000
2020-05-07 03:48:08,kovan,18394031,18235012,159019
2020-05-07 03:49:30,kovan,18394059,18235012,159047
2020-05-07 03:51:27,kovan,18394113,18235012,159101
2020-05-07 03:55:12,kovan,18394138,18235012,159126
2020-05-07 03:56:57,kovan,18394161,18235012,159149
2020-05-07 03:58:29,kovan,18394182,18235012,159170
2020-05-07 04:00:01,kovan,18394206,18235012,159194
2020-05-07 04:01:41,kovan,18394227,18235012,159215
2020-05-07 04:03:06,kovan,18394246,18235012,159234
2020-05-07 04:04:29,kovan,18394267,18235012,159255
2020-05-07 04:05:52,kovan,18394286,18235012,159274
2020-05-07 04:07:14,kovan,18394304,18235012,159292
2020-05-07 04:08:36,kovan,18394328,18235012,159316
2020-05-07 04:10:15,kovan,18394348,18235012,159336
2020-05-07 04:11:40,kovan,18394370,18235012,159358
2020-05-07 04:13:08,kovan,18394402,18235012,159390
2020-05-07 04:15:25,kovan,18394451,18235012,159439
2020-05-07 04:18:51,kovan,18394482,18235012,159470
2020-05-07 04:27:13,kovan,18394618,18235012,159606
2020-05-07 04:30:27,kovan,18394638,18235012,159626
2020-05-07 04:31:49,kovan,18394657,18235012,159645
2020-05-07 04:33:12,kovan,18394677,18235012,159665
2020-05-07 04:34:34,kovan,18394698,18235012,159686
2020-05-07 04:36:00,kovan,18394716,18235012,159704
2020-05-07 04:37:24,kovan,18394736,18235012,159724
2020-05-07 04:38:47,kovan,18394756,18235012,159744
2020-05-07 04:40:11,kovan,18394775,18235012,159763
2020-05-07 04:41:40,kovan,18394795,18235012,159783
2020-05-07 04:43:04,kovan,18394814,18235012,159802
2020-05-07 04:44:26,kovan,18394844,18235012,159832
2020-05-07 04:46:41,kovan,18394862,18235012,159850
2020-05-07 04:48:06,kovan,18394880,18235012,159868
2020-05-07 04:49:29,kovan,18394901,18235012,159889
2020-05-07 04:51:02,kovan,18394921,18235012,159909
2020-05-07 04:52:27,kovan,18394939,18235012,159927
2020-05-07 04:53:49,kovan,18394957,18235012,159945
2020-05-07 04:55:18,kovan,18394979,18235012,159967
2020-05-07 04:56:49,kovan,18394999,18235012,159987
2020-05-07 04:58:13,kovan,18395018,18235012,160006
2020-05-07 04:59:35,kovan,18395038,18235012,160026
2020-05-07 05:00:57,kovan,18395055,18235012,160043
2020-05-07 05:02:20,kovan,18395076,18235012,160064
2020-05-07 05:03:46,kovan,18395095,18235012,160083
2020-05-07 05:05:09,kovan,18395119,18235012,160107
2020-05-07 05:06:43,kovan,18395139,18235012,160127
2020-05-07 05:08:11,kovan,18395161,18235012,160149
2020-05-07 05:09:36,kovan,18395181,18235012,160169
2020-05-07 05:11:03,kovan,18395201,18235012,160189
2020-05-07 05:12:25,kovan,18395220,18235012,160208
2020-05-07 05:13:50,kovan,18395240,18235012,160228
2020-05-07 05:15:16,kovan,18395260,18235012,160248
2020-05-07 05:16:43,kovan,18395281,18235012,160269
2020-05-07 05:18:09,kovan,18395300,18235012,160288
2020-05-07 05:19:32,kovan,18395321,18235012,160309
2020-05-07 05:20:59,kovan,18395342,18235012,160330
2020-05-07 05:22:25,kovan,18395364,18235012,160352
2020-05-07 05:24:00,kovan,18395385,18235012,160373
2020-05-07 05:25:25,kovan,18395407,18235012,160395
2020-05-07 05:26:56,kovan,18395423,18235012,160411
2020-05-07 05:28:18,kovan,18395443,18235012,160431
2020-05-07 05:29:40,kovan,18395461,18235012,160449
2020-05-07 05:31:03,kovan,18395479,18235012,160467
2020-05-07 05:32:27,kovan,18395499,18235012,160487
2020-05-07 05:33:49,kovan,18395518,18235012,160506
2020-05-07 05:35:11,kovan,18395540,18235012,160528
2020-05-07 05:36:40,kovan,18395559,18235012,160547
2020-05-07 05:38:03,kovan,18395581,18235012,160569
2020-05-07 05:39:29,kovan,18395602,18235012,160590
2020-05-07 05:40:51,kovan,18395621,18235012,160609
2020-05-07 05:42:17,kovan,18395639,18235012,160627
2020-05-07 05:43:40,kovan,18395658,18235012,160646
2020-05-07 05:45:04,kovan,18395680,18235012,160668
2020-05-07 05:46:47,kovan,18395699,18235012,160687
2020-05-07 05:48:10,kovan,18395717,18235012,160705
2020-05-07 05:49:32,kovan,18395736,18235012,160724
2020-05-07 05:51:00,kovan,18395756,18235012,160744
2020-05-07 05:52:22,kovan,18395774,18235012,160762
2020-05-07 05:53:47,kovan,18395792,18235012,160780
2020-05-07 05:55:10,kovan,18395814,18235012,160802
2020-05-07 05:56:46,kovan,18395831,18235012,160819
2020-05-07 05:58:11,kovan,18395850,18235012,160838
2020-05-07 05:59:33,kovan,18395869,18235012,160857
2020-05-07 06:00:55,kovan,18395887,18235012,160875
2020-05-07 06:02:20,kovan,18395907,18235012,160895
2020-05-07 06:03:52,kovan,18395929,18235012,160917
2020-05-07 06:05:26,kovan,18395948,18235012,160936
2020-05-07 06:06:48,kovan,18395965,18235012,160953
2020-05-07 06:08:11,kovan,18395980,18235012,160968
2020-05-07 06:09:33,kovan,18395998,18235012,160986
2020-05-07 06:10:57,kovan,18396020,18235012,161008
2020-05-07 06:12:24,kovan,18396040,18235012,161028
2020-05-07 06:14:00,kovan,18396061,18235012,161049
2020-05-07 06:15:25,kovan,18396081,18235012,161069
2020-05-07 06:16:57,kovan,18396099,18235012,161087
2020-05-07 06:18:19,kovan,18396121,18235012,161109
2020-05-07 06:19:48,kovan,18396139,18235012,161127
2020-05-07 06:21:12,kovan,18396157,18235012,161145
2020-05-07 06:22:34,kovan,18396175,18235012,161163
2020-05-07 06:23:57,kovan,18396195,18235012,161183
2020-05-07 06:25:24,kovan,18396213,18235012,161201
2020-05-07 06:26:49,kovan,18396233,18235012,161221
2020-05-07 06:28:16,kovan,18396251,18235012,161239
2020-05-07 06:29:41,kovan,18396269,18235012,161257
2020-05-07 06:31:05,kovan,18396288,18235012,161276
2020-05-07 06:32:39,kovan,18396307,18235012,161295
2020-05-07 06:34:06,kovan,18396328,18235012,161316
2020-05-07 06:35:44,kovan,18396353,18235012,161341
2020-05-07 06:37:30,kovan,18396371,18235012,161359
2020-05-07 06:38:57,kovan,18396390,18235012,161378
2020-05-07 06:40:21,kovan,18396411,18235012,161399
2020-05-07 06:41:49,kovan,18396430,18235012,161418
2020-05-07 06:43:15,kovan,18396446,18235012,161434
2020-05-07 06:44:37,kovan,18396463,18235012,161451
2020-05-07 06:45:59,kovan,18396480,18235012,161468
2020-05-07 06:47:22,kovan,18396498,18235012,161486
2020-05-07 06:48:44,kovan,18396517,18235012,161505
2020-05-07 06:50:06,kovan,18396538,18235012,161526
2020-05-07 06:51:38,kovan,18396554,18235012,161542
2020-05-07 06:53:00,kovan,18396574,18235012,161562
2020-05-07 06:54:22,kovan,18396595,18235012,161583
2020-05-07 06:55:44,kovan,18396612,18235012,161600
2020-05-07 06:57:06,kovan,18396629,18235012,161617
2020-05-07 06:58:29,kovan,18396647,18235012,161635
2020-05-07 06:59:56,kovan,18396668,18235012,161656
2020-05-07 07:01:28,kovan,18396689,18235012,161677
2020-05-07 07:02:56,kovan,18396706,18235012,161694
2020-05-07 07:04:19,kovan,18396723,18235012,161711
2020-05-07 07:05:42,kovan,18396740,18235012,161728
2020-05-07 07:07:05,kovan,18396756,18235012,161744
2020-05-07 07:08:27,kovan,18396773,18235012,161761
2020-05-07 07:09:49,kovan,18396790,18235012,161778
2020-05-07 07:11:15,kovan,18396807,18235012,161795
2020-05-07 07:12:37,kovan,18396826,18235012,161814
2020-05-07 07:14:00,kovan,18396844,18235012,161832
2020-05-07 07:15:22,kovan,18396866,18235012,161854
2020-05-07 07:16:51,kovan,18396884,18235012,161872
2020-05-07 07:18:13,kovan,18396904,18235012,161892
2020-05-07 07:19:44,kovan,18396923,18235012,161911
2020-05-07 07:21:07,kovan,18396941,18235012,161929
2020-05-07 07:22:29,kovan,18396961,18235012,161949
2020-05-07 07:23:56,kovan,18396978,18235012,161966
2020-05-07 07:25:18,kovan,18396998,18235012,161986
2020-05-07 07:26:52,kovan,18397016,18235012,162004
2020-05-07 07:28:16,kovan,18397034,18235012,162022
2020-05-07 07:29:38,kovan,18397054,18235012,162042
2020-05-07 07:31:04,kovan,18397069,18235012,162057
2020-05-07 07:32:28,kovan,18397088,18235012,162076
2020-05-07 07:33:51,kovan,18397107,18235012,162095
2020-05-07 07:35:17,kovan,18397127,18235012,162115
2020-05-07 07:36:46,kovan,18397145,18235012,162133
2020-05-07 07:38:14,kovan,18397163,18235012,162151
2020-05-07 07:39:36,kovan,18397184,18235012,162172
2020-05-07 07:40:59,kovan,18397202,18235012,162190
2020-05-07 07:42:24,kovan,18397219,18235012,162207
2020-05-07 07:43:48,kovan,18397238,18235012,162226
2020-05-07 07:45:10,kovan,18397259,18235012,162247
2020-05-07 07:46:42,kovan,18397275,18235012,162263
2020-05-07 07:48:05,kovan,18397293,18235012,162281
2020-05-07 07:49:34,kovan,18397311,18235012,162299
2020-05-07 07:50:56,kovan,18397330,18235012,162318
2020-05-07 07:52:20,kovan,18397348,18235012,162336
2020-05-07 07:53:42,kovan,18397365,18235012,162353
2020-05-07 07:55:04,kovan,18397386,18235012,162374
2020-05-07 07:56:41,kovan,18397405,18235012,162393
2020-05-07 07:58:10,kovan,18397426,18235012,162414
2020-05-07 07:59:39,kovan,18397448,18235012,162436
2020-05-07 08:01:18,kovan,18397466,18235012,162454
2020-05-07 08:02:42,kovan,18397483,18235012,162471
2020-05-07 08:04:10,kovan,18397504,18235012,162492
2020-05-07 08:05:48,kovan,18397522,18235012,162510
2020-05-07 08:07:11,kovan,18397541,18235012,162529
2020-05-07 08:08:33,kovan,18397561,18235012,162549
2020-05-07 08:10:01,kovan,18397581,18235012,162569
2020-05-07 08:11:31,kovan,18397601,18235012,162589
2020-05-07 08:12:54,kovan,18397621,18235012,162609
2020-05-07 08:14:17,kovan,18397640,18235012,162628
2020-05-07 08:15:40,kovan,18397657,18235012,162645
2020-05-07 08:17:03,kovan,18397677,18235012,162665
2020-05-07 08:18:26,kovan,18397695,18235012,162683
2020-05-07 08:19:48,kovan,18397715,18235012,162703
2020-05-07 08:21:14,kovan,18397734,18235012,162722
2020-05-07 08:22:36,kovan,18397753,18235012,162741
2020-05-07 08:24:00,kovan,18397772,18235012,162760
2020-05-07 08:25:26,kovan,18397792,18235012,162780
2020-05-07 08:26:54,kovan,18397810,18235012,162798
2020-05-07 08:28:16,kovan,18397828,18235012,162816
2020-05-07 08:29:40,kovan,18397848,18235012,162836
2020-05-07 08:31:03,kovan,18397864,18235012,162852
2020-05-07 08:32:25,kovan,18397882,18235012,162870
2020-05-07 08:33:53,kovan,18397902,18235012,162890
2020-05-07 08:35:24,kovan,18397919,18235012,162907
2020-05-07 08:36:48,kovan,18397938,18235012,162926
2020-05-07 08:38:11,kovan,18397958,18235012,162946
2020-05-07 08:39:39,kovan,18397978,18235012,162966
2020-05-07 08:41:04,kovan,18397997,18235012,162985
2020-05-07 08:42:27,kovan,18398015,18235012,163003
2020-05-07 08:43:49,kovan,18398034,18235012,163022
2020-05-07 08:45:13,kovan,18398055,18235012,163043
2020-05-07 08:46:50,kovan,18398073,18235012,163061
2020-05-07 08:48:12,kovan,18398090,18235012,163078
2020-05-07 08:49:34,kovan,18398108,18235012,163096
2020-05-07 08:50:57,kovan,18398124,18235012,163112
2020-05-07 08:52:19,kovan,18398144,18235012,163132
2020-05-07 08:53:42,kovan,18398161,18235012,163149
2020-05-07 08:55:05,kovan,18398183,18235012,163171
2020-05-07 08:56:37,kovan,18398202,18235012,163190
2020-05-07 08:58:00,kovan,18398221,18235012,163209
2020-05-07 08:59:23,kovan,18398241,18235012,163229
2020-05-07 09:00:46,kovan,18398259,18235012,163247
2020-05-07 09:02:14,kovan,18398277,18235012,163265
2020-05-07 09:03:43,kovan,18398293,18235012,163281
2020-05-07 09:05:06,kovan,18398310,18235012,163298
2020-05-07 09:06:32,kovan,18398330,18235012,163318
2020-05-07 09:08:13,kovan,18398346,18235012,163334
2020-05-07 09:09:35,kovan,18398363,18235012,163351
2020-05-07 09:10:58,kovan,18398386,18235012,163374
2020-05-07 09:12:43,kovan,18398404,18235012,163392
2020-05-07 09:14:06,kovan,18398422,18235012,163410
2020-05-07 09:15:34,kovan,18398442,18235012,163430
2020-05-07 09:17:02,kovan,18398459,18235012,163447
2020-05-07 09:18:24,kovan,18398476,18235012,163464
2020-05-07 09:19:48,kovan,18398502,18235012,163490
2020-05-07 09:21:36,kovan,18398522,18235012,163510
2020-05-07 09:22:58,kovan,18398539,18235012,163527
2020-05-07 09:24:20,kovan,18398558,18235012,163546
2020-05-07 09:25:52,kovan,18398574,18235012,163562
2020-05-07 09:27:15,kovan,18398594,18235012,163582
2020-05-07 09:28:43,kovan,18398614,18235012,163602
2020-05-07 09:30:06,kovan,18398632,18235012,163620
2020-05-07 09:31:37,kovan,18398648,18235012,163636
2020-05-07 09:32:59,kovan,18398666,18235012,163654
2020-05-07 09:34:24,kovan,18398684,18235012,163672
2020-05-07 09:35:55,kovan,18398701,18235012,163689
2020-05-07 09:37:21,kovan,18398718,18235012,163706
2020-05-07 09:38:43,kovan,18398734,18235012,163722
2020-05-07 09:40:06,kovan,18398762,18235012,163750
2020-05-07 09:42:10,kovan,18398781,18235012,163769
2020-05-07 09:43:32,kovan,18398799,18235012,163787
2020-05-07 09:44:56,kovan,18398821,18235012,163809
2020-05-07 09:46:32,kovan,18398839,18235012,163827
2020-05-07 09:47:56,kovan,18398857,18235012,163845
2020-05-07 09:49:29,kovan,18398875,18235012,163863
2020-05-07 09:50:53,kovan,18398892,18235012,163880
2020-05-07 09:52:17,kovan,18398911,18235012,163899
2020-05-07 09:53:43,kovan,18398930,18235012,163918
2020-05-07 09:55:14,kovan,18398950,18235012,163938
2020-05-07 09:56:45,kovan,18398966,18235012,163954
2020-05-07 09:58:08,kovan,18398985,18235012,163973
2020-05-07 09:59:34,kovan,18399004,18235012,163992
2020-05-07 10:00:56,kovan,18399021,18235012,164009
2020-05-07 10:02:18,kovan,18399039,18235012,164027
2020-05-07 10:03:41,kovan,18399058,18235012,164046
2020-05-07 10:05:04,kovan,18399077,18235012,164065
2020-05-07 10:06:37,kovan,18399094,18235012,164082
2020-05-07 10:08:00,kovan,18399111,18235012,164099
2020-05-07 10:09:23,kovan,18399129,18235012,164117
2020-05-07 10:10:44,kovan,18399149,18235012,164137
2020-05-07 10:12:11,kovan,18399168,18235012,164156
2020-05-07 10:13:38,kovan,18399188,18235012,164176
2020-05-07 10:15:11,kovan,18399210,18235012,164198
2020-05-07 10:16:47,kovan,18399228,18235012,164216
2020-05-07 10:18:11,kovan,18399245,18235012,164233
2020-05-07 10:19:34,kovan,18399264,18235012,164252
2020-05-07 10:20:58,kovan,18399280,18235012,164268
2020-05-07 10:22:20,kovan,18399300,18235012,164288
2020-05-07 10:23:44,kovan,18399317,18235012,164305
2020-05-07 10:25:08,kovan,18399338,18235012,164326
2020-05-07 10:26:46,kovan,18399354,18235012,164342
2020-05-07 10:28:10,kovan,18399372,18235012,164360
2020-05-07 10:29:32,kovan,18399389,18235012,164377
2020-05-07 10:30:57,kovan,18399406,18235012,164394
2020-05-07 10:32:22,kovan,18399424,18235012,164412
2020-05-07 10:33:57,kovan,18399442,18235012,164430
2020-05-07 10:35:24,kovan,18399458,18235012,164446
2020-05-07 10:36:51,kovan,18399478,18235012,164466
2020-05-07 10:38:25,kovan,18399494,18235012,164482
2020-05-07 10:39:48,kovan,18399514,18235012,164502
2020-05-07 10:41:23,kovan,18399531,18235012,164519
2020-05-07 10:42:50,kovan,18399547,18235012,164535
2020-05-07 10:44:13,kovan,18399566,18235012,164554
2020-05-07 10:45:50,kovan,18399583,18235012,164571
2020-05-07 10:47:12,kovan,18399600,18235012,164588
2020-05-07 10:48:36,kovan,18399619,18235012,164607
2020-05-07 10:50:13,kovan,18399638,18235012,164626
2020-05-07 10:51:47,kovan,18399654,18235012,164642
2020-05-07 10:53:09,kovan,18399672,18235012,164660
2020-05-07 10:54:38,kovan,18399689,18235012,164677
2020-05-07 10:56:00,kovan,18399706,18235012,164694
2020-05-07 10:57:23,kovan,18399722,18235012,164710
2020-05-07 10:58:46,kovan,18399738,18235012,164726
2020-05-07 11:00:09,kovan,18399757,18235012,164745
2020-05-07 11:01:40,kovan,18399774,18235012,164762
2020-05-07 11:03:08,kovan,18399793,18235012,164781
2020-05-07 11:04:42,kovan,18399810,18235012,164798
2020-05-07 11:06:06,kovan,18399828,18235012,164816
2020-05-07 11:07:37,kovan,18399845,18235012,164833
2020-05-07 11:09:00,kovan,18399861,18235012,164849
2020-05-07 11:10:23,kovan,18399880,18235012,164868
2020-05-07 11:11:55,kovan,18399897,18235012,164885
2020-05-07 11:13:19,kovan,18399913,18235012,164901
2020-05-07 11:14:42,kovan,18399930,18235012,164918
2020-05-07 11:16:05,kovan,18399946,18235012,164934
2020-05-07 11:17:27,kovan,18399962,18235012,164950
2020-05-07 11:18:50,kovan,18399979,18235012,164967
2020-05-07 11:20:13,kovan,18399998,18235012,164986
2020-05-07 11:21:47,kovan,18400014,18235012,165002
2020-05-07 11:23:09,kovan,18400031,18235012,165019
2020-05-07 11:24:31,kovan,18400047,18235012,165035
2020-05-07 11:25:53,kovan,18400064,18235012,165052
2020-05-07 11:27:19,kovan,18400081,18235012,165069
2020-05-07 11:28:42,kovan,18400098,18235012,165086
2020-05-07 11:30:06,kovan,18400117,18235012,165105
2020-05-07 11:31:39,kovan,18400133,18235012,165121
2020-05-07 11:33:01,kovan,18400149,18235012,165137
2020-05-07 11:34:23,kovan,18400167,18235012,165155
2020-05-07 11:35:52,kovan,18400185,18235012,165173
2020-05-07 11:37:23,kovan,18400202,18235012,165190
2020-05-07 11:38:45,kovan,18400219,18235012,165207
2020-05-07 11:40:10,kovan,18400238,18235012,165226
2020-05-07 11:41:43,kovan,18400254,18235012,165242
2020-05-07 11:43:05,kovan,18400270,18235012,165258
2020-05-07 11:44:31,kovan,18400288,18235012,165276
2020-05-07 11:45:57,kovan,18400305,18235012,165293
2020-05-07 11:47:19,kovan,18400321,18235012,165309
2020-05-07 11:48:41,kovan,18400338,18235012,165326
2020-05-07 11:50:07,kovan,18400358,18235012,165346
2020-05-07 11:51:45,kovan,18400374,18235012,165362
2020-05-07 11:53:07,kovan,18400390,18235012,165378
2020-05-07 11:54:32,kovan,18400407,18235012,165395
2020-05-07 11:55:55,kovan,18400424,18235012,165412
2020-05-07 11:57:18,kovan,18400441,18235012,165429
2020-05-07 11:58:41,kovan,18400458,18235012,165446
2020-05-07 12:00:07,kovan,18400476,18235012,165464
2020-05-07 12:01:38,kovan,18400493,18235012,165481
2020-05-07 12:03:01,kovan,18400510,18235012,165498
2020-05-07 12:04:23,kovan,18400526,18235012,165514
2020-05-07 12:05:45,kovan,18400543,18235012,165531
2020-05-07 12:07:10,kovan,18400559,18235012,165547
2020-05-07 12:08:32,kovan,18400576,18235012,165564
2020-05-07 12:09:54,kovan,18400594,18235012,165582
2020-05-07 12:11:31,kovan,18400611,18235012,165599
2020-05-07 12:12:54,kovan,18400629,18235012,165617
2020-05-07 12:14:20,kovan,18400648,18235012,165636
2020-05-07 12:15:54,kovan,18400664,18235012,165652
2020-05-07 12:17:19,kovan,18400681,18235012,165669
2020-05-07 12:18:42,kovan,18400698,18235012,165686
2020-05-07 12:20:04,kovan,18400715,18235012,165703
2020-05-07 12:21:34,kovan,18400733,18235012,165721
2020-05-07 12:23:01,kovan,18400750,18235012,165738
2020-05-07 12:24:24,kovan,18400766,18235012,165754
2020-05-07 12:25:50,kovan,18400783,18235012,165771
2020-05-07 12:27:13,kovan,18400801,18235012,165789
2020-05-07 12:28:41,kovan,18400818,18235012,165806
2020-05-07 12:30:05,kovan,18400836,18235012,165824
2020-05-07 12:31:35,kovan,18400853,18235012,165841
2020-05-07 12:32:58,kovan,18400869,18235012,165857
2020-05-07 12:34:22,kovan,18400885,18235012,165873
2020-05-07 12:35:44,kovan,18400902,18235012,165890
2020-05-07 12:37:06,kovan,18400918,18235012,165906
2020-05-07 12:38:29,kovan,18400935,18235012,165923
2020-05-07 12:39:52,kovan,18400954,18235012,165942
2020-05-07 12:41:25,kovan,18400970,18235012,165958
2020-05-07 12:42:48,kovan,18400987,18235012,165975
2020-05-07 12:44:11,kovan,18401004,18235012,165992
2020-05-07 12:45:35,kovan,18401020,18235012,166008
2020-05-07 12:46:57,kovan,18401038,18235012,166026
2020-05-07 12:48:30,kovan,18401055,18235012,166043
2020-05-07 12:49:52,kovan,18401074,18235012,166062
2020-05-07 12:51:30,kovan,18401091,18235012,166079
2020-05-07 12:52:54,kovan,18401109,18235012,166097
2020-05-07 12:54:19,kovan,18401125,18235012,166113
2020-05-07 12:55:41,kovan,18401142,18235012,166130
2020-05-07 12:57:04,kovan,18401158,18235012,166146
2020-05-07 12:58:27,kovan,18401174,18235012,166162
2020-05-07 12:59:50,kovan,18401194,18235012,166182
2020-05-07 13:01:23,kovan,18401209,18235012,166197
2020-05-07 13:02:47,kovan,18401227,18235012,166215
2020-05-07 13:04:15,kovan,18401244,18235012,166232
2020-05-07 13:05:40,kovan,18401261,18235012,166249
2020-05-07 13:07:05,kovan,18401277,18235012,166265
2020-05-07 13:08:27,kovan,18401295,18235012,166283
2020-05-07 13:09:55,kovan,18401313,18235012,166301
2020-05-07 13:11:25,kovan,18401329,18235012,166317
2020-05-07 13:12:47,kovan,18401353,18235012,166341
2020-05-07 13:14:44,kovan,18401373,18235012,166361
2020-05-07 13:16:26,kovan,18401389,18235012,166377
2020-05-07 13:17:49,kovan,18401406,18235012,166394
2020-05-07 13:19:13,kovan,18401425,18235012,166413
2020-05-07 13:20:51,kovan,18401443,18235012,166431
2020-05-07 13:22:15,kovan,18401461,18235012,166449
2020-05-07 13:23:45,kovan,18401478,18235012,166466
2020-05-07 13:25:09,kovan,18401500,18235012,166488
2020-05-07 13:27:02,kovan,18401517,18235012,166505
2020-05-07 13:28:27,kovan,18401542,18235012,166530
2020-05-07 13:30:33,kovan,18401559,18235012,166547
2020-05-07 13:32:01,kovan,18401578,18235012,166566
2020-05-07 13:33:36,kovan,18401595,18235012,166583
2020-05-07 13:34:58,kovan,18401616,18235012,166604
2020-05-07 13:36:48,kovan,18401632,18235012,166620
2020-05-07 13:38:11,kovan,18401649,18235012,166637
2020-05-07 13:39:33,kovan,18401668,18235012,166656
2020-05-07 13:41:06,kovan,18401684,18235012,166672
2020-05-07 13:42:30,kovan,18401702,18235012,166690
2020-05-07 13:43:57,kovan,18401720,18235012,166708
2020-05-07 13:45:22,kovan,18401738,18235012,166726
2020-05-07 13:46:55,kovan,18401754,18235012,166742
2020-05-07 13:48:18,kovan,18401771,18235012,166759
2020-05-07 13:49:40,kovan,18401787,18235012,166775
2020-05-07 13:51:02,kovan,18401804,18235012,166792
2020-05-07 13:52:27,kovan,18401820,18235012,166808
2020-05-07 13:53:49,kovan,18401838,18235012,166826
2020-05-07 13:55:14,kovan,18401861,18235012,166849
2020-05-07 13:57:12,kovan,18401878,18235012,166866
2020-05-07 13:58:36,kovan,18401895,18235012,166883
2020-05-07 14:00:01,kovan,18401915,18235012,166903
2020-05-07 14:01:47,kovan,18401932,18235012,166920
2020-05-07 14:03:11,kovan,18401951,18235012,166939
2020-05-07 14:04:48,kovan,18401971,18235012,166959
2020-05-07 14:06:26,kovan,18401988,18235012,166976
2020-05-07 14:07:50,kovan,18402007,18235012,166995
2020-05-07 14:09:25,kovan,18402033,18235012,167021
2020-05-07 14:11:36,kovan,18402050,18235012,167038
2020-05-07 14:12:59,kovan,18402066,18235012,167054
2020-05-07 14:14:22,kovan,18402087,18235012,167075
2020-05-07 14:16:11,kovan,18402106,18235012,167094
2020-05-07 14:17:38,kovan,18402123,18235012,167111
2020-05-07 14:19:06,kovan,18402141,18235012,167129
2020-05-07 14:20:38,kovan,18402159,18235012,167147
2020-05-07 14:22:09,kovan,18402176,18235012,167164
2020-05-07 14:23:32,kovan,18402192,18235012,167180
2020-05-07 14:24:54,kovan,18402212,18235012,167200
2020-05-07 14:26:32,kovan,18402228,18235012,167216
2020-05-07 14:27:55,kovan,18402245,18235012,167233
2020-05-07 14:29:18,kovan,18402262,18235012,167250
2020-05-07 14:30:42,kovan,18402282,18235012,167270
2020-05-07 14:32:20,kovan,18402299,18235012,167287
2020-05-07 14:33:51,kovan,18402319,18235012,167307
2020-05-07 14:35:22,kovan,18402335,18235012,167323
2020-05-07 14:36:50,kovan,18402352,18235012,167340
2020-05-07 14:38:13,kovan,18402369,18235012,167357
2020-05-07 14:39:37,kovan,18402385,18235012,167373
2020-05-07 14:40:59,kovan,18402403,18235012,167391
2020-05-07 14:42:26,kovan,18402419,18235012,167407
2020-05-07 14:43:48,kovan,18402458,18235012,167446
2020-05-07 14:46:58,kovan,18402479,18235012,167467
2020-05-07 14:48:44,kovan,18402495,18235012,167483
2020-05-07 14:50:06,kovan,18402518,18235012,167506
2020-05-07 14:52:00,kovan,18402536,18235012,167524
2020-05-07 14:53:32,kovan,18402553,18235012,167541
2020-05-07 14:54:54,kovan,18402572,18235012,167560
2020-05-07 14:56:31,kovan,18402589,18235012,167577
2020-05-07 14:57:58,kovan,18402606,18235012,167594
2020-05-07 14:59:21,kovan,18402625,18235012,167613
2020-05-07 15:00:55,kovan,18402647,18235012,167635
2020-05-07 15:02:45,kovan,18402663,18235012,167651
2020-05-07 15:04:09,kovan,18402682,18235012,167670
2020-05-07 15:05:41,kovan,18402699,18235012,167687
2020-05-07 15:07:08,kovan,18402716,18235012,167704
2020-05-07 15:08:34,kovan,18402747,18235012,167735
2020-05-07 15:11:06,kovan,18402766,18235012,167754
2020-05-07 15:12:43,kovan,18402785,18235012,167773
2020-05-07 15:14:19,kovan,18402812,18235012,167800
2020-05-07 15:16:33,kovan,18402832,18235012,167820
2020-05-07 15:18:12,kovan,18402849,18235012,167837
2020-05-07 15:19:38,kovan,18402884,18235012,167872
2020-05-07 15:22:33,kovan,18402903,18235012,167891
2020-05-07 15:24:10,kovan,18402920,18235012,167908
2020-05-07 15:25:33,kovan,18402937,18235012,167925
2020-05-07 15:26:55,kovan,18402955,18235012,167943
2020-05-07 15:28:27,kovan,18402984,18235012,167972
2020-05-07 15:30:55,kovan,18403003,18235012,167991
2020-05-07 15:32:24,kovan,18403019,18235012,168007
2020-05-07 15:33:49,kovan,18403038,18235012,168026
2020-05-07 15:35:17,kovan,18403058,18235012,168046
2020-05-07 15:37:01,kovan,18403084,18235012,168072
2020-05-07 15:39:14,kovan,18403102,18235012,168090
2020-05-07 15:40:42,kovan,18403124,18235012,168112
2020-05-07 15:42:30,kovan,18403149,18235012,168137
2020-05-07 15:44:38,kovan,18403168,18235012,168156
2020-05-07 15:46:12,kovan,18403186,18235012,168174
2020-05-07 15:47:39,kovan,18403205,18235012,168193
2020-05-07 15:49:17,kovan,18403227,18235012,168215
2020-05-07 15:51:08,kovan,18403245,18235012,168233
2020-05-07 15:52:39,kovan,18403263,18235012,168251
2020-05-07 15:54:09,kovan,18403280,18235012,168268
2020-05-07 15:55:34,kovan,18403297,18235012,168285
2020-05-07 15:56:56,kovan,18403314,18235012,168302
2020-05-07 15:58:20,kovan,18403333,18235012,168321
2020-05-07 15:59:54,kovan,18403350,18235012,168338
2020-05-07 16:01:22,kovan,18403367,18235012,168355
2020-05-07 16:02:50,kovan,18403384,18235012,168372
2020-05-07 16:04:12,kovan,18403401,18235012,168389
2020-05-07 16:05:36,kovan,18403419,18235012,168407
2020-05-07 16:07:07,kovan,18403435,18235012,168423
2020-05-07 16:08:29,kovan,18403451,18235012,168439
2020-05-07 16:09:52,kovan,18403470,18235012,168458
2020-05-07 16:11:20,kovan,18403487,18235012,168475
2020-05-07 16:12:42,kovan,18403503,18235012,168491
2020-05-07 16:14:10,kovan,18403520,18235012,168508
2020-05-07 16:15:35,kovan,18403564,18235012,168552
2020-05-07 16:19:13,kovan,18403595,18235012,168583
2020-05-07 16:21:47,kovan,18403613,18235012,168601
2020-05-07 16:23:19,kovan,18403631,18235012,168619
2020-05-07 16:24:44,kovan,18403647,18235012,168635
2020-05-07 16:26:07,kovan,18403666,18235012,168654
2020-05-07 16:27:41,kovan,18403690,18235012,168678
2020-05-07 16:29:43,kovan,18403710,18235012,168698
2020-05-07 16:31:23,kovan,18403729,18235012,168717
2020-05-07 16:32:56,kovan,18403747,18235012,168735
2020-05-07 16:34:29,kovan,18403764,18235012,168752
2020-05-07 16:35:54,kovan,18403782,18235012,168770
2020-05-07 16:37:20,kovan,18403799,18235012,168787
2020-05-07 16:38:45,kovan,18403816,18235012,168804
2020-05-07 16:40:13,kovan,18403836,18235012,168824
2020-05-07 16:41:51,kovan,18403853,18235012,168841
2020-05-07 16:43:14,kovan,18403869,18235012,168857
2020-05-07 16:44:37,kovan,18403896,18235012,168884
2020-05-07 16:46:54,kovan,18403914,18235012,168902
2020-05-07 16:48:18,kovan,18403930,18235012,168918
2020-05-07 16:49:41,kovan,18403950,18235012,168938
2020-05-07 16:51:21,kovan,18403969,18235012,168957
2020-05-07 16:52:58,kovan,18403986,18235012,168974
2020-05-07 16:54:21,kovan,18404003,18235012,168991
2020-05-07 16:55:49,kovan,18404020,18235012,169008
2020-05-07 16:57:12,kovan,18404037,18235012,169025
2020-05-07 16:58:35,kovan,18404055,18235012,169043
2020-05-07 17:00:05,kovan,18404075,18235012,169063
2020-05-07 17:01:44,kovan,18404091,18235012,169079
2020-05-07 17:03:08,kovan,18404108,18235012,169096
2020-05-07 17:04:33,kovan,18404125,18235012,169113
2020-05-07 17:05:58,kovan,18404142,18235012,169130
2020-05-07 17:07:21,kovan,18404159,18235012,169147
2020-05-07 17:08:44,kovan,18404176,18235012,169164
2020-05-07 17:10:13,kovan,18404193,18235012,169181
2020-05-07 17:11:35,kovan,18404212,18235012,169200
2020-05-07 17:13:13,kovan,18404230,18235012,169218
2020-05-07 17:14:41,kovan,18404247,18235012,169235
2020-05-07 17:16:03,kovan,18404263,18235012,169251
2020-05-07 17:17:25,kovan,18404279,18235012,169267
2020-05-07 17:18:47,kovan,18404295,18235012,169283
2020-05-07 17:20:09,kovan,18404313,18235012,169301
2020-05-07 17:21:36,kovan,18404330,18235012,169318
2020-05-07 17:22:59,kovan,18404346,18235012,169334
2020-05-07 17:24:21,kovan,18404363,18235012,169351
2020-05-07 17:25:48,kovan,18404379,18235012,169367
2020-05-07 17:27:10,kovan,18404396,18235012,169384
2020-05-07 17:28:32,kovan,18404414,18235012,169402
2020-05-07 17:30:00,kovan,18404431,18235012,169419
2020-05-07 17:31:27,kovan,18404455,18235012,169443
2020-05-07 17:33:29,kovan,18404472,18235012,169460
2020-05-07 17:34:53,kovan,18404491,18235012,169479
2020-05-07 17:36:26,kovan,18404509,18235012,169497
2020-05-07 17:37:55,kovan,18404526,18235012,169514
2020-05-07 17:39:19,kovan,18404550,18235012,169538
2020-05-07 17:41:21,kovan,18404567,18235012,169555
2020-05-07 17:42:44,kovan,18404584,18235012,169572
2020-05-07 17:44:13,kovan,18404601,18235012,169589
2020-05-07 17:45:37,kovan,18404618,18235012,169606
2020-05-07 17:47:02,kovan,18404639,18235012,169627
2020-05-07 17:48:42,kovan,18404655,18235012,169643
2020-05-07 17:50:08,kovan,18404674,18235012,169662
2020-05-07 17:51:38,kovan,18404691,18235012,169679
2020-05-07 17:53:04,kovan,18404707,18235012,169695
2020-05-07 17:54:30,kovan,18404724,18235012,169712
2020-05-07 17:55:54,kovan,18404745,18235012,169733
2020-05-07 17:57:40,kovan,18404763,18235012,169751
2020-05-07 17:59:05,kovan,18404781,18235012,169769
2020-05-07 18:00:37,kovan,18404807,18235012,169795
2020-05-07 18:02:50,kovan,18404824,18235012,169812
2020-05-07 18:04:13,kovan,18404841,18235012,169829
2020-05-07 18:05:35,kovan,18404863,18235012,169851
2020-05-07 18:07:32,kovan,18404883,18235012,169871
2020-05-07 18:09:03,kovan,18404899,18235012,169887
2020-05-07 18:10:26,kovan,18404915,18235012,169903
2020-05-07 18:11:50,kovan,18404932,18235012,169920
2020-05-07 18:13:14,kovan,18404949,18235012,169937
2020-05-07 18:14:36,kovan,18404967,18235012,169955
2020-05-07 18:16:01,kovan,18404983,18235012,169971
2020-05-07 18:17:23,kovan,18404999,18235012,169987
2020-05-07 18:18:45,kovan,18405015,18235012,170003
2020-05-07 18:20:09,kovan,18405042,18235012,170030
2020-05-07 18:22:18,kovan,18405058,18235012,170046
2020-05-07 18:23:41,kovan,18405074,18235012,170062
2020-05-07 18:25:03,kovan,18405091,18235012,170079
2020-05-07 18:26:26,kovan,18405107,18235012,170095
2020-05-07 18:27:48,kovan,18405123,18235012,170111
2020-05-07 18:29:10,kovan,18405140,18235012,170128
2020-05-07 18:30:32,kovan,18405157,18235012,170145
2020-05-07 18:31:54,kovan,18405173,18235012,170161
2020-05-07 18:33:17,kovan,18405190,18235012,170178
2020-05-07 18:34:39,kovan,18405206,18235012,170194
2020-05-07 18:36:01,kovan,18405222,18235012,170210
2020-05-07 18:37:23,kovan,18405239,18235012,170227
2020-05-07 18:38:46,kovan,18405256,18235012,170244
2020-05-07 18:40:09,kovan,18405274,18235012,170262
2020-05-07 18:41:39,kovan,18405290,18235012,170278
2020-05-07 18:43:01,kovan,18405307,18235012,170295
2020-05-07 18:44:24,kovan,18405323,18235012,170311
2020-05-07 18:45:46,kovan,18405339,18235012,170327
2020-05-07 18:47:08,kovan,18405356,18235012,170344
2020-05-07 18:48:33,kovan,18405373,18235012,170361
2020-05-07 18:49:55,kovan,18405391,18235012,170379
2020-05-07 18:51:24,kovan,18405407,18235012,170395
2020-05-07 18:52:47,kovan,18405423,18235012,170411
2020-05-07 18:54:09,kovan,18405440,18235012,170428
2020-05-07 18:55:33,kovan,18405457,18235012,170445
2020-05-07 18:56:55,kovan,18405474,18235012,170462
2020-05-07 18:58:22,kovan,18405491,18235012,170479
2020-05-07 18:59:44,kovan,18405507,18235012,170495
2020-05-07 19:01:10,kovan,18405524,18235012,170512
2020-05-07 19:02:32,kovan,18405541,18235012,170529
2020-05-07 19:03:54,kovan,18405557,18235012,170545
2020-05-07 19:05:17,kovan,18405573,18235012,170561
2020-05-07 19:06:39,kovan,18405590,18235012,170578
2020-05-07 19:08:02,kovan,18405607,18235012,170595
2020-05-07 19:09:24,kovan,18405623,18235012,170611
2020-05-07 19:10:47,kovan,18405639,18235012,170627
2020-05-07 19:12:10,kovan,18405656,18235012,170644
2020-05-07 19:13:32,kovan,18405674,18235012,170662
2020-05-07 19:15:01,kovan,18405691,18235012,170679
2020-05-07 19:16:28,kovan,18405708,18235012,170696
2020-05-07 19:17:50,kovan,18405724,18235012,170712
2020-05-07 19:19:12,kovan,18405741,18235012,170729
2020-05-07 19:20:38,kovan,18405758,18235012,170746
2020-05-07 19:22:00,kovan,18405774,18235012,170762
2020-05-07 19:23:22,kovan,18405791,18235012,170779
2020-05-07 19:24:46,kovan,18405807,18235012,170795
2020-05-07 19:26:08,kovan,18405824,18235012,170812
2020-05-07 19:27:30,kovan,18405840,18235012,170828
2020-05-07 19:28:52,kovan,18405857,18235012,170845
2020-05-07 19:30:15,kovan,18405873,18235012,170861
2020-05-07 19:31:39,kovan,18405892,18235012,170880
2020-05-07 19:33:12,kovan,18405909,18235012,170897
2020-05-07 19:34:34,kovan,18405926,18235012,170914
2020-05-07 19:36:01,kovan,18405942,18235012,170930
2020-05-07 19:37:23,kovan,18405959,18235012,170947
2020-05-07 19:38:45,kovan,18405975,18235012,170963
2020-05-07 19:40:07,kovan,18405992,18235012,170980
2020-05-07 19:41:31,kovan,18406010,18235012,170998
2020-05-07 19:42:58,kovan,18406026,18235012,171014
2020-05-07 19:44:20,kovan,18406042,18235012,171030
2020-05-07 19:45:42,kovan,18406059,18235012,171047
2020-05-07 19:47:05,kovan,18406075,18235012,171063
2020-05-07 19:48:27,kovan,18406091,18235012,171079
2020-05-07 19:49:50,kovan,18406109,18235012,171097
2020-05-07 19:51:17,kovan,18406127,18235012,171115
2020-05-07 19:52:43,kovan,18406143,18235012,171131
2020-05-07 19:54:06,kovan,18406159,18235012,171147
2020-05-07 19:55:28,kovan,18406176,18235012,171164
2020-05-07 19:56:50,kovan,18406192,18235012,171180
2020-05-07 19:58:12,kovan,18406209,18235012,171197
2020-05-07 19:59:34,kovan,18406225,18235012,171213
2020-05-07 20:00:56,kovan,18406240,18235012,171228
2020-05-07 20:02:18,kovan,18406257,18235012,171245
2020-05-07 20:03:40,kovan,18406273,18235012,171261
2020-05-07 20:05:02,kovan,18406290,18235012,171278
2020-05-07 20:06:26,kovan,18406306,18235012,171294
2020-05-07 20:07:48,kovan,18406322,18235012,171310
2020-05-07 20:09:10,kovan,18406339,18235012,171327
2020-05-07 20:10:32,kovan,18406357,18235012,171345
2020-05-07 20:12:00,kovan,18406374,18235012,171362
2020-05-07 20:13:22,kovan,18406390,18235012,171378
2020-05-07 20:14:44,kovan,18406406,18235012,171394
2020-05-07 20:16:06,kovan,18406422,18235012,171410
2020-05-07 20:17:28,kovan,18406438,18235012,171426
2020-05-07 20:18:50,kovan,18406455,18235012,171443
2020-05-07 20:20:13,kovan,18406473,18235012,171461
2020-05-07 20:21:39,kovan,18406489,18235012,171477
2020-05-07 20:23:02,kovan,18406506,18235012,171494
2020-05-07 20:24:24,kovan,18406522,18235012,171510
2020-05-07 20:25:46,kovan,18406538,18235012,171526
2020-05-07 20:27:08,kovan,18406555,18235012,171543
2020-05-07 20:28:34,kovan,18406572,18235012,171560
2020-05-07 20:29:56,kovan,18406589,18235012,171577
2020-05-07 20:31:20,kovan,18406605,18235012,171593
2020-05-07 20:32:42,kovan,18406622,18235012,171610
2020-05-07 20:34:04,kovan,18406638,18235012,171626
2020-05-07 20:35:26,kovan,18406654,18235012,171642
2020-05-07 20:36:48,kovan,18406670,18235012,171658
2020-05-07 20:38:11,kovan,18406688,18235012,171676
2020-05-07 20:39:35,kovan,18406704,18235012,171692
2020-05-07 20:40:58,kovan,18406722,18235012,171710
2020-05-07 20:42:22,kovan,18406737,18235012,171725
2020-05-07 20:43:44,kovan,18406754,18235012,171742
2020-05-07 20:45:08,kovan,18406770,18235012,171758
2020-05-07 20:46:31,kovan,18406787,18235012,171775
2020-05-07 20:47:53,kovan,18406805,18235012,171793
2020-05-07 20:49:18,kovan,18406821,18235012,171809
2020-05-07 20:50:40,kovan,18406838,18235012,171826
2020-05-07 20:52:09,kovan,18406855,18235012,171843
2020-05-07 20:53:31,kovan,18406871,18235012,171859
2020-05-07 20:54:53,kovan,18406889,18235012,171877
2020-05-07 20:56:22,kovan,18406906,18235012,171894
2020-05-07 20:57:44,kovan,18406922,18235012,171910
2020-05-07 20:59:06,kovan,18406938,18235012,171926
2020-05-07 21:00:28,kovan,18406954,18235012,171942
2020-05-07 21:01:50,kovan,18406973,18235012,171961
2020-05-07 21:03:17,kovan,18406989,18235012,171977
2020-05-07 21:04:40,kovan,18407005,18235012,171993
2020-05-07 21:06:02,kovan,18407022,18235012,172010
2020-05-07 21:07:25,kovan,18407038,18235012,172026
2020-05-07 21:08:47,kovan,18407054,18235012,172042
2020-05-07 21:10:09,kovan,18407072,18235012,172060
2020-05-07 21:11:37,kovan,18407089,18235012,172077
2020-05-07 21:13:01,kovan,18407106,18235012,172094
2020-05-07 21:14:23,kovan,18407122,18235012,172110
2020-05-07 21:15:45,kovan,18407138,18235012,172126
2020-05-07 21:17:08,kovan,18407155,18235012,172143
2020-05-07 21:18:30,kovan,18407171,18235012,172159
2020-05-07 21:19:52,kovan,18407188,18235012,172176
2020-05-07 21:21:17,kovan,18407204,18235012,172192
2020-05-07 21:22:40,kovan,18407222,18235012,172210
2020-05-07 21:24:04,kovan,18407238,18235012,172226
2020-05-07 21:25:26,kovan,18407256,18235012,172244
2020-05-07 21:26:56,kovan,18407272,18235012,172260
2020-05-07 21:28:18,kovan,18407289,18235012,172277
2020-05-07 21:29:40,kovan,18407305,18235012,172293
2020-05-07 21:31:02,kovan,18407322,18235012,172310
2020-05-07 21:32:24,kovan,18407338,18235012,172326
2020-05-07 21:33:46,kovan,18407354,18235012,172342
2020-05-07 21:35:08,kovan,18407372,18235012,172360
2020-05-07 21:36:37,kovan,18407389,18235012,172377
2020-05-07 21:37:59,kovan,18407405,18235012,172393
2020-05-07 21:39:21,kovan,18407421,18235012,172409
2020-05-07 21:40:43,kovan,18407438,18235012,172426
2020-05-07 21:42:06,kovan,18407454,18235012,172442
2020-05-07 21:43:28,kovan,18407470,18235012,172458
2020-05-07 21:44:50,kovan,18407488,18235012,172476
2020-05-07 21:46:16,kovan,18407504,18235012,172492
2020-05-07 21:47:38,kovan,18407521,18235012,172509
2020-05-07 21:49:00,kovan,18407538,18235012,172526
2020-05-07 21:50:26,kovan,18407555,18235012,172543
2020-05-07 21:51:50,kovan,18407571,18235012,172559
2020-05-07 21:53:12,kovan,18407587,18235012,172575
2020-05-07 21:54:34,kovan,18407604,18235012,172592
2020-05-07 21:55:56,kovan,18407620,18235012,172608
2020-05-07 21:57:19,kovan,18407637,18235012,172625
2020-05-07 21:58:41,kovan,18407654,18235012,172642
2020-05-07 22:00:06,kovan,18407670,18235012,172658
2020-05-07 22:01:29,kovan,18407686,18235012,172674
2020-05-07 22:02:52,kovan,18407702,18235012,172690
2020-05-07 22:04:14,kovan,18407719,18235012,172707
2020-05-07 22:05:36,kovan,18407735,18235012,172723
2020-05-07 22:06:58,kovan,18407752,18235012,172740
2020-05-07 22:08:20,kovan,18407768,18235012,172756
2020-05-07 22:09:42,kovan,18407785,18235012,172773
2020-05-07 22:11:04,kovan,18407802,18235012,172790
2020-05-07 22:12:31,kovan,18407818,18235012,172806
2020-05-07 22:13:53,kovan,18407834,18235012,172822
2020-05-07 22:15:15,kovan,18407852,18235012,172840
2020-05-07 22:16:41,kovan,18407869,18235012,172857
2020-05-07 22:18:09,kovan,18407886,18235012,172874
2020-05-07 22:19:32,kovan,18407903,18235012,172891
2020-05-07 22:20:56,kovan,18407919,18235012,172907
2020-05-07 22:22:18,kovan,18407936,18235012,172924
2020-05-07 22:23:40,kovan,18407952,18235012,172940
2020-05-07 22:25:02,kovan,18407969,18235012,172957
2020-05-07 22:26:28,kovan,18407985,18235012,172973
2020-05-07 22:27:50,kovan,18408002,18235012,172990
2020-05-07 22:29:13,kovan,18408018,18235012,173006
2020-05-07 22:30:35,kovan,18408035,18235012,173023
2020-05-07 22:31:57,kovan,18408052,18235012,173040
2020-05-07 22:33:19,kovan,18408069,18235012,173057
2020-05-07 22:34:42,kovan,18408085,18235012,173073
2020-05-07 22:36:04,kovan,18408101,18235012,173089
2020-05-07 22:37:26,kovan,18408117,18235012,173105
2020-05-07 22:38:49,kovan,18408133,18235012,173121
2020-05-07 22:40:11,kovan,18408153,18235012,173141
2020-05-07 22:41:47,kovan,18408169,18235012,173157
2020-05-07 22:43:09,kovan,18408186,18235012,173174
2020-05-07 22:44:32,kovan,18408203,18235012,173191
2020-05-07 22:45:54,kovan,18408219,18235012,173207
2020-05-07 22:47:16,kovan,18408236,18235012,173224
2020-05-07 22:48:40,kovan,18408252,18235012,173240
2020-05-07 22:50:02,kovan,18408269,18235012,173257
2020-05-07 22:51:28,kovan,18408285,18235012,173273
2020-05-07 22:52:51,kovan,18408302,18235012,173290
2020-05-07 22:54:13,kovan,18408319,18235012,173307
2020-05-07 22:55:36,kovan,18408335,18235012,173323
2020-05-07 22:56:58,kovan,18408352,18235012,173340
2020-05-07 22:58:20,kovan,18408369,18235012,173357
2020-05-07 22:59:42,kovan,18408385,18235012,173373
2020-05-07 23:01:04,kovan,18408401,18235012,173389
2020-05-07 23:02:26,kovan,18408417,18235012,173405
2020-05-07 23:03:48,kovan,18408433,18235012,173421
2020-05-07 23:05:10,kovan,18408451,18235012,173439
2020-05-07 23:06:36,kovan,18408467,18235012,173455
2020-05-07 23:07:58,kovan,18408484,18235012,173472
2020-05-07 23:09:20,kovan,18408501,18235012,173489
2020-05-07 23:10:45,kovan,18408517,18235012,173505
2020-05-07 23:12:07,kovan,18408533,18235012,173521
2020-05-07 23:13:29,kovan,18408550,18235012,173538
2020-05-07 23:14:53,kovan,18408567,18235012,173555
2020-05-07 23:16:17,kovan,18408584,18235012,173572
2020-05-07 23:17:39,kovan,18408600,18235012,173588
2020-05-07 23:19:01,kovan,18408617,18235012,173605
2020-05-07 23:20:27,kovan,18408633,18235012,173621
2020-05-07 23:21:49,kovan,18408650,18235012,173638
2020-05-07 23:23:11,kovan,18408666,18235012,173654
2020-05-07 23:24:33,kovan,18408683,18235012,173671
2020-05-07 23:25:55,kovan,18408699,18235012,173687
2020-05-07 23:27:17,kovan,18408716,18235012,173704
2020-05-07 23:28:39,kovan,18408733,18235012,173721
2020-05-07 23:30:02,kovan,18408749,18235012,173737
2020-05-07 23:31:25,kovan,18408765,18235012,173753
2020-05-07 23:32:47,kovan,18408781,18235012,173769
2020-05-07 23:34:10,kovan,18408798,18235012,173786
2020-05-07 23:35:32,kovan,18408814,18235012,173802
2020-05-07 23:36:54,kovan,18408831,18235012,173819
2020-05-07 23:38:16,kovan,18408848,18235012,173836
2020-05-07 23:39:41,kovan,18408865,18235012,173853
2020-05-07 23:41:03,kovan,18408881,18235012,173869
2020-05-07 23:42:25,kovan,18408897,18235012,173885
2020-05-07 23:43:48,kovan,18408913,18235012,173901
2020-05-07 23:45:10,kovan,18408930,18235012,173918
2020-05-07 23:46:33,kovan,18408946,18235012,173934
2020-05-07 23:47:55,kovan,18408963,18235012,173951
2020-05-07 23:49:17,kovan,18408980,18235012,173968
2020-05-07 23:50:39,kovan,18408996,18235012,173984
2020-05-07 23:52:01,kovan,18409012,18235012,174000
2020-05-07 23:53:23,kovan,18409029,18235012,174017
2020-05-07 23:54:45,kovan,18409045,18235012,174033
2020-05-07 23:56:07,kovan,18409061,18235012,174049
2020-05-07 23:57:29,kovan,18409078,18235012,174066
2020-05-07 23:58:52,kovan,18409096,18235012,174084
2020-05-08 00:00:20,kovan,18409114,18235012,174102
2020-05-08 00:01:53,kovan,18409131,18235012,174119
2020-05-08 00:03:15,kovan,18409148,18235012,174136
2020-05-08 00:04:37,kovan,18409164,18235012,174152
2020-05-08 00:06:01,kovan,18409181,18235012,174169
2020-05-08 00:07:23,kovan,18409197,18235012,174185
2020-05-08 00:08:48,kovan,18409215,18235012,174203
2020-05-08 00:10:16,kovan,18409232,18235012,174220
2020-05-08 00:11:41,kovan,18409249,18235012,174237
2020-05-08 00:13:03,kovan,18409265,18235012,174253
2020-05-08 00:14:29,kovan,18409282,18235012,174270
2020-05-08 00:15:52,kovan,18409298,18235012,174286
2020-05-08 00:17:14,kovan,18409315,18235012,174303
2020-05-08 00:18:36,kovan,18409331,18235012,174319
2020-05-08 00:19:58,kovan,18409349,18235012,174337
2020-05-08 00:21:26,kovan,18409365,18235012,174353
2020-05-08 00:22:48,kovan,18409381,18235012,174369
2020-05-08 00:24:10,kovan,18409400,18235012,174388
2020-05-08 00:25:42,kovan,18409417,18235012,174405
2020-05-08 00:27:04,kovan,18409434,18235012,174422
2020-05-08 00:28:31,kovan,18409451,18235012,174439
2020-05-08 00:29:54,kovan,18409468,18235012,174456
2020-05-08 00:31:21,kovan,18409483,18235012,174471
2020-05-08 00:32:43,kovan,18409500,18235012,174488
2020-05-08 00:34:05,kovan,18409516,18235012,174504
2020-05-08 00:35:27,kovan,18409533,18235012,174521
2020-05-08 00:36:50,kovan,18409549,18235012,174537
2020-05-08 00:38:13,kovan,18409567,18235012,174555
2020-05-08 00:39:39,kovan,18409584,18235012,174572
2020-05-08 00:41:06,kovan,18409600,18235012,174588
2020-05-08 00:42:28,kovan,18409616,18235012,174604
2020-05-08 00:43:50,kovan,18409633,18235012,174621
2020-05-08 00:45:12,kovan,18409650,18235012,174638
2020-05-08 00:46:37,kovan,18409667,18235012,174655
2020-05-08 00:47:59,kovan,18409683,18235012,174671
2020-05-08 00:49:21,kovan,18409700,18235012,174688
2020-05-08 00:50:43,kovan,18409716,18235012,174704
2020-05-08 00:55:04,kovan,18409782,18235012,174770
2020-05-08 00:57:38,kovan,18409799,18235012,174787
2020-05-08 00:59:01,kovan,18409815,18235012,174803
2020-05-08 01:00:23,kovan,18409832,18235012,174820
2020-05-08 01:01:45,kovan,18409848,18235012,174836
2020-05-08 01:03:06,kovan,18409864,18235012,174852
2020-05-08 01:04:29,kovan,18409880,18235012,174868
2020-05-08 01:05:51,kovan,18409898,18235012,174886
2020-05-08 01:07:16,kovan,18409915,18235012,174903
2020-05-08 01:08:38,kovan,18409931,18235012,174919
2020-05-08 01:10:00,kovan,18409949,18235012,174937
2020-05-08 01:11:31,kovan,18409965,18235012,174953
2020-05-08 01:12:53,kovan,18409982,18235012,174970
2020-05-08 01:14:15,kovan,18409999,18235012,174987
2020-05-08 01:15:37,kovan,18410015,18235012,175003
2020-05-08 01:17:00,kovan,18410031,18235012,175019
2020-05-08 01:18:23,kovan,18410048,18235012,175036
2020-05-08 01:19:45,kovan,18410064,18235012,175052
2020-05-08 01:21:07,kovan,18410080,18235012,175068
2020-05-08 01:22:29,kovan,18410097,18235012,175085
2020-05-08 01:23:51,kovan,18410115,18235012,175103
2020-05-08 01:25:21,kovan,18410131,18235012,175119
2020-05-08 01:26:43,kovan,18410148,18235012,175136
2020-05-08 01:28:09,kovan,18410165,18235012,175153
2020-05-08 01:29:31,kovan,18410182,18235012,175170
2020-05-08 01:30:55,kovan,18410198,18235012,175186
2020-05-08 01:32:17,kovan,18410214,18235012,175202
2020-05-08 01:33:39,kovan,18410232,18235012,175220
2020-05-08 01:35:05,kovan,18410249,18235012,175237
2020-05-08 01:36:30,kovan,18410265,18235012,175253
2020-05-08 01:37:52,kovan,18410283,18235012,175271
2020-05-08 01:39:21,kovan,18410300,18235012,175288
2020-05-08 01:40:44,kovan,18410316,18235012,175304
2020-05-08 01:42:09,kovan,18410332,18235012,175320
2020-05-08 01:43:31,kovan,18410349,18235012,175337
2020-05-08 01:44:53,kovan,18410367,18235012,175355
2020-05-08 01:46:19,kovan,18410383,18235012,175371
2020-05-08 01:47:41,kovan,18410400,18235012,175388
2020-05-08 01:49:03,kovan,18410416,18235012,175404
2020-05-08 01:50:26,kovan,18410432,18235012,175420
2020-05-08 01:51:47,kovan,18410449,18235012,175437
2020-05-08 01:53:09,kovan,18410465,18235012,175453
2020-05-08 01:54:32,kovan,18410481,18235012,175469
2020-05-08 01:55:54,kovan,18410501,18235012,175489
2020-05-08 01:57:31,kovan,18410518,18235012,175506
2020-05-08 01:58:58,kovan,18410535,18235012,175523
2020-05-08 02:00:20,kovan,18410552,18235012,175540
2020-05-08 02:01:42,kovan,18410568,18235012,175556
2020-05-08 02:03:05,kovan,18410584,18235012,175572
2020-05-08 02:04:27,kovan,18410600,18235012,175588
2020-05-08 02:05:49,kovan,18410617,18235012,175605
2020-05-08 02:07:11,kovan,18410633,18235012,175621
2020-05-08 02:08:33,kovan,18410650,18235012,175638
2020-05-08 02:09:56,kovan,18410667,18235012,175655
2020-05-08 02:11:21,kovan,18410683,18235012,175671
2020-05-08 02:12:43,kovan,18410700,18235012,175688
2020-05-08 02:14:05,kovan,18410716,18235012,175704
2020-05-08 02:15:27,kovan,18410733,18235012,175721
2020-05-08 02:16:54,kovan,18410750,18235012,175738
2020-05-08 02:18:16,kovan,18410767,18235012,175755
2020-05-08 02:19:38,kovan,18410783,18235012,175771
2020-05-08 02:21:00,kovan,18410800,18235012,175788
2020-05-08 02:22:29,kovan,18410817,18235012,175805
2020-05-08 02:23:51,kovan,18410834,18235012,175822
2020-05-08 02:25:14,kovan,18410851,18235012,175839
2020-05-08 02:26:41,kovan,18410868,18235012,175856
2020-05-08 02:28:06,kovan,18410884,18235012,175872
2020-05-08 02:29:28,kovan,18410900,18235012,175888
2020-05-08 02:30:50,kovan,18410918,18235012,175906
2020-05-08 02:32:15,kovan,18410935,18235012,175923
2020-05-08 02:33:37,kovan,18410951,18235012,175939
2020-05-08 02:34:59,kovan,18410969,18235012,175957
2020-05-08 02:36:31,kovan,18410985,18235012,175973
2020-05-08 02:37:53,kovan,18411001,18235012,175989
2020-05-08 02:39:15,kovan,18411018,18235012,176006
2020-05-08 02:40:38,kovan,18411035,18235012,176023
2020-05-08 02:42:00,kovan,18411053,18235012,176041
2020-05-08 02:43:34,kovan,18411070,18235012,176058
2020-05-08 02:44:56,kovan,18411088,18235012,176076
2020-05-08 02:46:26,kovan,18411104,18235012,176092
2020-05-08 02:47:48,kovan,18411121,18235012,176109
2020-05-08 02:49:12,kovan,18411138,18235012,176126
2020-05-08 02:50:36,kovan,18411156,18235012,176144
2020-05-08 02:52:04,kovan,18411173,18235012,176161
2020-05-08 02:53:30,kovan,18411189,18235012,176177
2020-05-08 02:54:52,kovan,18411206,18235012,176194
2020-05-08 02:56:19,kovan,18411224,18235012,176212
2020-05-08 02:57:45,kovan,18411240,18235012,176228
2020-05-08 02:59:07,kovan,18411256,18235012,176244
2020-05-08 03:00:30,kovan,18411273,18235012,176261
2020-05-08 03:01:53,kovan,18411289,18235012,176277
2020-05-08 03:03:15,kovan,18411306,18235012,176294
2020-05-08 03:04:38,kovan,18411323,18235012,176311
2020-05-08 03:06:00,kovan,18411339,18235012,176327
2020-05-08 03:07:22,kovan,18411356,18235012,176344
2020-05-08 03:08:44,kovan,18411372,18235012,176360
2020-05-08 03:10:06,kovan,18411389,18235012,176377
2020-05-08 03:11:30,kovan,18411405,18235012,176393
2020-05-08 03:12:53,kovan,18411421,18235012,176409
2020-05-08 03:14:15,kovan,18411438,18235012,176426
2020-05-08 03:15:37,kovan,18411455,18235012,176443
2020-05-08 03:16:59,kovan,18411472,18235012,176460
2020-05-08 03:18:25,kovan,18411488,18235012,176476
2020-05-08 03:19:48,kovan,18411504,18235012,176492
2020-05-08 03:21:11,kovan,18411521,18235012,176509
2020-05-08 03:22:33,kovan,18411537,18235012,176525
2020-05-08 03:23:55,kovan,18411554,18235012,176542
2020-05-08 03:25:17,kovan,18411571,18235012,176559
2020-05-08 03:26:39,kovan,18411587,18235012,176575
2020-05-08 03:28:01,kovan,18411604,18235012,176592
2020-05-08 03:29:24,kovan,18411620,18235012,176608
2020-05-08 03:30:46,kovan,18411636,18235012,176624
2020-05-08 03:32:08,kovan,18411652,18235012,176640
2020-05-08 03:33:30,kovan,18411669,18235012,176657
2020-05-08 03:34:52,kovan,18411686,18235012,176674
2020-05-08 03:36:17,kovan,18411702,18235012,176690
2020-05-08 03:37:39,kovan,18411719,18235012,176707
2020-05-08 03:39:01,kovan,18411736,18235012,176724
2020-05-08 03:40:26,kovan,18411752,18235012,176740
2020-05-08 03:41:49,kovan,18411769,18235012,176757
2020-05-08 03:43:11,kovan,18411785,18235012,176773
2020-05-08 03:44:33,kovan,18411801,18235012,176789
2020-05-08 03:45:55,kovan,18411818,18235012,176806
2020-05-08 03:47:17,kovan,18411835,18235012,176823
2020-05-08 03:48:39,kovan,18411852,18235012,176840
2020-05-08 03:50:04,kovan,18411868,18235012,176856
2020-05-08 03:51:31,kovan,18411885,18235012,176873
2020-05-08 03:52:53,kovan,18411902,18235012,176890
2020-05-08 03:54:16,kovan,18411920,18235012,176908
2020-05-08 03:55:45,kovan,18411936,18235012,176924
2020-05-08 03:57:08,kovan,18411952,18235012,176940
2020-05-08 03:58:31,kovan,18411969,18235012,176957
2020-05-08 03:59:53,kovan,18411986,18235012,176974
2020-05-08 04:01:15,kovan,18412002,18235012,176990
2020-05-08 04:02:38,kovan,18412019,18235012,177007
2020-05-08 04:04:00,kovan,18412036,18235012,177024
2020-05-08 04:05:25,kovan,18412052,18235012,177040
2020-05-08 04:06:47,kovan,18412068,18235012,177056
2020-05-08 04:08:09,kovan,18412085,18235012,177073
2020-05-08 04:09:32,kovan,18412101,18235012,177089
2020-05-08 04:10:54,kovan,18412118,18235012,177106
2020-05-08 04:12:16,kovan,18412135,18235012,177123
2020-05-08 04:13:38,kovan,18412151,18235012,177139
2020-05-08 04:15:00,kovan,18412168,18235012,177156
2020-05-08 04:16:26,kovan,18412184,18235012,177172
2020-05-08 04:17:48,kovan,18412200,18235012,177188
2020-05-08 04:19:10,kovan,18412217,18235012,177205
2020-05-08 04:20:32,kovan,18412234,18235012,177222
2020-05-08 04:21:55,kovan,18412250,18235012,177238
2020-05-08 04:23:17,kovan,18412267,18235012,177255
2020-05-08 04:24:42,kovan,18412284,18235012,177272
2020-05-08 04:26:04,kovan,18412300,18235012,177288
2020-05-08 04:27:27,kovan,18412316,18235012,177304
2020-05-08 04:28:49,kovan,18412332,18235012,177320
2020-05-08 04:30:11,kovan,18412350,18235012,177338
2020-05-08 04:31:38,kovan,18412367,18235012,177355
2020-05-08 04:33:00,kovan,18412384,18235012,177372
2020-05-08 04:34:23,kovan,18412400,18235012,177388
2020-05-08 04:35:45,kovan,18412416,18235012,177404
2020-05-08 04:37:08,kovan,18412433,18235012,177421
2020-05-08 04:38:33,kovan,18412450,18235012,177438
2020-05-08 04:39:55,kovan,18412492,18235012,177480
2020-05-08 04:43:29,kovan,18412513,18235012,177501
2020-05-08 04:47:20,kovan,18412556,18235012,177544
2020-05-08 04:48:42,kovan,18412572,18235012,177560
2020-05-08 04:50:04,kovan,18412588,18235012,177576
2020-05-08 04:51:26,kovan,18412605,18235012,177593
2020-05-08 04:52:50,kovan,18412621,18235012,177609
2020-05-08 04:54:14,kovan,18412638,18235012,177626
2020-05-08 04:55:36,kovan,18412654,18235012,177642
2020-05-08 04:56:58,kovan,18412671,18235012,177659
2020-05-08 04:58:20,kovan,18412688,18235012,177676
2020-05-08 04:59:47,kovan,18412705,18235012,177693
2020-05-08 05:01:12,kovan,18412724,18235012,177712
2020-05-08 05:02:45,kovan,18412741,18235012,177729
2020-05-08 05:04:12,kovan,18412758,18235012,177746
2020-05-08 05:05:34,kovan,18412774,18235012,177762
2020-05-08 05:06:57,kovan,18412790,18235012,177778
2020-05-08 05:08:19,kovan,18412807,18235012,177795
2020-05-08 05:09:41,kovan,18412824,18235012,177812
2020-05-08 05:11:03,kovan,18412840,18235012,177828
2020-05-08 05:12:28,kovan,18412857,18235012,177845
2020-05-08 05:13:51,kovan,18412873,18235012,177861
2020-05-08 05:15:13,kovan,18412890,18235012,177878
2020-05-08 05:16:36,kovan,18412906,18235012,177894
2020-05-08 05:17:58,kovan,18412923,18235012,177911
2020-05-08 05:19:20,kovan,18412940,18235012,177928
2020-05-08 05:20:42,kovan,18412956,18235012,177944
2020-05-08 05:22:04,kovan,18412972,18235012,177960
2020-05-08 05:23:26,kovan,18412988,18235012,177976
2020-05-08 05:24:48,kovan,18413004,18235012,177992
2020-05-08 05:26:11,kovan,18413021,18235012,178009
2020-05-08 05:27:33,kovan,18413040,18235012,178028
2020-05-08 05:29:05,kovan,18413057,18235012,178045
2020-05-08 05:30:33,kovan,18413074,18235012,178062
2020-05-08 05:31:55,kovan,18413090,18235012,178078
2020-05-08 05:33:17,kovan,18413107,18235012,178095
2020-05-08 05:34:39,kovan,18413124,18235012,178112
2020-05-08 05:36:05,kovan,18413140,18235012,178128
2020-05-08 05:37:28,kovan,18413157,18235012,178145
2020-05-08 05:38:50,kovan,18413174,18235012,178162
2020-05-08 05:40:15,kovan,18413190,18235012,178178
2020-05-08 05:41:38,kovan,18413207,18235012,178195
2020-05-08 05:43:00,kovan,18413223,18235012,178211
2020-05-08 05:44:22,kovan,18413275,18235012,178263
2020-05-08 05:48:38,kovan,18413304,18235012,178292
2020-05-08 05:51:05,kovan,18413331,18235012,178319
2020-05-08 05:53:19,kovan,18413348,18235012,178336
2020-05-08 05:54:42,kovan,18413364,18235012,178352
2020-05-08 05:56:04,kovan,18413380,18235012,178368
2020-05-08 05:57:26,kovan,18413396,18235012,178384
2020-05-08 05:58:49,kovan,18413413,18235012,178401
2020-05-08 06:00:13,kovan,18413431,18235012,178419
2020-05-08 06:01:40,kovan,18413448,18235012,178436
2020-05-08 06:03:07,kovan,18413464,18235012,178452
2020-05-08 06:04:29,kovan,18413481,18235012,178469
2020-05-08 06:05:51,kovan,18413497,18235012,178485
2020-05-08 06:07:13,kovan,18413514,18235012,178502
2020-05-08 06:08:35,kovan,18413530,18235012,178518
2020-05-08 06:09:57,kovan,18413547,18235012,178535
2020-05-08 06:11:19,kovan,18413564,18235012,178552
2020-05-08 06:12:49,kovan,18413581,18235012,178569
2020-05-08 06:14:13,kovan,18413598,18235012,178586
2020-05-08 06:15:35,kovan,18413616,18235012,178604
2020-05-08 06:17:05,kovan,18413632,18235012,178620
2020-05-08 06:18:28,kovan,18413649,18235012,178637
2020-05-08 06:19:50,kovan,18413665,18235012,178653
2020-05-08 06:21:12,kovan,18413682,18235012,178670
2020-05-08 06:22:36,kovan,18413698,18235012,178686
2020-05-08 06:23:58,kovan,18413715,18235012,178703
2020-05-08 06:25:20,kovan,18413732,18235012,178720
2020-05-08 06:26:44,kovan,18413748,18235012,178736
2020-05-08 06:28:09,kovan,18413765,18235012,178753
2020-05-08 06:29:34,kovan,18413784,18235012,178772
2020-05-08 06:31:09,kovan,18413801,18235012,178789
2020-05-08 06:32:34,kovan,18413818,18235012,178806
2020-05-08 06:34:00,kovan,18413834,18235012,178822
2020-05-08 06:35:22,kovan,18413852,18235012,178840
2020-05-08 06:36:49,kovan,18413868,18235012,178856
2020-05-08 06:38:11,kovan,18413885,18235012,178873
2020-05-08 06:39:34,kovan,18413901,18235012,178889
2020-05-08 06:40:56,kovan,18413917,18235012,178905
2020-05-08 06:42:19,kovan,18413934,18235012,178922
2020-05-08 06:43:41,kovan,18413951,18235012,178939
2020-05-08 06:45:04,kovan,18413967,18235012,178955
2020-05-08 06:46:26,kovan,18413983,18235012,178971
2020-05-08 06:47:48,kovan,18413999,18235012,178987
2020-05-08 06:49:10,kovan,18414016,18235012,179004
2020-05-08 06:50:32,kovan,18414033,18235012,179021
2020-05-08 06:51:55,kovan,18414049,18235012,179037
2020-05-08 06:53:17,kovan,18414066,18235012,179054
2020-05-08 06:54:40,kovan,18414082,18235012,179070
2020-05-08 06:56:02,kovan,18414099,18235012,179087
2020-05-08 06:57:28,kovan,18414115,18235012,179103
2020-05-08 06:58:50,kovan,18414131,18235012,179119
2020-05-08 07:00:11,kovan,18414150,18235012,179138
2020-05-08 07:01:41,kovan,18414167,18235012,179155
2020-05-08 07:03:03,kovan,18414183,18235012,179171
2020-05-08 07:04:25,kovan,18414199,18235012,179187
2020-05-08 07:05:47,kovan,18414215,18235012,179203
2020-05-08 07:07:09,kovan,18414232,18235012,179220
2020-05-08 07:08:31,kovan,18414248,18235012,179236
2020-05-08 07:09:54,kovan,18414263,18235012,179251
2020-05-08 07:11:16,kovan,18414276,18235012,179264
2020-05-08 07:12:38,kovan,18414293,18235012,179281
2020-05-08 07:14:00,kovan,18414310,18235012,179298
2020-05-08 07:15:23,kovan,18414326,18235012,179314
2020-05-08 07:16:51,kovan,18414343,18235012,179331
2020-05-08 07:18:13,kovan,18414360,18235012,179348
2020-05-08 07:19:35,kovan,18414376,18235012,179364
2020-05-08 07:20:57,kovan,18414393,18235012,179381
2020-05-08 07:22:19,kovan,18414410,18235012,179398
2020-05-08 07:23:44,kovan,18414426,18235012,179414
2020-05-08 07:25:06,kovan,18414442,18235012,179430
2020-05-08 07:26:29,kovan,18414459,18235012,179447
2020-05-08 07:27:51,kovan,18414476,18235012,179464
2020-05-08 07:29:13,kovan,18414492,18235012,179480
2020-05-08 07:30:35,kovan,18414509,18235012,179497
2020-05-08 07:31:59,kovan,18414526,18235012,179514
2020-05-08 07:33:22,kovan,18414542,18235012,179530
2020-05-08 07:34:44,kovan,18414558,18235012,179546
2020-05-08 07:36:06,kovan,18414574,18235012,179562
2020-05-08 07:37:29,kovan,18414591,18235012,179579
2020-05-08 07:38:51,kovan,18414608,18235012,179596
2020-05-08 07:40:13,kovan,18414625,18235012,179613
2020-05-08 07:41:43,kovan,18414641,18235012,179629
2020-05-08 07:43:05,kovan,18414657,18235012,179645
2020-05-08 07:44:27,kovan,18414673,18235012,179661
2020-05-08 07:47:13,kovan,18414706,18235012,179694
2020-05-08 07:48:37,kovan,18414723,18235012,179711
2020-05-08 07:50:00,kovan,18414741,18235012,179729
2020-05-08 07:51:35,kovan,18414763,18235012,179751
2020-05-08 07:53:20,kovan,18414779,18235012,179767
2020-05-08 07:54:47,kovan,18414801,18235012,179789
2020-05-08 07:56:37,kovan,18414822,18235012,179810
2020-05-08 07:58:21,kovan,18414839,18235012,179827
2020-05-08 07:59:45,kovan,18414856,18235012,179844
2020-05-08 08:01:11,kovan,18414875,18235012,179863
2020-05-08 08:02:52,kovan,18414893,18235012,179881
2020-05-08 08:04:18,kovan,18414911,18235012,179899
2020-05-08 08:05:50,kovan,18414928,18235012,179916
2020-05-08 08:07:18,kovan,18414945,18235012,179933
2020-05-08 08:08:41,kovan,18414968,18235012,179956
2020-05-08 08:10:34,kovan,18414984,18235012,179972
2020-05-08 08:12:00,kovan,18415004,18235012,179992
2020-05-08 08:13:36,kovan,18415021,18235012,180009
2020-05-08 08:15:01,kovan,18415038,18235012,180026
2020-05-08 08:16:30,kovan,18415060,18235012,180048
2020-05-08 08:18:16,kovan,18415078,18235012,180066
2020-05-08 08:19:50,kovan,18415098,18235012,180086
2020-05-08 08:21:24,kovan,18415120,18235012,180108
2020-05-08 08:23:17,kovan,18415138,18235012,180126
2020-05-08 08:24:48,kovan,18415157,18235012,180145
2020-05-08 08:26:21,kovan,18415178,18235012,180166
2020-05-08 08:28:02,kovan,18415195,18235012,180183
2020-05-08 08:29:31,kovan,18415213,18235012,180201
2020-05-08 08:31:03,kovan,18415236,18235012,180224
2020-05-08 08:32:57,kovan,18415254,18235012,180242
2020-05-08 08:34:29,kovan,18415274,18235012,180262
2020-05-08 08:36:06,kovan,18415297,18235012,180285
2020-05-08 08:38:00,kovan,18415314,18235012,180302
2020-05-08 08:39:25,kovan,18415331,18235012,180319
2020-05-08 08:40:53,kovan,18415349,18235012,180337
2020-05-08 08:42:20,kovan,18415366,18235012,180354
2020-05-08 08:43:46,kovan,18415387,18235012,180375
2020-05-08 08:45:31,kovan,18415405,18235012,180393
2020-05-08 08:47:02,kovan,18415423,18235012,180411
2020-05-08 08:48:32,kovan,18415442,18235012,180430
2020-05-08 08:50:07,kovan,18415461,18235012,180449
2020-05-08 08:51:40,kovan,18415481,18235012,180469
2020-05-08 08:53:21,kovan,18415499,18235012,180487
2020-05-08 08:54:51,kovan,18415517,18235012,180505
2020-05-08 08:56:22,kovan,18415539,18235012,180527
2020-05-08 08:58:13,kovan,18415557,18235012,180545
2020-05-08 08:59:41,kovan,18415578,18235012,180566
2020-05-08 09:01:23,kovan,18415597,18235012,180585
2020-05-08 09:03:09,kovan,18415615,18235012,180603
2020-05-08 09:04:37,kovan,18415633,18235012,180621
2020-05-08 09:06:06,kovan,18415652,18235012,180640
2020-05-08 09:07:40,kovan,18415669,18235012,180657
2020-05-08 09:09:04,kovan,18415687,18235012,180675
2020-05-08 09:10:35,kovan,18415708,18235012,180696
2020-05-08 09:12:20,kovan,18415728,18235012,180716
2020-05-08 09:14:03,kovan,18415745,18235012,180733
2020-05-08 09:15:28,kovan,18415767,18235012,180755
2020-05-08 09:17:17,kovan,18415784,18235012,180772
2020-05-08 09:18:42,kovan,18415804,18235012,180792
2020-05-08 09:20:19,kovan,18415821,18235012,180809
2020-05-08 09:21:44,kovan,18415839,18235012,180827
2020-05-08 09:23:19,kovan,18415859,18235012,180847
2020-05-08 09:24:58,kovan,18415877,18235012,180865
2020-05-08 09:26:28,kovan,18415897,18235012,180885
2020-05-08 09:28:07,kovan,18415917,18235012,180905
2020-05-08 09:29:46,kovan,18415934,18235012,180922
2020-05-08 09:31:10,kovan,18415961,18235012,180949
2020-05-08 09:33:29,kovan,18415982,18235012,180970
2020-05-08 09:35:12,kovan,18416001,18235012,180989
2020-05-08 09:36:57,kovan,18416013,18235012,181001
2020-05-08 09:38:19,kovan,18416027,18235012,181015
2020-05-08 09:39:49,kovan,18416040,18235012,181028
2020-05-08 09:41:11,kovan,18416054,18235012,181042
2020-05-08 09:42:50,kovan,18416068,18235012,181056
2020-05-08 09:44:19,kovan,18416082,18235012,181070
2020-05-08 09:45:54,kovan,18416094,18235012,181082
2020-05-08 09:47:17,kovan,18416109,18235012,181097
2020-05-08 09:48:53,kovan,18416126,18235012,181114
2020-05-08 09:50:48,kovan,18416138,18235012,181126
2020-05-08 09:52:18,kovan,18416154,18235012,181142
2020-05-08 09:54:00,kovan,18416168,18235012,181156
2020-05-08 09:55:37,kovan,18416182,18235012,181170
2020-05-08 09:57:08,kovan,18416197,18235012,181185
2020-05-08 09:58:48,kovan,18416210,18235012,181198
2020-05-08 10:00:15,kovan,18416224,18235012,181212
2020-05-08 10:01:40,kovan,18416243,18235012,181231
2020-05-08 10:03:18,kovan,18416261,18235012,181249
2020-05-08 10:04:43,kovan,18416277,18235012,181265
2020-05-08 10:06:06,kovan,18416297,18235012,181285
2020-05-08 10:07:46,kovan,18416317,18235012,181305
2020-05-08 10:09:25,kovan,18416336,18235012,181324
2020-05-08 10:11:02,kovan,18416355,18235012,181343
2020-05-08 10:12:37,kovan,18416371,18235012,181359
2020-05-08 10:14:01,kovan,18416388,18235012,181376
2020-05-08 10:15:28,kovan,18416405,18235012,181393
2020-05-08 10:16:51,kovan,18416424,18235012,181412
2020-05-08 10:18:26,kovan,18416440,18235012,181428
2020-05-08 10:19:50,kovan,18416458,18235012,181446
2020-05-08 10:21:15,kovan,18416484,18235012,181472
2020-05-08 10:23:24,kovan,18416502,18235012,181490
2020-05-08 10:24:57,kovan,18416520,18235012,181508
2020-05-08 10:26:26,kovan,18416539,18235012,181527
2020-05-08 10:28:01,kovan,18416556,18235012,181544
2020-05-08 10:29:26,kovan,18416575,18235012,181563
2020-05-08 10:31:00,kovan,18416597,18235012,181585
2020-05-08 10:32:52,kovan,18416616,18235012,181604
2020-05-08 10:34:31,kovan,18416637,18235012,181625
2020-05-08 10:36:13,kovan,18416659,18235012,181647
2020-05-08 10:37:58,kovan,18416683,18235012,181671
2020-05-08 10:39:59,kovan,18416704,18235012,181692
2020-05-08 10:41:50,kovan,18416725,18235012,181713
2020-05-08 10:43:33,kovan,18416743,18235012,181731
2020-05-08 10:44:59,kovan,18416766,18235012,181754
2020-05-08 10:46:56,kovan,18416788,18235012,181776
2020-05-08 10:48:43,kovan,18416804,18235012,181792
2020-05-08 10:50:10,kovan,18416823,18235012,181811
2020-05-08 10:51:41,kovan,18416842,18235012,181830
2020-05-08 10:53:16,kovan,18416860,18235012,181848
2020-05-08 10:54:51,kovan,18416879,18235012,181867
2020-05-08 10:56:19,kovan,18416897,18235012,181885
2020-05-08 10:57:53,kovan,18416915,18235012,181903
2020-05-08 10:59:24,kovan,18416933,18235012,181921
2020-05-08 11:00:51,kovan,18416950,18235012,181938
2020-05-08 11:02:16,kovan,18416972,18235012,181960
2020-05-08 11:04:09,kovan,18416989,18235012,181977
2020-05-08 11:05:32,kovan,18417007,18235012,181995
2020-05-08 11:07:02,kovan,18417026,18235012,182014
2020-05-08 11:08:34,kovan,18417042,18235012,182030
2020-05-08 11:09:58,kovan,18417063,18235012,182051
2020-05-08 11:11:39,kovan,18417082,18235012,182070
2020-05-08 11:13:19,kovan,18417100,18235012,182088
2020-05-08 11:14:51,kovan,18417119,18235012,182107
2020-05-08 11:16:20,kovan,18417138,18235012,182126
2020-05-08 11:17:58,kovan,18417156,18235012,182144
2020-05-08 11:19:26,kovan,18417172,18235012,182160
2020-05-08 11:20:49,kovan,18417190,18235012,182178
2020-05-08 11:22:16,kovan,18417208,18235012,182196
2020-05-08 11:23:50,kovan,18417230,18235012,182218
2020-05-08 11:25:38,kovan,18417247,18235012,182235
2020-05-08 11:27:02,kovan,18417264,18235012,182252
2020-05-08 11:28:30,kovan,18417286,18235012,182274
2020-05-08 11:30:13,kovan,18417303,18235012,182291
2020-05-08 11:31:40,kovan,18417325,18235012,182313
2020-05-08 11:33:32,kovan,18417344,18235012,182332
2020-05-08 11:35:11,kovan,18417364,18235012,182352
2020-05-08 11:36:46,kovan,18417381,18235012,182369
2020-05-08 11:38:10,kovan,18417397,18235012,182385
2020-05-08 11:39:33,kovan,18417414,18235012,182402
2020-05-08 11:40:56,kovan,18417432,18235012,182420
2020-05-08 11:42:27,kovan,18417452,18235012,182440
2020-05-08 11:44:07,kovan,18417468,18235012,182456
2020-05-08 11:45:29,kovan,18417485,18235012,182473
2020-05-08 11:46:51,kovan,18417504,18235012,182492
2020-05-08 11:48:24,kovan,18417520,18235012,182508
2020-05-08 11:49:49,kovan,18417539,18235012,182527
2020-05-08 11:51:17,kovan,18417558,18235012,182546
2020-05-08 11:52:57,kovan,18417577,18235012,182565
2020-05-08 11:54:33,kovan,18417596,18235012,182584
2020-05-08 11:56:05,kovan,18417628,18235012,182616
2020-05-08 11:58:49,kovan,18417647,18235012,182635
2020-05-08 12:00:20,kovan,18417665,18235012,182653
2020-05-08 12:01:55,kovan,18417691,18235012,182679
2020-05-08 12:04:01,kovan,18417708,18235012,182696
2020-05-08 12:05:31,kovan,18417728,18235012,182716
2020-05-08 12:07:07,kovan,18417747,18235012,182735
2020-05-08 12:08:40,kovan,18417770,18235012,182758
2020-05-08 12:10:36,kovan,18417788,18235012,182776
2020-05-08 12:12:09,kovan,18417808,18235012,182796
2020-05-08 12:13:48,kovan,18417827,18235012,182815
2020-05-08 12:15:24,kovan,18417844,18235012,182832
2020-05-08 12:16:49,kovan,18417865,18235012,182853
2020-05-08 12:18:30,kovan,18417887,18235012,182875
2020-05-08 12:20:18,kovan,18417904,18235012,182892
2020-05-08 12:21:48,kovan,18417928,18235012,182916
2020-05-08 12:23:46,kovan,18417945,18235012,182933
2020-05-08 12:25:12,kovan,18417961,18235012,182949
2020-05-08 12:26:34,kovan,18417984,18235012,182972
2020-05-08 12:28:29,kovan,18418001,18235012,182989
2020-05-08 12:29:54,kovan,18418020,18235012,183008
2020-05-08 12:31:29,kovan,18418039,18235012,183027
2020-05-08 12:33:02,kovan,18418057,18235012,183045
2020-05-08 12:34:33,kovan,18418075,18235012,183063
2020-05-08 12:36:00,kovan,18418096,18235012,183084
2020-05-08 12:37:48,kovan,18418115,18235012,183103
2020-05-08 12:39:19,kovan,18418132,18235012,183120
2020-05-08 12:40:46,kovan,18418148,18235012,183136
2020-05-08 12:42:10,kovan,18418168,18235012,183156
2020-05-08 12:43:45,kovan,18418185,18235012,183173
2020-05-08 12:45:12,kovan,18418204,18235012,183192
2020-05-08 12:46:47,kovan,18418224,18235012,183212
2020-05-08 12:48:29,kovan,18418243,18235012,183231
2020-05-08 12:50:00,kovan,18418262,18235012,183250
2020-05-08 12:51:36,kovan,18418280,18235012,183268
2020-05-08 12:53:04,kovan,18418298,18235012,183286
2020-05-08 12:54:36,kovan,18418324,18235012,183312
2020-05-08 12:56:43,kovan,18418342,18235012,183330
2020-05-08 12:58:16,kovan,18418370,18235012,183358
2020-05-08 13:00:40,kovan,18418391,18235012,183379
2020-05-08 13:02:18,kovan,18418412,18235012,183400
2020-05-08 13:04:11,kovan,18418429,18235012,183417
2020-05-08 13:05:35,kovan,18418448,18235012,183436
2020-05-08 13:07:11,kovan,18418471,18235012,183459
2020-05-08 13:09:03,kovan,18418488,18235012,183476
2020-05-08 13:10:27,kovan,18418510,18235012,183498
2020-05-08 13:12:17,kovan,18418534,18235012,183522
2020-05-08 13:14:16,kovan,18418560,18235012,183548
2020-05-08 13:16:24,kovan,18418576,18235012,183564
2020-05-08 13:17:47,kovan,18418595,18235012,183583
2020-05-08 13:19:20,kovan,18418612,18235012,183600
2020-05-08 13:20:50,kovan,18418630,18235012,183618
2020-05-08 13:22:15,kovan,18418649,18235012,183637
2020-05-08 13:23:55,kovan,18418667,18235012,183655
2020-05-08 13:25:21,kovan,18418686,18235012,183674
2020-05-08 13:26:56,kovan,18418704,18235012,183692
2020-05-08 13:28:29,kovan,18418722,18235012,183710
2020-05-08 13:29:53,kovan,18418739,18235012,183727
2020-05-08 13:31:21,kovan,18418759,18235012,183747
2020-05-08 13:33:01,kovan,18418778,18235012,183766
2020-05-08 13:34:37,kovan,18418795,18235012,183783
2020-05-08 13:36:02,kovan,18418813,18235012,183801
2020-05-08 13:37:33,kovan,18418832,18235012,183820
2020-05-08 13:39:05,kovan,18418849,18235012,183837
2020-05-08 13:40:32,kovan,18418874,18235012,183862
2020-05-08 13:42:36,kovan,18418891,18235012,183879
2020-05-08 13:43:58,kovan,18418909,18235012,183897
2020-05-08 13:45:31,kovan,18418928,18235012,183916
2020-05-08 13:47:06,kovan,18418944,18235012,183932
2020-05-08 13:48:30,kovan,18418964,18235012,183952
2020-05-08 13:50:04,kovan,18418980,18235012,183968
2020-05-08 13:51:26,kovan,18419000,18235012,183988
2020-05-08 13:53:08,kovan,18419020,18235012,184008
2020-05-08 13:54:48,kovan,18419038,18235012,184026
2020-05-08 13:56:17,kovan,18419057,18235012,184045
2020-05-08 13:57:52,kovan,18419080,18235012,184068
2020-05-08 13:59:48,kovan,18419100,18235012,184088
2020-05-08 14:01:33,kovan,18419119,18235012,184107
2020-05-08 14:03:06,kovan,18419135,18235012,184123
2020-05-08 14:04:29,kovan,18419153,18235012,184141
2020-05-08 14:05:55,kovan,18419171,18235012,184159
2020-05-08 14:07:25,kovan,18419192,18235012,184180
2020-05-08 14:09:12,kovan,18419209,18235012,184197
2020-05-08 14:10:37,kovan,18419226,18235012,184214
2020-05-08 14:12:03,kovan,18419243,18235012,184231
2020-05-08 14:13:31,kovan,18419261,18235012,184249
2020-05-08 14:14:54,kovan,18419283,18235012,184271
2020-05-08 14:16:49,kovan,18419319,18235012,184307
2020-05-08 14:19:50,kovan,18419336,18235012,184324
2020-05-08 14:21:15,kovan,18419359,18235012,184347
2020-05-08 14:23:06,kovan,18419377,18235012,184365
2020-05-08 14:24:37,kovan,18419396,18235012,184384
2020-05-08 14:26:14,kovan,18419415,18235012,184403
2020-05-08 14:27:49,kovan,18419440,18235012,184428
2020-05-08 14:29:51,kovan,18419457,18235012,184445
2020-05-08 14:31:19,kovan,18419476,18235012,184464
2020-05-08 14:32:53,kovan,18419498,18235012,184486
2020-05-08 14:34:41,kovan,18419519,18235012,184507
2020-05-08 14:36:27,kovan,18419538,18235012,184526
2020-05-08 14:38:01,kovan,18419557,18235012,184545
2020-05-08 14:39:35,kovan,18419575,18235012,184563
2020-05-08 14:41:04,kovan,18419593,18235012,184581
2020-05-08 14:42:36,kovan,18419611,18235012,184599
2020-05-08 14:44:02,kovan,18419627,18235012,184615
2020-05-08 14:45:24,kovan,18419643,18235012,184631
2020-05-08 14:46:48,kovan,18419662,18235012,184650
2020-05-08 14:48:26,kovan,18419679,18235012,184667
2020-05-08 14:49:49,kovan,18419699,18235012,184687
2020-05-08 14:51:22,kovan,18419717,18235012,184705
2020-05-08 14:52:57,kovan,18419735,18235012,184723
2020-05-08 14:54:24,kovan,18419751,18235012,184739
2020-05-08 14:55:47,kovan,18419767,18235012,184755
2020-05-08 14:57:10,kovan,18419787,18235012,184775
2020-05-08 14:58:46,kovan,18419804,18235012,184792
2020-05-08 15:00:15,kovan,18419821,18235012,184809
2020-05-08 15:01:43,kovan,18419840,18235012,184828
2020-05-08 15:03:16,kovan,18419857,18235012,184845
2020-05-08 15:04:43,kovan,18419874,18235012,184862
2020-05-08 15:06:10,kovan,18419893,18235012,184881
2020-05-08 15:07:43,kovan,18419913,18235012,184901
2020-05-08 15:09:20,kovan,18419930,18235012,184918
2020-05-08 15:10:42,kovan,18419946,18235012,184934
2020-05-08 15:12:10,kovan,18419969,18235012,184957
2020-05-08 15:14:00,kovan,18419987,18235012,184975
2020-05-08 15:15:33,kovan,18420004,18235012,184992
2020-05-08 15:16:58,kovan,18420022,18235012,185010
2020-05-08 15:18:27,kovan,18420043,18235012,185031
2020-05-08 15:20:11,kovan,18420062,18235012,185050
2020-05-08 15:21:48,kovan,18420081,18235012,185069
2020-05-08 15:23:19,kovan,18420097,18235012,185085
2020-05-08 15:24:41,kovan,18420113,18235012,185101
2020-05-08 15:26:03,kovan,18420132,18235012,185120
2020-05-08 15:27:37,kovan,18420150,18235012,185138
2020-05-08 15:29:04,kovan,18420166,18235012,185154
2020-05-08 15:30:27,kovan,18420183,18235012,185171
2020-05-08 15:31:52,kovan,18420202,18235012,185190
2020-05-08 15:33:28,kovan,18420222,18235012,185210
2020-05-08 15:35:05,kovan,18420241,18235012,185229
2020-05-08 15:36:37,kovan,18420260,18235012,185248
2020-05-08 15:38:17,kovan,18420278,18235012,185266
2020-05-08 15:39:43,kovan,18420298,18235012,185286
2020-05-08 15:41:27,kovan,18420317,18235012,185305
2020-05-08 15:43:03,kovan,18420334,18235012,185322
2020-05-08 15:44:25,kovan,18420350,18235012,185338
2020-05-08 15:45:49,kovan,18420367,18235012,185355
2020-05-08 15:47:13,kovan,18420386,18235012,185374
2020-05-08 15:48:48,kovan,18420402,18235012,185390
2020-05-08 15:50:12,kovan,18420420,18235012,185408
2020-05-08 15:51:36,kovan,18420438,18235012,185426
2020-05-08 15:53:10,kovan,18420456,18235012,185444
2020-05-08 15:54:39,kovan,18420474,18235012,185462
2020-05-08 15:56:05,kovan,18420492,18235012,185480
2020-05-08 15:57:38,kovan,18420509,18235012,185497
2020-05-08 15:59:01,kovan,18420525,18235012,185513
2020-05-08 16:00:23,kovan,18420541,18235012,185529
2020-05-08 16:01:46,kovan,18420560,18235012,185548
2020-05-08 16:03:20,kovan,18420577,18235012,185565
2020-05-08 16:04:42,kovan,18420594,18235012,185582
2020-05-08 16:06:13,kovan,18420613,18235012,185601
2020-05-08 16:07:44,kovan,18420629,18235012,185617
2020-05-08 16:09:07,kovan,18420647,18235012,185635
2020-05-08 16:10:35,kovan,18420664,18235012,185652
2020-05-08 16:11:57,kovan,18420681,18235012,185669
2020-05-08 16:13:29,kovan,18420698,18235012,185686
2020-05-08 16:14:52,kovan,18420715,18235012,185703
2020-05-08 16:16:17,kovan,18420735,18235012,185723
2020-05-08 16:17:55,kovan,18420752,18235012,185740
2020-05-08 16:19:20,kovan,18420769,18235012,185757
2020-05-08 16:20:48,kovan,18420786,18235012,185774
2020-05-08 16:22:11,kovan,18420803,18235012,185791
2020-05-08 16:23:39,kovan,18420820,18235012,185808
2020-05-08 16:25:01,kovan,18420837,18235012,185825
2020-05-08 16:26:24,kovan,18420856,18235012,185844
2020-05-08 16:27:59,kovan,18420873,18235012,185861
2020-05-08 16:29:25,kovan,18420891,18235012,185879
2020-05-08 16:30:55,kovan,18420909,18235012,185897
2020-05-08 16:32:30,kovan,18420928,18235012,185916
2020-05-08 16:34:01,kovan,18420945,18235012,185933
2020-05-08 16:35:26,kovan,18420961,18235012,185949
2020-05-08 16:36:48,kovan,18420980,18235012,185968
2020-05-08 16:38:20,kovan,18420999,18235012,185987
2020-05-08 16:39:55,kovan,18421016,18235012,186004
2020-05-08 16:41:21,kovan,18421036,18235012,186024
2020-05-08 16:43:01,kovan,18421053,18235012,186041
2020-05-08 16:44:26,kovan,18421071,18235012,186059
2020-05-08 16:45:56,kovan,18421087,18235012,186075
2020-05-08 16:47:19,kovan,18421105,18235012,186093
2020-05-08 16:48:46,kovan,18421125,18235012,186113
2020-05-08 16:50:26,kovan,18421141,18235012,186129
2020-05-08 16:51:49,kovan,18421159,18235012,186147
2020-05-08 16:53:19,kovan,18421177,18235012,186165
2020-05-08 16:54:43,kovan,18421193,18235012,186181
2020-05-08 16:56:05,kovan,18421213,18235012,186201
2020-05-08 16:57:44,kovan,18421229,18235012,186217
2020-05-08 16:59:08,kovan,18421245,18235012,186233
2020-05-08 17:00:30,kovan,18421263,18235012,186251
2020-05-08 17:01:57,kovan,18421282,18235012,186270
2020-05-08 17:03:31,kovan,18421299,18235012,186287
2020-05-08 17:04:54,kovan,18421315,18235012,186303
2020-05-08 17:06:19,kovan,18421335,18235012,186323
2020-05-08 17:07:58,kovan,18421352,18235012,186340
2020-05-08 17:09:20,kovan,18421369,18235012,186357
2020-05-08 17:10:47,kovan,18421385,18235012,186373
2020-05-08 17:12:11,kovan,18421404,18235012,186392
2020-05-08 17:13:42,kovan,18421421,18235012,186409
2020-05-08 17:15:05,kovan,18421437,18235012,186425
2020-05-08 17:16:27,kovan,18421469,18235012,186457
2020-05-08 17:19:06,kovan,18421489,18235012,186477
2020-05-08 17:20:46,kovan,18421511,18235012,186499
2020-05-08 17:22:36,kovan,18421531,18235012,186519
2020-05-08 17:24:16,kovan,18421552,18235012,186540
2020-05-08 17:26:03,kovan,18421570,18235012,186558
2020-05-08 17:27:34,kovan,18421589,18235012,186577
2020-05-08 17:29:04,kovan,18421609,18235012,186597
2020-05-08 17:30:47,kovan,18421640,18235012,186628
2020-05-08 17:33:19,kovan,18421662,18235012,186650
2020-05-08 17:35:09,kovan,18421681,18235012,186669
2020-05-08 17:36:43,kovan,18421700,18235012,186688
2020-05-08 17:38:22,kovan,18421717,18235012,186705
2020-05-08 17:39:46,kovan,18421746,18235012,186734
2020-05-08 17:42:11,kovan,18421765,18235012,186753
2020-05-08 17:43:47,kovan,18421784,18235012,186772
2020-05-08 17:45:21,kovan,18421804,18235012,186792
2020-05-08 17:47:00,kovan,18421824,18235012,186812
2020-05-08 17:48:42,kovan,18421845,18235012,186833
2020-05-08 17:50:26,kovan,18421861,18235012,186849
2020-05-08 17:51:49,kovan,18421882,18235012,186870
2020-05-08 17:53:33,kovan,18421901,18235012,186889
2020-05-08 17:55:08,kovan,18421920,18235012,186908
2020-05-08 17:56:40,kovan,18421940,18235012,186928
2020-05-08 17:58:22,kovan,18421959,18235012,186947
2020-05-08 17:59:58,kovan,18421977,18235012,186965
2020-05-08 18:01:23,kovan,18421995,18235012,186983
2020-05-08 18:03:03,kovan,18422016,18235012,187004
2020-05-08 18:04:51,kovan,18422037,18235012,187025
2020-05-08 18:06:30,kovan,18422060,18235012,187048
2020-05-08 18:08:27,kovan,18422079,18235012,187067
2020-05-08 18:10:01,kovan,18422096,18235012,187084
2020-05-08 18:11:29,kovan,18422121,18235012,187109
2020-05-08 18:13:39,kovan,18422139,18235012,187127
2020-05-08 18:15:09,kovan,18422157,18235012,187145
2020-05-08 18:16:36,kovan,18422180,18235012,187168
2020-05-08 18:18:36,kovan,18422198,18235012,187186
2020-05-08 18:19:59,kovan,18422214,18235012,187202
2020-05-08 18:21:24,kovan,18422235,18235012,187223
2020-05-08 18:23:04,kovan,18422268,18235012,187256
2020-05-08 18:25:51,kovan,18422287,18235012,187275
2020-05-08 18:27:32,kovan,18422319,18235012,187307
2020-05-08 18:30:06,kovan,18422339,18235012,187327
2020-05-08 18:31:49,kovan,18422372,18235012,187360
2020-05-08 18:34:31,kovan,18422388,18235012,187376
2020-05-08 18:35:53,kovan,18422418,18235012,187406
2020-05-08 18:38:18,kovan,18422438,18235012,187426
2020-05-08 18:40:00,kovan,18422458,18235012,187446
2020-05-08 18:41:38,kovan,18422476,18235012,187464
2020-05-08 18:43:11,kovan,18422495,18235012,187483
2020-05-08 18:44:50,kovan,18422516,18235012,187504
2020-05-08 18:46:30,kovan,18422533,18235012,187521
2020-05-08 18:47:59,kovan,18422554,18235012,187542
2020-05-08 18:49:38,kovan,18422572,18235012,187560
2020-05-08 18:51:12,kovan,18422589,18235012,187577
2020-05-08 18:52:37,kovan,18422608,18235012,187596
2020-05-08 18:54:10,kovan,18422625,18235012,187613
2020-05-08 18:55:34,kovan,18422642,18235012,187630
2020-05-08 18:57:02,kovan,18422663,18235012,187651
2020-05-08 18:58:51,kovan,18422681,18235012,187669
2020-05-08 19:00:21,kovan,18422697,18235012,187685
2020-05-08 19:01:52,kovan,18422719,18235012,187707
2020-05-08 19:03:37,kovan,18422739,18235012,187727
2020-05-08 19:05:17,kovan,18422758,18235012,187746
2020-05-08 19:06:51,kovan,18422778,18235012,187766
2020-05-08 19:08:33,kovan,18422795,18235012,187783
2020-05-08 19:09:59,kovan,18422813,18235012,187801
2020-05-08 19:11:22,kovan,18422834,18235012,187822
2020-05-08 19:13:12,kovan,18422855,18235012,187843
2020-05-08 19:14:55,kovan,18422872,18235012,187860
2020-05-08 19:16:21,kovan,18422891,18235012,187879
2020-05-08 19:17:57,kovan,18422911,18235012,187899
2020-05-08 19:19:39,kovan,18422929,18235012,187917
2020-05-08 19:21:05,kovan,18422947,18235012,187935
2020-05-08 19:22:38,kovan,18422967,18235012,187955
2020-05-08 19:24:18,kovan,18422985,18235012,187973
2020-05-08 19:25:45,kovan,18423004,18235012,187992
2020-05-08 19:27:21,kovan,18423024,18235012,188012
2020-05-08 19:29:01,kovan,18423041,18235012,188029
2020-05-08 19:30:27,kovan,18423058,18235012,188046
2020-05-08 19:31:55,kovan,18423078,18235012,188066
2020-05-08 19:33:34,kovan,18423100,18235012,188088
2020-05-08 19:35:20,kovan,18423117,18235012,188105
2020-05-08 19:36:48,kovan,18423137,18235012,188125
2020-05-08 19:38:30,kovan,18423155,18235012,188143
2020-05-08 19:39:58,kovan,18423173,18235012,188161
2020-05-08 19:41:27,kovan,18423197,18235012,188185
2020-05-08 19:43:26,kovan,18423215,18235012,188203
2020-05-08 19:45:01,kovan,18423237,18235012,188225
2020-05-08 19:46:47,kovan,18423262,18235012,188250
2020-05-08 19:48:53,kovan,18423281,18235012,188269
2020-05-08 19:50:28,kovan,18423301,18235012,188289
2020-05-08 19:52:13,kovan,18423324,18235012,188312
2020-05-08 19:54:10,kovan,18423344,18235012,188332
2020-05-08 19:55:45,kovan,18423364,18235012,188352
2020-05-08 19:57:22,kovan,18423384,18235012,188372
2020-05-08 19:59:05,kovan,18423402,18235012,188390
2020-05-08 20:00:38,kovan,18423419,18235012,188407
2020-05-08 20:02:04,kovan,18423443,18235012,188431
2020-05-08 20:04:08,kovan,18423473,18235012,188461
2020-05-08 20:06:36,kovan,18423495,18235012,188483
2020-05-08 20:08:27,kovan,18423512,18235012,188500
2020-05-08 20:09:52,kovan,18423532,18235012,188520
2020-05-08 20:11:35,kovan,18423554,18235012,188542
2020-05-08 20:13:23,kovan,18423580,18235012,188568
2020-05-08 20:15:31,kovan,18423600,18235012,188588
2020-05-08 20:17:13,kovan,18423619,18235012,188607
2020-05-08 20:18:47,kovan,18423640,18235012,188628
2020-05-08 20:20:31,kovan,18423659,18235012,188647
2020-05-08 20:22:05,kovan,18423679,18235012,188667
2020-05-08 20:23:44,kovan,18423700,18235012,188688
2020-05-08 20:25:34,kovan,18423718,18235012,188706
2020-05-08 20:26:59,kovan,18423739,18235012,188727
2020-05-08 20:28:44,kovan,18423759,18235012,188747
2020-05-08 20:30:24,kovan,18423777,18235012,188765
2020-05-08 20:31:58,kovan,18423795,18235012,188783
2020-05-08 20:33:31,kovan,18423813,18235012,188801
2020-05-08 20:34:57,kovan,18423831,18235012,188819
2020-05-08 20:36:28,kovan,18423851,18235012,188839
2020-05-08 20:38:04,kovan,18423870,18235012,188858
2020-05-08 20:39:38,kovan,18423887,18235012,188875
2020-05-08 20:41:07,kovan,18423905,18235012,188893
2020-05-08 20:42:38,kovan,18423924,18235012,188912
2020-05-08 20:44:13,kovan,18423943,18235012,188931
2020-05-08 20:45:49,kovan,18423962,18235012,188950
2020-05-08 20:47:24,kovan,18423980,18235012,188968
2020-05-08 20:48:54,kovan,18423999,18235012,188987
2020-05-08 20:50:25,kovan,18424019,18235012,189007
2020-05-08 20:52:09,kovan,18424042,18235012,189030
2020-05-08 20:54:02,kovan,18424061,18235012,189049
2020-05-08 20:55:34,kovan,18424079,18235012,189067
2020-05-08 20:57:05,kovan,18424099,18235012,189087
2020-05-08 20:58:42,kovan,18424119,18235012,189107
2020-05-08 21:00:29,kovan,18424137,18235012,189125
2020-05-08 21:02:00,kovan,18424154,18235012,189142
2020-05-08 21:03:30,kovan,18424172,18235012,189160
2020-05-08 21:04:57,kovan,18424191,18235012,189179
2020-05-08 21:06:30,kovan,18424209,18235012,189197
2020-05-08 21:07:59,kovan,18424226,18235012,189214
2020-05-08 21:09:30,kovan,18424245,18235012,189233
2020-05-08 21:11:00,kovan,18424262,18235012,189250
2020-05-08 21:12:29,kovan,18424281,18235012,189269
2020-05-08 21:14:00,kovan,18424298,18235012,189286
2020-05-08 21:15:24,kovan,18424314,18235012,189302
2020-05-08 21:16:51,kovan,18424333,18235012,189321
2020-05-08 21:18:20,kovan,18424354,18235012,189342
2020-05-08 21:20:06,kovan,18424373,18235012,189361
2020-05-08 21:21:41,kovan,18424392,18235012,189380
2020-05-08 21:23:17,kovan,18424410,18235012,189398
2020-05-08 21:24:49,kovan,18424429,18235012,189417
2020-05-08 21:26:21,kovan,18424447,18235012,189435
2020-05-08 21:27:52,kovan,18424466,18235012,189454
2020-05-08 21:29:23,kovan,18424482,18235012,189470
2020-05-08 21:30:47,kovan,18424500,18235012,189488
2020-05-08 21:32:15,kovan,18424521,18235012,189509
2020-05-08 21:34:01,kovan,18424540,18235012,189528
2020-05-08 21:35:34,kovan,18424558,18235012,189546
2020-05-08 21:37:11,kovan,18424578,18235012,189566
2020-05-08 21:38:48,kovan,18424596,18235012,189584
2020-05-08 21:40:18,kovan,18424616,18235012,189604
2020-05-08 21:41:55,kovan,18424635,18235012,189623
2020-05-08 21:43:33,kovan,18424652,18235012,189640
2020-05-08 21:44:57,kovan,18424669,18235012,189657
2020-05-08 21:46:21,kovan,18424687,18235012,189675
2020-05-08 21:47:51,kovan,18424706,18235012,189694
2020-05-08 21:49:23,kovan,18424722,18235012,189710
2020-05-08 21:50:50,kovan,18424744,18235012,189732
2020-05-08 21:52:37,kovan,18424767,18235012,189755
2020-05-08 21:54:33,kovan,18424784,18235012,189772
2020-05-08 21:55:56,kovan,18424802,18235012,189790
2020-05-08 21:57:28,kovan,18424820,18235012,189808
2020-05-08 21:58:56,kovan,18424838,18235012,189826
2020-05-08 22:00:26,kovan,18424858,18235012,189846
2020-05-08 22:02:09,kovan,18424877,18235012,189865
2020-05-08 22:03:40,kovan,18424894,18235012,189882
2020-05-08 22:05:11,kovan,18424911,18235012,189899
2020-05-08 22:06:33,kovan,18424931,18235012,189919
2020-05-08 22:08:12,kovan,18424947,18235012,189935
2020-05-08 22:09:35,kovan,18424965,18235012,189953
2020-05-08 22:11:00,kovan,18424983,18235012,189971
2020-05-08 22:12:33,kovan,18425003,18235012,189991
2020-05-08 22:14:10,kovan,18425020,18235012,190008
2020-05-08 22:15:37,kovan,18425040,18235012,190028
2020-05-08 22:17:15,kovan,18425058,18235012,190046
2020-05-08 22:18:47,kovan,18425074,18235012,190062
2020-05-08 22:20:11,kovan,18425094,18235012,190082
2020-05-08 22:21:45,kovan,18425113,18235012,190101
2020-05-08 22:23:24,kovan,18425134,18235012,190122
2020-05-08 22:25:08,kovan,18425152,18235012,190140
2020-05-08 22:26:38,kovan,18425170,18235012,190158
2020-05-08 22:28:08,kovan,18425188,18235012,190176
2020-05-08 22:29:35,kovan,18425205,18235012,190193
2020-05-08 22:31:02,kovan,18425222,18235012,190210
2020-05-08 22:32:27,kovan,18425240,18235012,190228
2020-05-08 22:33:58,kovan,18425257,18235012,190245
2020-05-08 22:35:22,kovan,18425275,18235012,190263
2020-05-08 22:36:52,kovan,18425294,18235012,190282
2020-05-08 22:38:28,kovan,18425311,18235012,190299
2020-05-08 22:39:53,kovan,18425328,18235012,190316
2020-05-08 22:41:17,kovan,18425346,18235012,190334
2020-05-08 22:42:45,kovan,18425365,18235012,190353
2020-05-08 22:44:22,kovan,18425382,18235012,190370
2020-05-08 22:45:50,kovan,18425399,18235012,190387
2020-05-08 22:47:12,kovan,18425419,18235012,190407
2020-05-08 22:48:54,kovan,18425438,18235012,190426
2020-05-08 22:50:28,kovan,18425457,18235012,190445
2020-05-08 22:52:05,kovan,18425477,18235012,190465
2020-05-08 22:53:44,kovan,18425493,18235012,190481
2020-05-08 22:55:07,kovan,18425511,18235012,190499
2020-05-08 22:56:37,kovan,18425531,18235012,190519
2020-05-08 22:58:16,kovan,18425551,18235012,190539
2020-05-08 22:59:57,kovan,18425569,18235012,190557
2020-05-08 23:01:30,kovan,18425589,18235012,190577
2020-05-08 23:03:08,kovan,18425606,18235012,190594
2020-05-08 23:04:32,kovan,18425624,18235012,190612
2020-05-08 23:06:02,kovan,18425641,18235012,190629
2020-05-08 23:07:30,kovan,18425659,18235012,190647
2020-05-08 23:08:56,kovan,18425681,18235012,190669
2020-05-08 23:10:45,kovan,18425698,18235012,190686
2020-05-08 23:12:11,kovan,18425718,18235012,190706
2020-05-08 23:13:51,kovan,18425734,18235012,190722
2020-05-08 23:15:15,kovan,18425753,18235012,190741
2020-05-08 23:16:49,kovan,18425771,18235012,190759
2020-05-08 23:18:19,kovan,18425789,18235012,190777
2020-05-08 23:19:46,kovan,18425805,18235012,190793
2020-05-08 23:21:11,kovan,18425824,18235012,190812
2020-05-08 23:22:42,kovan,18425849,18235012,190837
2020-05-08 23:24:48,kovan,18425867,18235012,190855
2020-05-08 23:26:19,kovan,18425886,18235012,190874
2020-05-08 23:27:54,kovan,18425904,18235012,190892
2020-05-08 23:29:22,kovan,18425923,18235012,190911
2020-05-08 23:30:57,kovan,18425941,18235012,190929
2020-05-08 23:32:25,kovan,18425960,18235012,190948
2020-05-08 23:33:58,kovan,18425977,18235012,190965
2020-05-08 23:35:26,kovan,18425995,18235012,190983
2020-05-08 23:36:53,kovan,18426013,18235012,191001
2020-05-08 23:38:31,kovan,18426034,18235012,191022
2020-05-08 23:40:10,kovan,18426051,18235012,191039
2020-05-08 23:41:36,kovan,18426069,18235012,191057
2020-05-08 23:43:06,kovan,18426086,18235012,191074
2020-05-08 23:44:30,kovan,18426103,18235012,191091
2020-05-08 23:45:58,kovan,18426121,18235012,191109
2020-05-08 23:47:26,kovan,18426139,18235012,191127
2020-05-08 23:48:56,kovan,18426157,18235012,191145
2020-05-08 23:50:26,kovan,18426173,18235012,191161
2020-05-08 23:51:49,kovan,18426192,18235012,191180
2020-05-08 23:53:20,kovan,18426208,18235012,191196
2020-05-08 23:54:44,kovan,18426226,18235012,191214
2020-05-08 23:56:12,kovan,18426243,18235012,191231
2020-05-08 23:57:36,kovan,18426260,18235012,191248
2020-05-08 23:59:03,kovan,18426278,18235012,191266
2020-05-09 00:00:33,kovan,18426293,18235012,191281
2020-05-09 00:01:59,kovan,18426311,18235012,191299
2020-05-09 00:03:29,kovan,18426329,18235012,191317
2020-05-09 00:04:56,kovan,18426346,18235012,191334
2020-05-09 00:06:22,kovan,18426365,18235012,191353
2020-05-09 00:08:02,kovan,18426382,18235012,191370
2020-05-09 00:09:25,kovan,18426398,18235012,191386
2020-05-09 00:10:48,kovan,18426415,18235012,191403
2020-05-09 00:12:12,kovan,18426433,18235012,191421
2020-05-09 00:13:41,kovan,18426449,18235012,191437
2020-05-09 00:15:03,kovan,18426467,18235012,191455
2020-05-09 00:16:30,kovan,18426485,18235012,191473
2020-05-09 00:17:59,kovan,18426502,18235012,191490
2020-05-09 00:19:25,kovan,18426518,18235012,191506
2020-05-09 00:20:48,kovan,18426535,18235012,191523
2020-05-09 00:22:13,kovan,18426553,18235012,191541
2020-05-09 00:23:43,kovan,18426570,18235012,191558
2020-05-09 00:25:06,kovan,18426586,18235012,191574
2020-05-09 00:26:28,kovan,18426605,18235012,191593
2020-05-09 00:28:00,kovan,18426622,18235012,191610
2020-05-09 00:29:22,kovan,18426638,18235012,191626
2020-05-09 00:30:44,kovan,18426654,18235012,191642
2020-05-09 00:32:08,kovan,18426673,18235012,191661
2020-05-09 00:33:42,kovan,18426691,18235012,191679
2020-05-09 00:35:09,kovan,18426707,18235012,191695
2020-05-09 00:36:32,kovan,18426727,18235012,191715
2020-05-09 00:38:12,kovan,18426744,18235012,191732
2020-05-09 00:39:37,kovan,18426762,18235012,191750
2020-05-09 00:41:09,kovan,18426779,18235012,191767
2020-05-09 00:42:34,kovan,18426798,18235012,191786
2020-05-09 00:44:11,kovan,18426818,18235012,191806
2020-05-09 00:45:44,kovan,18426836,18235012,191824
2020-05-09 00:47:17,kovan,18426854,18235012,191842
2020-05-09 00:48:47,kovan,18426870,18235012,191858
2020-05-09 00:50:10,kovan,18426887,18235012,191875
2020-05-09 00:51:33,kovan,18426906,18235012,191894
2020-05-09 00:53:07,kovan,18426923,18235012,191911
2020-05-09 00:54:34,kovan,18426942,18235012,191930
2020-05-09 00:56:05,kovan,18426960,18235012,191948
2020-05-09 00:57:34,kovan,18426978,18235012,191966
2020-05-09 00:59:08,kovan,18426996,18235012,191984
2020-05-09 01:00:36,kovan,18427013,18235012,192001
2020-05-09 01:02:01,kovan,18427034,18235012,192022
2020-05-09 01:03:43,kovan,18427050,18235012,192038
2020-05-09 01:05:07,kovan,18427070,18235012,192058
2020-05-09 01:06:46,kovan,18427089,18235012,192077
2020-05-09 01:08:23,kovan,18427106,18235012,192094
2020-05-09 01:09:46,kovan,18427122,18235012,192110
2020-05-09 01:11:08,kovan,18427141,18235012,192129
2020-05-09 01:12:43,kovan,18427160,18235012,192148
2020-05-09 01:14:17,kovan,18427178,18235012,192166
2020-05-09 01:15:51,kovan,18427199,18235012,192187
2020-05-09 01:17:31,kovan,18427216,18235012,192204
2020-05-09 01:18:57,kovan,18427234,18235012,192222
2020-05-09 01:20:30,kovan,18427252,18235012,192240
2020-05-09 01:21:55,kovan,18427271,18235012,192259
2020-05-09 01:23:30,kovan,18427290,18235012,192278
2020-05-09 01:25:04,kovan,18427306,18235012,192294
2020-05-09 01:26:28,kovan,18427324,18235012,192312
2020-05-09 01:27:59,kovan,18427342,18235012,192330
2020-05-09 01:29:25,kovan,18427362,18235012,192350
2020-05-09 01:31:08,kovan,18427379,18235012,192367
2020-05-09 01:32:32,kovan,18427395,18235012,192383
2020-05-09 01:33:55,kovan,18427414,18235012,192402
2020-05-09 01:35:25,kovan,18427430,18235012,192418
2020-05-09 01:36:47,kovan,18427450,18235012,192438
2020-05-09 01:38:29,kovan,18427468,18235012,192456
2020-05-09 01:39:57,kovan,18427487,18235012,192475
2020-05-09 01:41:33,kovan,18427506,18235012,192494
2020-05-09 01:43:09,kovan,18427523,18235012,192511
2020-05-09 01:44:32,kovan,18427540,18235012,192528
2020-05-09 01:45:57,kovan,18427557,18235012,192545
2020-05-09 01:47:20,kovan,18427575,18235012,192563
2020-05-09 01:48:53,kovan,18427593,18235012,192581
2020-05-09 01:50:19,kovan,18427609,18235012,192597
2020-05-09 01:51:42,kovan,18427628,18235012,192616
2020-05-09 01:53:14,kovan,18427645,18235012,192633
2020-05-09 01:54:42,kovan,18427662,18235012,192650
2020-05-09 01:56:09,kovan,18427680,18235012,192668
2020-05-09 01:57:34,kovan,18427698,18235012,192686
2020-05-09 01:59:06,kovan,18427719,18235012,192707
2020-05-09 02:00:53,kovan,18427736,18235012,192724
2020-05-09 02:02:18,kovan,18427756,18235012,192744
2020-05-09 02:03:57,kovan,18427773,18235012,192761
2020-05-09 02:05:22,kovan,18427793,18235012,192781
2020-05-09 02:07:02,kovan,18427812,18235012,192800
2020-05-09 02:08:38,kovan,18427829,18235012,192817
2020-05-09 02:10:01,kovan,18427847,18235012,192835
2020-05-09 02:11:31,kovan,18427866,18235012,192854
2020-05-09 02:13:02,kovan,18427883,18235012,192871
2020-05-09 02:14:32,kovan,18427900,18235012,192888
2020-05-09 02:15:56,kovan,18427917,18235012,192905
2020-05-09 02:17:19,kovan,18427935,18235012,192923
2020-05-09 02:18:52,kovan,18427952,18235012,192940
2020-05-09 02:20:15,kovan,18427970,18235012,192958
2020-05-09 02:21:48,kovan,18427990,18235012,192978
2020-05-09 02:23:22,kovan,18428006,18235012,192994
2020-05-09 02:24:45,kovan,18428022,18235012,193010
2020-05-09 02:26:10,kovan,18428040,18235012,193028
2020-05-09 02:27:34,kovan,18428058,18235012,193046
2020-05-09 02:29:06,kovan,18428074,18235012,193062
2020-05-09 02:30:29,kovan,18428092,18235012,193080
2020-05-09 02:32:00,kovan,18428110,18235012,193098
2020-05-09 02:33:32,kovan,18428128,18235012,193116
2020-05-09 02:34:56,kovan,18428148,18235012,193136
2020-05-09 02:36:37,kovan,18428169,18235012,193157
2020-05-09 02:38:21,kovan,18428186,18235012,193174
2020-05-09 02:39:46,kovan,18428202,18235012,193190
2020-05-09 02:41:10,kovan,18428221,18235012,193209
2020-05-09 02:42:39,kovan,18428239,18235012,193227
2020-05-09 02:44:14,kovan,18428258,18235012,193246
2020-05-09 02:45:46,kovan,18428275,18235012,193263
2020-05-09 02:47:14,kovan,18428295,18235012,193283
2020-05-09 02:48:52,kovan,18428314,18235012,193302
2020-05-09 02:50:26,kovan,18428330,18235012,193318
2020-05-09 02:51:49,kovan,18428350,18235012,193338
2020-05-09 02:53:24,kovan,18428367,18235012,193355
2020-05-09 02:54:54,kovan,18428385,18235012,193373
2020-05-09 02:56:23,kovan,18428406,18235012,193394
2020-05-09 02:58:08,kovan,18428423,18235012,193411
2020-05-09 02:59:31,kovan,18428441,18235012,193429
2020-05-09 03:01:00,kovan,18428458,18235012,193446
2020-05-09 03:02:23,kovan,18428476,18235012,193464
2020-05-09 03:03:58,kovan,18428499,18235012,193487
2020-05-09 03:05:54,kovan,18428519,18235012,193507
2020-05-09 03:07:31,kovan,18428536,18235012,193524
2020-05-09 03:08:54,kovan,18428553,18235012,193541
2020-05-09 03:10:17,kovan,18428574,18235012,193562
2020-05-09 03:12:08,kovan,18428592,18235012,193580
2020-05-09 03:13:37,kovan,18428610,18235012,193598
2020-05-09 03:15:11,kovan,18428656,18235012,193644
2020-05-09 03:18:59,kovan,18428674,18235012,193662
2020-05-09 03:20:23,kovan,18428692,18235012,193680
2020-05-09 03:21:58,kovan,18428710,18235012,193698
2020-05-09 03:23:29,kovan,18428727,18235012,193715
2020-05-09 03:24:52,kovan,18428746,18235012,193734
2020-05-09 03:26:28,kovan,18428766,18235012,193754
2020-05-09 03:28:05,kovan,18428787,18235012,193775
2020-05-09 03:29:55,kovan,18428807,18235012,193795
2020-05-09 03:31:33,kovan,18428833,18235012,193821
2020-05-09 03:33:44,kovan,18428853,18235012,193841
2020-05-09 03:35:22,kovan,18428874,18235012,193862
2020-05-09 03:37:07,kovan,18428894,18235012,193882
2020-05-09 03:38:48,kovan,18428930,18235012,193918
2020-05-09 03:41:45,kovan,18428946,18235012,193934
2020-05-09 03:43:10,kovan,18428966,18235012,193954
2020-05-09 03:44:47,kovan,18428986,18235012,193974
2020-05-09 03:46:25,kovan,18429020,18235012,194008
2020-05-09 03:49:19,kovan,18429042,18235012,194030
2020-05-09 03:51:06,kovan,18429058,18235012,194046
2020-05-09 03:52:29,kovan,18429081,18235012,194069
2020-05-09 03:54:22,kovan,18429106,18235012,194094
2020-05-09 04:07:56,kovan,18429270,18235012,194258
2020-05-09 04:10:09,kovan,18429290,18235012,194278
2020-05-09 04:11:47,kovan,18429306,18235012,194294
2020-05-09 04:13:10,kovan,18429325,18235012,194313
2020-05-09 04:14:37,kovan,18429341,18235012,194329
2020-05-09 04:15:59,kovan,18429357,18235012,194345
2020-05-09 04:17:21,kovan,18429377,18235012,194365
2020-05-09 04:18:59,kovan,18429394,18235012,194382
2020-05-09 04:20:25,kovan,18429413,18235012,194401
2020-05-09 04:21:56,kovan,18429431,18235012,194419
2020-05-09 04:23:32,kovan,18429450,18235012,194438
2020-05-09 04:25:05,kovan,18429467,18235012,194455
2020-05-09 04:26:34,kovan,18429486,18235012,194474
2020-05-09 04:28:07,kovan,18429503,18235012,194491
2020-05-09 04:29:33,kovan,18429520,18235012,194508
2020-05-09 04:30:57,kovan,18429538,18235012,194526
2020-05-09 04:32:25,kovan,18429557,18235012,194545
2020-05-09 04:34:00,kovan,18429579,18235012,194567
2020-05-09 04:35:52,kovan,18429597,18235012,194585
2020-05-09 04:37:20,kovan,18429616,18235012,194604
2020-05-09 04:38:57,kovan,18429634,18235012,194622
2020-05-09 04:40:21,kovan,18429650,18235012,194638
2020-05-09 04:41:47,kovan,18429671,18235012,194659
2020-05-09 04:43:33,kovan,18429689,18235012,194677
2020-05-09 04:45:01,kovan,18429706,18235012,194694
2020-05-09 04:46:23,kovan,18429723,18235012,194711
2020-05-09 04:47:52,kovan,18429739,18235012,194727
2020-05-09 04:49:15,kovan,18429758,18235012,194746
2020-05-09 04:50:43,kovan,18429774,18235012,194762
2020-05-09 04:52:06,kovan,18429793,18235012,194781
2020-05-09 04:53:41,kovan,18429810,18235012,194798
2020-05-09 04:55:05,kovan,18429826,18235012,194814
2020-05-09 04:56:28,kovan,18429845,18235012,194833
2020-05-09 04:58:00,kovan,18429862,18235012,194850
2020-05-09 04:59:24,kovan,18429878,18235012,194866
2020-05-09 05:00:48,kovan,18429895,18235012,194883
2020-05-09 05:02:12,kovan,18429914,18235012,194902
2020-05-09 05:03:46,kovan,18429930,18235012,194918
2020-05-09 05:05:10,kovan,18429947,18235012,194935
2020-05-09 05:06:33,kovan,18429966,18235012,194954
2020-05-09 05:08:06,kovan,18429982,18235012,194970
2020-05-09 05:09:29,kovan,18430002,18235012,194990
2020-05-09 05:11:06,kovan,18430018,18235012,195006
2020-05-09 05:12:28,kovan,18430035,18235012,195023
2020-05-09 05:13:51,kovan,18430052,18235012,195040
2020-05-09 05:15:14,kovan,18430070,18235012,195058
2020-05-09 05:16:45,kovan,18430089,18235012,195077
2020-05-09 05:18:20,kovan,18430105,18235012,195093
2020-05-09 05:19:43,kovan,18430122,18235012,195110
2020-05-09 05:21:06,kovan,18430138,18235012,195126
2020-05-09 05:22:29,kovan,18430158,18235012,195146
2020-05-09 05:24:06,kovan,18430174,18235012,195162
2020-05-09 05:25:30,kovan,18430194,18235012,195182
2020-05-09 05:27:04,kovan,18430212,18235012,195200
2020-05-09 05:28:38,kovan,18430230,18235012,195218
2020-05-09 05:30:04,kovan,18430248,18235012,195236
2020-05-09 05:31:37,kovan,18430270,18235012,195258
2020-05-09 05:33:30,kovan,18430289,18235012,195277
2020-05-09 05:35:02,kovan,18430306,18235012,195294
2020-05-09 05:36:25,kovan,18430325,18235012,195313
2020-05-09 05:38:01,kovan,18430341,18235012,195329
2020-05-09 05:39:24,kovan,18430358,18235012,195346
2020-05-09 05:40:48,kovan,18430374,18235012,195362
2020-05-09 05:42:10,kovan,18430395,18235012,195383
2020-05-09 05:43:51,kovan,18430411,18235012,195399
2020-05-09 05:45:16,kovan,18430430,18235012,195418
2020-05-09 05:46:51,kovan,18430449,18235012,195437
2020-05-09 05:48:22,kovan,18430466,18235012,195454
2020-05-09 05:49:45,kovan,18430482,18235012,195470
2020-05-09 05:51:08,kovan,18430498,18235012,195486
2020-05-09 05:52:30,kovan,18430518,18235012,195506
2020-05-09 05:54:04,kovan,18430534,18235012,195522
2020-05-09 05:55:29,kovan,18430551,18235012,195539
2020-05-09 05:56:52,kovan,18430571,18235012,195559
2020-05-09 05:58:32,kovan,18430588,18235012,195576
2020-05-09 05:59:58,kovan,18430606,18235012,195594
2020-05-09 06:01:23,kovan,18430622,18235012,195610
2020-05-09 06:02:46,kovan,18430640,18235012,195628
2020-05-09 06:04:19,kovan,18430662,18235012,195650
2020-05-09 06:06:08,kovan,18430679,18235012,195667
2020-05-09 06:07:33,kovan,18430698,18235012,195686
2020-05-09 06:09:11,kovan,18430717,18235012,195705
2020-05-09 06:10:45,kovan,18430735,18235012,195723
2020-05-09 06:12:13,kovan,18430753,18235012,195741
2020-05-09 06:13:41,kovan,18430771,18235012,195759
2020-05-09 06:15:13,kovan,18430789,18235012,195777
2020-05-09 06:16:43,kovan,18430809,18235012,195797
2020-05-09 06:18:23,kovan,18430826,18235012,195814
2020-05-09 06:19:46,kovan,18430842,18235012,195830
2020-05-09 06:21:11,kovan,18430860,18235012,195848
2020-05-09 06:22:36,kovan,18430879,18235012,195867
2020-05-09 06:24:12,kovan,18430898,18235012,195886
2020-05-09 06:25:43,kovan,18430918,18235012,195906
2020-05-09 06:27:32,kovan,18430942,18235012,195930
2020-05-09 06:29:28,kovan,18430958,18235012,195946
2020-05-09 06:30:51,kovan,18430975,18235012,195963
2020-05-09 06:32:14,kovan,18430993,18235012,195981
2020-05-09 06:33:39,kovan,18431012,18235012,196000
2020-05-09 06:35:18,kovan,18431029,18235012,196017
2020-05-09 06:36:40,kovan,18431049,18235012,196037
2020-05-09 06:38:21,kovan,18431067,18235012,196055
2020-05-09 06:39:50,kovan,18431083,18235012,196071
2020-05-09 06:41:14,kovan,18431100,18235012,196088
2020-05-09 06:42:37,kovan,18431120,18235012,196108
2020-05-09 06:44:14,kovan,18431138,18235012,196126
2020-05-09 06:45:43,kovan,18431155,18235012,196143
2020-05-09 06:47:13,kovan,18431174,18235012,196162
2020-05-09 06:48:46,kovan,18431191,18235012,196179
2020-05-09 06:50:13,kovan,18431208,18235012,196196
2020-05-09 06:51:37,kovan,18431228,18235012,196216
2020-05-09 06:53:16,kovan,18431245,18235012,196233
2020-05-09 06:54:42,kovan,18431262,18235012,196250
2020-05-09 06:56:09,kovan,18431281,18235012,196269
2020-05-09 06:57:39,kovan,18431298,18235012,196286
2020-05-09 06:59:05,kovan,18431316,18235012,196304
2020-05-09 07:00:38,kovan,18431332,18235012,196320
2020-05-09 07:02:00,kovan,18431351,18235012,196339
2020-05-09 07:03:39,kovan,18431369,18235012,196357
2020-05-09 07:05:09,kovan,18431386,18235012,196374
2020-05-09 07:06:35,kovan,18431406,18235012,196394
2020-05-09 07:08:11,kovan,18431423,18235012,196411
2020-05-09 07:09:34,kovan,18431439,18235012,196427
2020-05-09 07:10:56,kovan,18431458,18235012,196446
2020-05-09 07:12:31,kovan,18431479,18235012,196467
2020-05-09 07:14:14,kovan,18431495,18235012,196483
2020-05-09 07:15:37,kovan,18431513,18235012,196501
2020-05-09 07:17:10,kovan,18431532,18235012,196520
2020-05-09 07:18:43,kovan,18431549,18235012,196537
2020-05-09 07:20:05,kovan,18431565,18235012,196553
2020-05-09 07:21:31,kovan,18431584,18235012,196572
2020-05-09 07:23:07,kovan,18431601,18235012,196589
2020-05-09 07:24:34,kovan,18431618,18235012,196606
2020-05-09 07:25:57,kovan,18431635,18235012,196623
2020-05-09 07:27:20,kovan,18431655,18235012,196643
2020-05-09 07:29:01,kovan,18431676,18235012,196664
2020-05-09 07:30:45,kovan,18431694,18235012,196682
2020-05-09 07:32:19,kovan,18431711,18235012,196699
2020-05-09 07:33:41,kovan,18431727,18235012,196715
2020-05-09 07:35:09,kovan,18431747,18235012,196735
2020-05-09 07:36:45,kovan,18431766,18235012,196754
2020-05-09 07:38:24,kovan,18431783,18235012,196771
2020-05-09 07:39:47,kovan,18431802,18235012,196790
2020-05-09 07:41:20,kovan,18431819,18235012,196807
2020-05-09 07:42:44,kovan,18431837,18235012,196825
2020-05-09 07:44:17,kovan,18431854,18235012,196842
2020-05-09 07:45:42,kovan,18431871,18235012,196859
2020-05-09 07:47:05,kovan,18431891,18235012,196879
2020-05-09 07:48:48,kovan,18431909,18235012,196897
2020-05-09 07:50:19,kovan,18431927,18235012,196915
2020-05-09 07:51:45,kovan,18431946,18235012,196934
2020-05-09 07:53:21,kovan,18431963,18235012,196951
2020-05-09 07:54:47,kovan,18431983,18235012,196971
2020-05-09 07:56:24,kovan,18432000,18235012,196988
2020-05-09 07:57:50,kovan,18432016,18235012,197004
2020-05-09 07:59:14,kovan,18432033,18235012,197021
2020-05-09 08:00:38,kovan,18432051,18235012,197039
2020-05-09 08:02:01,kovan,18432068,18235012,197056
2020-05-09 08:03:33,kovan,18432085,18235012,197073
2020-05-09 08:04:56,kovan,18432103,18235012,197091
2020-05-09 08:06:30,kovan,18432126,18235012,197114
2020-05-09 08:08:20,kovan,18432143,18235012,197131
2020-05-09 08:09:46,kovan,18432159,18235012,197147
2020-05-09 08:11:11,kovan,18432176,18235012,197164
2020-05-09 08:12:34,kovan,18432197,18235012,197185
2020-05-09 08:14:16,kovan,18432218,18235012,197206
2020-05-09 08:16:03,kovan,18432238,18235012,197226
2020-05-09 08:17:38,kovan,18432255,18235012,197243
2020-05-09 08:19:06,kovan,18432271,18235012,197259
2020-05-09 08:20:29,kovan,18432289,18235012,197277
2020-05-09 08:21:54,kovan,18432307,18235012,197295
2020-05-09 08:23:29,kovan,18432326,18235012,197314
2020-05-09 08:25:03,kovan,18432350,18235012,197338
2020-05-09 08:26:58,kovan,18432371,18235012,197359
2020-05-09 08:28:43,kovan,18432387,18235012,197375
2020-05-09 08:30:07,kovan,18432404,18235012,197392
2020-05-09 08:31:35,kovan,18432424,18235012,197412
2020-05-09 08:33:11,kovan,18432443,18235012,197431
2020-05-09 08:34:44,kovan,18432459,18235012,197447
2020-05-09 08:36:12,kovan,18432479,18235012,197467
2020-05-09 08:37:45,kovan,18432498,18235012,197486
2020-05-09 08:39:20,kovan,18432515,18235012,197503
2020-05-09 08:40:43,kovan,18432533,18235012,197521
2020-05-09 08:42:17,kovan,18432550,18235012,197538
2020-05-09 08:43:39,kovan,18432567,18235012,197555
2020-05-09 08:45:11,kovan,18432587,18235012,197575
2020-05-09 08:46:44,kovan,18432605,18235012,197593
2020-05-09 08:48:18,kovan,18432623,18235012,197611
2020-05-09 08:49:43,kovan,18432639,18235012,197627
2020-05-09 08:51:05,kovan,18432657,18235012,197645
2020-05-09 08:52:40,kovan,18432677,18235012,197665
2020-05-09 08:54:16,kovan,18432694,18235012,197682
2020-05-09 08:55:40,kovan,18432711,18235012,197699
2020-05-09 08:57:07,kovan,18432729,18235012,197717
2020-05-09 08:58:35,kovan,18432752,18235012,197740
2020-05-09 09:00:31,kovan,18432768,18235012,197756
2020-05-09 09:01:54,kovan,18432789,18235012,197777
2020-05-09 09:03:37,kovan,18432806,18235012,197794
2020-05-09 09:05:02,kovan,18432823,18235012,197811
2020-05-09 09:06:25,kovan,18432842,18235012,197830
2020-05-09 09:08:00,kovan,18432862,18235012,197850
2020-05-09 09:09:41,kovan,18432879,18235012,197867
2020-05-09 09:11:08,kovan,18432896,18235012,197884
2020-05-09 09:12:32,kovan,18432915,18235012,197903
2020-05-09 09:14:09,kovan,18432932,18235012,197920
2020-05-09 09:15:31,kovan,18432949,18235012,197937
2020-05-09 09:16:55,kovan,18432968,18235012,197956
2020-05-09 09:18:33,kovan,18432987,18235012,197975
2020-05-09 09:20:10,kovan,18433004,18235012,197992
2020-05-09 09:21:33,kovan,18433027,18235012,198015
2020-05-09 09:23:25,kovan,18433045,18235012,198033
2020-05-09 09:27:57,kovan,18433099,18235012,198087
2020-05-09 09:29:24,kovan,18433118,18235012,198106
2020-05-09 09:30:59,kovan,18433135,18235012,198123
2020-05-09 09:32:30,kovan,18433153,18235012,198141
2020-05-09 09:33:55,kovan,18433169,18235012,198157
2020-05-09 09:35:18,kovan,18433187,18235012,198175
2020-05-09 09:36:45,kovan,18433207,18235012,198195
2020-05-09 09:38:23,kovan,18433223,18235012,198211
2020-05-09 09:39:50,kovan,18433242,18235012,198230
2020-05-09 09:41:19,kovan,18433258,18235012,198246
2020-05-09 09:42:42,kovan,18433275,18235012,198263
2020-05-09 09:44:11,kovan,18433298,18235012,198286
2020-05-09 09:46:02,kovan,18433316,18235012,198304
2020-05-09 09:47:31,kovan,18433335,18235012,198323
2020-05-09 09:49:10,kovan,18433353,18235012,198341
2020-05-09 09:50:35,kovan,18433370,18235012,198358
2020-05-09 09:51:58,kovan,18433388,18235012,198376
2020-05-09 09:53:32,kovan,18433407,18235012,198395
2020-05-09 09:55:06,kovan,18433425,18235012,198413
2020-05-09 09:56:36,kovan,18433443,18235012,198431
2020-05-09 09:58:11,kovan,18433461,18235012,198449
2020-05-09 09:59:35,kovan,18433477,18235012,198465
2020-05-09 10:00:57,kovan,18433494,18235012,198482
2020-05-09 10:02:20,kovan,18433511,18235012,198499
2020-05-09 10:03:44,kovan,18433528,18235012,198516
2020-05-09 10:05:12,kovan,18433545,18235012,198533
2020-05-09 10:06:39,kovan,18433563,18235012,198551
2020-05-09 10:08:11,kovan,18433580,18235012,198568
2020-05-09 10:09:34,kovan,18433597,18235012,198585
2020-05-09 10:10:57,kovan,18433615,18235012,198603
2020-05-09 10:12:28,kovan,18433635,18235012,198623
2020-05-09 10:14:05,kovan,18433651,18235012,198639
2020-05-09 10:15:28,kovan,18433667,18235012,198655
2020-05-09 10:16:50,kovan,18433687,18235012,198675
2020-05-09 10:18:30,kovan,18433707,18235012,198695
2020-05-09 10:20:03,kovan,18433723,18235012,198711
2020-05-09 10:21:26,kovan,18433740,18235012,198728
2020-05-09 10:22:51,kovan,18433757,18235012,198745
2020-05-09 10:24:13,kovan,18433773,18235012,198761
2020-05-09 10:25:36,kovan,18433791,18235012,198779
2020-05-09 10:27:03,kovan,18433811,18235012,198799
2020-05-09 10:28:45,kovan,18433829,18235012,198817
2020-05-09 10:30:16,kovan,18433846,18235012,198834
2020-05-09 10:31:40,kovan,18433864,18235012,198852
2020-05-09 10:33:14,kovan,18433883,18235012,198871
2020-05-09 10:34:51,kovan,18433902,18235012,198890
2020-05-09 10:36:23,kovan,18433919,18235012,198907
2020-05-09 10:37:46,kovan,18433937,18235012,198925
2020-05-09 10:39:15,kovan,18433955,18235012,198943
2020-05-09 10:40:44,kovan,18433971,18235012,198959
2020-05-09 10:42:11,kovan,18433992,18235012,198980
2020-05-09 10:43:51,kovan,18434009,18235012,198997
2020-05-09 10:45:17,kovan,18434026,18235012,199014
2020-05-09 10:46:40,kovan,18434045,18235012,199033
2020-05-09 10:48:18,kovan,18434067,18235012,199055
2020-05-09 10:50:07,kovan,18434085,18235012,199073
2020-05-09 10:51:36,kovan,18434105,18235012,199093
2020-05-09 10:53:15,kovan,18434124,18235012,199112
2020-05-09 10:54:54,kovan,18434142,18235012,199130
2020-05-09 10:56:21,kovan,18434162,18235012,199150
2020-05-09 10:58:01,kovan,18434181,18235012,199169
2020-05-09 10:59:36,kovan,18434198,18235012,199186
2020-05-09 11:01:00,kovan,18434218,18235012,199206
2020-05-09 11:02:40,kovan,18434234,18235012,199222
2020-05-09 11:04:02,kovan,18434251,18235012,199239
2020-05-09 11:05:28,kovan,18434270,18235012,199258
2020-05-09 11:07:02,kovan,18434298,18235012,199286
2020-05-09 11:09:20,kovan,18434317,18235012,199305
2020-05-09 11:10:58,kovan,18434337,18235012,199325
2020-05-09 11:12:37,kovan,18434355,18235012,199343
2020-05-09 11:14:08,kovan,18434373,18235012,199361
2020-05-09 11:15:35,kovan,18434391,18235012,199379
2020-05-09 11:17:09,kovan,18434409,18235012,199397
2020-05-09 11:18:35,kovan,18434426,18235012,199414
2020-05-09 11:20:00,kovan,18434445,18235012,199433
2020-05-09 11:21:37,kovan,18434463,18235012,199451
2020-05-09 11:23:08,kovan,18434481,18235012,199469
2020-05-09 11:24:40,kovan,18434499,18235012,199487
2020-05-09 11:26:05,kovan,18434520,18235012,199508
2020-05-09 11:27:54,kovan,18434539,18235012,199527
2020-05-09 11:29:24,kovan,18434555,18235012,199543
2020-05-09 11:30:47,kovan,18434572,18235012,199560
2020-05-09 11:32:14,kovan,18434591,18235012,199579
2020-05-09 11:33:48,kovan,18434608,18235012,199596
2020-05-09 11:35:11,kovan,18434625,18235012,199613
2020-05-09 11:36:35,kovan,18434646,18235012,199634
2020-05-09 11:38:22,kovan,18434667,18235012,199655
2020-05-09 11:40:05,kovan,18434685,18235012,199673
2020-05-09 11:41:37,kovan,18434708,18235012,199696
2020-05-09 11:43:32,kovan,18434724,18235012,199712
2020-05-09 11:44:55,kovan,18434741,18235012,199729
2020-05-09 11:46:19,kovan,18434759,18235012,199747
2020-05-09 11:47:49,kovan,18434776,18235012,199764
2020-05-09 11:49:15,kovan,18434793,18235012,199781
2020-05-09 11:50:37,kovan,18434810,18235012,199798
2020-05-09 11:52:00,kovan,18434827,18235012,199815
2020-05-09 11:53:26,kovan,18434846,18235012,199834
2020-05-09 11:55:01,kovan,18434863,18235012,199851
2020-05-09 11:56:23,kovan,18434879,18235012,199867
2020-05-09 11:57:45,kovan,18434897,18235012,199885
2020-05-09 11:59:15,kovan,18434916,18235012,199904
2020-05-09 12:00:51,kovan,18434935,18235012,199923
2020-05-09 12:02:22,kovan,18434951,18235012,199939
2020-05-09 12:03:46,kovan,18434967,18235012,199955
2020-05-09 12:05:08,kovan,18434987,18235012,199975
2020-05-09 12:06:44,kovan,18435005,18235012,199993
2020-05-09 12:08:16,kovan,18435028,18235012,200016
2020-05-09 12:10:15,kovan,18435046,18235012,200034
2020-05-09 12:11:40,kovan,18435065,18235012,200053
2020-05-09 12:13:17,kovan,18435083,18235012,200071
2020-05-09 12:14:47,kovan,18435099,18235012,200087
2020-05-09 12:16:10,kovan,18435116,18235012,200104
2020-05-09 12:17:32,kovan,18435132,18235012,200120
2020-05-09 12:18:55,kovan,18435149,18235012,200137
2020-05-09 12:20:18,kovan,18435166,18235012,200154
2020-05-09 12:21:40,kovan,18435184,18235012,200172
2020-05-09 12:23:13,kovan,18435210,18235012,200198
2020-05-09 12:25:19,kovan,18435227,18235012,200215
2020-05-09 12:26:48,kovan,18435246,18235012,200234
2020-05-09 12:28:20,kovan,18435262,18235012,200250
2020-05-09 12:29:42,kovan,18435279,18235012,200267
2020-05-09 12:31:05,kovan,18435307,18235012,200295
2020-05-09 12:33:29,kovan,18435324,18235012,200312
2020-05-09 12:34:55,kovan,18435341,18235012,200329
2020-05-09 12:36:17,kovan,18435358,18235012,200346
2020-05-09 12:37:40,kovan,18435377,18235012,200365
2020-05-09 12:39:15,kovan,18435394,18235012,200382
2020-05-09 12:40:40,kovan,18435411,18235012,200399
2020-05-09 12:42:07,kovan,18435429,18235012,200417
2020-05-09 12:43:35,kovan,18435446,18235012,200434
2020-05-09 12:44:59,kovan,18435463,18235012,200451
2020-05-09 12:46:30,kovan,18435484,18235012,200472
2020-05-09 12:48:12,kovan,18435500,18235012,200488
2020-05-09 12:49:34,kovan,18435519,18235012,200507
2020-05-09 12:51:05,kovan,18435539,18235012,200527
2020-05-09 12:52:46,kovan,18435555,18235012,200543
2020-05-09 12:54:10,kovan,18435572,18235012,200560
2020-05-09 12:55:32,kovan,18435589,18235012,200577
2020-05-09 12:56:57,kovan,18435607,18235012,200595
2020-05-09 12:58:29,kovan,18435624,18235012,200612
2020-05-09 12:59:54,kovan,18435642,18235012,200630
2020-05-09 13:01:20,kovan,18435658,18235012,200646
2020-05-09 13:02:43,kovan,18435675,18235012,200663
2020-05-09 13:04:10,kovan,18435692,18235012,200680
2020-05-09 13:05:32,kovan,18435709,18235012,200697
2020-05-09 13:06:57,kovan,18435728,18235012,200716
2020-05-09 13:08:33,kovan,18435748,18235012,200736
2020-05-09 13:10:13,kovan,18435765,18235012,200753
2020-05-09 13:11:37,kovan,18435785,18235012,200773
2020-05-09 13:13:16,kovan,18435803,18235012,200791
2020-05-09 13:14:49,kovan,18435827,18235012,200815
2020-05-09 13:16:46,kovan,18435846,18235012,200834
2020-05-09 13:18:21,kovan,18435867,18235012,200855
2020-05-09 13:20:04,kovan,18435884,18235012,200872
2020-05-09 13:21:31,kovan,18435908,18235012,200896
2020-05-09 13:23:34,kovan,18435926,18235012,200914
2020-05-09 13:25:02,kovan,18435943,18235012,200931
2020-05-09 13:26:25,kovan,18435961,18235012,200949
2020-05-09 13:27:59,kovan,18435978,18235012,200966
2020-05-09 13:29:21,kovan,18435996,18235012,200984
2020-05-09 13:30:52,kovan,18436015,18235012,201003
2020-05-09 13:32:24,kovan,18436033,18235012,201021
2020-05-09 13:33:57,kovan,18436053,18235012,201041
2020-05-09 13:35:36,kovan,18436073,18235012,201061
2020-05-09 13:37:16,kovan,18436091,18235012,201079
2020-05-09 13:38:48,kovan,18436107,18235012,201095
2020-05-09 13:40:10,kovan,18436126,18235012,201114
2020-05-09 13:41:42,kovan,18436145,18235012,201133
2020-05-09 13:43:14,kovan,18436161,18235012,201149
2020-05-09 13:44:39,kovan,18436178,18235012,201166
2020-05-09 13:46:05,kovan,18436197,18235012,201185
2020-05-09 13:47:42,kovan,18436214,18235012,201202
2020-05-09 13:49:04,kovan,18436231,18235012,201219
2020-05-09 13:50:31,kovan,18436249,18235012,201237
2020-05-09 13:52:00,kovan,18436272,18235012,201260
2020-05-09 13:54:06,kovan,18436289,18235012,201277
2020-05-09 13:55:32,kovan,18436307,18235012,201295
2020-05-09 13:57:00,kovan,18436324,18235012,201312
2020-05-09 13:58:25,kovan,18436343,18235012,201331
2020-05-09 14:00:01,kovan,18436360,18235012,201348
2020-05-09 14:01:30,kovan,18436380,18235012,201368
2020-05-09 14:03:05,kovan,18436398,18235012,201386
2020-05-09 14:04:38,kovan,18436415,18235012,201403
2020-05-09 14:06:04,kovan,18436433,18235012,201421
2020-05-09 14:07:37,kovan,18436451,18235012,201439
2020-05-09 14:09:04,kovan,18436470,18235012,201458
2020-05-09 14:10:39,kovan,18436487,18235012,201475
2020-05-09 14:12:08,kovan,18436506,18235012,201494
2020-05-09 14:13:39,kovan,18436523,18235012,201511
2020-05-09 14:15:05,kovan,18436539,18235012,201527
2020-05-09 14:16:28,kovan,18436558,18235012,201546
2020-05-09 14:18:02,kovan,18436575,18235012,201563
2020-05-09 14:19:26,kovan,18436592,18235012,201580
2020-05-09 14:20:50,kovan,18436611,18235012,201599
2020-05-09 14:22:23,kovan,18436628,18235012,201616
2020-05-09 14:23:58,kovan,18436646,18235012,201634
2020-05-09 14:25:28,kovan,18436664,18235012,201652
2020-05-09 14:26:58,kovan,18436686,18235012,201674
2020-05-09 14:28:49,kovan,18436705,18235012,201693
2020-05-09 14:30:26,kovan,18436725,18235012,201713
2020-05-09 14:32:09,kovan,18436744,18235012,201732
2020-05-09 14:33:41,kovan,18436763,18235012,201751
2020-05-09 14:35:15,kovan,18436779,18235012,201767
2020-05-09 14:36:38,kovan,18436798,18235012,201786
2020-05-09 14:38:16,kovan,18436817,18235012,201805
2020-05-09 14:39:45,kovan,18436833,18235012,201821
2020-05-09 14:41:10,kovan,18436853,18235012,201841
2020-05-09 14:42:50,kovan,18436873,18235012,201861
2020-05-09 14:44:27,kovan,18436891,18235012,201879
2020-05-09 14:45:57,kovan,18436909,18235012,201897
2020-05-09 14:47:29,kovan,18436927,18235012,201915
2020-05-09 14:48:55,kovan,18436944,18235012,201932
2020-05-09 14:50:17,kovan,18436961,18235012,201949
2020-05-09 14:51:46,kovan,18436984,18235012,201972
2020-05-09 14:53:39,kovan,18437001,18235012,201989
2020-05-09 14:55:04,kovan,18437021,18235012,202009
2020-05-09 14:56:46,kovan,18437040,18235012,202028
2020-05-09 14:58:23,kovan,18437058,18235012,202046
2020-05-09 14:59:55,kovan,18437074,18235012,202062
2020-05-09 15:01:18,kovan,18437094,18235012,202082
2020-05-09 15:02:59,kovan,18437111,18235012,202099
2020-05-09 15:04:24,kovan,18437130,18235012,202118
2020-05-09 15:06:01,kovan,18437153,18235012,202141
2020-05-09 15:07:56,kovan,18437172,18235012,202160
2020-05-09 15:09:32,kovan,18437190,18235012,202178
2020-05-09 15:10:58,kovan,18437207,18235012,202195
2020-05-09 15:12:28,kovan,18437224,18235012,202212
2020-05-09 15:13:52,kovan,18437241,18235012,202229
2020-05-09 15:15:16,kovan,18437259,18235012,202247
2020-05-09 15:16:45,kovan,18437277,18235012,202265
2020-05-09 15:18:19,kovan,18437298,18235012,202286
2020-05-09 15:20:00,kovan,18437314,18235012,202302
2020-05-09 15:21:22,kovan,18437333,18235012,202321
2020-05-09 15:22:57,kovan,18437350,18235012,202338
2020-05-09 15:24:20,kovan,18437365,18235012,202353
2020-05-09 15:25:44,kovan,18437384,18235012,202372
2020-05-09 15:27:15,kovan,18437402,18235012,202390
2020-05-09 15:28:47,kovan,18437419,18235012,202407
2020-05-09 15:30:15,kovan,18437437,18235012,202425
2020-05-09 15:31:44,kovan,18437456,18235012,202444
2020-05-09 15:33:14,kovan,18437473,18235012,202461
2020-05-09 15:34:38,kovan,18437490,18235012,202478
2020-05-09 15:36:07,kovan,18437509,18235012,202497
2020-05-09 15:37:43,kovan,18437526,18235012,202514
2020-05-09 15:39:09,kovan,18437544,18235012,202532
2020-05-09 15:40:37,kovan,18437562,18235012,202550
2020-05-09 15:42:07,kovan,18437580,18235012,202568
2020-05-09 15:43:37,kovan,18437598,18235012,202586
2020-05-09 15:45:04,kovan,18437614,18235012,202602
2020-05-09 15:46:27,kovan,18437632,18235012,202620
2020-05-09 15:47:57,kovan,18437652,18235012,202640
2020-05-09 15:49:38,kovan,18437671,18235012,202659
2020-05-09 15:51:13,kovan,18437689,18235012,202677
2020-05-09 15:52:41,kovan,18437709,18235012,202697
2020-05-09 15:54:20,kovan,18437726,18235012,202714
2020-05-09 15:55:44,kovan,18437742,18235012,202730
2020-05-09 15:57:07,kovan,18437760,18235012,202748
2020-05-09 15:58:36,kovan,18437777,18235012,202765
2020-05-09 15:59:59,kovan,18437793,18235012,202781
2020-05-09 16:01:22,kovan,18437812,18235012,202800
2020-05-09 16:02:57,kovan,18437830,18235012,202818
2020-05-09 16:04:28,kovan,18437848,18235012,202836
2020-05-09 16:05:58,kovan,18437866,18235012,202854
2020-05-09 16:07:28,kovan,18437884,18235012,202872
2020-05-09 16:08:55,kovan,18437902,18235012,202890
2020-05-09 16:10:28,kovan,18437919,18235012,202907
2020-05-09 16:11:54,kovan,18437940,18235012,202928
2020-05-09 16:13:38,kovan,18437960,18235012,202948
2020-05-09 16:15:16,kovan,18437980,18235012,202968
2020-05-09 16:17:00,kovan,18437998,18235012,202986
2020-05-09 16:18:27,kovan,18438018,18235012,203006
2020-05-09 16:20:14,kovan,18438037,18235012,203025
2020-05-09 16:21:47,kovan,18438055,18235012,203043
2020-05-09 16:23:16,kovan,18438073,18235012,203061
2020-05-09 16:24:43,kovan,18438089,18235012,203077
2020-05-09 16:26:11,kovan,18438108,18235012,203096
2020-05-09 16:27:44,kovan,18438126,18235012,203114
2020-05-09 16:29:13,kovan,18438145,18235012,203133
2020-05-09 16:30:46,kovan,18438163,18235012,203151
2020-05-09 16:32:17,kovan,18438183,18235012,203171
2020-05-09 16:33:58,kovan,18438202,18235012,203190
2020-05-09 16:35:31,kovan,18438223,18235012,203211
2020-05-09 16:37:16,kovan,18438241,18235012,203229
2020-05-09 16:38:49,kovan,18438263,18235012,203251
2020-05-09 16:40:35,kovan,18438282,18235012,203270
2020-05-09 16:42:12,kovan,18438300,18235012,203288
2020-05-09 16:43:40,kovan,18438317,18235012,203305
2020-05-09 16:45:03,kovan,18438333,18235012,203321
2020-05-09 16:46:26,kovan,18438352,18235012,203340
2020-05-09 16:48:02,kovan,18438373,18235012,203361
2020-05-09 16:49:45,kovan,18438390,18235012,203378
2020-05-09 16:51:09,kovan,18438410,18235012,203398
2020-05-09 16:52:53,kovan,18438429,18235012,203417
2020-05-09 16:54:27,kovan,18438448,18235012,203436
2020-05-09 16:56:01,kovan,18438469,18235012,203457
2020-05-09 16:57:44,kovan,18438487,18235012,203475
2020-05-09 16:59:13,kovan,18438503,18235012,203491
2020-05-09 17:00:38,kovan,18438521,18235012,203509
2020-05-09 17:02:07,kovan,18438541,18235012,203529
2020-05-09 17:03:46,kovan,18438560,18235012,203548
2020-05-09 17:05:19,kovan,18438577,18235012,203565
2020-05-09 17:06:46,kovan,18438594,18235012,203582
2020-05-09 17:08:11,kovan,18438612,18235012,203600
2020-05-09 17:09:40,kovan,18438629,18235012,203617
2020-05-09 17:11:10,kovan,18438649,18235012,203637
2020-05-09 17:12:46,kovan,18438669,18235012,203657
2020-05-09 17:14:26,kovan,18438688,18235012,203676
2020-05-09 17:15:58,kovan,18438709,18235012,203697
2020-05-09 17:17:45,kovan,18438727,18235012,203715
2020-05-09 17:19:20,kovan,18438746,18235012,203734
2020-05-09 17:20:50,kovan,18438764,18235012,203752
2020-05-09 17:22:20,kovan,18438781,18235012,203769
2020-05-09 17:23:51,kovan,18438804,18235012,203792
2020-05-09 17:25:41,kovan,18438821,18235012,203809
2020-05-09 17:27:06,kovan,18438840,18235012,203828
2020-05-09 17:28:39,kovan,18438857,18235012,203845
2020-05-09 17:30:05,kovan,18438876,18235012,203864
2020-05-09 17:31:43,kovan,18438895,18235012,203883
2020-05-09 17:33:18,kovan,18438914,18235012,203902
2020-05-09 17:34:53,kovan,18438932,18235012,203920
2020-05-09 17:36:23,kovan,18438952,18235012,203940
2020-05-09 17:38:01,kovan,18438972,18235012,203960
2020-05-09 17:39:41,kovan,18438989,18235012,203977
2020-05-09 17:41:11,kovan,18439008,18235012,203996
2020-05-09 17:42:43,kovan,18439032,18235012,204020
2020-05-09 17:44:38,kovan,18439053,18235012,204041
2020-05-09 17:46:29,kovan,18439072,18235012,204060
2020-05-09 17:47:58,kovan,18439091,18235012,204079
2020-05-09 17:49:35,kovan,18439112,18235012,204100
2020-05-09 17:51:21,kovan,18439130,18235012,204118
2020-05-09 17:52:50,kovan,18439149,18235012,204137
2020-05-09 17:54:23,kovan,18439168,18235012,204156
2020-05-09 17:56:00,kovan,18439186,18235012,204174
2020-05-09 17:57:31,kovan,18439204,18235012,204192
2020-05-09 17:59:00,kovan,18439224,18235012,204212
2020-05-09 18:00:39,kovan,18439242,18235012,204230
2020-05-09 18:02:11,kovan,18439259,18235012,204247
2020-05-09 18:03:34,kovan,18439281,18235012,204269
2020-05-09 18:05:26,kovan,18439297,18235012,204285
2020-05-09 18:06:50,kovan,18439318,18235012,204306
2020-05-09 18:08:30,kovan,18439337,18235012,204325
2020-05-09 18:10:07,kovan,18439358,18235012,204346
2020-05-09 18:11:51,kovan,18439379,18235012,204367
2020-05-09 18:13:37,kovan,18439398,18235012,204386
2020-05-09 18:15:11,kovan,18439415,18235012,204403
2020-05-09 18:16:38,kovan,18439436,18235012,204424
2020-05-09 18:18:21,kovan,18439453,18235012,204441
2020-05-09 18:19:49,kovan,18439473,18235012,204461
2020-05-09 18:21:28,kovan,18439490,18235012,204478
2020-05-09 18:22:52,kovan,18439513,18235012,204501
2020-05-09 18:24:44,kovan,18439533,18235012,204521
2020-05-09 18:26:25,kovan,18439551,18235012,204539
2020-05-09 18:27:55,kovan,18439569,18235012,204557
2020-05-09 18:29:29,kovan,18439589,18235012,204577
2020-05-09 18:31:08,kovan,18439606,18235012,204594
2020-05-09 18:32:33,kovan,18439625,18235012,204613
2020-05-09 18:34:07,kovan,18439643,18235012,204631
2020-05-09 18:35:37,kovan,18439661,18235012,204649
2020-05-09 18:37:07,kovan,18439680,18235012,204668
2020-05-09 18:38:39,kovan,18439704,18235012,204692
2020-05-09 18:40:42,kovan,18439721,18235012,204709
2020-05-09 18:42:08,kovan,18439739,18235012,204727
2020-05-09 18:43:37,kovan,18439757,18235012,204745
2020-05-09 18:45:05,kovan,18439775,18235012,204763
2020-05-09 18:46:38,kovan,18439792,18235012,204780
2020-05-09 18:48:01,kovan,18439811,18235012,204799
2020-05-09 18:49:40,kovan,18439829,18235012,204817
2020-05-09 18:51:11,kovan,18439851,18235012,204839
2020-05-09 18:53:00,kovan,18439870,18235012,204858
2020-05-09 18:54:37,kovan,18439888,18235012,204876
2020-05-09 18:56:07,kovan,18439905,18235012,204893
2020-05-09 18:57:32,kovan,18439923,18235012,204911
2020-05-09 18:59:04,kovan,18439944,18235012,204932
2020-05-09 19:00:45,kovan,18439960,18235012,204948
2020-05-09 19:02:08,kovan,18439978,18235012,204966
2020-05-09 19:03:36,kovan,18439999,18235012,204987
2020-05-09 19:05:22,kovan,18440017,18235012,205005
2020-05-09 19:06:54,kovan,18440036,18235012,205024
2020-05-09 19:08:25,kovan,18440056,18235012,205044
2020-05-09 19:10:05,kovan,18440076,18235012,205064
2020-05-09 19:11:49,kovan,18440095,18235012,205083
2020-05-09 19:13:20,kovan,18440113,18235012,205101
2020-05-09 19:15:02,kovan,18440130,18235012,205118
2020-05-09 19:16:29,kovan,18440148,18235012,205136
2020-05-09 19:17:57,kovan,18440168,18235012,205156
2020-05-09 19:19:37,kovan,18440187,18235012,205175
2020-05-09 19:21:12,kovan,18440207,18235012,205195
2020-05-09 19:22:51,kovan,18440225,18235012,205213
2020-05-09 19:24:22,kovan,18440242,18235012,205230
2020-05-09 19:25:49,kovan,18440259,18235012,205247
2020-05-09 19:27:13,kovan,18440276,18235012,205264
2020-05-09 19:28:36,kovan,18440294,18235012,205282
2020-05-09 19:30:07,kovan,18440314,18235012,205302
2020-05-09 19:31:45,kovan,18440333,18235012,205321
2020-05-09 19:33:22,kovan,18440351,18235012,205339
2020-05-09 19:34:51,kovan,18440367,18235012,205355
2020-05-09 19:36:14,kovan,18440384,18235012,205372
2020-05-09 19:37:38,kovan,18440402,18235012,205390
2020-05-09 19:39:06,kovan,18440419,18235012,205407
2020-05-09 19:40:31,kovan,18440436,18235012,205424
2020-05-09 19:41:58,kovan,18440453,18235012,205441
2020-05-09 19:43:20,kovan,18440471,18235012,205459
2020-05-09 19:44:56,kovan,18440488,18235012,205476
2020-05-09 19:46:22,kovan,18440505,18235012,205493
2020-05-09 19:47:44,kovan,18440522,18235012,205510
2020-05-09 19:49:11,kovan,18440539,18235012,205527
2020-05-09 19:50:37,kovan,18440556,18235012,205544
2020-05-09 19:52:01,kovan,18440577,18235012,205565
2020-05-09 19:53:47,kovan,18440600,18235012,205588
2020-05-09 19:55:40,kovan,18440617,18235012,205605
2020-05-09 19:57:03,kovan,18440633,18235012,205621
2020-05-09 19:58:27,kovan,18440653,18235012,205641
2020-05-09 20:00:08,kovan,18440670,18235012,205658
2020-05-09 20:01:38,kovan,18440689,18235012,205677
2020-05-09 20:03:12,kovan,18440708,18235012,205696
2020-05-09 20:04:45,kovan,18440724,18235012,205712
2020-05-09 20:06:08,kovan,18440747,18235012,205735
2020-05-09 20:08:03,kovan,18440766,18235012,205754
2020-05-09 20:09:37,kovan,18440786,18235012,205774
2020-05-09 20:11:15,kovan,18440808,18235012,205796
2020-05-09 20:13:02,kovan,18440826,18235012,205814
2020-05-09 20:14:38,kovan,18440846,18235012,205834
2020-05-09 20:16:23,kovan,18440863,18235012,205851
2020-05-09 20:17:46,kovan,18440883,18235012,205871
2020-05-09 20:19:29,kovan,18440902,18235012,205890
2020-05-09 20:21:01,kovan,18440919,18235012,205907
2020-05-09 20:22:29,kovan,18440941,18235012,205929
2020-05-09 20:24:16,kovan,18440964,18235012,205952
2020-05-09 20:26:12,kovan,18440983,18235012,205971
2020-05-09 20:27:48,kovan,18441003,18235012,205991
2020-05-09 20:29:29,kovan,18441023,18235012,206011
2020-05-09 20:31:11,kovan,18441041,18235012,206029
2020-05-09 20:32:36,kovan,18441058,18235012,206046
2020-05-09 20:34:00,kovan,18441079,18235012,206067
2020-05-09 20:35:52,kovan,18441097,18235012,206085
2020-05-09 20:37:21,kovan,18441115,18235012,206103
2020-05-09 20:38:51,kovan,18441135,18235012,206123
2020-05-09 20:40:32,kovan,18441158,18235012,206146
2020-05-09 20:42:28,kovan,18441176,18235012,206164
2020-05-09 20:43:57,kovan,18441194,18235012,206182
2020-05-09 20:45:27,kovan,18441212,18235012,206200
2020-05-09 20:46:59,kovan,18441228,18235012,206216
2020-05-09 20:48:22,kovan,18441245,18235012,206233
2020-05-09 20:49:58,kovan,18441262,18235012,206250
2020-05-09 20:51:29,kovan,18441281,18235012,206269
2020-05-09 20:52:58,kovan,18441298,18235012,206286
2020-05-09 20:54:35,kovan,18441316,18235012,206304
2020-05-09 20:56:07,kovan,18441334,18235012,206322
2020-05-09 20:57:37,kovan,18441352,18235012,206340
2020-05-09 20:59:09,kovan,18441369,18235012,206357
2020-05-09 21:00:34,kovan,18441387,18235012,206375
2020-05-09 21:02:03,kovan,18441404,18235012,206392
2020-05-09 21:03:34,kovan,18441422,18235012,206410
2020-05-09 21:05:03,kovan,18441439,18235012,206427
2020-05-09 21:06:27,kovan,18441459,18235012,206447
2020-05-09 21:08:04,kovan,18441482,18235012,206470
2020-05-09 21:10:00,kovan,18441499,18235012,206487
2020-05-09 21:11:27,kovan,18441515,18235012,206503
2020-05-09 21:12:50,kovan,18441536,18235012,206524
2020-05-09 21:14:32,kovan,18441554,18235012,206542
2020-05-09 21:16:00,kovan,18441575,18235012,206563
2020-05-09 21:17:43,kovan,18441594,18235012,206582
2020-05-09 21:19:19,kovan,18441612,18235012,206600
2020-05-09 21:20:52,kovan,18441635,18235012,206623
2020-05-09 21:22:46,kovan,18441655,18235012,206643
2020-05-09 21:24:29,kovan,18441672,18235012,206660
2020-05-09 21:25:52,kovan,18441692,18235012,206680
2020-05-09 21:27:33,kovan,18441709,18235012,206697
2020-05-09 21:28:57,kovan,18441727,18235012,206715
2020-05-09 21:30:27,kovan,18441745,18235012,206733
2020-05-09 21:31:55,kovan,18441762,18235012,206750
2020-05-09 21:33:21,kovan,18441779,18235012,206767
2020-05-09 21:34:50,kovan,18441799,18235012,206787
2020-05-09 21:36:29,kovan,18441816,18235012,206804
2020-05-09 21:37:51,kovan,18441835,18235012,206823
2020-05-09 21:39:25,kovan,18441854,18235012,206842
2020-05-09 21:41:02,kovan,18441872,18235012,206860
2020-05-09 21:42:32,kovan,18441889,18235012,206877
2020-05-09 21:43:58,kovan,18441908,18235012,206896
2020-05-09 21:45:32,kovan,18441924,18235012,206912
2020-05-09 21:46:55,kovan,18441942,18235012,206930
2020-05-09 21:48:19,kovan,18441961,18235012,206949
2020-05-09 21:49:57,kovan,18441978,18235012,206966
2020-05-09 21:51:22,kovan,18441995,18235012,206983
2020-05-09 21:52:44,kovan,18442012,18235012,207000
2020-05-09 21:54:12,kovan,18442028,18235012,207016
2020-05-09 21:55:34,kovan,18442045,18235012,207033
2020-05-09 21:56:57,kovan,18442063,18235012,207051
2020-05-09 21:58:24,kovan,18442079,18235012,207067
2020-05-09 21:59:53,kovan,18442099,18235012,207087
2020-05-09 22:01:34,kovan,18442115,18235012,207103
2020-05-09 22:02:57,kovan,18442133,18235012,207121
2020-05-09 22:04:28,kovan,18442150,18235012,207138
2020-05-09 22:05:54,kovan,18442168,18235012,207156
2020-05-09 22:07:25,kovan,18442185,18235012,207173
2020-05-09 22:08:47,kovan,18442203,18235012,207191
2020-05-09 22:10:18,kovan,18442220,18235012,207208
2020-05-09 22:11:40,kovan,18442237,18235012,207225
2020-05-09 22:13:09,kovan,18442261,18235012,207249
2020-05-09 22:15:04,kovan,18442278,18235012,207266
2020-05-09 22:16:34,kovan,18442304,18235012,207292
2020-05-09 22:18:41,kovan,18442329,18235012,207317
2020-05-09 22:20:44,kovan,18442347,18235012,207335
2020-05-09 22:22:17,kovan,18442365,18235012,207353
2020-05-09 22:23:54,kovan,18442387,18235012,207375
2020-05-09 22:25:38,kovan,18442404,18235012,207392
2020-05-09 22:27:09,kovan,18442421,18235012,207409
2020-05-09 22:28:35,kovan,18442438,18235012,207426
2020-05-09 22:29:58,kovan,18442460,18235012,207448
2020-05-09 22:31:49,kovan,18442478,18235012,207466
2020-05-09 22:33:19,kovan,18442496,18235012,207484
2020-05-09 22:34:48,kovan,18442512,18235012,207500
2020-05-09 22:36:11,kovan,18442530,18235012,207518
2020-05-09 22:37:36,kovan,18442549,18235012,207537
2020-05-09 22:39:13,kovan,18442568,18235012,207556
2020-05-09 22:40:43,kovan,18442584,18235012,207572
2020-05-09 22:42:05,kovan,18442600,18235012,207588
2020-05-09 22:43:30,kovan,18442621,18235012,207609
2020-05-09 22:45:10,kovan,18442637,18235012,207625
2020-05-09 22:46:32,kovan,18442656,18235012,207644
2020-05-09 22:48:06,kovan,18442673,18235012,207661
2020-05-09 22:49:34,kovan,18442691,18235012,207679
2020-05-09 22:51:00,kovan,18442710,18235012,207698
2020-05-09 22:52:36,kovan,18442727,18235012,207715
2020-05-09 22:53:58,kovan,18442743,18235012,207731
2020-05-09 22:55:21,kovan,18442760,18235012,207748
2020-05-09 22:56:47,kovan,18442778,18235012,207766
2020-05-09 22:58:17,kovan,18442796,18235012,207784
2020-05-09 22:59:44,kovan,18442812,18235012,207800
2020-05-09 23:01:07,kovan,18442827,18235012,207815
2020-05-09 23:02:29,kovan,18442846,18235012,207834
2020-05-09 23:03:58,kovan,18442865,18235012,207853
2020-05-09 23:05:35,kovan,18442881,18235012,207869
2020-05-09 23:06:58,kovan,18442899,18235012,207887
2020-05-09 23:08:24,kovan,18442917,18235012,207905
2020-05-09 23:09:56,kovan,18442935,18235012,207923
2020-05-09 23:11:25,kovan,18442953,18235012,207941
2020-05-09 23:12:55,kovan,18442971,18235012,207959
2020-05-09 23:14:29,kovan,18442987,18235012,207975
2020-05-09 23:15:52,kovan,18443007,18235012,207995
2020-05-09 23:17:22,kovan,18443023,18235012,208011
2020-05-09 23:18:50,kovan,18443044,18235012,208032
2020-05-09 23:20:32,kovan,18443061,18235012,208049
2020-05-09 23:21:56,kovan,18443079,18235012,208067
2020-05-09 23:23:30,kovan,18443099,18235012,208087
2020-05-09 23:25:04,kovan,18443116,18235012,208104
2020-05-09 23:26:30,kovan,18443132,18235012,208120
2020-05-09 23:27:55,kovan,18443152,18235012,208140
2020-05-09 23:29:36,kovan,18443171,18235012,208159
2020-05-09 23:31:05,kovan,18443190,18235012,208178
2020-05-09 23:32:40,kovan,18443208,18235012,208196
2020-05-09 23:34:12,kovan,18443227,18235012,208215
2020-05-09 23:35:42,kovan,18443243,18235012,208231
2020-05-09 23:37:06,kovan,18443259,18235012,208247
2020-05-09 23:38:30,kovan,18443278,18235012,208266
2020-05-09 23:40:00,kovan,18443296,18235012,208284
2020-05-09 23:41:30,kovan,18443313,18235012,208301
2020-05-09 23:42:56,kovan,18443331,18235012,208319
2020-05-09 23:44:24,kovan,18443347,18235012,208335
2020-05-09 23:45:46,kovan,18443364,18235012,208352
2020-05-09 23:47:11,kovan,18443380,18235012,208368
2020-05-09 23:48:35,kovan,18443399,18235012,208387
2020-05-09 23:50:08,kovan,18443416,18235012,208404
2020-05-09 23:51:32,kovan,18443434,18235012,208422
2020-05-09 23:53:00,kovan,18443453,18235012,208441
2020-05-09 23:54:36,kovan,18443469,18235012,208457
2020-05-09 23:55:58,kovan,18443486,18235012,208474
2020-05-09 23:57:23,kovan,18443503,18235012,208491
2020-05-09 23:58:51,kovan,18443522,18235012,208510
2020-05-10 00:00:21,kovan,18443538,18235012,208526
2020-05-10 00:01:43,kovan,18443555,18235012,208543
2020-05-10 00:03:08,kovan,18443575,18235012,208563
2020-05-10 00:04:47,kovan,18443592,18235012,208580
2020-05-10 00:06:10,kovan,18443609,18235012,208597
2020-05-10 00:07:39,kovan,18443627,18235012,208615
2020-05-10 00:09:11,kovan,18443644,18235012,208632
2020-05-10 00:10:34,kovan,18443661,18235012,208649
2020-05-10 00:11:57,kovan,18443679,18235012,208667
2020-05-10 00:13:30,kovan,18443699,18235012,208687
2020-05-10 00:15:06,kovan,18443715,18235012,208703
2020-05-10 00:16:29,kovan,18443732,18235012,208720
2020-05-10 00:17:51,kovan,18443751,18235012,208739
2020-05-10 00:19:30,kovan,18443771,18235012,208759
2020-05-10 00:21:09,kovan,18443788,18235012,208776
2020-05-10 00:22:31,kovan,18443811,18235012,208799
2020-05-10 00:24:24,kovan,18443833,18235012,208821
2020-05-10 00:26:19,kovan,18443851,18235012,208839
2020-05-10 00:27:50,kovan,18443870,18235012,208858
2020-05-10 00:29:22,kovan,18443889,18235012,208877
2020-05-10 00:30:55,kovan,18443907,18235012,208895
2020-05-10 00:32:28,kovan,18443924,18235012,208912
2020-05-10 00:33:53,kovan,18443945,18235012,208933
2020-05-10 00:35:37,kovan,18443963,18235012,208951
2020-05-10 00:37:05,kovan,18443979,18235012,208967
2020-05-10 00:38:30,kovan,18444000,18235012,208988
2020-05-10 00:40:12,kovan,18444019,18235012,209007
2020-05-10 00:41:44,kovan,18444035,18235012,209023
2020-05-10 00:43:07,kovan,18444053,18235012,209041
2020-05-10 00:44:39,kovan,18444071,18235012,209059
2020-05-10 00:46:11,kovan,18444091,18235012,209079
2020-05-10 00:47:44,kovan,18444109,18235012,209097
2020-05-10 00:49:18,kovan,18444126,18235012,209114
2020-05-10 00:50:40,kovan,18444143,18235012,209131
2020-05-10 00:52:04,kovan,18444159,18235012,209147
2020-05-10 00:53:31,kovan,18444179,18235012,209167
2020-05-10 00:55:08,kovan,18444196,18235012,209184
2020-05-10 00:56:31,kovan,18444213,18235012,209201
2020-05-10 00:57:56,kovan,18444231,18235012,209219
2020-05-10 00:59:26,kovan,18444249,18235012,209237
2020-05-10 01:00:56,kovan,18444265,18235012,209253
2020-05-10 01:02:20,kovan,18444282,18235012,209270
2020-05-10 01:03:49,kovan,18444302,18235012,209290
2020-05-10 01:05:27,kovan,18444319,18235012,209307
2020-05-10 01:06:54,kovan,18444336,18235012,209324
2020-05-10 01:08:16,kovan,18444354,18235012,209342
2020-05-10 01:09:42,kovan,18444370,18235012,209358
2020-05-10 01:11:07,kovan,18444388,18235012,209376
2020-05-10 01:12:37,kovan,18444405,18235012,209393
2020-05-10 01:13:59,kovan,18444421,18235012,209409
2020-05-10 01:15:22,kovan,18444438,18235012,209426
2020-05-10 01:16:45,kovan,18444454,18235012,209442
2020-05-10 01:18:11,kovan,18444473,18235012,209461
2020-05-10 01:19:42,kovan,18444490,18235012,209478
2020-05-10 01:21:09,kovan,18444507,18235012,209495
2020-05-10 01:22:35,kovan,18444525,18235012,209513
2020-05-10 01:24:01,kovan,18444543,18235012,209531
2020-05-10 01:25:34,kovan,18444560,18235012,209548
2020-05-10 01:26:57,kovan,18444578,18235012,209566
2020-05-10 01:28:25,kovan,18444595,18235012,209583
2020-05-10 01:29:52,kovan,18444613,18235012,209601
2020-05-10 01:31:19,kovan,18444630,18235012,209618
2020-05-10 01:32:44,kovan,18444646,18235012,209634
2020-05-10 01:34:11,kovan,18444664,18235012,209652
2020-05-10 01:35:36,kovan,18444681,18235012,209669
2020-05-10 01:37:01,kovan,18444698,18235012,209686
2020-05-10 01:38:28,kovan,18444715,18235012,209703
2020-05-10 01:39:52,kovan,18444732,18235012,209720
2020-05-10 01:41:14,kovan,18444749,18235012,209737
2020-05-10 01:42:41,kovan,18444768,18235012,209756
2020-05-10 01:44:18,kovan,18444785,18235012,209773
2020-05-10 01:45:40,kovan,18444802,18235012,209790
2020-05-10 01:47:04,kovan,18444818,18235012,209806
2020-05-10 01:48:31,kovan,18444838,18235012,209826
2020-05-10 01:50:05,kovan,18444854,18235012,209842
2020-05-10 01:51:27,kovan,18444870,18235012,209858
2020-05-10 01:52:49,kovan,18444889,18235012,209877
2020-05-10 01:54:21,kovan,18444906,18235012,209894
2020-05-10 01:55:47,kovan,18444922,18235012,209910
2020-05-10 01:57:11,kovan,18444940,18235012,209928
2020-05-10 01:58:36,kovan,18444960,18235012,209948
2020-05-10 02:00:14,kovan,18444976,18235012,209964
2020-05-10 02:01:36,kovan,18444992,18235012,209980
2020-05-10 02:03:00,kovan,18445012,18235012,210000
2020-05-10 02:04:39,kovan,18445030,18235012,210018
2020-05-10 02:06:06,kovan,18445047,18235012,210035
2020-05-10 02:07:32,kovan,18445064,18235012,210052
2020-05-10 02:08:57,kovan,18445082,18235012,210070
2020-05-10 02:10:29,kovan,18445099,18235012,210087
2020-05-10 02:11:54,kovan,18445117,18235012,210105
2020-05-10 02:13:20,kovan,18445135,18235012,210123
2020-05-10 02:14:53,kovan,18445153,18235012,210141
2020-05-10 02:16:22,kovan,18445170,18235012,210158
2020-05-10 02:17:51,kovan,18445190,18235012,210178
2020-05-10 02:19:23,kovan,18445206,18235012,210194
2020-05-10 02:20:45,kovan,18445222,18235012,210210
2020-05-10 02:22:09,kovan,18445239,18235012,210227
2020-05-10 02:23:32,kovan,18445257,18235012,210245
2020-05-10 02:25:00,kovan,18445274,18235012,210262
2020-05-10 02:26:22,kovan,18445291,18235012,210279
2020-05-10 02:27:54,kovan,18445309,18235012,210297
2020-05-10 02:29:25,kovan,18445325,18235012,210313
2020-05-10 02:30:51,kovan,18445342,18235012,210330
2020-05-10 02:32:15,kovan,18445360,18235012,210348
2020-05-10 02:33:47,kovan,18445380,18235012,210368
2020-05-10 02:35:30,kovan,18445397,18235012,210385
2020-05-10 02:36:52,kovan,18445416,18235012,210404
2020-05-10 02:38:25,kovan,18445436,18235012,210424
2020-05-10 02:40:02,kovan,18445451,18235012,210439
2020-05-10 02:41:24,kovan,18445468,18235012,210456
2020-05-10 02:42:49,kovan,18445487,18235012,210475
2020-05-10 02:44:23,kovan,18445505,18235012,210493
2020-05-10 02:45:53,kovan,18445521,18235012,210509
2020-05-10 02:47:15,kovan,18445539,18235012,210527
2020-05-10 02:48:40,kovan,18445556,18235012,210544
2020-05-10 02:50:07,kovan,18445575,18235012,210563
2020-05-10 02:51:39,kovan,18445591,18235012,210579
2020-05-10 02:53:01,kovan,18445609,18235012,210597
2020-05-10 02:54:32,kovan,18445628,18235012,210616
2020-05-10 02:56:03,kovan,18445644,18235012,210632
2020-05-10 02:57:25,kovan,18445660,18235012,210648
2020-05-10 02:58:47,kovan,18445676,18235012,210664
2020-05-10 03:00:11,kovan,18445695,18235012,210683
2020-05-10 03:01:40,kovan,18445712,18235012,210700
2020-05-10 03:03:03,kovan,18445728,18235012,210716
2020-05-10 03:04:30,kovan,18445745,18235012,210733
2020-05-10 03:05:52,kovan,18445763,18235012,210751
2020-05-10 03:07:18,kovan,18445780,18235012,210768
2020-05-10 03:08:45,kovan,18445798,18235012,210786
2020-05-10 03:10:16,kovan,18445817,18235012,210805
2020-05-10 03:11:49,kovan,18445833,18235012,210821
2020-05-10 03:13:12,kovan,18445852,18235012,210840
2020-05-10 03:14:45,kovan,18445868,18235012,210856
2020-05-10 03:16:07,kovan,18445885,18235012,210873
2020-05-10 03:17:33,kovan,18445903,18235012,210891
2020-05-10 03:19:01,kovan,18445920,18235012,210908
2020-05-10 03:20:23,kovan,18445936,18235012,210924
2020-05-10 03:21:50,kovan,18445954,18235012,210942
2020-05-10 03:23:16,kovan,18445973,18235012,210961
2020-05-10 03:24:54,kovan,18445990,18235012,210978
2020-05-10 03:26:17,kovan,18446008,18235012,210996
2020-05-10 03:27:43,kovan,18446026,18235012,211014
2020-05-10 03:29:16,kovan,18446042,18235012,211030
2020-05-10 03:30:38,kovan,18446058,18235012,211046
2020-05-10 03:32:00,kovan,18446076,18235012,211064
2020-05-10 03:33:23,kovan,18446094,18235012,211082
2020-05-10 03:34:57,kovan,18446111,18235012,211099
2020-05-10 03:36:21,kovan,18446128,18235012,211116
2020-05-10 03:37:46,kovan,18446146,18235012,211134
2020-05-10 03:39:18,kovan,18446163,18235012,211151
2020-05-10 03:40:40,kovan,18446180,18235012,211168
2020-05-10 03:42:03,kovan,18446197,18235012,211185
2020-05-10 03:43:31,kovan,18446216,18235012,211204
2020-05-10 03:45:07,kovan,18446233,18235012,211221
2020-05-10 03:46:29,kovan,18446249,18235012,211237
2020-05-10 03:47:54,kovan,18446267,18235012,211255
2020-05-10 03:49:21,kovan,18446284,18235012,211272
2020-05-10 03:50:48,kovan,18446300,18235012,211288
2020-05-10 03:52:10,kovan,18446318,18235012,211306
2020-05-10 03:53:37,kovan,18446336,18235012,211324
2020-05-10 03:55:10,kovan,18446353,18235012,211341
2020-05-10 03:56:33,kovan,18446370,18235012,211358
2020-05-10 03:57:56,kovan,18446387,18235012,211375
2020-05-10 03:59:19,kovan,18446404,18235012,211392
2020-05-10 04:00:50,kovan,18446421,18235012,211409
2020-05-10 04:02:18,kovan,18446438,18235012,211426
2020-05-10 04:03:40,kovan,18446455,18235012,211443
2020-05-10 04:05:06,kovan,18446473,18235012,211461
2020-05-10 04:06:39,kovan,18446490,18235012,211478
2020-05-10 04:08:03,kovan,18446508,18235012,211496
2020-05-10 04:09:32,kovan,18446526,18235012,211514
2020-05-10 04:11:03,kovan,18446543,18235012,211531
2020-05-10 04:12:25,kovan,18446559,18235012,211547
2020-05-10 04:13:47,kovan,18446576,18235012,211564
2020-05-10 04:15:17,kovan,18446594,18235012,211582
2020-05-10 04:16:43,kovan,18446612,18235012,211600
2020-05-10 04:18:18,kovan,18446629,18235012,211617
2020-05-10 04:19:42,kovan,18446646,18235012,211634
2020-05-10 04:21:09,kovan,18446664,18235012,211652
2020-05-10 04:22:35,kovan,18446679,18235012,211667
2020-05-10 04:23:58,kovan,18446696,18235012,211684
2020-05-10 04:25:20,kovan,18446712,18235012,211700
2020-05-10 04:26:45,kovan,18446728,18235012,211716
2020-05-10 04:28:08,kovan,18446747,18235012,211735
2020-05-10 04:29:40,kovan,18446763,18235012,211751
2020-05-10 04:31:02,kovan,18446780,18235012,211768
2020-05-10 04:32:27,kovan,18446798,18235012,211786
2020-05-10 04:33:55,kovan,18446815,18235012,211803
2020-05-10 04:35:21,kovan,18446832,18235012,211820
2020-05-10 04:36:43,kovan,18446848,18235012,211836
2020-05-10 04:38:08,kovan,18446866,18235012,211854
2020-05-10 04:39:38,kovan,18446883,18235012,211871
2020-05-10 04:41:00,kovan,18446900,18235012,211888
2020-05-10 04:42:26,kovan,18446918,18235012,211906
2020-05-10 04:43:54,kovan,18446936,18235012,211924
2020-05-10 04:45:24,kovan,18446976,18235012,211964
2020-05-10 04:48:43,kovan,18447012,18235012,212000
2020-05-10 04:51:50,kovan,18447031,18235012,212019
2020-05-10 04:53:21,kovan,18447048,18235012,212036
2020-05-10 04:54:48,kovan,18447064,18235012,212052
2020-05-10 04:56:10,kovan,18447081,18235012,212069
2020-05-10 04:57:32,kovan,18447098,18235012,212086
2020-05-10 04:58:54,kovan,18447114,18235012,212102
2020-05-10 05:00:16,kovan,18447130,18235012,212118
2020-05-10 05:01:39,kovan,18447148,18235012,212136
2020-05-10 05:03:08,kovan,18447168,18235012,212156
2020-05-10 05:04:44,kovan,18447184,18235012,212172
2020-05-10 05:06:07,kovan,18447200,18235012,212188
2020-05-10 05:07:29,kovan,18447217,18235012,212205
2020-05-10 05:08:52,kovan,18447234,18235012,212222
2020-05-10 05:10:14,kovan,18447250,18235012,212238
2020-05-10 05:11:39,kovan,18447268,18235012,212256
2020-05-10 05:13:08,kovan,18447285,18235012,212273
2020-05-10 05:14:35,kovan,18447302,18235012,212290
2020-05-10 05:15:57,kovan,18447320,18235012,212308
2020-05-10 05:17:24,kovan,18447336,18235012,212324
2020-05-10 05:18:46,kovan,18447354,18235012,212342
2020-05-10 05:20:17,kovan,18447372,18235012,212360
2020-05-10 05:21:48,kovan,18447389,18235012,212377
2020-05-10 05:23:10,kovan,18447406,18235012,212394
2020-05-10 05:24:37,kovan,18447424,18235012,212412
2020-05-10 05:26:03,kovan,18447440,18235012,212428
2020-05-10 05:27:25,kovan,18447458,18235012,212446
2020-05-10 05:28:57,kovan,18447479,18235012,212467
2020-05-10 05:30:40,kovan,18447496,18235012,212484
2020-05-10 05:32:06,kovan,18447513,18235012,212501
2020-05-10 05:33:32,kovan,18447532,18235012,212520
2020-05-10 05:35:05,kovan,18447549,18235012,212537
2020-05-10 05:36:31,kovan,18447566,18235012,212554
2020-05-10 05:37:56,kovan,18447584,18235012,212572
2020-05-10 05:39:30,kovan,18447602,18235012,212590
2020-05-10 05:40:56,kovan,18447619,18235012,212607
2020-05-10 05:42:18,kovan,18447636,18235012,212624
2020-05-10 05:43:47,kovan,18447652,18235012,212640
2020-05-10 05:45:09,kovan,18447670,18235012,212658
2020-05-10 05:46:34,kovan,18447688,18235012,212676
2020-05-10 05:48:03,kovan,18447704,18235012,212692
2020-05-10 05:49:29,kovan,18447722,18235012,212710
2020-05-10 05:50:56,kovan,18447738,18235012,212726
2020-05-10 05:52:18,kovan,18447755,18235012,212743
2020-05-10 05:53:40,kovan,18447772,18235012,212760
2020-05-10 05:55:05,kovan,18447788,18235012,212776
2020-05-10 05:56:29,kovan,18447805,18235012,212793
2020-05-10 05:57:54,kovan,18447823,18235012,212811
2020-05-10 05:59:23,kovan,18447840,18235012,212828
2020-05-10 06:00:45,kovan,18447856,18235012,212844
2020-05-10 06:02:07,kovan,18447873,18235012,212861
2020-05-10 06:03:34,kovan,18447892,18235012,212880
2020-05-10 06:05:04,kovan,18447908,18235012,212896
2020-05-10 06:06:26,kovan,18447926,18235012,212914
2020-05-10 06:07:54,kovan,18447943,18235012,212931
2020-05-10 06:09:24,kovan,18447960,18235012,212948
2020-05-10 06:10:46,kovan,18447976,18235012,212964
2020-05-10 06:12:08,kovan,18447993,18235012,212981
2020-05-10 06:13:33,kovan,18448010,18235012,212998
2020-05-10 06:14:58,kovan,18448027,18235012,213015
2020-05-10 06:16:20,kovan,18448044,18235012,213032
2020-05-10 06:17:44,kovan,18448062,18235012,213050
2020-05-10 06:19:17,kovan,18448079,18235012,213067
2020-05-10 06:20:40,kovan,18448095,18235012,213083
2020-05-10 06:22:02,kovan,18448114,18235012,213102
2020-05-10 06:23:37,kovan,18448132,18235012,213120
2020-05-10 06:25:08,kovan,18448148,18235012,213136
2020-05-10 06:26:32,kovan,18448163,18235012,213151
2020-05-10 06:27:55,kovan,18448181,18235012,213169
2020-05-10 06:29:21,kovan,18448198,18235012,213186
2020-05-10 06:30:46,kovan,18448216,18235012,213204
2020-05-10 06:32:16,kovan,18448233,18235012,213221
2020-05-10 06:33:38,kovan,18448249,18235012,213237
2020-05-10 06:35:02,kovan,18448266,18235012,213254
2020-05-10 06:36:28,kovan,18448283,18235012,213271
2020-05-10 06:37:52,kovan,18448300,18235012,213288
2020-05-10 06:39:18,kovan,18448317,18235012,213305
2020-05-10 06:40:40,kovan,18448334,18235012,213322
2020-05-10 06:42:02,kovan,18448351,18235012,213339
2020-05-10 06:43:32,kovan,18448370,18235012,213358
2020-05-10 06:45:04,kovan,18448386,18235012,213374
2020-05-10 06:46:27,kovan,18448403,18235012,213391
2020-05-10 06:47:54,kovan,18448423,18235012,213411
2020-05-10 06:49:33,kovan,18448441,18235012,213429
2020-05-10 06:50:58,kovan,18448457,18235012,213445
2020-05-10 06:52:22,kovan,18448474,18235012,213462
2020-05-10 06:53:44,kovan,18448490,18235012,213478
2020-05-10 06:55:07,kovan,18448507,18235012,213495
2020-05-10 06:56:34,kovan,18448525,18235012,213513
2020-05-10 06:58:01,kovan,18448542,18235012,213530
2020-05-10 06:59:26,kovan,18448558,18235012,213546
2020-05-10 07:00:48,kovan,18448576,18235012,213564
2020-05-10 07:02:17,kovan,18448594,18235012,213582
2020-05-10 07:03:45,kovan,18448610,18235012,213598
2020-05-10 07:05:07,kovan,18448626,18235012,213614
2020-05-10 07:06:29,kovan,18448644,18235012,213632
2020-05-10 07:07:55,kovan,18448662,18235012,213650
2020-05-10 07:09:26,kovan,18448678,18235012,213666
2020-05-10 07:10:48,kovan,18448694,18235012,213682
2020-05-10 07:12:10,kovan,18448711,18235012,213699
2020-05-10 07:13:33,kovan,18448730,18235012,213718
2020-05-10 07:15:08,kovan,18448748,18235012,213736
2020-05-10 07:16:37,kovan,18448768,18235012,213756
2020-05-10 07:18:15,kovan,18448784,18235012,213772
2020-05-10 07:19:38,kovan,18448801,18235012,213789
2020-05-10 07:21:01,kovan,18448818,18235012,213806
2020-05-10 07:22:28,kovan,18448836,18235012,213824
2020-05-10 07:23:57,kovan,18448853,18235012,213841
2020-05-10 07:25:19,kovan,18448869,18235012,213857
2020-05-10 07:26:41,kovan,18448886,18235012,213874
2020-05-10 07:28:09,kovan,18448905,18235012,213893
2020-05-10 07:29:41,kovan,18448921,18235012,213909
2020-05-10 07:31:03,kovan,18448938,18235012,213926
2020-05-10 07:32:28,kovan,18448957,18235012,213945
2020-05-10 07:34:00,kovan,18448974,18235012,213962
2020-05-10 07:35:24,kovan,18448990,18235012,213978
2020-05-10 07:36:46,kovan,18449006,18235012,213994
2020-05-10 07:38:09,kovan,18449024,18235012,214012
2020-05-10 07:39:39,kovan,18449042,18235012,214030
2020-05-10 07:41:09,kovan,18449060,18235012,214048
2020-05-10 07:42:36,kovan,18449077,18235012,214065
2020-05-10 07:43:58,kovan,18449093,18235012,214081
2020-05-10 07:45:20,kovan,18449110,18235012,214098
2020-05-10 07:46:52,kovan,18449129,18235012,214117
2020-05-10 07:48:22,kovan,18449147,18235012,214135
2020-05-10 07:49:50,kovan,18449163,18235012,214151
2020-05-10 07:51:12,kovan,18449179,18235012,214167
2020-05-10 07:52:35,kovan,18449198,18235012,214186
2020-05-10 07:54:07,kovan,18449214,18235012,214202
2020-05-10 07:55:29,kovan,18449231,18235012,214219
2020-05-10 07:56:51,kovan,18449248,18235012,214236
2020-05-10 07:58:18,kovan,18449268,18235012,214256
2020-05-10 07:59:57,kovan,18449286,18235012,214274
2020-05-10 08:01:33,kovan,18449304,18235012,214292
2020-05-10 08:02:55,kovan,18449322,18235012,214310
2020-05-10 08:04:23,kovan,18449338,18235012,214326
2020-05-10 08:05:51,kovan,18449355,18235012,214343
2020-05-10 08:07:13,kovan,18449372,18235012,214360
2020-05-10 08:08:35,kovan,18449391,18235012,214379
2020-05-10 08:10:14,kovan,18449408,18235012,214396
2020-05-10 08:11:37,kovan,18449425,18235012,214413
2020-05-10 08:12:59,kovan,18449446,18235012,214434
2020-05-10 08:14:44,kovan,18449462,18235012,214450
2020-05-10 08:16:06,kovan,18449479,18235012,214467
2020-05-10 08:17:31,kovan,18449498,18235012,214486
2020-05-10 08:19:09,kovan,18449514,18235012,214502
2020-05-10 08:20:31,kovan,18449532,18235012,214520
2020-05-10 08:21:55,kovan,18449549,18235012,214537
2020-05-10 08:23:18,kovan,18449581,18235012,214569
2020-05-10 08:25:58,kovan,18449604,18235012,214592
2020-05-10 08:27:56,kovan,18449620,18235012,214608
2020-05-10 08:29:20,kovan,18449638,18235012,214626
2020-05-10 08:30:49,kovan,18449655,18235012,214643
2020-05-10 08:32:11,kovan,18449673,18235012,214661
2020-05-10 08:33:41,kovan,18449692,18235012,214680
2020-05-10 08:35:16,kovan,18449709,18235012,214697
2020-05-10 08:36:38,kovan,18449726,18235012,214714
2020-05-10 08:38:07,kovan,18449743,18235012,214731
2020-05-10 08:39:31,kovan,18449759,18235012,214747
2020-05-10 08:40:53,kovan,18449777,18235012,214765
2020-05-10 08:42:21,kovan,18449794,18235012,214782
2020-05-10 08:43:46,kovan,18449810,18235012,214798
2020-05-10 08:45:09,kovan,18449827,18235012,214815
2020-05-10 08:46:31,kovan,18449843,18235012,214831
2020-05-10 08:47:53,kovan,18449860,18235012,214848
2020-05-10 08:49:17,kovan,18449877,18235012,214865
2020-05-10 08:50:41,kovan,18449894,18235012,214882
2020-05-10 08:52:07,kovan,18449910,18235012,214898
2020-05-10 08:53:30,kovan,18449929,18235012,214917
2020-05-10 08:55:01,kovan,18449946,18235012,214934
2020-05-10 08:56:23,kovan,18449965,18235012,214953
2020-05-10 08:57:59,kovan,18449985,18235012,214973
2020-05-10 08:59:41,kovan,18450002,18235012,214990
2020-05-10 09:01:03,kovan,18450018,18235012,215006
2020-05-10 09:02:26,kovan,18450036,18235012,215024
2020-05-10 09:03:53,kovan,18450054,18235012,215042
2020-05-10 09:05:28,kovan,18450070,18235012,215058
2020-05-10 09:06:51,kovan,18450088,18235012,215076
2020-05-10 09:08:15,kovan,18450107,18235012,215095
2020-05-10 09:09:51,kovan,18450125,18235012,215113
2020-05-10 09:11:21,kovan,18450142,18235012,215130
2020-05-10 09:12:49,kovan,18450161,18235012,215149
2020-05-10 09:14:20,kovan,18450178,18235012,215166
2020-05-10 09:15:44,kovan,18450202,18235012,215190
2020-05-10 09:17:44,kovan,18450221,18235012,215209
2020-05-10 09:19:22,kovan,18450238,18235012,215226
2020-05-10 09:20:46,kovan,18450254,18235012,215242
2020-05-10 09:22:08,kovan,18450272,18235012,215260
2020-05-10 09:23:35,kovan,18450292,18235012,215280
2020-05-10 09:25:17,kovan,18450310,18235012,215298
2020-05-10 09:26:42,kovan,18450326,18235012,215314
2020-05-10 09:28:10,kovan,18450349,18235012,215337
2020-05-10 09:30:01,kovan,18450366,18235012,215354
2020-05-10 09:31:26,kovan,18450382,18235012,215370
2020-05-10 09:32:48,kovan,18450401,18235012,215389
2020-05-10 09:34:23,kovan,18450422,18235012,215410
2020-05-10 09:36:06,kovan,18450438,18235012,215426
2020-05-10 09:37:28,kovan,18450455,18235012,215443
2020-05-10 09:38:51,kovan,18450474,18235012,215462
2020-05-10 09:40:26,kovan,18450491,18235012,215479
2020-05-10 09:41:53,kovan,18450508,18235012,215496
2020-05-10 09:43:18,kovan,18450526,18235012,215514
2020-05-10 09:44:48,kovan,18450548,18235012,215536
2020-05-10 09:46:36,kovan,18450565,18235012,215553
2020-05-10 09:48:02,kovan,18450583,18235012,215571
2020-05-10 09:49:34,kovan,18450600,18235012,215588
2020-05-10 09:50:56,kovan,18450618,18235012,215606
2020-05-10 09:52:28,kovan,18450635,18235012,215623
2020-05-10 09:53:53,kovan,18450652,18235012,215640
2020-05-10 09:55:16,kovan,18450669,18235012,215657
2020-05-10 09:56:38,kovan,18450685,18235012,215673
2020-05-10 09:58:01,kovan,18450703,18235012,215691
2020-05-10 09:59:34,kovan,18450721,18235012,215709
2020-05-10 10:00:59,kovan,18450738,18235012,215726
2020-05-10 10:02:25,kovan,18450754,18235012,215742
2020-05-10 10:03:48,kovan,18450772,18235012,215760
2020-05-10 10:05:17,kovan,18450793,18235012,215781
2020-05-10 10:06:59,kovan,18450810,18235012,215798
2020-05-10 10:08:22,kovan,18450827,18235012,215815
2020-05-10 10:09:54,kovan,18450844,18235012,215832
2020-05-10 10:11:17,kovan,18450861,18235012,215849
2020-05-10 10:12:42,kovan,18450883,18235012,215871
2020-05-10 10:14:30,kovan,18450899,18235012,215887
2020-05-10 10:15:52,kovan,18450922,18235012,215910
2020-05-10 10:17:46,kovan,18450942,18235012,215930
2020-05-10 10:19:25,kovan,18450959,18235012,215947
2020-05-10 10:20:52,kovan,18450975,18235012,215963
2020-05-10 10:22:14,kovan,18450996,18235012,215984
2020-05-10 10:23:59,kovan,18451013,18235012,216001
2020-05-10 10:25:21,kovan,18451030,18235012,216018
2020-05-10 10:26:44,kovan,18451050,18235012,216038
2020-05-10 10:28:23,kovan,18451072,18235012,216060
2020-05-10 10:30:18,kovan,18451094,18235012,216082
2020-05-10 10:32:04,kovan,18451111,18235012,216099
2020-05-10 10:33:34,kovan,18451130,18235012,216118
2020-05-10 10:35:10,kovan,18451149,18235012,216137
2020-05-10 10:36:39,kovan,18451166,18235012,216154
2020-05-10 10:38:09,kovan,18451186,18235012,216174
2020-05-10 10:39:46,kovan,18451205,18235012,216193
2020-05-10 10:41:22,kovan,18451222,18235012,216210
2020-05-10 10:42:49,kovan,18451246,18235012,216234
2020-05-10 10:44:49,kovan,18451266,18235012,216254
2020-05-10 10:46:29,kovan,18451283,18235012,216271
2020-05-10 10:47:52,kovan,18451302,18235012,216290
2020-05-10 10:49:29,kovan,18451322,18235012,216310
2020-05-10 10:51:03,kovan,18451344,18235012,216332
2020-05-10 10:52:58,kovan,18451361,18235012,216349
2020-05-10 10:54:24,kovan,18451380,18235012,216368
2020-05-10 10:55:56,kovan,18451399,18235012,216387
2020-05-10 10:57:31,kovan,18451415,18235012,216403
2020-05-10 10:58:54,kovan,18451432,18235012,216420
2020-05-10 11:00:16,kovan,18451449,18235012,216437
2020-05-10 11:01:40,kovan,18451467,18235012,216455
2020-05-10 11:03:12,kovan,18451486,18235012,216474
2020-05-10 11:04:46,kovan,18451502,18235012,216490
2020-05-10 11:06:11,kovan,18451521,18235012,216509
2020-05-10 11:07:38,kovan,18451540,18235012,216528
2020-05-10 11:09:20,kovan,18451557,18235012,216545
2020-05-10 11:10:42,kovan,18451574,18235012,216562
2020-05-10 11:12:06,kovan,18451590,18235012,216578
2020-05-10 11:13:29,kovan,18451608,18235012,216596
2020-05-10 11:14:57,kovan,18451625,18235012,216613
2020-05-10 11:16:20,kovan,18451643,18235012,216631
2020-05-10 11:17:53,kovan,18451662,18235012,216650
2020-05-10 11:19:24,kovan,18451678,18235012,216666
2020-05-10 11:20:48,kovan,18451695,18235012,216683
2020-05-10 11:22:13,kovan,18451715,18235012,216703
2020-05-10 11:23:51,kovan,18451734,18235012,216722
2020-05-10 11:25:30,kovan,18451751,18235012,216739
2020-05-10 11:26:53,kovan,18451768,18235012,216756
2020-05-10 11:28:16,kovan,18451789,18235012,216777
2020-05-10 11:30:00,kovan,18451806,18235012,216794
2020-05-10 11:31:28,kovan,18451824,18235012,216812
2020-05-10 11:32:57,kovan,18451842,18235012,216830
2020-05-10 11:34:28,kovan,18451859,18235012,216847
2020-05-10 11:35:51,kovan,18451875,18235012,216863
2020-05-10 11:37:13,kovan,18451892,18235012,216880
2020-05-10 11:38:37,kovan,18451917,18235012,216905
2020-05-10 11:40:38,kovan,18451933,18235012,216921
2020-05-10 11:42:01,kovan,18451954,18235012,216942
2020-05-10 11:43:46,kovan,18451970,18235012,216958
2020-05-10 11:45:08,kovan,18451986,18235012,216974
2020-05-10 11:46:30,kovan,18452004,18235012,216992
2020-05-10 11:47:56,kovan,18452022,18235012,217010
2020-05-10 11:49:28,kovan,18452042,18235012,217030
2020-05-10 11:51:07,kovan,18452060,18235012,217048
2020-05-10 11:52:36,kovan,18452081,18235012,217069
2020-05-10 11:54:21,kovan,18452097,18235012,217085
2020-05-10 11:55:44,kovan,18452114,18235012,217102
2020-05-10 11:57:06,kovan,18452132,18235012,217120
2020-05-10 11:58:35,kovan,18452149,18235012,217137
2020-05-10 12:00:01,kovan,18452171,18235012,217159
2020-05-10 12:01:54,kovan,18452193,18235012,217181
2020-05-10 12:03:39,kovan,18452209,18235012,217197
2020-05-10 12:05:01,kovan,18452232,18235012,217220
2020-05-10 12:06:57,kovan,18452251,18235012,217239
2020-05-10 12:08:31,kovan,18452270,18235012,217258
2020-05-10 12:10:04,kovan,18452286,18235012,217274
2020-05-10 12:11:26,kovan,18452302,18235012,217290
2020-05-10 12:12:49,kovan,18452320,18235012,217308
2020-05-10 12:14:17,kovan,18452337,18235012,217325
2020-05-10 12:15:43,kovan,18452354,18235012,217342
2020-05-10 12:17:06,kovan,18452372,18235012,217360
2020-05-10 12:18:38,kovan,18452390,18235012,217378
2020-05-10 12:20:08,kovan,18452406,18235012,217394
2020-05-10 12:21:30,kovan,18452425,18235012,217413
2020-05-10 12:23:02,kovan,18452444,18235012,217432
2020-05-10 12:24:39,kovan,18452461,18235012,217449
2020-05-10 12:26:01,kovan,18452478,18235012,217466
2020-05-10 12:27:24,kovan,18452500,18235012,217488
2020-05-10 12:29:14,kovan,18452517,18235012,217505
2020-05-10 12:30:40,kovan,18452534,18235012,217522
2020-05-10 12:32:03,kovan,18452553,18235012,217541
2020-05-10 12:33:40,kovan,18452572,18235012,217560
2020-05-10 12:35:16,kovan,18452593,18235012,217581
2020-05-10 12:36:58,kovan,18452613,18235012,217601
2020-05-10 12:38:41,kovan,18452634,18235012,217622
2020-05-10 12:40:27,kovan,18452652,18235012,217640
2020-05-10 12:41:56,kovan,18452673,18235012,217661
2020-05-10 12:43:41,kovan,18452692,18235012,217680
2020-05-10 12:45:17,kovan,18452709,18235012,217697
2020-05-10 12:46:40,kovan,18452726,18235012,217714
2020-05-10 12:48:02,kovan,18452742,18235012,217730
2020-05-10 12:49:28,kovan,18452759,18235012,217747
2020-05-10 12:50:52,kovan,18452775,18235012,217763
2020-05-10 12:52:14,kovan,18452792,18235012,217780
2020-05-10 12:53:37,kovan,18452810,18235012,217798
2020-05-10 12:55:06,kovan,18452828,18235012,217816
2020-05-10 12:56:35,kovan,18452849,18235012,217837
2020-05-10 12:58:24,kovan,18452870,18235012,217858
2020-05-10 13:00:12,kovan,18452888,18235012,217876
2020-05-10 13:01:37,kovan,18452905,18235012,217893
2020-05-10 13:03:00,kovan,18452924,18235012,217912
2020-05-10 13:04:34,kovan,18452946,18235012,217934
2020-05-10 13:06:25,kovan,18452963,18235012,217951
2020-05-10 13:07:56,kovan,18452982,18235012,217970
2020-05-10 13:09:27,kovan,18452998,18235012,217986
2020-05-10 13:10:50,kovan,18453015,18235012,218003
2020-05-10 13:12:15,kovan,18453049,18235012,218037
2020-05-10 13:15:04,kovan,18453067,18235012,218055
2020-05-10 13:16:30,kovan,18453083,18235012,218071
2020-05-10 13:17:53,kovan,18453102,18235012,218090
2020-05-10 13:19:22,kovan,18453119,18235012,218107
2020-05-10 13:20:52,kovan,18453138,18235012,218126
2020-05-10 13:22:29,kovan,18453155,18235012,218143
2020-05-10 13:23:54,kovan,18453172,18235012,218160
2020-05-10 13:25:16,kovan,18453189,18235012,218177
2020-05-10 13:26:42,kovan,18453206,18235012,218194
2020-05-10 13:28:10,kovan,18453226,18235012,218214
2020-05-10 13:29:42,kovan,18453242,18235012,218230
2020-05-10 13:31:04,kovan,18453258,18235012,218246
2020-05-10 13:32:30,kovan,18453276,18235012,218264
2020-05-10 13:33:56,kovan,18453294,18235012,218282
2020-05-10 13:35:28,kovan,18453311,18235012,218299
2020-05-10 13:36:51,kovan,18453327,18235012,218315
2020-05-10 13:38:13,kovan,18453344,18235012,218332
2020-05-10 13:39:36,kovan,18453361,18235012,218349
2020-05-10 13:41:01,kovan,18453377,18235012,218365
2020-05-10 13:42:23,kovan,18453394,18235012,218382
2020-05-10 13:43:47,kovan,18453412,18235012,218400
2020-05-10 13:45:15,kovan,18453430,18235012,218418
2020-05-10 13:46:45,kovan,18453451,18235012,218439
2020-05-10 13:48:33,kovan,18453469,18235012,218457
2020-05-10 13:50:02,kovan,18453486,18235012,218474
2020-05-10 13:51:26,kovan,18453502,18235012,218490
2020-05-10 13:52:48,kovan,18453521,18235012,218509
2020-05-10 13:54:21,kovan,18453542,18235012,218530
2020-05-10 13:56:04,kovan,18453558,18235012,218546
2020-05-10 13:57:26,kovan,18453575,18235012,218563
2020-05-10 13:58:52,kovan,18453595,18235012,218583
2020-05-10 14:00:34,kovan,18453612,18235012,218600
2020-05-10 14:01:56,kovan,18453630,18235012,218618
2020-05-10 14:03:22,kovan,18453647,18235012,218635
2020-05-10 14:04:54,kovan,18453665,18235012,218653
2020-05-10 14:06:22,kovan,18453684,18235012,218672
2020-05-10 14:07:54,kovan,18453701,18235012,218689
2020-05-10 14:09:20,kovan,18453718,18235012,218706
2020-05-10 14:10:42,kovan,18453735,18235012,218723
2020-05-10 14:12:10,kovan,18453752,18235012,218740
2020-05-10 14:13:36,kovan,18453768,18235012,218756
2020-05-10 14:14:59,kovan,18453785,18235012,218773
2020-05-10 14:16:21,kovan,18453802,18235012,218790
2020-05-10 14:17:49,kovan,18453818,18235012,218806
2020-05-10 14:19:13,kovan,18453835,18235012,218823
2020-05-10 14:20:35,kovan,18453851,18235012,218839
2020-05-10 14:21:57,kovan,18453868,18235012,218856
2020-05-10 14:23:19,kovan,18453886,18235012,218874
2020-05-10 14:24:52,kovan,18453905,18235012,218893
2020-05-10 14:26:26,kovan,18453921,18235012,218909
2020-05-10 14:27:48,kovan,18453939,18235012,218927
2020-05-10 14:29:16,kovan,18453956,18235012,218944
2020-05-10 14:30:38,kovan,18453972,18235012,218960
2020-05-10 14:32:01,kovan,18453990,18235012,218978
2020-05-10 14:33:33,kovan,18454007,18235012,218995
2020-05-10 14:34:55,kovan,18454024,18235012,219012
2020-05-10 14:36:19,kovan,18454041,18235012,219029
2020-05-10 14:37:44,kovan,18454058,18235012,219046
2020-05-10 14:39:14,kovan,18454077,18235012,219065
2020-05-10 14:40:46,kovan,18454093,18235012,219081
2020-05-10 14:42:08,kovan,18454110,18235012,219098
2020-05-10 14:43:34,kovan,18454127,18235012,219115
2020-05-10 14:44:56,kovan,18454148,18235012,219136
2020-05-10 14:46:37,kovan,18454166,18235012,219154
2020-05-10 14:48:12,kovan,18454185,18235012,219173
2020-05-10 14:49:47,kovan,18454202,18235012,219190
2020-05-10 14:51:12,kovan,18454219,18235012,219207
2020-05-10 14:52:35,kovan,18454236,18235012,219224
2020-05-10 14:54:02,kovan,18454253,18235012,219241
2020-05-10 14:55:29,kovan,18454270,18235012,219258
2020-05-10 14:56:53,kovan,18454287,18235012,219275
2020-05-10 14:58:16,kovan,18454305,18235012,219293
2020-05-10 14:59:43,kovan,18454321,18235012,219309
2020-05-10 15:01:05,kovan,18454337,18235012,219325
2020-05-10 15:02:27,kovan,18454354,18235012,219342
2020-05-10 15:03:53,kovan,18454371,18235012,219359
2020-05-10 15:05:19,kovan,18454388,18235012,219376
2020-05-10 15:06:41,kovan,18454406,18235012,219394
2020-05-10 15:08:12,kovan,18454422,18235012,219410
2020-05-10 15:09:38,kovan,18454440,18235012,219428
2020-05-10 15:11:07,kovan,18454458,18235012,219446
2020-05-10 15:12:35,kovan,18454474,18235012,219462
2020-05-10 15:13:57,kovan,18454492,18235012,219480
2020-05-10 15:15:27,kovan,18454509,18235012,219497
2020-05-10 15:16:51,kovan,18454525,18235012,219513
2020-05-10 15:18:14,kovan,18454545,18235012,219533
2020-05-10 15:19:53,kovan,18454562,18235012,219550
2020-05-10 15:21:15,kovan,18454579,18235012,219567
2020-05-10 15:22:38,kovan,18454595,18235012,219583
2020-05-10 15:24:00,kovan,18454611,18235012,219599
2020-05-10 15:25:23,kovan,18454628,18235012,219616
2020-05-10 15:26:45,kovan,18454644,18235012,219632
2020-05-10 15:28:09,kovan,18454664,18235012,219652
2020-05-10 15:29:43,kovan,18454680,18235012,219668
2020-05-10 15:31:05,kovan,18454696,18235012,219684
2020-05-10 15:32:27,kovan,18454712,18235012,219700
2020-05-10 15:33:51,kovan,18454734,18235012,219722
2020-05-10 15:35:34,kovan,18454750,18235012,219738
2020-05-10 15:36:56,kovan,18454766,18235012,219754
2020-05-10 15:38:18,kovan,18454786,18235012,219774
2020-05-10 15:39:55,kovan,18454802,18235012,219790
2020-05-10 15:41:17,kovan,18454822,18235012,219810
2020-05-10 15:42:54,kovan,18454842,18235012,219830
2020-05-10 15:44:37,kovan,18454859,18235012,219847
2020-05-10 15:46:02,kovan,18454876,18235012,219864
2020-05-10 15:47:25,kovan,18454893,18235012,219881
2020-05-10 15:48:53,kovan,18454910,18235012,219898
2020-05-10 15:50:19,kovan,18454927,18235012,219915
2020-05-10 15:51:42,kovan,18454944,18235012,219932
2020-05-10 15:53:06,kovan,18454960,18235012,219948
2020-05-10 15:54:30,kovan,18454977,18235012,219965
2020-05-10 15:55:52,kovan,18454993,18235012,219981
2020-05-10 15:57:14,kovan,18455011,18235012,219999
2020-05-10 15:58:43,kovan,18455028,18235012,220016
2020-05-10 16:00:10,kovan,18455047,18235012,220035
2020-05-10 16:01:43,kovan,18455064,18235012,220052
2020-05-10 16:03:09,kovan,18455082,18235012,220070
2020-05-10 16:04:33,kovan,18455098,18235012,220086
2020-05-10 16:05:56,kovan,18455114,18235012,220102
2020-05-10 16:07:19,kovan,18455132,18235012,220120
2020-05-10 16:08:46,kovan,18455151,18235012,220139
2020-05-10 16:10:21,kovan,18455168,18235012,220156
2020-05-10 16:13:35,kovan,18455220,0,18455220
2020-05-10 16:16:11,kovan,18455244,0,18455244
2020-05-10 16:18:09,kovan,18455270,0,18455270
2020-05-10 16:20:18,kovan,18455298,0,18455298
2020-05-10 16:22:35,kovan,18455328,0,18455328
2020-05-10 16:25:11,kovan,18455358,0,18455358
2020-05-10 16:27:40,kovan,18455383,0,18455383
2020-05-10 16:29:45,kovan,18455410,0,18455410
2020-05-10 16:31:55,kovan,18455433,0,18455433
2020-05-10 16:33:55,kovan,18455461,0,18455461
2020-05-10 16:36:15,kovan,18455488,0,18455488
2020-05-10 16:42:18,kovan,18455567,0,18455567
2020-05-10 16:45:05,kovan,18455608,0,18455608
2020-05-10 16:48:31,kovan,18455632,0,18455632
2020-05-10 16:50:31,kovan,18455660,0,18455660
2020-05-10 16:52:51,kovan,18455690,0,18455690
2020-05-10 16:55:18,kovan,18455718,0,18455718
2020-05-10 16:57:41,kovan,18455751,0,18455751
2020-05-10 17:00:24,kovan,18455784,0,18455784
2020-05-10 17:03:09,kovan,18455816,0,18455816
2020-05-10 17:05:47,kovan,18455838,0,18455838
2020-05-10 17:07:40,kovan,18455873,0,18455873
2020-05-10 17:10:31,kovan,18455892,0,18455892
2020-05-10 17:12:06,kovan,18455916,0,18455916
2020-05-10 17:14:06,kovan,18455944,0,18455944
2020-05-10 17:16:29,kovan,18455968,0,18455968
2020-05-10 17:18:28,kovan,18455986,0,18455986
2020-05-10 17:19:53,kovan,18456022,0,18456022
2020-05-10 17:23:00,kovan,18456050,0,18456050
2020-05-10 17:25:22,kovan,18456082,0,18456082
2020-05-10 17:28:01,kovan,18456105,0,18456105
2020-05-10 17:30:01,kovan,18456138,0,18456138
2020-05-10 17:32:44,kovan,18456160,0,18456160
2020-05-10 17:34:36,kovan,18456197,0,18456197
2020-05-10 17:40:29,kovan,18456264,0,18456264
2020-05-10 17:43:15,kovan,18456292,0,18456292
2020-05-10 17:45:34,kovan,18456329,0,18456329
2020-05-10 17:48:42,kovan,18456355,0,18456355
2020-05-10 17:50:46,kovan,18456378,0,18456378
2020-05-10 17:52:44,kovan,18456408,0,18456408
2020-05-10 17:55:12,kovan,18456431,0,18456431
2020-05-10 17:57:07,kovan,18456463,0,18456463
2020-05-10 17:59:51,kovan,18456491,0,18456491
2020-05-10 18:02:13,kovan,18456522,0,18456522
2020-05-10 18:04:45,kovan,18456556,0,18456556
2020-05-10 18:07:35,kovan,18456596,0,18456596
2020-05-10 18:10:54,kovan,18456625,0,18456625
2020-05-10 18:13:17,kovan,18456642,0,18456642
2020-05-10 18:14:42,kovan,18456659,0,18456659
2020-05-10 18:16:05,kovan,18456677,0,18456677
2020-05-10 18:20:50,kovan,18456735,0,18456735
2020-05-10 18:22:31,kovan,18456774,0,18456774
2020-05-10 18:28:37,kovan,18456839,0,18456839
2020-05-10 18:31:06,kovan,18456874,0,18456874
2020-05-10 18:36:59,kovan,18456927,0,18456927
2020-05-10 18:38:28,kovan,18456950,0,18456950
2020-05-10 18:40:26,kovan,18456982,0,18456982
2020-05-10 18:43:04,kovan,18457006,0,18457006
2020-05-10 18:45:02,kovan,18457035,0,18457035
2020-05-10 18:47:27,kovan,18457059,0,18457059
2020-05-10 18:49:25,kovan,18457087,0,18457087
2020-05-10 18:51:49,kovan,18457134,0,18457134
2020-05-10 18:55:39,kovan,18457162,0,18457162
2020-05-10 18:58:09,kovan,18457203,0,18457203
2020-05-10 19:01:27,kovan,18457236,0,18457236
2020-05-10 19:07:21,kovan,18457305,0,18457305
2020-05-10 19:09:55,kovan,18457327,0,18457327
2020-05-10 19:11:51,kovan,18457355,0,18457355
2020-05-10 19:14:08,kovan,18457375,0,18457375
2020-05-10 19:15:52,kovan,18457393,0,18457393
2020-05-10 19:17:16,kovan,18457413,0,18457413
2020-05-10 19:18:58,kovan,18457431,0,18457431
2020-05-10 19:20:36,kovan,18457449,0,18457449
2020-05-10 19:38:27,kovan,18457679,0,18457679
2020-05-10 19:41:17,kovan,18457716,0,18457716
2020-05-10 19:51:11,kovan,18457806,0,18457806
2020-05-10 19:54:31,kovan,18457830,0,18457830
2020-05-10 20:03:27,kovan,18457910,0,18457910
2020-05-10 20:12:59,kovan,18457985,0,18457985
2020-05-10 20:17:03,kovan,18458022,0,18458022
2020-05-10 20:50:58,kovan,18458350,0,18458350
2020-05-11 13:48:44,kovan,18469900,18235012,234888
2020-05-11 13:50:32,kovan,18469923,18235012,234911
2020-05-11 13:52:24,kovan,18469939,18235012,234927
2020-05-11 13:53:50,kovan,18469956,18235012,234944
2020-05-11 13:55:13,kovan,18469976,18235012,234964
2020-05-11 13:56:53,kovan,18469998,18235012,234986
2020-05-11 13:58:40,kovan,18470015,18235012,235003
2020-05-11 14:00:09,kovan,18470040,18235012,235028
2020-05-11 14:02:14,kovan,18470064,18235012,235052
2020-05-11 14:04:12,kovan,18470081,18235012,235069
2020-05-11 14:05:37,kovan,18470099,18235012,235087
2020-05-11 14:07:07,kovan,18470121,18235012,235109
2020-05-11 14:08:56,kovan,18470141,18235012,235129
2020-05-11 14:10:33,kovan,18470167,18235012,235155
2020-05-11 14:12:46,kovan,18470199,18235012,235187
2020-05-11 14:15:28,kovan,18470223,18235012,235211
2020-05-11 14:17:27,kovan,18470243,18235012,235231
2020-05-11 14:19:08,kovan,18470260,18235012,235248
2020-05-11 14:20:33,kovan,18470279,18235012,235267
2020-05-11 14:22:06,kovan,18470305,18235012,235293
2020-05-11 14:24:19,kovan,18470327,18235012,235315
2020-05-11 14:26:10,kovan,18470351,18235012,235339
2020-05-11 14:28:05,kovan,18470372,18235012,235360
2020-05-11 14:29:51,kovan,18470391,18235012,235379
2020-05-11 14:31:27,kovan,18470411,18235012,235399
2020-05-11 14:36:52,kovan,18470485,18235012,235473
2020-05-11 14:39:15,kovan,18470516,18235012,235504
2020-05-11 14:41:58,kovan,18470545,18235012,235533
2020-05-11 14:44:20,kovan,18470568,18235012,235556
2020-05-11 14:46:16,kovan,18470591,18235012,235579
2020-05-11 14:48:10,kovan,18470613,18235012,235601
2020-05-11 14:50:01,kovan,18470635,18235012,235623
2020-05-11 14:51:52,kovan,18470654,18235012,235642
2020-05-11 14:53:27,kovan,18470678,18235012,235666
2020-05-11 14:55:30,kovan,18470702,18235012,235690
2020-05-11 14:57:27,kovan,18470733,18235012,235721
2020-05-11 15:00:01,kovan,18470751,18235012,235739
2020-05-11 15:01:35,kovan,18470776,18235012,235764
2020-05-11 15:03:35,kovan,18470805,18235012,235793
2020-05-11 15:06:00,kovan,18470838,18235012,235826
2020-05-11 15:08:51,kovan,18470878,18235012,235866
2020-05-11 15:12:06,kovan,18470899,18235012,235887
2020-05-11 15:13:53,kovan,18470922,18235012,235910
2020-05-11 15:15:47,kovan,18470942,18235012,235930
2020-05-11 15:17:27,kovan,18470970,18235012,235958
2020-05-11 15:19:49,kovan,18470987,18235012,235975
2020-05-11 15:21:12,kovan,18471004,18235012,235992
2020-05-11 15:22:35,kovan,18471025,18235012,236013
2020-05-11 15:24:23,kovan,18471048,18235012,236036
2020-05-11 15:26:17,kovan,18471080,18235012,236068
2020-05-11 15:28:56,kovan,18471100,18235012,236088
2020-05-11 15:30:36,kovan,18471132,18235012,236120
2020-05-11 15:33:18,kovan,18471150,18235012,236138
2020-05-11 15:34:45,kovan,18471170,18235012,236158
2020-05-11 15:36:29,kovan,18471188,18235012,236176
2020-05-11 15:37:58,kovan,18471216,18235012,236204
2020-05-11 15:40:17,kovan,18471234,18235012,236222
2020-05-11 15:41:44,kovan,18471261,18235012,236249
2020-05-11 15:46:48,kovan,18471319,18235012,236307
2020-05-11 15:48:53,kovan,18471364,18235012,236352
2020-05-11 15:52:34,kovan,18471396,18235012,236384
2020-05-11 15:55:14,kovan,18471415,18235012,236403
2020-05-11 15:56:52,kovan,18471438,18235012,236426
2020-05-11 15:58:52,kovan,18471476,18235012,236464
2020-05-11 16:01:55,kovan,18471499,18235012,236487
2020-05-11 16:03:53,kovan,18471522,18235012,236510
2020-05-11 16:05:45,kovan,18471548,18235012,236536
2020-05-11 16:07:58,kovan,18471572,18235012,236560
2020-05-11 16:09:55,kovan,18471590,18235012,236578
2020-05-11 16:11:27,kovan,18471609,18235012,236597
2020-05-11 16:13:02,kovan,18471632,18235012,236620
2020-05-11 16:14:56,kovan,18471650,18235012,236638
2020-05-11 16:16:29,kovan,18471676,18235012,236664
2020-05-11 16:18:37,kovan,18471702,18235012,236690
2020-05-11 16:20:48,kovan,18471736,18235012,236724
2020-05-11 16:23:36,kovan,18471758,18235012,236746
2020-05-11 16:25:29,kovan,18471777,18235012,236765
2020-05-11 16:27:00,kovan,18471805,18235012,236793
2020-05-11 16:29:23,kovan,18471832,18235012,236820
2020-05-11 16:31:41,kovan,18471851,18235012,236839
2020-05-11 16:33:16,kovan,18471888,18235012,236876
2020-05-11 16:38:40,kovan,18471937,18235012,236925
2020-05-11 16:43:10,kovan,18471996,18235012,236984
2020-05-11 16:45:22,kovan,18472014,18235012,237002
2020-05-11 16:46:52,kovan,18472033,18235012,237021
2020-05-11 16:48:25,kovan,18472057,18235012,237045
2020-05-11 16:50:25,kovan,18472076,18235012,237064
2020-05-11 16:52:01,kovan,18472093,18235012,237081
2020-05-11 16:53:30,kovan,18472118,18235012,237106
2020-05-11 16:55:34,kovan,18472140,18235012,237128
2020-05-11 16:57:22,kovan,18472159,18235012,237147
2020-05-11 16:58:55,kovan,18472179,18235012,237167
2020-05-11 17:00:34,kovan,18472198,18235012,237186
2020-05-11 17:02:17,kovan,18472230,18235012,237218
2020-05-11 17:04:57,kovan,18472252,18235012,237240
2020-05-11 17:06:48,kovan,18472272,18235012,237260
2020-05-11 17:08:23,kovan,18472290,18235012,237278
2020-05-11 17:09:56,kovan,18472314,18235012,237302
2020-05-11 17:11:57,kovan,18472333,18235012,237321
2020-05-11 17:13:32,kovan,18472354,18235012,237342
2020-05-11 17:15:15,kovan,18472371,18235012,237359
2020-05-11 17:16:44,kovan,18472390,18235012,237378
2020-05-11 17:18:16,kovan,18472413,18235012,237401
2020-05-11 17:20:13,kovan,18472447,18235012,237435
2020-05-11 17:28:17,kovan,18472528,18235012,237516
2020-05-11 17:29:49,kovan,18472555,18235012,237543
2020-05-11 17:32:00,kovan,18472596,18235012,237584
2020-05-11 17:35:25,kovan,18472647,18235012,237635
2020-05-11 17:39:42,kovan,18472667,18235012,237655
2020-05-11 17:41:20,kovan,18472692,18235012,237680
2020-05-11 17:43:27,kovan,18472735,18235012,237723
2020-05-11 17:46:59,kovan,18472760,18235012,237748
2020-05-11 17:49:08,kovan,18472798,18235012,237786
2020-05-11 17:52:15,kovan,18472821,18235012,237809
2020-05-11 17:54:11,kovan,18472852,18235012,237840
2020-05-11 17:56:45,kovan,18472872,18235012,237860
2020-05-11 17:58:26,kovan,18472892,18235012,237880
2020-05-11 18:00:07,kovan,18472911,18235012,237899
2020-05-11 18:01:42,kovan,18472937,18235012,237925
2020-05-11 18:06:04,kovan,18473012,18235012,238000
2020-05-11 18:10:03,kovan,18473042,18235012,238030
2020-05-11 18:12:36,kovan,18473060,18235012,238048
2020-05-11 18:14:12,kovan,18473093,18235012,238081
2020-05-11 18:19:02,kovan,18473146,18235012,238134
2020-05-11 18:21:16,kovan,18473166,18235012,238154
2020-05-11 18:22:55,kovan,18473196,18235012,238184
2020-05-11 18:25:29,kovan,18473215,18235012,238203
2020-05-11 18:27:01,kovan,18473236,18235012,238224
2020-05-11 18:28:48,kovan,18473275,18235012,238263
2020-05-11 18:31:59,kovan,18473304,18235012,238292
2020-05-11 18:36:36,kovan,18473365,18235012,238353
2020-05-11 18:39:32,kovan,18473385,18235012,238373
2020-05-11 18:41:15,kovan,18473436,18235012,238424
2020-05-11 18:45:37,kovan,18473466,18235012,238454
2020-05-11 18:48:07,kovan,18473490,18235012,238478
2020-05-11 18:50:03,kovan,18473517,18235012,238505
2020-05-11 18:52:21,kovan,18473547,18235012,238535
2020-05-11 18:54:52,kovan,18473589,18235012,238577
2020-05-11 18:58:20,kovan,18473618,18235012,238606
2020-05-11 19:05:04,kovan,18473706,18235012,238694
2020-05-11 19:08:05,kovan,18473730,18235012,238718
2020-05-11 19:10:06,kovan,18473762,18235012,238750
2020-05-11 19:12:48,kovan,18473786,18235012,238774
2020-05-11 19:14:51,kovan,18473810,18235012,238798
2020-05-11 19:16:44,kovan,18473834,18235012,238822
2020-05-11 19:18:49,kovan,18473857,18235012,238845
2020-05-11 19:20:39,kovan,18473880,18235012,238868
2020-05-11 19:22:40,kovan,18473910,18235012,238898
2020-05-11 19:25:02,kovan,18473931,18235012,238919
2020-05-11 19:26:52,kovan,18473952,18235012,238940
2020-05-11 19:28:37,kovan,18473972,18235012,238960
2020-05-11 19:30:18,kovan,18473996,18235012,238984
2020-05-11 19:32:16,kovan,18474025,18235012,239013
2020-05-11 19:34:42,kovan,18474045,18235012,239033
2020-05-11 19:36:20,kovan,18474074,18235012,239062
2020-05-11 19:38:45,kovan,18474104,18235012,239092
2020-05-11 19:41:19,kovan,18474138,18235012,239126
2020-05-11 19:44:07,kovan,18474166,18235012,239154
2020-05-11 19:50:37,kovan,18474261,18235012,239249
2020-05-11 19:54:20,kovan,18474306,18235012,239294
2020-05-11 19:58:04,kovan,18474329,18235012,239317
2020-05-11 20:03:02,kovan,18474395,18235012,239383
2020-05-11 20:05:30,kovan,18474456,18235012,239444
2020-05-11 20:10:37,kovan,18474479,18235012,239467
2020-05-11 20:17:34,kovan,18474582,18235012,239570
2020-05-11 20:21:03,kovan,18474620,18235012,239608
2020-05-11 20:24:14,kovan,18474662,18235012,239650
2020-05-11 20:27:48,kovan,18474698,18235012,239686
2020-05-11 20:30:47,kovan,18474734,18235012,239722
2020-05-11 20:33:46,kovan,18474790,18235012,239778
2020-05-11 20:41:30,kovan,18474850,18235012,239838
2020-05-11 20:43:31,kovan,18474885,18235012,239873
2020-05-11 20:49:11,kovan,18474962,18235012,239950
2020-05-11 20:52:46,kovan,18474993,18235012,239981
2020-05-11 20:55:22,kovan,18475026,18235012,240014
2020-05-11 20:58:06,kovan,18475045,18235012,240033
2020-05-11 20:59:41,kovan,18475062,18235012,240050
2020-05-11 21:01:08,kovan,18475086,18235012,240074
2020-05-11 21:03:04,kovan,18475117,18235012,240105
2020-05-11 21:05:43,kovan,18475150,18235012,240138
2020-05-11 21:08:24,kovan,18475182,18235012,240170
2020-05-11 21:11:09,kovan,18475201,18235012,240189
2020-05-11 21:12:42,kovan,18475222,18235012,240210
2020-05-11 21:14:27,kovan,18475243,18235012,240231
2020-05-11 21:16:13,kovan,18475262,18235012,240250
2020-05-11 21:17:49,kovan,18475281,18235012,240269
2020-05-11 21:19:23,kovan,18475310,18235012,240298
2020-05-11 21:21:47,kovan,18475348,18235012,240336
2020-05-11 21:24:59,kovan,18475368,18235012,240356
2020-05-11 21:26:38,kovan,18475386,18235012,240374
2020-05-11 21:28:05,kovan,18475405,18235012,240393
2020-05-11 21:29:38,kovan,18475431,18235012,240419
2020-05-11 21:31:50,kovan,18475450,18235012,240438
2020-05-11 21:33:28,kovan,18475467,18235012,240455
2020-05-11 21:34:51,kovan,18475497,18235012,240485
2020-05-11 21:37:22,kovan,18475524,18235012,240512
2020-05-11 21:39:35,kovan,18475541,18235012,240529
2020-05-11 21:41:00,kovan,18475570,18235012,240558
2020-05-11 21:43:23,kovan,18475591,18235012,240579
2020-05-11 21:45:09,kovan,18475625,18235012,240613
2020-05-11 21:48:02,kovan,18475660,18235012,240648
2020-05-11 21:50:56,kovan,18475682,18235012,240670
2020-05-11 21:52:52,kovan,18475706,18235012,240694
2020-05-11 21:54:50,kovan,18475739,18235012,240727
2020-05-11 21:57:33,kovan,18475766,18235012,240754
2020-05-11 21:59:44,kovan,18475782,18235012,240770
2020-05-11 22:01:06,kovan,18475804,18235012,240792
2020-05-11 22:02:59,kovan,18475826,18235012,240814
2020-05-11 22:04:46,kovan,18475849,18235012,240837
2020-05-11 22:06:42,kovan,18475871,18235012,240859
2020-05-11 22:08:34,kovan,18475894,18235012,240882
2020-05-11 22:10:29,kovan,18475918,18235012,240906
2020-05-11 22:12:27,kovan,18475946,18235012,240934
2020-05-11 22:14:47,kovan,18475965,18235012,240953
2020-05-11 22:16:21,kovan,18475986,18235012,240974
2020-05-11 22:18:06,kovan,18476012,18235012,241000
2020-05-11 22:20:18,kovan,18476039,18235012,241027
2020-05-11 22:22:32,kovan,18476067,18235012,241055
2020-05-11 22:24:55,kovan,18476087,18235012,241075
2020-05-11 22:26:32,kovan,18476110,18235012,241098
2020-05-11 22:28:32,kovan,18476138,18235012,241126
2020-05-11 22:30:45,kovan,18476155,18235012,241143
2020-05-11 22:32:12,kovan,18476175,18235012,241163
2020-05-11 22:33:51,kovan,18476196,18235012,241184
2020-05-11 22:35:36,kovan,18476215,18235012,241203
2020-05-11 22:37:12,kovan,18476232,18235012,241220
2020-05-11 22:38:36,kovan,18476261,18235012,241249
2020-05-11 22:41:00,kovan,18476280,18235012,241268
2020-05-11 22:42:39,kovan,18476309,18235012,241297
2020-05-11 22:45:02,kovan,18476326,18235012,241314
2020-05-11 22:46:25,kovan,18476344,18235012,241332
2020-05-11 22:47:56,kovan,18476370,18235012,241358
2020-05-11 22:50:05,kovan,18476401,18235012,241389
2020-05-11 22:52:41,kovan,18476422,18235012,241410
2020-05-11 22:54:26,kovan,18476439,18235012,241427
2020-05-11 22:55:53,kovan,18476459,18235012,241447
2020-05-11 22:57:33,kovan,18476484,18235012,241472
2020-05-11 22:59:38,kovan,18476515,18235012,241503
2020-05-11 23:02:15,kovan,18476542,18235012,241530
2020-05-11 23:04:29,kovan,18476562,18235012,241550
2020-05-11 23:06:04,kovan,18476578,18235012,241566
2020-05-11 23:07:27,kovan,18476595,18235012,241583
2020-05-11 23:08:52,kovan,18476616,18235012,241604
2020-05-11 23:10:39,kovan,18476638,18235012,241626
2020-05-11 23:12:28,kovan,18476672,18235012,241660
2020-05-11 23:15:20,kovan,18476697,18235012,241685
2020-05-11 23:17:20,kovan,18476715,18235012,241703
2020-05-11 23:18:54,kovan,18476738,18235012,241726
2020-05-11 23:20:44,kovan,18476760,18235012,241748
2020-05-11 23:22:38,kovan,18476778,18235012,241766
2020-05-11 23:24:09,kovan,18476813,18235012,241801
2020-05-11 23:27:04,kovan,18476832,18235012,241820
2020-05-11 23:28:35,kovan,18476851,18235012,241839
2020-05-11 23:30:12,kovan,18476870,18235012,241858
2020-05-11 23:31:49,kovan,18476894,18235012,241882
2020-05-11 23:33:46,kovan,18476914,18235012,241902
2020-05-11 23:35:28,kovan,18476934,18235012,241922
2020-05-11 23:37:11,kovan,18476954,18235012,241942
2020-05-11 23:38:50,kovan,18476978,18235012,241966
2020-05-11 23:40:48,kovan,18477000,18235012,241988
2020-05-11 23:42:34,kovan,18477018,18235012,242006
2020-05-11 23:44:05,kovan,18477035,18235012,242023
2020-05-11 23:45:33,kovan,18477052,18235012,242040
2020-05-11 23:47:04,kovan,18477068,18235012,242056
2020-05-11 23:48:30,kovan,18477090,18235012,242078
2020-05-11 23:50:23,kovan,18477119,18235012,242107
2020-05-11 23:52:50,kovan,18477139,18235012,242127
2020-05-11 23:54:29,kovan,18477156,18235012,242144
2020-05-11 23:55:52,kovan,18477180,18235012,242168
2020-05-11 23:57:53,kovan,18477202,18235012,242190
2020-05-11 23:59:40,kovan,18477221,18235012,242209
2020-05-12 00:01:18,kovan,18477239,18235012,242227
2020-05-12 00:02:49,kovan,18477263,18235012,242251
2020-05-12 00:04:44,kovan,18477283,18235012,242271
2020-05-12 00:06:23,kovan,18477299,18235012,242287
2020-05-12 00:07:49,kovan,18477319,18235012,242307
2020-05-12 00:09:24,kovan,18477339,18235012,242327
2020-05-12 00:11:10,kovan,18477359,18235012,242347
2020-05-12 00:12:49,kovan,18477379,18235012,242367
2020-05-12 00:14:30,kovan,18477397,18235012,242385
2020-05-12 00:15:56,kovan,18477413,18235012,242401
2020-05-12 00:17:18,kovan,18477431,18235012,242419
2020-05-12 00:18:48,kovan,18477454,18235012,242442
2020-05-12 00:20:43,kovan,18477473,18235012,242461
2020-05-12 00:22:17,kovan,18477491,18235012,242479
2020-05-12 00:23:44,kovan,18477515,18235012,242503
2020-05-12 00:25:44,kovan,18477531,18235012,242519
2020-05-12 00:27:10,kovan,18477551,18235012,242539
2020-05-12 00:28:48,kovan,18477572,18235012,242560
2020-05-12 00:30:34,kovan,18477595,18235012,242583
2020-05-12 00:32:26,kovan,18477611,18235012,242599
2020-05-12 00:33:51,kovan,18477633,18235012,242621
2020-05-12 00:35:34,kovan,18477656,18235012,242644
2020-05-12 00:37:32,kovan,18477673,18235012,242661
2020-05-12 00:38:58,kovan,18477691,18235012,242679
2020-05-12 00:40:26,kovan,18477709,18235012,242697
2020-05-12 00:42:00,kovan,18477726,18235012,242714
2020-05-12 00:43:22,kovan,18477748,18235012,242736
2020-05-12 00:45:14,kovan,18477771,18235012,242759
2020-05-12 00:47:03,kovan,18477787,18235012,242775
2020-05-12 00:48:26,kovan,18477807,18235012,242795
2020-05-12 00:50:04,kovan,18477823,18235012,242811
2020-05-12 00:51:28,kovan,18477840,18235012,242828
2020-05-12 00:52:53,kovan,18477858,18235012,242846
2020-05-12 00:54:21,kovan,18477877,18235012,242865
2020-05-12 00:55:54,kovan,18477894,18235012,242882
2020-05-12 00:57:22,kovan,18477913,18235012,242901
2020-05-12 00:58:56,kovan,18477931,18235012,242919
2020-05-12 01:00:27,kovan,18477949,18235012,242937
2020-05-12 01:01:56,kovan,18477967,18235012,242955
2020-05-12 01:03:26,kovan,18477987,18235012,242975
2020-05-12 01:05:08,kovan,18478004,18235012,242992
2020-05-12 01:06:33,kovan,18478022,18235012,243010
2020-05-12 01:08:02,kovan,18478042,18235012,243030
2020-05-12 01:09:38,kovan,18478059,18235012,243047
2020-05-12 01:11:07,kovan,18478075,18235012,243063
2020-05-12 01:12:29,kovan,18478095,18235012,243083
2020-05-12 01:14:09,kovan,18478112,18235012,243100
2020-05-12 01:15:34,kovan,18478130,18235012,243118
2020-05-12 01:17:04,kovan,18478149,18235012,243137
2020-05-12 01:18:35,kovan,18478169,18235012,243157
2020-05-12 01:20:16,kovan,18478191,18235012,243179
2020-05-12 01:22:07,kovan,18478211,18235012,243199
2020-05-12 01:23:44,kovan,18478229,18235012,243217
2020-05-12 01:25:16,kovan,18478245,18235012,243233
2020-05-12 01:26:38,kovan,18478262,18235012,243250
2020-05-12 01:28:00,kovan,18478282,18235012,243270
2020-05-12 01:29:41,kovan,18478299,18235012,243287
2020-05-12 01:31:03,kovan,18478315,18235012,243303
2020-05-12 01:32:26,kovan,18478333,18235012,243321
2020-05-12 01:33:54,kovan,18478351,18235012,243339
2020-05-12 01:35:29,kovan,18478370,18235012,243358
2020-05-12 01:37:00,kovan,18478388,18235012,243376
2020-05-12 01:38:33,kovan,18478407,18235012,243395
2020-05-12 01:40:11,kovan,18478425,18235012,243413
2020-05-12 01:41:34,kovan,18478448,18235012,243436
2020-05-12 01:43:32,kovan,18478467,18235012,243455
2020-05-12 01:45:08,kovan,18478483,18235012,243471
2020-05-12 01:46:31,kovan,18478502,18235012,243490
2020-05-12 01:47:58,kovan,18478524,18235012,243512
2020-05-12 01:49:54,kovan,18478544,18235012,243532
2020-05-12 01:51:32,kovan,18478562,18235012,243550
2020-05-12 01:53:00,kovan,18478579,18235012,243567
2020-05-12 01:54:26,kovan,18478595,18235012,243583
2020-05-12 01:55:48,kovan,18478614,18235012,243602
2020-05-12 01:57:23,kovan,18478634,18235012,243622
2020-05-12 01:58:59,kovan,18478651,18235012,243639
2020-05-12 02:00:28,kovan,18478668,18235012,243656
2020-05-12 02:01:51,kovan,18478685,18235012,243673
2020-05-12 02:03:18,kovan,18478703,18235012,243691
2020-05-12 02:04:47,kovan,18478727,18235012,243715
2020-05-12 02:06:44,kovan,18478743,18235012,243731
2020-05-12 02:08:11,kovan,18478762,18235012,243750
2020-05-12 02:09:40,kovan,18478779,18235012,243767
2020-05-12 02:11:05,kovan,18478796,18235012,243784
2020-05-12 02:12:31,kovan,18478815,18235012,243803
2020-05-12 02:14:03,kovan,18478831,18235012,243819
2020-05-12 02:15:28,kovan,18478847,18235012,243835
2020-05-12 02:16:50,kovan,18478865,18235012,243853
2020-05-12 02:18:16,kovan,18478883,18235012,243871
2020-05-12 02:19:46,kovan,18478900,18235012,243888
2020-05-12 02:21:12,kovan,18478920,18235012,243908
2020-05-12 02:22:52,kovan,18478944,18235012,243932
2020-05-12 02:24:53,kovan,18478961,18235012,243949
2020-05-12 02:26:16,kovan,18478978,18235012,243966
2020-05-12 02:27:40,kovan,18478996,18235012,243984
2020-05-12 02:29:09,kovan,18479012,18235012,244000
2020-05-12 02:30:34,kovan,18479029,18235012,244017
2020-05-12 02:31:56,kovan,18479046,18235012,244034
2020-05-12 02:33:23,kovan,18479070,18235012,244058
2020-05-12 02:35:21,kovan,18479091,18235012,244079
2020-05-12 02:37:06,kovan,18479113,18235012,244101
2020-05-12 02:38:55,kovan,18479131,18235012,244119
2020-05-12 02:40:25,kovan,18479155,18235012,244143
2020-05-12 02:42:26,kovan,18479179,18235012,244167
2020-05-12 02:44:27,kovan,18479196,18235012,244184
2020-05-12 02:45:52,kovan,18479213,18235012,244201
2020-05-12 02:47:14,kovan,18479231,18235012,244219
2020-05-12 02:48:51,kovan,18479248,18235012,244236
2020-05-12 02:50:13,kovan,18479267,18235012,244255
2020-05-12 02:51:48,kovan,18479284,18235012,244272
2020-05-12 02:53:11,kovan,18479303,18235012,244291
2020-05-12 02:54:42,kovan,18479319,18235012,244307
2020-05-12 02:56:04,kovan,18479337,18235012,244325
2020-05-12 02:57:35,kovan,18479354,18235012,244342
2020-05-12 02:59:00,kovan,18479370,18235012,244358
2020-05-12 03:00:23,kovan,18479390,18235012,244378
2020-05-12 03:02:00,kovan,18479407,18235012,244395
2020-05-12 03:03:22,kovan,18479426,18235012,244414
2020-05-12 03:05:01,kovan,18479443,18235012,244431
2020-05-12 03:06:28,kovan,18479462,18235012,244450
2020-05-12 03:08:00,kovan,18479483,18235012,244471
2020-05-12 03:09:44,kovan,18479499,18235012,244487
2020-05-12 03:11:10,kovan,18479516,18235012,244504
2020-05-12 03:12:32,kovan,18479537,18235012,244525
2020-05-12 03:14:14,kovan,18479564,18235012,244552
2020-05-12 03:16:32,kovan,18479582,18235012,244570
2020-05-12 03:17:59,kovan,18479601,18235012,244589
2020-05-12 03:19:38,kovan,18479620,18235012,244608
2020-05-12 03:21:09,kovan,18479636,18235012,244624
2020-05-12 03:22:35,kovan,18479654,18235012,244642
2020-05-12 03:24:02,kovan,18479675,18235012,244663
2020-05-12 03:25:49,kovan,18479692,18235012,244680
2020-05-12 03:27:12,kovan,18479714,18235012,244702
2020-05-12 03:28:57,kovan,18479730,18235012,244718
2020-05-12 03:30:20,kovan,18479749,18235012,244737
2020-05-12 03:31:56,kovan,18479766,18235012,244754
2020-05-12 03:33:21,kovan,18479785,18235012,244773
2020-05-12 03:34:57,kovan,18479804,18235012,244792
2020-05-12 03:36:35,kovan,18479827,18235012,244815
2020-05-12 03:38:25,kovan,18479849,18235012,244837
2020-05-12 03:40:18,kovan,18479871,18235012,244859
2020-05-12 03:42:09,kovan,18479889,18235012,244877
2020-05-12 03:43:39,kovan,18479907,18235012,244895
2020-05-12 03:45:04,kovan,18479923,18235012,244911
2020-05-12 03:46:32,kovan,18479943,18235012,244931
2020-05-12 03:48:09,kovan,18479962,18235012,244950
2020-05-12 03:49:42,kovan,18479979,18235012,244967
2020-05-12 03:51:05,kovan,18479995,18235012,244983
2020-05-12 03:52:30,kovan,18480015,18235012,245003
2020-05-12 03:54:05,kovan,18480035,18235012,245023
2020-05-12 03:55:45,kovan,18480053,18235012,245041
2020-05-12 03:57:19,kovan,18480071,18235012,245059
2020-05-12 03:58:48,kovan,18480098,18235012,245086
2020-05-12 04:01:01,kovan,18480115,18235012,245103
2020-05-12 04:02:31,kovan,18480132,18235012,245120
2020-05-12 04:03:54,kovan,18480149,18235012,245137
2020-05-12 04:05:25,kovan,18480167,18235012,245155
2020-05-12 04:06:52,kovan,18480183,18235012,245171
2020-05-12 04:08:14,kovan,18480204,18235012,245192
2020-05-12 04:09:59,kovan,18480230,18235012,245218
2020-05-12 04:12:08,kovan,18480246,18235012,245234
2020-05-12 04:13:31,kovan,18480270,18235012,245258
2020-05-12 04:15:30,kovan,18480295,18235012,245283
2020-05-12 04:17:33,kovan,18480318,18235012,245306
2020-05-12 04:19:24,kovan,18480337,18235012,245325
2020-05-12 04:20:59,kovan,18480354,18235012,245342
2020-05-12 04:22:28,kovan,18480377,18235012,245365
2020-05-12 04:24:22,kovan,18480394,18235012,245382
2020-05-12 04:25:46,kovan,18480410,18235012,245398
2020-05-12 04:27:08,kovan,18480427,18235012,245415
2020-05-12 04:28:34,kovan,18480446,18235012,245434
2020-05-12 04:30:05,kovan,18480470,18235012,245458
2020-05-12 04:32:04,kovan,18480490,18235012,245478
2020-05-12 04:33:47,kovan,18480511,18235012,245499
2020-05-12 04:35:35,kovan,18480530,18235012,245518
2020-05-12 04:37:08,kovan,18480551,18235012,245539
2020-05-12 04:38:51,kovan,18480569,18235012,245557
2020-05-12 04:40:19,kovan,18480588,18235012,245576
2020-05-12 04:41:56,kovan,18480605,18235012,245593
2020-05-12 04:43:20,kovan,18480624,18235012,245612
2020-05-12 04:44:57,kovan,18480642,18235012,245630
2020-05-12 04:46:28,kovan,18480659,18235012,245647
2020-05-12 04:47:53,kovan,18480682,18235012,245670
2020-05-12 04:49:46,kovan,18480699,18235012,245687
2020-05-12 04:51:13,kovan,18480717,18235012,245705
2020-05-12 04:52:43,kovan,18480738,18235012,245726
2020-05-12 04:54:31,kovan,18480757,18235012,245745
2020-05-12 04:55:59,kovan,18480779,18235012,245767
2020-05-12 04:57:55,kovan,18480806,18235012,245794
2020-05-12 05:00:09,kovan,18480838,18235012,245826
2020-05-12 05:09:16,kovan,18480940,18235012,245928
2020-05-12 05:11:16,kovan,18480959,18235012,245947
2020-05-12 05:12:52,kovan,18480977,18235012,245965
2020-05-12 05:14:20,kovan,18480998,18235012,245986
2020-05-12 05:16:08,kovan,18481019,18235012,246007
2020-05-12 05:17:52,kovan,18481041,18235012,246029
2020-05-12 05:19:41,kovan,18481064,18235012,246052
2020-05-12 05:21:36,kovan,18481086,18235012,246074
2020-05-12 05:23:27,kovan,18481105,18235012,246093
2020-05-12 05:25:00,kovan,18481122,18235012,246110
2020-05-12 05:26:24,kovan,18481138,18235012,246126
2020-05-12 05:27:46,kovan,18481155,18235012,246143
2020-05-12 05:29:12,kovan,18481174,18235012,246162
2020-05-12 05:30:47,kovan,18481190,18235012,246178
2020-05-12 05:32:09,kovan,18481207,18235012,246195
2020-05-12 05:33:31,kovan,18481234,18235012,246222
2020-05-12 05:35:45,kovan,18481253,18235012,246241
2020-05-12 05:37:19,kovan,18481272,18235012,246260
2020-05-12 05:38:59,kovan,18481291,18235012,246279
2020-05-12 05:40:32,kovan,18481309,18235012,246297
2020-05-12 05:42:03,kovan,18481326,18235012,246314
2020-05-12 05:43:28,kovan,18481347,18235012,246335
2020-05-12 05:45:12,kovan,18481367,18235012,246355
2020-05-12 05:46:51,kovan,18481384,18235012,246372
2020-05-12 05:48:17,kovan,18481409,18235012,246397
2020-05-12 05:50:21,kovan,18481430,18235012,246418
2020-05-12 05:52:08,kovan,18481452,18235012,246440
2020-05-12 05:53:54,kovan,18481471,18235012,246459
2020-05-12 05:55:35,kovan,18481489,18235012,246477
2020-05-12 05:57:00,kovan,18481506,18235012,246494
2020-05-12 05:58:25,kovan,18481526,18235012,246514
2020-05-12 06:00:07,kovan,18481558,18235012,246546
2020-05-12 06:02:44,kovan,18481581,18235012,246569
2020-05-12 06:04:42,kovan,18481598,18235012,246586
2020-05-12 06:06:08,kovan,18481616,18235012,246604
2020-05-12 06:07:39,kovan,18481639,18235012,246627
2020-05-12 06:09:31,kovan,18481660,18235012,246648
2020-05-12 06:11:16,kovan,18481679,18235012,246667
2020-05-12 06:12:51,kovan,18481706,18235012,246694
2020-05-12 06:15:05,kovan,18481727,18235012,246715
2020-05-12 06:16:53,kovan,18481744,18235012,246732
2020-05-12 06:18:20,kovan,18481773,18235012,246761
2020-05-12 06:20:42,kovan,18481800,18235012,246788
2020-05-12 06:22:58,kovan,18481822,18235012,246810
2020-05-12 06:24:46,kovan,18481846,18235012,246834
2020-05-12 06:26:43,kovan,18481866,18235012,246854
2020-05-12 06:28:26,kovan,18481885,18235012,246873
2020-05-12 06:30:01,kovan,18481902,18235012,246890
2020-05-12 06:31:25,kovan,18481925,18235012,246913
2020-05-12 06:33:20,kovan,18481946,18235012,246934
2020-05-12 06:35:05,kovan,18481969,18235012,246957
2020-05-12 06:37:00,kovan,18481987,18235012,246975
2020-05-12 06:38:35,kovan,18482007,18235012,246995
2020-05-12 06:40:13,kovan,18482032,18235012,247020
2020-05-12 06:42:16,kovan,18482054,18235012,247042
2020-05-12 06:44:10,kovan,18482072,18235012,247060
2020-05-12 06:45:35,kovan,18482090,18235012,247078
2020-05-12 06:47:09,kovan,18482112,18235012,247100
2020-05-12 06:48:54,kovan,18482131,18235012,247119
2020-05-12 06:50:33,kovan,18482151,18235012,247139
2020-05-12 06:52:12,kovan,18482168,18235012,247156
2020-05-12 06:53:36,kovan,18482189,18235012,247177
2020-05-12 06:55:19,kovan,18482206,18235012,247194
2020-05-12 06:56:51,kovan,18482234,18235012,247222
2020-05-12 06:59:09,kovan,18482252,18235012,247240
2020-05-12 07:00:35,kovan,18482274,18235012,247262
2020-05-12 07:02:25,kovan,18482292,18235012,247280
2020-05-12 07:03:55,kovan,18482313,18235012,247301
2020-05-12 07:05:38,kovan,18482329,18235012,247317
2020-05-12 07:07:03,kovan,18482346,18235012,247334
2020-05-12 07:08:26,kovan,18482370,18235012,247358
2020-05-12 07:10:28,kovan,18482390,18235012,247378
2020-05-12 07:12:10,kovan,18482412,18235012,247400
2020-05-12 07:13:57,kovan,18482429,18235012,247417
2020-05-12 07:15:20,kovan,18482451,18235012,247439
2020-05-12 07:17:10,kovan,18482473,18235012,247461
2020-05-12 07:19:03,kovan,18482491,18235012,247479
2020-05-12 07:20:35,kovan,18482512,18235012,247500
2020-05-12 07:22:17,kovan,18482529,18235012,247517
2020-05-12 07:23:42,kovan,18482550,18235012,247538
2020-05-12 07:25:28,kovan,18482570,18235012,247558
2020-05-12 07:27:07,kovan,18482587,18235012,247575
2020-05-12 07:28:31,kovan,18482618,18235012,247606
2020-05-12 07:31:06,kovan,18482638,18235012,247626
2020-05-12 07:35:07,kovan,18482686,18235012,247674
2020-05-12 07:39:05,kovan,18482733,18235012,247721
2020-05-12 07:40:40,kovan,18482761,18235012,247749
2020-05-12 07:43:00,kovan,18482792,18235012,247780
2020-05-12 07:45:36,kovan,18482812,18235012,247800
2020-05-12 07:47:18,kovan,18482830,18235012,247818
2020-05-12 07:48:45,kovan,18482858,18235012,247846
2020-05-12 07:51:08,kovan,18482902,18235012,247890
2020-05-12 07:54:48,kovan,18482919,18235012,247907
2020-05-12 07:56:12,kovan,18482938,18235012,247926
2020-05-12 07:57:48,kovan,18482979,18235012,247967
2020-05-12 08:01:11,kovan,18482999,18235012,247987
2020-05-12 08:02:53,kovan,18483018,18235012,248006
2020-05-12 08:04:30,kovan,18483038,18235012,248026
2020-05-12 08:06:07,kovan,18483069,18235012,248057
2020-05-12 08:08:43,kovan,18483098,18235012,248086
2020-05-12 08:11:02,kovan,18483117,18235012,248105
2020-05-12 08:12:42,kovan,18483142,18235012,248130
2020-05-12 08:14:46,kovan,18483162,18235012,248150
2020-05-12 08:16:25,kovan,18483183,18235012,248171
2020-05-12 08:18:12,kovan,18483210,18235012,248198
2020-05-12 08:20:28,kovan,18483230,18235012,248218
2020-05-12 08:22:10,kovan,18483261,18235012,248249
2020-05-12 08:24:38,kovan,18483279,18235012,248267
2020-05-12 08:26:13,kovan,18483301,18235012,248289
2020-05-12 08:28:02,kovan,18483322,18235012,248310
2020-05-12 08:29:47,kovan,18483342,18235012,248330
2020-05-12 08:31:25,kovan,18483359,18235012,248347
2020-05-12 08:32:50,kovan,18483399,18235012,248387
2020-05-12 08:36:15,kovan,18483434,18235012,248422
2020-05-12 08:39:07,kovan,18483452,18235012,248440
2020-05-12 08:40:34,kovan,18483478,18235012,248466
2020-05-12 08:42:44,kovan,18483497,18235012,248485
2020-05-12 08:44:21,kovan,18483527,18235012,248515
2020-05-12 08:46:54,kovan,18483549,18235012,248537
2020-05-12 08:48:41,kovan,18483567,18235012,248555
2020-05-12 08:50:10,kovan,18483589,18235012,248577
2020-05-12 08:52:01,kovan,18483610,18235012,248598
2020-05-12 08:53:49,kovan,18483630,18235012,248618
2020-05-12 08:55:27,kovan,18483660,18235012,248648
2020-05-12 08:57:54,kovan,18483679,18235012,248667
2020-05-12 08:59:32,kovan,18483703,18235012,248691
2020-05-12 09:01:35,kovan,18483726,18235012,248714
2020-05-12 09:03:27,kovan,18483758,18235012,248746
2020-05-12 09:06:07,kovan,18483787,18235012,248775
2020-05-12 09:08:31,kovan,18483814,18235012,248802
2020-05-12 09:10:50,kovan,18483833,18235012,248821
2020-05-12 09:12:23,kovan,18483852,18235012,248840
2020-05-12 09:13:54,kovan,18483870,18235012,248858
2020-05-12 09:15:25,kovan,18483898,18235012,248886
2020-05-12 09:17:44,kovan,18483921,18235012,248909
2020-05-12 09:19:42,kovan,18483942,18235012,248930
2020-05-12 09:21:29,kovan,18483964,18235012,248952
2020-05-12 09:23:19,kovan,18483998,18235012,248986
2020-05-12 09:26:08,kovan,18484018,18235012,249006
2020-05-12 09:27:43,kovan,18484036,18235012,249024
2020-05-12 09:29:17,kovan,18484068,18235012,249056
2020-05-12 09:31:56,kovan,18484088,18235012,249076
2020-05-12 09:38:04,kovan,18484158,18235012,249146
2020-05-12 09:39:27,kovan,18484187,18235012,249175
2020-05-12 09:41:50,kovan,18484208,18235012,249196
2020-05-12 09:43:36,kovan,18484233,18235012,249221
2020-05-12 09:45:41,kovan,18484266,18235012,249254
2020-05-12 09:48:26,kovan,18484286,18235012,249274
2020-05-12 09:50:07,kovan,18484310,18235012,249298
2020-05-12 09:52:09,kovan,18484327,18235012,249315
2020-05-12 09:53:31,kovan,18484344,18235012,249332
2020-05-12 09:54:55,kovan,18484363,18235012,249351
2020-05-12 09:56:34,kovan,18484382,18235012,249370
2020-05-12 09:58:08,kovan,18484405,18235012,249393
2020-05-12 10:00:00,kovan,18484432,18235012,249420
2020-05-12 10:02:16,kovan,18484448,18235012,249436
2020-05-12 10:03:39,kovan,18484470,18235012,249458
2020-05-12 10:05:28,kovan,18484500,18235012,249488
2020-05-12 10:07:57,kovan,18484522,18235012,249510
2020-05-12 10:09:48,kovan,18484541,18235012,249529
2020-05-12 10:11:22,kovan,18484559,18235012,249547
2020-05-12 10:12:53,kovan,18484586,18235012,249574
2020-05-12 10:15:08,kovan,18484613,18235012,249601
2020-05-12 10:17:19,kovan,18484642,18235012,249630
2020-05-12 10:19:50,kovan,18484674,18235012,249662
2020-05-12 10:22:28,kovan,18484694,18235012,249682
2020-05-12 10:24:08,kovan,18484719,18235012,249707
2020-05-12 10:26:12,kovan,18484739,18235012,249727
2020-05-12 10:27:53,kovan,18484759,18235012,249747
2020-05-12 10:29:35,kovan,18484780,18235012,249768
2020-05-12 10:31:18,kovan,18484804,18235012,249792
2020-05-12 10:33:14,kovan,18484825,18235012,249813
2020-05-12 10:35:02,kovan,18484842,18235012,249830
2020-05-12 10:36:28,kovan,18484866,18235012,249854
2020-05-12 10:38:26,kovan,18484887,18235012,249875
2020-05-12 10:40:10,kovan,18484909,18235012,249897
2020-05-12 10:42:00,kovan,18484925,18235012,249913
2020-05-12 10:43:23,kovan,18484950,18235012,249938
2020-05-12 10:45:29,kovan,18484973,18235012,249961
2020-05-12 10:47:20,kovan,18484993,18235012,249981
2020-05-12 10:48:59,kovan,18485011,18235012,249999
2020-05-12 10:50:34,kovan,18485031,18235012,250019
2020-05-12 10:52:12,kovan,18485050,18235012,250038
2020-05-12 10:53:47,kovan,18485074,18235012,250062
2020-05-12 10:55:49,kovan,18485094,18235012,250082
2020-05-12 10:57:28,kovan,18485112,18235012,250100
2020-05-12 10:58:58,kovan,18485130,18235012,250118
2020-05-12 11:00:31,kovan,18485153,18235012,250141
2020-05-12 11:02:19,kovan,18485171,18235012,250159
2020-05-12 11:03:53,kovan,18485193,18235012,250181
2020-05-12 11:05:41,kovan,18485216,18235012,250204
2020-05-12 11:07:36,kovan,18485238,18235012,250226
2020-05-12 11:09:31,kovan,18485257,18235012,250245
2020-05-12 11:10:59,kovan,18485274,18235012,250262
2020-05-12 11:12:27,kovan,18485299,18235012,250287
2020-05-12 11:14:32,kovan,18485342,18235012,250330
2020-05-12 11:18:08,kovan,18485374,18235012,250362
2020-05-12 11:20:48,kovan,18485395,18235012,250383
2020-05-12 11:22:32,kovan,18485422,18235012,250410
2020-05-12 11:24:50,kovan,18485441,18235012,250429
2020-05-12 11:26:18,kovan,18485459,18235012,250447
2020-05-12 11:27:53,kovan,18485480,18235012,250468
2020-05-12 11:29:36,kovan,18485497,18235012,250485
2020-05-12 11:31:01,kovan,18485514,18235012,250502
2020-05-12 11:32:28,kovan,18485535,18235012,250523
2020-05-12 11:34:12,kovan,18485555,18235012,250543
2020-05-12 11:35:54,kovan,18485575,18235012,250563
2020-05-12 11:37:34,kovan,18485614,18235012,250602
2020-05-12 11:40:46,kovan,18485631,18235012,250619
2020-05-12 11:42:09,kovan,18485649,18235012,250637
2020-05-12 11:43:42,kovan,18485673,18235012,250661
2020-05-12 11:45:41,kovan,18485692,18235012,250680
2020-05-12 11:47:16,kovan,18485714,18235012,250702
2020-05-12 11:49:08,kovan,18485733,18235012,250721
2020-05-12 11:50:40,kovan,18485752,18235012,250740
2020-05-12 11:52:16,kovan,18485774,18235012,250762
2020-05-12 11:54:05,kovan,18485791,18235012,250779
2020-05-12 11:55:31,kovan,18485813,18235012,250801
2020-05-12 11:57:19,kovan,18485841,18235012,250829
2020-05-12 11:59:44,kovan,18485860,18235012,250848
2020-05-12 12:01:20,kovan,18485882,18235012,250870
2020-05-12 12:03:09,kovan,18485902,18235012,250890
2020-05-12 12:04:48,kovan,18485922,18235012,250910
2020-05-12 12:06:27,kovan,18485944,18235012,250932
2020-05-12 12:08:17,kovan,18485962,18235012,250950
2020-05-12 12:09:49,kovan,18485982,18235012,250970
2020-05-12 12:11:26,kovan,18485999,18235012,250987
2020-05-12 12:12:51,kovan,18486027,18235012,251015
2020-05-12 12:15:13,kovan,18486045,18235012,251033
2020-05-12 12:16:39,kovan,18486063,18235012,251051
2020-05-12 12:18:12,kovan,18486092,18235012,251080
2020-05-12 12:20:35,kovan,18486119,18235012,251107
2020-05-12 12:22:55,kovan,18486145,18235012,251133
2020-05-12 12:25:02,kovan,18486162,18235012,251150
2020-05-12 12:28:42,kovan,18486214,18235012,251202
2020-05-12 12:30:44,kovan,18486233,18235012,251221
2020-05-12 12:32:19,kovan,18486258,18235012,251246
2020-05-12 12:34:26,kovan,18486280,18235012,251268
2020-05-12 12:36:17,kovan,18486298,18235012,251286
2020-05-12 12:37:45,kovan,18486318,18235012,251306
2020-05-12 12:39:25,kovan,18486340,18235012,251328
2020-05-12 12:41:17,kovan,18486358,18235012,251346
2020-05-12 12:42:43,kovan,18486377,18235012,251365
2020-05-12 12:44:21,kovan,18486394,18235012,251382
2020-05-12 12:45:47,kovan,18486414,18235012,251402
2020-05-12 12:47:28,kovan,18486454,18235012,251442
2020-05-12 12:50:49,kovan,18486482,18235012,251470
2020-05-12 12:53:09,kovan,18486505,18235012,251493
2020-05-12 12:54:57,kovan,18486522,18235012,251510
2020-05-12 12:56:26,kovan,18486562,18235012,251550
2020-05-12 12:59:44,kovan,18486587,18235012,251575
2020-05-12 13:01:51,kovan,18486607,18235012,251595
2020-05-12 13:03:31,kovan,18486634,18235012,251622
2020-05-12 13:05:46,kovan,18486669,18235012,251657
2020-05-12 13:08:38,kovan,18486687,18235012,251675
2020-05-12 13:10:13,kovan,18486725,18235012,251713
2020-05-12 13:13:17,kovan,18486754,18235012,251742
2020-05-12 13:15:45,kovan,18486783,18235012,251771
2020-05-12 13:18:14,kovan,18486812,18235012,251800
2020-05-12 13:20:38,kovan,18486846,18235012,251834
2020-05-12 13:23:31,kovan,18486866,18235012,251854
2020-05-12 13:25:08,kovan,18486883,18235012,251871
2020-05-12 13:26:32,kovan,18486902,18235012,251890
2020-05-12 13:28:06,kovan,18486927,18235012,251915
2020-05-12 13:30:15,kovan,18486951,18235012,251939
2020-05-12 13:32:15,kovan,18486972,18235012,251960
2020-05-12 13:33:57,kovan,18486994,18235012,251982
2020-05-12 13:35:45,kovan,18487022,18235012,252010
2020-05-12 13:38:03,kovan,18487044,18235012,252032
2020-05-12 13:39:54,kovan,18487061,18235012,252049
2020-05-12 13:41:20,kovan,18487089,18235012,252077
2020-05-12 13:43:42,kovan,18487129,18235012,252117
2020-05-12 13:47:00,kovan,18487149,18235012,252137
2020-05-12 13:48:45,kovan,18487174,18235012,252162
2020-05-12 13:50:50,kovan,18487194,18235012,252182
2020-05-12 13:52:29,kovan,18487218,18235012,252206
2020-05-12 13:54:31,kovan,18487237,18235012,252225
2020-05-12 13:56:02,kovan,18487254,18235012,252242
2020-05-12 13:57:28,kovan,18487281,18235012,252269
2020-05-12 13:59:41,kovan,18487304,18235012,252292
2020-05-12 14:01:37,kovan,18487322,18235012,252310
2020-05-12 14:03:11,kovan,18487349,18235012,252337
2020-05-12 14:05:20,kovan,18487366,18235012,252354
2020-05-12 14:06:52,kovan,18487386,18235012,252374
2020-05-12 14:08:30,kovan,18487420,18235012,252408
2020-05-12 14:11:18,kovan,18487454,18235012,252442
2020-05-12 14:14:09,kovan,18487484,18235012,252472
2020-05-12 14:16:37,kovan,18487506,18235012,252494
2020-05-12 14:18:26,kovan,18487526,18235012,252514
2020-05-12 14:20:09,kovan,18487553,18235012,252541
2020-05-12 14:22:23,kovan,18487576,18235012,252564
2020-05-12 14:24:15,kovan,18487593,18235012,252581
2020-05-12 14:25:42,kovan,18487616,18235012,252604
2020-05-12 14:27:37,kovan,18487647,18235012,252635
2020-05-12 14:30:12,kovan,18487671,18235012,252659
2020-05-12 14:32:12,kovan,18487695,18235012,252683
2020-05-12 14:34:13,kovan,18487730,18235012,252718
2020-05-12 14:37:11,kovan,18487756,18235012,252744
2020-05-12 14:39:17,kovan,18487774,18235012,252762
2020-05-12 14:40:47,kovan,18487796,18235012,252784
2020-05-12 14:42:35,kovan,18487820,18235012,252808
2020-05-12 14:44:38,kovan,18487845,18235012,252833
2020-05-12 14:46:40,kovan,18487872,18235012,252860
2020-05-12 14:48:59,kovan,18487893,18235012,252881
2020-05-12 14:50:39,kovan,18487914,18235012,252902
2020-05-12 14:52:25,kovan,18487933,18235012,252921
2020-05-12 14:54:02,kovan,18487953,18235012,252941
2020-05-12 14:55:43,kovan,18487976,18235012,252964
2020-05-12 14:57:36,kovan,18487997,18235012,252985
2020-05-12 14:59:24,kovan,18488034,18235012,253022
2020-05-12 15:02:27,kovan,18488054,18235012,253042
2020-05-12 15:04:05,kovan,18488074,18235012,253062
2020-05-12 15:05:43,kovan,18488092,18235012,253080
2020-05-12 15:07:18,kovan,18488132,18235012,253120
2020-05-12 15:10:36,kovan,18488170,18235012,253158
2020-05-12 15:13:46,kovan,18488210,18235012,253198
2020-05-12 15:17:10,kovan,18488238,18235012,253226
2020-05-12 15:19:26,kovan,18488258,18235012,253246
2020-05-12 15:21:08,kovan,18488286,18235012,253274
2020-05-12 15:23:30,kovan,18488313,18235012,253301
2020-05-12 15:25:38,kovan,18488340,18235012,253328
2020-05-12 15:27:55,kovan,18488358,18235012,253346
2020-05-12 15:29:22,kovan,18488385,18235012,253373
2020-05-12 15:31:40,kovan,18488402,18235012,253390
2020-05-12 15:33:08,kovan,18488421,18235012,253409
2020-05-12 15:34:43,kovan,18488442,18235012,253430
2020-05-12 15:36:29,kovan,18488466,18235012,253454
2020-05-12 15:38:23,kovan,18488492,18235012,253480
2020-05-12 15:40:39,kovan,18488515,18235012,253503
2020-05-12 15:42:30,kovan,18488538,18235012,253526
2020-05-12 15:44:28,kovan,18488561,18235012,253549
2020-05-12 15:46:17,kovan,18488579,18235012,253567
2020-05-12 15:47:51,kovan,18488607,18235012,253595
2020-05-12 15:50:11,kovan,18488625,18235012,253613
2020-05-12 15:51:40,kovan,18488646,18235012,253634
2020-05-12 15:53:28,kovan,18488666,18235012,253654
2020-05-12 15:55:08,kovan,18488686,18235012,253674
2020-05-12 15:56:46,kovan,18488707,18235012,253695
2020-05-12 15:58:34,kovan,18488738,18235012,253726
2020-05-12 16:01:13,kovan,18488763,18235012,253751
2020-05-12 16:03:15,kovan,18488798,18235012,253786
2020-05-12 16:06:08,kovan,18488820,18235012,253808
2020-05-12 16:07:58,kovan,18488842,18235012,253830
2020-05-12 16:09:46,kovan,18488859,18235012,253847
2020-05-12 16:11:12,kovan,18488882,18235012,253870
2020-05-12 16:13:04,kovan,18488900,18235012,253888
2020-05-12 16:14:34,kovan,18488922,18235012,253910
2020-05-12 16:16:27,kovan,18488946,18235012,253934
2020-05-12 16:18:29,kovan,18488964,18235012,253952
2020-05-12 16:19:53,kovan,18488984,18235012,253972
2020-05-12 16:24:49,kovan,18489047,18235012,254035
2020-05-12 16:26:53,kovan,18489071,18235012,254059
2020-05-12 16:28:51,kovan,18489090,18235012,254078
2020-05-12 16:30:32,kovan,18489114,18235012,254102
2020-05-12 16:32:22,kovan,18489145,18235012,254133
2020-05-12 16:35:00,kovan,18489182,18235012,254170
2020-05-12 16:41:10,kovan,18489260,18235012,254248
2020-05-12 16:44:36,kovan,18489278,18235012,254266
2020-05-12 16:46:10,kovan,18489299,18235012,254287
2020-05-12 16:47:50,kovan,18489326,18235012,254314
2020-05-12 16:50:04,kovan,18489342,18235012,254330
2020-05-12 16:51:29,kovan,18489359,18235012,254347
2020-05-12 16:52:52,kovan,18489393,18235012,254381
2020-05-12 16:55:39,kovan,18489416,18235012,254404
2020-05-12 16:57:37,kovan,18489435,18235012,254423
2020-05-12 16:59:13,kovan,18489453,18235012,254441
2020-05-12 17:00:40,kovan,18489477,18235012,254465
2020-05-12 17:02:41,kovan,18489501,18235012,254489
2020-05-12 17:04:40,kovan,18489523,18235012,254511
2020-05-12 17:06:34,kovan,18489549,18235012,254537
2020-05-12 17:08:43,kovan,18489577,18235012,254565
2020-05-12 17:10:57,kovan,18489598,18235012,254586
2020-05-12 17:12:44,kovan,18489623,18235012,254611
2020-05-12 17:14:52,kovan,18489641,18235012,254629
2020-05-12 17:16:21,kovan,18489662,18235012,254650
2020-05-12 17:18:11,kovan,18489686,18235012,254674
2020-05-12 17:20:09,kovan,18489711,18235012,254699
2020-05-12 17:22:12,kovan,18489730,18235012,254718
2020-05-12 17:23:49,kovan,18489752,18235012,254740
2020-05-12 17:25:36,kovan,18489773,18235012,254761
2020-05-12 17:27:22,kovan,18489808,18235012,254796
2020-05-12 17:30:16,kovan,18489832,18235012,254820
2020-05-12 17:32:16,kovan,18489851,18235012,254839
2020-05-12 17:33:52,kovan,18489868,18235012,254856
2020-05-12 17:35:16,kovan,18489891,18235012,254879
2020-05-12 17:37:15,kovan,18489909,18235012,254897
2020-05-12 17:38:39,kovan,18489933,18235012,254921
2020-05-12 17:40:42,kovan,18489957,18235012,254945
2020-05-12 17:42:41,kovan,18489986,18235012,254974
2020-05-12 17:45:07,kovan,18490006,18235012,254994
2020-05-12 17:46:46,kovan,18490026,18235012,255014
2020-05-12 17:48:25,kovan,18490062,18235012,255050
2020-05-12 17:51:28,kovan,18490098,18235012,255086
2020-05-12 17:54:24,kovan,18490120,18235012,255108
2020-05-12 17:56:14,kovan,18490142,18235012,255130
2020-05-12 17:58:04,kovan,18490161,18235012,255149
2020-05-12 17:59:39,kovan,18490181,18235012,255169
2020-05-12 18:01:19,kovan,18490202,18235012,255190
2020-05-12 18:03:05,kovan,18490222,18235012,255210
2020-05-12 18:04:49,kovan,18490239,18235012,255227
2020-05-12 18:06:12,kovan,18490257,18235012,255245
2020-05-12 18:07:37,kovan,18490287,18235012,255275
2020-05-12 18:10:12,kovan,18490309,18235012,255297
2020-05-12 18:11:58,kovan,18490338,18235012,255326
2020-05-12 18:14:30,kovan,18490356,18235012,255344
2020-05-12 18:15:57,kovan,18490380,18235012,255368
2020-05-12 18:19:24,kovan,18490428,18235012,255416
2020-05-12 18:21:56,kovan,18490446,18235012,255434
2020-05-12 18:23:24,kovan,18490468,18235012,255456
2020-05-12 18:25:15,kovan,18490486,18235012,255474
2020-05-12 18:26:51,kovan,18490503,18235012,255491
2020-05-12 18:28:13,kovan,18490528,18235012,255516
2020-05-12 18:30:16,kovan,18490544,18235012,255532
2020-05-12 18:31:38,kovan,18490572,18235012,255560
2020-05-12 18:33:56,kovan,18490596,18235012,255584
2020-05-12 18:35:58,kovan,18490623,18235012,255611
2020-05-12 18:38:14,kovan,18490643,18235012,255631
2020-05-12 18:39:52,kovan,18490666,18235012,255654
2020-05-12 18:41:47,kovan,18490684,18235012,255672
2020-05-12 18:43:17,kovan,18490705,18235012,255693
2020-05-12 18:45:02,kovan,18490726,18235012,255714
2020-05-12 18:46:43,kovan,18490745,18235012,255733
2020-05-12 18:48:19,kovan,18490769,18235012,255757
2020-05-12 18:50:24,kovan,18490789,18235012,255777
2020-05-12 18:52:02,kovan,18490807,18235012,255795
2020-05-12 18:53:33,kovan,18490824,18235012,255812
2020-05-12 18:54:55,kovan,18490846,18235012,255834
2020-05-12 18:56:47,kovan,18490870,18235012,255858
2020-05-12 18:58:52,kovan,18490889,18235012,255877
2020-05-12 19:00:28,kovan,18490918,18235012,255906
2020-05-12 19:02:50,kovan,18490937,18235012,255925
2020-05-12 19:04:28,kovan,18490975,18235012,255963
2020-05-12 19:07:37,kovan,18490992,18235012,255980
2020-05-12 19:09:01,kovan,18491009,18235012,255997
2020-05-12 19:10:30,kovan,18491026,18235012,256014
2020-05-12 19:11:52,kovan,18491044,18235012,256032
2020-05-12 19:13:20,kovan,18491068,18235012,256056
2020-05-12 19:15:23,kovan,18491088,18235012,256076
2020-05-12 19:17:03,kovan,18491107,18235012,256095
2020-05-12 19:18:34,kovan,18491125,18235012,256113
2020-05-12 19:20:05,kovan,18491145,18235012,256133
2020-05-12 19:21:47,kovan,18491162,18235012,256150
2020-05-12 19:23:14,kovan,18491179,18235012,256167
2020-05-12 19:24:36,kovan,18491195,18235012,256183
2020-05-12 19:25:57,kovan,18491212,18235012,256200
2020-05-12 19:27:22,kovan,18491235,18235012,256223
2020-05-12 19:29:14,kovan,18491252,18235012,256240
2020-05-12 19:30:40,kovan,18491268,18235012,256256
2020-05-12 19:32:01,kovan,18491285,18235012,256273
2020-05-12 19:33:28,kovan,18491301,18235012,256289
2020-05-12 19:34:49,kovan,18491317,18235012,256305
2020-05-12 19:36:11,kovan,18491335,18235012,256323
2020-05-12 19:37:37,kovan,18491353,18235012,256341
2020-05-12 19:39:09,kovan,18491370,18235012,256358
2020-05-12 19:40:31,kovan,18491390,18235012,256378
2020-05-12 19:42:10,kovan,18491427,18235012,256415
2020-05-12 19:45:19,kovan,18491448,18235012,256436
2020-05-12 19:47:03,kovan,18491465,18235012,256453
2020-05-12 19:48:25,kovan,18491484,18235012,256472
2020-05-12 19:49:59,kovan,18491500,18235012,256488
2020-05-12 19:51:21,kovan,18491521,18235012,256509
2020-05-12 19:53:05,kovan,18491540,18235012,256528
2020-05-12 19:54:42,kovan,18491570,18235012,256558
2020-05-12 19:57:10,kovan,18491588,18235012,256576
2020-05-12 19:58:42,kovan,18491605,18235012,256593
2020-05-12 20:00:07,kovan,18491621,18235012,256609
2020-05-12 20:01:29,kovan,18491647,18235012,256635
2020-05-12 20:03:39,kovan,18491667,18235012,256655
2020-05-12 20:05:16,kovan,18491686,18235012,256674
2020-05-12 20:06:51,kovan,18491710,18235012,256698
2020-05-12 20:08:52,kovan,18491731,18235012,256719
2020-05-12 20:10:38,kovan,18491748,18235012,256736
2020-05-12 20:12:00,kovan,18491766,18235012,256754
2020-05-12 20:13:30,kovan,18491797,18235012,256785
2020-05-12 20:16:04,kovan,18491822,18235012,256810
2020-05-12 20:18:10,kovan,18491840,18235012,256828
2020-05-12 20:19:42,kovan,18491857,18235012,256845
2020-05-12 20:21:07,kovan,18491873,18235012,256861
2020-05-12 20:22:30,kovan,18491895,18235012,256883
2020-05-12 20:24:17,kovan,18491921,18235012,256909
2020-05-12 20:26:29,kovan,18491941,18235012,256929
2020-05-12 20:28:05,kovan,18491967,18235012,256955
2020-05-12 20:30:17,kovan,18491983,18235012,256971
2020-05-12 20:31:40,kovan,18492000,18235012,256988
2020-05-12 20:33:08,kovan,18492023,18235012,257011
2020-05-12 20:35:01,kovan,18492039,18235012,257027
2020-05-12 20:36:23,kovan,18492056,18235012,257044
2020-05-12 20:37:46,kovan,18492075,18235012,257063
2020-05-12 20:39:22,kovan,18492092,18235012,257080
2020-05-12 20:40:44,kovan,18492117,18235012,257105
2020-05-12 20:42:53,kovan,18492141,18235012,257129
2020-05-12 20:44:52,kovan,18492158,18235012,257146
2020-05-12 20:46:19,kovan,18492175,18235012,257163
2020-05-12 20:47:42,kovan,18492198,18235012,257186
2020-05-12 20:49:34,kovan,18492222,18235012,257210
2020-05-12 20:51:39,kovan,18492244,18235012,257232
2020-05-12 20:53:30,kovan,18492261,18235012,257249
2020-05-12 20:54:52,kovan,18492283,18235012,257271
2020-05-12 20:56:42,kovan,18492300,18235012,257288
2020-05-12 20:58:05,kovan,18492326,18235012,257314
2020-05-12 21:00:17,kovan,18492352,18235012,257340
2020-05-12 21:02:22,kovan,18492369,18235012,257357
2020-05-12 21:03:54,kovan,18492412,18235012,257400
2020-05-12 21:07:29,kovan,18492431,18235012,257419
2020-05-12 21:08:59,kovan,18492448,18235012,257436
2020-05-12 21:10:24,kovan,18492468,18235012,257456
2020-05-12 21:12:07,kovan,18492495,18235012,257483
2020-05-12 21:14:22,kovan,18492520,18235012,257508
2020-05-12 21:16:29,kovan,18492548,18235012,257536
2020-05-12 21:18:48,kovan,18492589,18235012,257577
2020-05-12 21:22:13,kovan,18492607,18235012,257595
2020-05-12 21:23:39,kovan,18492625,18235012,257613
2020-05-12 21:25:11,kovan,18492664,18235012,257652
2020-05-12 21:28:27,kovan,18492682,18235012,257670
2020-05-12 21:29:59,kovan,18492705,18235012,257693
2020-05-12 21:31:52,kovan,18492721,18235012,257709
2020-05-12 21:33:15,kovan,18492738,18235012,257726
2020-05-12 21:34:37,kovan,18492755,18235012,257743
2020-05-12 21:35:59,kovan,18492789,18235012,257777
2020-05-12 21:38:50,kovan,18492805,18235012,257793
2020-05-12 21:40:13,kovan,18492845,18235012,257833
2020-05-12 21:43:34,kovan,18492864,18235012,257852
2020-05-12 21:45:07,kovan,18492880,18235012,257868
2020-05-12 21:46:29,kovan,18492906,18235012,257894
2020-05-12 21:48:37,kovan,18492929,18235012,257917
2020-05-12 21:50:33,kovan,18492947,18235012,257935
2020-05-12 21:52:01,kovan,18492964,18235012,257952
2020-05-12 21:53:26,kovan,18493008,18235012,257996
2020-05-12 21:57:07,kovan,18493025,18235012,258013
2020-05-12 21:58:34,kovan,18493042,18235012,258030
2020-05-12 21:59:56,kovan,18493059,18235012,258047
2020-05-12 22:03:45,kovan,18493104,18235012,258092
2020-05-12 22:05:11,kovan,18493126,18235012,258114
2020-05-12 22:06:57,kovan,18493143,18235012,258131
2020-05-12 22:08:24,kovan,18493160,18235012,258148
2020-05-12 22:09:46,kovan,18493176,18235012,258164
2020-05-12 22:11:08,kovan,18493192,18235012,258180
2020-05-12 22:12:30,kovan,18493220,18235012,258208
2020-05-12 22:14:44,kovan,18493242,18235012,258230
2020-05-12 22:16:36,kovan,18493259,18235012,258247
2020-05-12 22:18:02,kovan,18493276,18235012,258264
2020-05-12 22:19:26,kovan,18493292,18235012,258280
2020-05-12 22:20:48,kovan,18493308,18235012,258296
2020-05-12 22:22:11,kovan,18493327,18235012,258315
2020-05-12 22:23:39,kovan,18493353,18235012,258341
2020-05-12 22:25:52,kovan,18493383,18235012,258371
2020-05-12 22:28:20,kovan,18493399,18235012,258387
2020-05-12 22:29:42,kovan,18493416,18235012,258404
2020-05-12 22:31:04,kovan,18493436,18235012,258424
2020-05-12 22:32:44,kovan,18493454,18235012,258442
2020-05-12 22:34:17,kovan,18493470,18235012,258458
2020-05-12 22:35:39,kovan,18493487,18235012,258475
2020-05-12 22:37:01,kovan,18493506,18235012,258494
2020-05-12 22:38:36,kovan,18493523,18235012,258511
2020-05-12 22:40:00,kovan,18493544,18235012,258532
2020-05-12 22:41:49,kovan,18493560,18235012,258548
2020-05-12 22:43:11,kovan,18493586,18235012,258574
2020-05-12 22:45:14,kovan,18493604,18235012,258592
2020-05-12 22:46:46,kovan,18493622,18235012,258610
2020-05-12 22:48:14,kovan,18493648,18235012,258636
2020-05-12 22:50:25,kovan,18493682,18235012,258670
2020-05-12 22:53:19,kovan,18493700,18235012,258688
2020-05-12 22:54:46,kovan,18493716,18235012,258704
2020-05-12 22:56:08,kovan,18493740,18235012,258728
2020-05-12 22:58:09,kovan,18493766,18235012,258754
2020-05-12 23:00:18,kovan,18493788,18235012,258776
2020-05-12 23:02:12,kovan,18493811,18235012,258799
2020-05-12 23:04:08,kovan,18493828,18235012,258816
2020-05-12 23:05:30,kovan,18493845,0,18493845
2020-05-12 23:06:56,kovan,18493865,0,18493865
2020-05-12 23:08:35,kovan,18493884,0,18493884
2020-05-12 23:10:11,kovan,18493908,0,18493908
2020-05-12 23:12:13,kovan,18493940,0,18493940
2020-05-12 23:14:53,kovan,18493966,0,18493966
2020-05-12 23:21:00,kovan,18494032,0,18494032
2020-05-12 23:22:32,kovan,18494051,0,18494051
2020-05-12 23:24:03,kovan,18494083,0,18494083
2020-05-12 23:26:50,kovan,18494115,0,18494115
2020-05-12 23:29:27,kovan,18494135,0,18494135
2020-05-12 23:31:11,kovan,18494152,0,18494152
2020-05-12 23:32:32,kovan,18494168,0,18494168
2020-05-12 23:33:54,kovan,18494192,0,18494192
2020-05-12 23:35:52,kovan,18494218,0,18494218
2020-05-12 23:40:52,kovan,18494276,0,18494276
2020-05-12 23:42:53,kovan,18494306,0,18494306
2020-05-12 23:45:19,kovan,18494330,0,18494330
2020-05-12 23:47:23,kovan,18494348,0,18494348
2020-05-12 23:48:51,kovan,18494374,0,18494374
2020-05-12 23:51:03,kovan,18494391,0,18494391
2020-05-12 23:52:25,kovan,18494407,0,18494407
2020-05-12 23:53:49,kovan,18494429,0,18494429
2020-05-12 23:55:38,kovan,18494450,0,18494450
2020-05-12 23:57:20,kovan,18494480,0,18494480
2020-05-12 23:59:53,kovan,18494499,0,18494499
2020-05-13 00:01:24,kovan,18494515,0,18494515
2020-05-13 00:02:46,kovan,18494543,0,18494543
2020-05-13 00:05:08,kovan,18494561,0,18494561
2020-05-13 00:06:39,kovan,18494583,0,18494583
2020-05-13 00:08:25,kovan,18494611,0,18494611
2020-05-13 00:10:47,kovan,18494639,0,18494639
2020-05-13 00:13:08,kovan,18494663,0,18494663
2020-05-13 00:15:05,kovan,18494679,0,18494679
2020-05-13 00:16:29,kovan,18494699,0,18494699
2020-05-13 00:18:05,kovan,18494719,0,18494719
2020-05-13 00:19:44,kovan,18494739,0,18494739
2020-05-13 00:21:31,kovan,18494770,0,18494770
2020-05-13 00:24:00,kovan,18494819,0,18494819
2020-05-13 00:28:03,kovan,18494839,0,18494839
2020-05-13 00:29:49,kovan,18494863,0,18494863
2020-05-13 00:31:49,kovan,18494883,0,18494883
2020-05-13 00:33:28,kovan,18494901,0,18494901
2020-05-13 00:34:54,kovan,18494921,0,18494921
2020-05-13 00:36:37,kovan,18494938,0,18494938
2020-05-13 00:37:59,kovan,18494957,0,18494957
2020-05-13 00:39:33,kovan,18495003,0,18495003
2020-05-13 00:43:28,kovan,18495019,0,18495019
2020-05-13 00:44:50,kovan,18495047,0,18495047
2020-05-13 00:47:08,kovan,18495064,0,18495064
2020-05-13 00:48:32,kovan,18495099,0,18495099
2020-05-13 00:51:25,kovan,18495120,0,18495120
2020-05-13 00:53:12,kovan,18495136,0,18495136
2020-05-13 00:54:34,kovan,18495153,0,18495153
2020-05-13 00:55:57,kovan,18495170,0,18495170
2020-05-13 00:57:19,kovan,18495193,0,18495193
2020-05-13 00:59:17,kovan,18495217,0,18495217
2020-05-13 01:01:19,kovan,18495235,0,18495235
2020-05-13 01:02:43,kovan,18495252,0,18495252
2020-05-13 01:04:13,kovan,18495272,0,18495272
2020-05-13 01:05:53,kovan,18495304,0,18495304
2020-05-13 01:08:34,kovan,18495322,0,18495322
2020-05-13 01:10:01,kovan,18495340,0,18495340
2020-05-13 01:11:33,kovan,18495367,0,18495367
2020-05-13 01:13:46,kovan,18495387,0,18495387
2020-05-13 01:15:28,kovan,18495406,0,18495406
2020-05-13 01:17:01,kovan,18495431,0,18495431
2020-05-13 01:19:03,kovan,18495466,0,18495466
2020-05-13 01:22:01,kovan,18495483,0,18495483
2020-05-13 01:23:27,kovan,18495501,0,18495501
2020-05-13 01:24:58,kovan,18495519,0,18495519
2020-05-13 01:26:26,kovan,18495537,0,18495537
2020-05-13 01:27:57,kovan,18495565,0,18495565
2020-05-13 01:30:18,kovan,18495587,0,18495587
2020-05-13 01:32:04,kovan,18495603,0,18495603
2020-05-13 01:33:28,kovan,18495623,0,18495623
2020-05-13 01:35:07,kovan,18495643,0,18495643
2020-05-13 01:36:52,kovan,18495660,0,18495660
2020-05-13 01:38:14,kovan,18495686,0,18495686
2020-05-13 01:40:29,kovan,18495717,0,18495717
2020-05-13 01:43:04,kovan,18495741,0,18495741
2020-05-13 01:45:05,kovan,18495757,0,18495757
2020-05-13 01:46:29,kovan,18495774,0,18495774
2020-05-13 01:47:52,kovan,18495792,0,18495792
2020-05-13 01:49:18,kovan,18495818,0,18495818
2020-05-13 01:51:33,kovan,18495836,0,18495836
2020-05-13 01:53:00,kovan,18495853,0,18495853
2020-05-13 01:54:25,kovan,18495869,0,18495869
2020-05-13 01:55:47,kovan,18495892,0,18495892
2020-05-13 01:57:42,kovan,18495908,0,18495908
2020-05-13 01:59:10,kovan,18495928,0,18495928
2020-05-13 02:00:44,kovan,18495950,0,18495950
2020-05-13 02:02:42,kovan,18495975,0,18495975
2020-05-13 02:04:45,kovan,18496000,0,18496000
2020-05-13 02:06:51,kovan,18496019,0,18496019
2020-05-13 02:08:33,kovan,18496036,0,18496036
2020-05-13 02:09:57,kovan,18496056,0,18496056
2020-05-13 02:11:38,kovan,18496078,0,18496078
2020-05-13 02:13:24,kovan,18496094,0,18496094
2020-05-13 02:19:36,kovan,18496169,0,18496169
2020-05-13 02:21:09,kovan,18496192,0,18496192
2020-05-13 02:23:03,kovan,18496217,0,18496217
2020-05-13 02:25:06,kovan,18496235,0,18496235
2020-05-13 02:26:33,kovan,18496250,0,18496250
2020-05-13 02:27:55,kovan,18496268,0,18496268
2020-05-13 02:29:21,kovan,18496305,0,18496305
2020-05-13 02:32:25,kovan,18496324,0,18496324
2020-05-13 02:33:59,kovan,18496341,0,18496341
2020-05-13 02:35:26,kovan,18496372,0,18496372
2020-05-13 02:37:59,kovan,18496397,0,18496397
2020-05-13 02:40:10,kovan,18496418,0,18496418
2020-05-13 02:41:50,kovan,18496433,0,18496433
2020-05-13 02:43:12,kovan,18496465,0,18496465
2020-05-13 02:45:43,kovan,18496481,0,18496481
2020-05-13 02:47:11,kovan,18496505,0,18496505
2020-05-13 02:49:12,kovan,18496525,0,18496525
2020-05-13 02:50:49,kovan,18496556,0,18496556
2020-05-13 02:56:03,kovan,18496610,0,18496610
2020-05-13 02:57:52,kovan,18496635,0,18496635
2020-05-13 02:59:56,kovan,18496654,0,18496654
2020-05-13 03:01:33,kovan,18496683,0,18496683
2020-05-13 03:04:02,kovan,18496700,0,18496700
2020-05-13 03:05:28,kovan,18496728,0,18496728
2020-05-13 03:07:48,kovan,18496747,0,18496747
2020-05-13 03:09:20,kovan,18496763,0,18496763
2020-05-13 03:10:41,kovan,18496789,0,18496789
2020-05-13 03:12:51,kovan,18496813,0,18496813
2020-05-13 03:14:54,kovan,18496834,0,18496834
2020-05-13 03:16:36,kovan,18496858,0,18496858
2020-05-13 03:18:35,kovan,18496882,0,18496882
2020-05-13 03:20:34,kovan,18496903,0,18496903
2020-05-13 03:22:24,kovan,18496928,0,18496928
2020-05-13 03:24:25,kovan,18496944,0,18496944
2020-05-13 03:25:49,kovan,18496961,0,18496961
2020-05-13 03:27:10,kovan,18496994,0,18496994
2020-05-13 03:30:00,kovan,18497011,0,18497011
2020-05-13 03:31:27,kovan,18497028,0,18497028
2020-05-13 03:32:51,kovan,18497050,0,18497050
2020-05-13 03:38:08,kovan,18497116,0,18497116
2020-05-13 03:40:14,kovan,18497154,0,18497154
2020-05-13 03:43:22,kovan,18497170,0,18497170
2020-05-13 03:44:44,kovan,18497194,0,18497194
2020-05-13 03:46:43,kovan,18497217,0,18497217
2020-05-13 03:48:40,kovan,18497245,0,18497245
2020-05-13 03:51:02,kovan,18497274,0,18497274
2020-05-13 03:53:24,kovan,18497307,0,18497307
2020-05-13 03:56:13,kovan,18497324,0,18497324
2020-05-13 03:57:39,kovan,18497344,0,18497344
2020-05-13 03:59:18,kovan,18497361,0,18497361
2020-05-13 04:00:41,kovan,18497379,0,18497379
2020-05-13 04:02:15,kovan,18497400,0,18497400
2020-05-13 04:04:03,kovan,18497424,0,18497424
2020-05-13 04:05:59,kovan,18497448,0,18497448
2020-05-13 04:08:01,kovan,18497465,0,18497465
2020-05-13 04:09:25,kovan,18497516,0,18497516
2020-05-13 04:13:43,kovan,18497541,0,18497541
2020-05-13 04:15:54,kovan,18497564,0,18497564
2020-05-13 04:17:46,kovan,18497580,0,18497580
2020-05-13 04:19:08,kovan,18497597,0,18497597
2020-05-13 04:20:31,kovan,18497613,0,18497613
2020-05-13 04:21:54,kovan,18497629,0,18497629
2020-05-13 04:23:17,kovan,18497679,0,18497679
2020-05-13 04:27:34,kovan,18497696,0,18497696
2020-05-13 04:28:56,kovan,18497714,0,18497714
2020-05-13 04:30:24,kovan,18497733,0,18497733
2020-05-13 04:32:02,kovan,18497750,0,18497750
2020-05-13 04:33:29,kovan,18497774,0,18497774
2020-05-13 04:35:24,kovan,18497794,0,18497794
2020-05-13 04:37:05,kovan,18497829,0,18497829
2020-05-13 04:40:02,kovan,18497846,0,18497846
2020-05-13 04:41:26,kovan,18497862,0,18497862
2020-05-13 04:42:50,kovan,18497880,0,18497880
2020-05-13 04:44:17,kovan,18497898,15415000,3082898
2020-05-13 04:45:42,kovan,18497914,15415000,3082914
2020-05-13 04:47:05,kovan,18497934,15415000,3082934
2020-05-13 04:48:49,kovan,18497971,15415000,3082971
2020-05-13 04:51:51,kovan,18497992,15415000,3082992
2020-05-13 04:53:36,kovan,18498012,15415000,3083012
2020-05-13 04:55:17,kovan,18498029,15415000,3083029
2020-05-13 04:56:40,kovan,18498049,15415000,3083049
2020-05-13 04:58:25,kovan,18498071,15415000,3083071
2020-05-13 05:00:14,kovan,18498088,15415000,3083088
2020-05-13 05:01:41,kovan,18498107,15415000,3083107
2020-05-13 05:03:14,kovan,18498137,15415000,3083137
2020-05-13 05:05:41,kovan,18498169,15415000,3083169
2020-05-13 05:08:23,kovan,18498191,15415000,3083191
2020-05-13 05:10:17,kovan,18498217,15415000,3083217
2020-05-13 05:12:23,kovan,18498237,15415000,3083237
2020-05-13 05:14:08,kovan,18498270,15415000,3083270
2020-05-13 05:16:51,kovan,18498292,15415000,3083292
2020-05-13 05:18:41,kovan,18498321,15415000,3083321
2020-05-13 05:21:08,kovan,18498344,15415000,3083344
2020-05-13 05:25:36,kovan,18498399,15415000,3083399
2020-05-13 05:27:35,kovan,18498422,15415000,3083422
2020-05-13 05:29:33,kovan,18498470,15415000,3083470
2020-05-13 05:37:13,kovan,18498545,15415000,3083545
2020-05-13 05:39:50,kovan,18498579,15415000,3083579
2020-05-13 05:42:36,kovan,18498607,15415000,3083607
2020-05-13 05:44:58,kovan,18498632,15415000,3083632
2020-05-13 05:47:05,kovan,18498656,15415000,3083656
2020-05-13 05:49:04,kovan,18498680,15415000,3083680
2020-05-13 05:51:10,kovan,18498701,15415000,3083701
2020-05-13 05:52:56,kovan,18498724,15415000,3083724
2020-05-13 05:54:47,kovan,18498746,15415000,3083746
2020-05-13 05:56:38,kovan,18498766,15415000,3083766
2020-05-13 05:58:20,kovan,18498793,15415000,3083793
2020-05-13 06:00:36,kovan,18498821,15415000,3083821
2020-05-13 06:02:58,kovan,18498842,15415000,3083842
2020-05-13 06:04:42,kovan,18498869,15415000,3083869
2020-05-13 06:06:57,kovan,18498887,15415000,3083887
2020-05-13 06:08:29,kovan,18498904,15415000,3083904
2020-05-13 06:12:39,kovan,18498954,15415000,3083954
2020-05-13 06:14:02,kovan,18498976,15415000,3083976
2020-05-13 06:15:58,kovan,18499006,15415000,3084006
2020-05-13 06:18:20,kovan,18499029,15415000,3084029
2020-05-13 06:20:15,kovan,18499051,15415000,3084051
2020-05-13 06:25:09,kovan,18499110,15415000,3084110
2020-05-13 06:27:02,kovan,18499142,15415000,3084142
2020-05-13 06:29:44,kovan,18499161,15415000,3084161
2020-05-13 06:31:14,kovan,18499179,15415000,3084179
2020-05-13 06:32:43,kovan,18499196,15415000,3084196
2020-05-13 06:34:13,kovan,18499214,15415000,3084214
2020-05-13 06:35:40,kovan,18499231,15415000,3084231
2020-05-13 06:37:06,kovan,18499249,15415000,3084249
2020-05-13 06:38:38,kovan,18499267,15415000,3084267
2020-05-13 06:40:09,kovan,18499286,15415000,3084286
2020-05-13 06:41:42,kovan,18499305,15415000,3084305
2020-05-13 06:43:14,kovan,18499323,15415000,3084323
2020-05-13 06:44:45,kovan,18499342,15415000,3084342
2020-05-13 06:46:19,kovan,18499359,15415000,3084359
2020-05-13 06:47:49,kovan,18499377,15415000,3084377
2020-05-13 06:49:16,kovan,18499394,15415000,3084394
2020-05-13 06:50:41,kovan,18499411,15415000,3084411
2020-05-13 06:52:07,kovan,18499428,15415000,3084428
2020-05-13 06:53:33,kovan,18499446,15415000,3084446
2020-05-13 06:54:59,kovan,18499463,15415000,3084463
2020-05-13 06:56:28,kovan,18499482,15415000,3084482
2020-05-13 06:58:02,kovan,18499499,15415000,3084499
2020-05-13 06:59:29,kovan,18499517,15415000,3084517
2020-05-13 07:00:58,kovan,18499535,15415000,3084535
2020-05-13 07:02:26,kovan,18499552,15415000,3084552
2020-05-13 07:03:53,kovan,18499570,15415000,3084570
2020-05-13 07:05:21,kovan,18499587,15415000,3084587
2020-05-13 07:06:48,kovan,18499606,15415000,3084606
2020-05-13 07:08:18,kovan,18499623,15415000,3084623
2020-05-13 07:09:48,kovan,18499643,15415000,3084643
2020-05-13 07:11:25,kovan,18499658,15415000,3084658
2020-05-13 07:12:51,kovan,18499677,15415000,3084677
2020-05-13 07:14:23,kovan,18499696,15415000,3084696
2020-05-13 07:15:55,kovan,18499713,15415000,3084713
2020-05-13 07:17:23,kovan,18499731,15415000,3084731
2020-05-13 07:18:52,kovan,18499749,15415000,3084749
2020-05-13 07:20:21,kovan,18499766,15415000,3084766
2020-05-13 07:21:50,kovan,18499784,15415000,3084784
2020-05-13 07:23:17,kovan,18499802,15415000,3084802
2020-05-13 07:24:46,kovan,18499820,15415000,3084820
2020-05-13 07:26:15,kovan,18499838,15415000,3084838
2020-05-13 07:27:44,kovan,18499856,15415000,3084856
2020-05-13 07:29:17,kovan,18499873,15415000,3084873
2020-05-13 07:30:39,kovan,18499890,18235000,264890
2020-05-13 07:32:05,kovan,18499906,18235000,264906
2020-05-13 07:33:31,kovan,18499926,18235000,264926
2020-05-13 07:35:04,kovan,18499942,18235000,264942
2020-05-13 07:36:31,kovan,18499961,18235000,264961
2020-05-13 07:38:00,kovan,18499979,18235000,264979
2020-05-13 07:39:33,kovan,18499998,18235000,264998
2020-05-13 07:41:06,kovan,18500018,18235000,265018
2020-05-13 07:42:45,kovan,18500037,18235000,265037
2020-05-13 07:44:19,kovan,18500055,18235000,265055
2020-05-13 07:45:53,kovan,18500074,18235000,265074
2020-05-13 07:47:31,kovan,18500091,18235000,265091
2020-05-13 07:48:53,kovan,18500110,18235000,265110
2020-05-13 07:50:24,kovan,18500130,18235000,265130
2020-05-13 07:52:10,kovan,18500150,18235000,265150
2020-05-13 07:53:45,kovan,18500167,18235000,265167
2020-05-13 07:55:10,kovan,18500184,18235000,265184
2020-05-13 07:56:43,kovan,18500203,18235000,265203
2020-05-13 07:58:15,kovan,18500221,18235000,265221
2020-05-13 07:59:49,kovan,18500240,18235000,265240
2020-05-13 08:01:17,kovan,18500257,18235000,265257
2020-05-13 08:02:45,kovan,18500274,18235000,265274
2020-05-13 08:04:13,kovan,18500292,18235000,265292
2020-05-13 08:05:43,kovan,18500309,18235000,265309
2020-05-13 08:07:06,kovan,18500325,18235000,265325
2020-05-13 08:08:29,kovan,18500342,18235000,265342
2020-05-13 08:09:52,kovan,18500359,18235000,265359
2020-05-13 08:11:16,kovan,18500376,18235000,265376
2020-05-13 08:12:38,kovan,18500392,18235000,265392
2020-05-13 08:14:01,kovan,18500409,18235000,265409
2020-05-13 08:15:24,kovan,18500425,18235000,265425
2020-05-13 08:16:46,kovan,18500441,18235000,265441
2020-05-13 08:18:09,kovan,18500458,18235000,265458
2020-05-13 08:19:32,kovan,18500475,18235000,265475
2020-05-13 08:20:55,kovan,18500492,18235000,265492
2020-05-13 08:22:21,kovan,18500509,18235000,265509
2020-05-13 08:23:43,kovan,18500525,18235000,265525
2020-05-13 08:25:05,kovan,18500541,18235000,265541
2020-05-13 08:26:27,kovan,18500557,18235000,265557
2020-05-13 08:27:49,kovan,18500574,18235000,265574
2020-05-13 08:29:12,kovan,18500590,18235000,265590
2020-05-13 08:30:34,kovan,18500607,18235000,265607
2020-05-13 08:31:57,kovan,18500624,18235000,265624
2020-05-13 08:33:20,kovan,18500640,18235000,265640
2020-05-13 08:34:42,kovan,18500657,18235000,265657
2020-05-13 08:36:05,kovan,18500673,18235000,265673
2020-05-13 08:37:28,kovan,18500689,18235000,265689
2020-05-13 08:38:51,kovan,18500706,18235000,265706
2020-05-13 08:40:15,kovan,18500724,18235000,265724
2020-05-13 08:41:38,kovan,18500741,18235000,265741
2020-05-13 08:43:04,kovan,18500758,18235000,265758
2020-05-13 08:44:34,kovan,18500778,18235000,265778
2020-05-13 08:46:12,kovan,18500795,18235000,265795
2020-05-13 08:47:37,kovan,18500812,18235000,265812
2020-05-13 08:49:01,kovan,18500828,18235000,265828
2020-05-13 08:50:25,kovan,18500845,18235000,265845
2020-05-13 08:51:50,kovan,18500865,18235000,265865
2020-05-13 08:53:27,kovan,18500884,18235000,265884
2020-05-13 08:55:00,kovan,18500901,18235000,265901
2020-05-13 08:56:25,kovan,18500921,18235000,265921
2020-05-13 08:58:05,kovan,18500938,18235000,265938
2020-05-13 08:59:34,kovan,18500956,18235000,265956
2020-05-13 09:01:01,kovan,18500972,18235000,265972
2020-05-13 09:02:25,kovan,18500989,18235000,265989
2020-05-13 09:03:54,kovan,18501010,18235000,266010
2020-05-13 09:05:40,kovan,18501028,18235000,266028
2020-05-13 09:07:03,kovan,18501044,18235000,266044
2020-05-13 09:08:25,kovan,18501060,18235000,266060
2020-05-13 09:09:48,kovan,18501082,18235000,266082
2020-05-13 09:11:34,kovan,18501098,18235000,266098
2020-05-13 09:12:59,kovan,18501118,18235000,266118
2020-05-13 09:14:38,kovan,18501142,18235000,266142
2020-05-13 09:16:34,kovan,18501164,18235000,266164
2020-05-13 09:18:28,kovan,18501181,18235000,266181
2020-05-13 09:19:52,kovan,18501199,18235000,266199
2020-05-13 09:21:20,kovan,18501216,18235000,266216
2020-05-13 09:22:43,kovan,18501232,18235000,266232
2020-05-13 09:24:07,kovan,18501250,18235000,266250
2020-05-13 09:25:35,kovan,18501267,18235000,266267
2020-05-13 09:27:00,kovan,18501284,18235000,266284
2020-05-13 09:28:27,kovan,18501304,18235000,266304
2020-05-13 09:30:09,kovan,18501322,18235000,266322
2020-05-13 09:31:35,kovan,18501338,18235000,266338
2020-05-13 09:32:59,kovan,18501355,18235000,266355
2020-05-13 09:34:21,kovan,18501372,18235000,266372
2020-05-13 09:35:47,kovan,18501388,18235000,266388
2020-05-13 09:37:11,kovan,18501406,18235000,266406
2020-05-13 09:38:35,kovan,18501424,18235000,266424
2020-05-13 09:40:05,kovan,18501441,18235000,266441
2020-05-13 09:41:34,kovan,18501459,18235000,266459
2020-05-13 09:43:00,kovan,18501480,18235000,266480
2020-05-13 09:44:45,kovan,18501499,18235000,266499
2020-05-13 09:46:20,kovan,18501516,18235000,266516
2020-05-13 09:47:48,kovan,18501534,18235000,266534
2020-05-13 09:49:14,kovan,18501551,18235000,266551
2020-05-13 09:50:40,kovan,18501568,18235000,266568
2020-05-13 09:52:06,kovan,18501585,18235000,266585
2020-05-13 09:53:31,kovan,18501602,18235000,266602
2020-05-13 09:54:59,kovan,18501620,18235000,266620
2020-05-13 09:56:23,kovan,18501636,18235000,266636
2020-05-13 09:57:49,kovan,18501654,18235000,266654
2020-05-13 09:59:14,kovan,18501672,18235000,266672
2020-05-13 10:00:43,kovan,18501691,18235000,266691
2020-05-13 10:02:24,kovan,18501708,18235000,266708
2020-05-13 10:03:48,kovan,18501725,18235000,266725
2020-05-13 10:05:11,kovan,18501744,18235000,266744
2020-05-13 10:06:46,kovan,18501763,18235000,266763
2020-05-13 10:08:21,kovan,18501779,18235000,266779
2020-05-13 10:09:44,kovan,18501798,18235000,266798
2020-05-13 10:11:16,kovan,18501817,18235000,266817
2020-05-13 10:12:54,kovan,18501836,18235000,266836
2020-05-13 10:14:29,kovan,18501854,18235000,266854
2020-05-13 10:15:55,kovan,18501871,18235000,266871
2020-05-13 10:17:20,kovan,18501889,18235000,266889
2020-05-13 10:18:52,kovan,18501906,18235000,266906
2020-05-13 10:20:16,kovan,18501925,18235000,266925
2020-05-13 10:21:54,kovan,18501946,18235000,266946
2020-05-13 10:23:43,kovan,18501965,18235000,266965
2020-05-13 10:25:17,kovan,18501984,18235000,266984
2020-05-13 10:26:54,kovan,18502001,18235000,267001
2020-05-13 10:28:17,kovan,18502019,18235000,267019
2020-05-13 10:29:44,kovan,18502035,18235000,267035
2020-05-13 10:31:07,kovan,18502051,18235000,267051
2020-05-13 10:32:29,kovan,18502068,18235000,267068
2020-05-13 10:33:51,kovan,18502084,18235000,267084
2020-05-13 10:35:14,kovan,18502102,18235000,267102
2020-05-13 10:36:39,kovan,18502118,18235000,267118
2020-05-13 10:38:02,kovan,18502135,18235000,267135
2020-05-13 10:39:27,kovan,18502151,18235000,267151
2020-05-13 10:40:49,kovan,18502168,18235000,267168
2020-05-13 10:42:12,kovan,18502184,18235000,267184
2020-05-13 10:43:35,kovan,18502217,18235000,267217
2020-05-13 10:46:15,kovan,18502233,18235000,267233
2020-05-13 10:47:38,kovan,18502256,18235000,267256
2020-05-13 10:49:32,kovan,18502278,18235000,267278
2020-05-13 10:51:21,kovan,18502302,18235000,267302
2020-05-13 10:53:21,kovan,18502319,18235000,267319
2020-05-13 10:54:43,kovan,18502364,18235000,267364
2020-05-13 10:58:32,kovan,18502383,18235000,267383
2020-05-13 11:00:05,kovan,18502399,18235000,267399
2020-05-13 11:04:40,kovan,18502461,18235000,267461
2020-05-13 11:06:35,kovan,18502477,18235000,267477
2020-05-13 11:07:57,kovan,18502493,18235000,267493
2020-05-13 11:09:19,kovan,18502510,18235000,267510
2020-05-13 11:10:40,kovan,18502537,18235000,267537
2020-05-13 11:12:54,kovan,18502553,18235000,267553
2020-05-13 11:14:19,kovan,18502571,18235000,267571
2020-05-13 11:15:45,kovan,18502599,18235000,267599
2020-05-13 11:18:08,kovan,18502616,18235000,267616
2020-05-13 11:19:33,kovan,18502632,18235000,267632
2020-05-13 11:20:55,kovan,18502657,18235000,267657
2020-05-13 11:22:57,kovan,18502674,18235000,267674
2020-05-13 11:24:19,kovan,18502690,18235000,267690
2020-05-13 11:25:41,kovan,18502706,18235000,267706
2020-05-13 11:30:09,kovan,18502760,18235000,267760
2020-05-13 11:31:31,kovan,18502779,18235000,267779
2020-05-13 11:33:10,kovan,18502799,18235000,267799
2020-05-13 11:34:45,kovan,18502837,18235000,267837
2020-05-13 11:37:57,kovan,18502854,18235000,267854
2020-05-13 11:39:21,kovan,18502870,18235000,267870
2020-05-13 11:40:43,kovan,18502887,18235000,267887
2020-05-13 11:42:05,kovan,18502903,18235000,267903
2020-05-13 11:43:27,kovan,18502919,18235000,267919
2020-05-13 11:44:49,kovan,18502936,18235000,267936
2020-05-13 11:46:11,kovan,18502952,18235000,267952
2020-05-13 11:47:33,kovan,18502968,18235000,267968
2020-05-13 11:48:55,kovan,18502985,18235000,267985
2020-05-13 11:50:18,kovan,18503002,18235000,268002
2020-05-13 11:51:40,kovan,18503019,18235000,268019
2020-05-13 11:53:06,kovan,18503035,18235000,268035
2020-05-13 11:54:28,kovan,18503052,18235000,268052
2020-05-13 11:55:51,kovan,18503069,18235000,268069
2020-05-13 11:57:14,kovan,18503085,18235000,268085
2020-05-13 11:58:36,kovan,18503101,18235000,268101
2020-05-13 11:59:59,kovan,18503119,18235000,268119
2020-05-13 12:01:25,kovan,18503135,18235000,268135
2020-05-13 12:02:47,kovan,18503151,18235000,268151
2020-05-13 12:04:09,kovan,18503167,18235000,268167
2020-05-13 12:05:31,kovan,18503184,18235000,268184
2020-05-13 12:06:53,kovan,18503201,18235000,268201
2020-05-13 12:08:15,kovan,18503217,18235000,268217
2020-05-13 12:09:37,kovan,18503233,18235000,268233
2020-05-13 12:11:00,kovan,18503249,18235000,268249
2020-05-13 12:12:22,kovan,18503266,18235000,268266
2020-05-13 12:13:44,kovan,18503282,18235000,268282
2020-05-13 12:15:07,kovan,18503298,18235000,268298
2020-05-13 12:16:29,kovan,18503315,18235000,268315
2020-05-13 12:17:52,kovan,18503331,18235000,268331
2020-05-13 12:19:14,kovan,18503348,18235000,268348
2020-05-13 12:20:37,kovan,18503365,18235000,268365
2020-05-13 12:22:00,kovan,18503381,18235000,268381
2020-05-13 12:23:23,kovan,18503398,18235000,268398
2020-05-13 12:24:48,kovan,18503415,18235000,268415
2020-05-13 12:26:11,kovan,18503431,18235000,268431
2020-05-13 12:27:33,kovan,18503448,18235000,268448
2020-05-13 12:28:55,kovan,18503464,18235000,268464
2020-05-13 12:30:17,kovan,18503480,18235000,268480
2020-05-13 12:31:39,kovan,18503497,18235000,268497
2020-05-13 12:33:02,kovan,18503514,18235000,268514
2020-05-13 12:34:25,kovan,18503532,18235000,268532
2020-05-13 12:35:55,kovan,18503549,18235000,268549
2020-05-13 12:37:20,kovan,18503566,18235000,268566
2020-05-13 12:38:45,kovan,18503582,18235000,268582
2020-05-13 12:40:07,kovan,18503598,18235000,268598
2020-05-13 12:41:30,kovan,18503615,18235000,268615
2020-05-13 12:42:52,kovan,18503632,18235000,268632
2020-05-13 12:44:15,kovan,18503649,18235000,268649
2020-05-13 12:45:43,kovan,18503667,18235000,268667
2020-05-13 12:47:14,kovan,18503684,18235000,268684
2020-05-13 12:48:36,kovan,18503704,18235000,268704
2020-05-13 12:50:19,kovan,18503722,18235000,268722
2020-05-13 12:51:48,kovan,18503739,18235000,268739
2020-05-13 12:53:13,kovan,18503756,18235000,268756
2020-05-13 12:54:35,kovan,18503773,18235000,268773
2020-05-13 12:56:02,kovan,18503790,18235000,268790
2020-05-13 12:57:28,kovan,18503807,18235000,268807
2020-05-13 12:58:54,kovan,18503825,18235000,268825
2020-05-13 13:00:20,kovan,18503841,18235000,268841
2020-05-13 13:01:46,kovan,18503858,18235000,268858
2020-05-13 13:03:10,kovan,18503875,18235000,268875
2020-05-13 13:04:36,kovan,18503892,18235000,268892
2020-05-13 13:06:04,kovan,18503908,18235000,268908
2020-05-13 13:07:28,kovan,18503924,18235000,268924
2020-05-13 13:08:50,kovan,18503941,18235000,268941
2020-05-13 13:10:13,kovan,18503958,18235000,268958
2020-05-13 13:11:35,kovan,18503975,18235000,268975
2020-05-13 13:13:01,kovan,18503992,18235000,268992
2020-05-13 13:14:26,kovan,18504008,18235000,269008
2020-05-13 13:15:48,kovan,18504028,18235000,269028
2020-05-13 13:17:29,kovan,18504045,18235000,269045
2020-05-13 13:18:52,kovan,18504067,18235000,269067
2020-05-13 13:20:44,kovan,18504085,18235000,269085
2020-05-13 13:22:10,kovan,18504102,18235000,269102
2020-05-13 13:23:34,kovan,18504118,18235000,269118
2020-05-13 13:24:59,kovan,18504138,18235000,269138
2020-05-13 13:26:36,kovan,18504156,18235000,269156
2020-05-13 13:28:09,kovan,18504176,18235000,269176
2020-05-13 13:29:50,kovan,18504195,18235000,269195
2020-05-13 13:31:23,kovan,18504215,18235000,269215
2020-05-13 13:33:01,kovan,18504236,18235000,269236
2020-05-13 13:34:45,kovan,18504257,18235000,269257
2020-05-13 13:36:33,kovan,18504284,18235000,269284
2020-05-13 13:38:45,kovan,18504300,18235000,269300
2020-05-13 13:40:07,kovan,18504317,18235000,269317
2020-05-13 13:41:30,kovan,18504333,18235000,269333
2020-05-13 13:42:52,kovan,18504350,18235000,269350
2020-05-13 13:44:14,kovan,18504366,18235000,269366
2020-05-13 13:45:36,kovan,18504383,18235000,269383
2020-05-13 13:46:58,kovan,18504399,18235000,269399
2020-05-13 13:48:20,kovan,18504415,18235000,269415
2020-05-13 13:49:42,kovan,18504432,18235000,269432
2020-05-13 13:51:04,kovan,18504448,18235000,269448
2020-05-13 13:52:27,kovan,18504465,18235000,269465
2020-05-13 13:53:50,kovan,18504481,18235000,269481
2020-05-13 13:55:12,kovan,18504497,18235000,269497
2020-05-13 13:56:34,kovan,18504514,18235000,269514
2020-05-13 13:57:56,kovan,18504531,18235000,269531
2020-05-13 13:59:18,kovan,18504547,18235000,269547
2020-05-13 14:00:41,kovan,18504562,18235000,269562
2020-05-13 14:02:03,kovan,18504579,18235000,269579
2020-05-13 14:03:26,kovan,18504595,18235000,269595
2020-05-13 14:04:48,kovan,18504611,18235000,269611
2020-05-13 14:06:10,kovan,18504628,18235000,269628
2020-05-13 14:07:32,kovan,18504645,18235000,269645
2020-05-13 14:08:54,kovan,18504661,18235000,269661
2020-05-13 14:10:18,kovan,18504678,18235000,269678
2020-05-13 14:11:40,kovan,18504694,18235000,269694
2020-05-13 14:13:02,kovan,18504711,18235000,269711
2020-05-13 14:14:25,kovan,18504727,18235000,269727
2020-05-13 14:15:47,kovan,18504743,18235000,269743
2020-05-13 14:17:10,kovan,18504760,18235000,269760
2020-05-13 14:18:33,kovan,18504776,18235000,269776
2020-05-13 14:19:55,kovan,18504793,18235000,269793
2020-05-13 14:21:17,kovan,18504809,18235000,269809
2020-05-13 14:22:39,kovan,18504826,18235000,269826
2020-05-13 14:24:02,kovan,18504843,18235000,269843
2020-05-13 14:25:24,kovan,18504859,18235000,269859
2020-05-13 14:26:46,kovan,18504876,18235000,269876
2020-05-13 14:28:13,kovan,18504893,18235000,269893
2020-05-13 14:29:35,kovan,18504910,18235000,269910
2020-05-13 14:30:57,kovan,18504926,18235000,269926
2020-05-13 14:32:22,kovan,18504943,18235000,269943
2020-05-13 14:33:44,kovan,18504959,18235000,269959
2020-05-13 14:35:06,kovan,18504975,18235000,269975
2020-05-13 14:36:28,kovan,18504991,18235000,269991
2020-05-13 14:37:51,kovan,18505008,18235000,270008
2020-05-13 14:39:13,kovan,18505025,18235000,270025
2020-05-13 14:40:36,kovan,18505042,18235000,270042
2020-05-13 14:42:00,kovan,18505059,18235000,270059
2020-05-13 14:43:27,kovan,18505078,18235000,270078
2020-05-13 14:45:00,kovan,18505097,18235000,270097
2020-05-13 14:46:35,kovan,18505115,18235000,270115
2020-05-13 14:48:04,kovan,18505131,18235000,270131
2020-05-13 14:49:28,kovan,18505148,18235000,270148
2020-05-13 14:50:53,kovan,18505168,18235000,270168
2020-05-13 14:52:33,kovan,18505186,18235000,270186
2020-05-13 14:54:00,kovan,18505204,18235000,270204
2020-05-13 14:55:31,kovan,18505223,18235000,270223
2020-05-13 14:57:10,kovan,18505240,18235000,270240
2020-05-13 14:58:32,kovan,18505257,18235000,270257
2020-05-13 15:00:03,kovan,18505274,18235000,270274
2020-05-13 15:01:27,kovan,18505291,18235000,270291
2020-05-13 15:02:57,kovan,18505308,18235000,270308
2020-05-13 15:04:19,kovan,18505327,18235000,270327
2020-05-13 15:05:55,kovan,18505344,18235000,270344
2020-05-13 15:07:20,kovan,18505361,18235000,270361
2020-05-13 15:08:43,kovan,18505377,18235000,270377
2020-05-13 15:10:06,kovan,18505393,18235000,270393
2020-05-13 15:11:28,kovan,18505409,18235000,270409
2020-05-13 15:12:51,kovan,18505427,18235000,270427
2020-05-13 15:14:15,kovan,18505443,18235000,270443
2020-05-13 15:15:37,kovan,18505461,18235000,270461
2020-05-13 15:17:06,kovan,18505477,18235000,270477
2020-05-13 15:18:28,kovan,18505493,18235000,270493
2020-05-13 15:19:50,kovan,18505513,18235000,270513
2020-05-13 15:21:24,kovan,18505531,18235000,270531
2020-05-13 15:22:54,kovan,18505547,18235000,270547
2020-05-13 15:24:16,kovan,18505563,18235000,270563
2020-05-13 15:25:38,kovan,18505581,18235000,270581
2020-05-13 15:27:08,kovan,18505598,18235000,270598
2020-05-13 15:28:31,kovan,18505615,18235000,270615
2020-05-13 15:29:58,kovan,18505633,18235000,270633
2020-05-13 15:31:25,kovan,18505649,18235000,270649
2020-05-13 15:32:51,kovan,18505672,18235000,270672
2020-05-13 15:34:41,kovan,18505688,18235000,270688
2020-05-13 15:36:03,kovan,18505706,18235000,270706
2020-05-13 15:37:33,kovan,18505723,18235000,270723
2020-05-13 15:38:56,kovan,18505740,18235000,270740
2020-05-13 15:40:20,kovan,18505757,18235000,270757
2020-05-13 15:41:43,kovan,18505773,18235000,270773
2020-05-13 15:43:09,kovan,18505790,18235000,270790
2020-05-13 15:44:32,kovan,18505806,18235000,270806
2020-05-13 15:45:55,kovan,18505823,18235000,270823
2020-05-13 15:47:17,kovan,18505840,18235000,270840
2020-05-13 15:48:41,kovan,18505856,18235000,270856
2020-05-13 15:50:03,kovan,18505873,18235000,270873
2020-05-13 15:51:27,kovan,18505889,18235000,270889
2020-05-13 15:52:50,kovan,18505907,18235000,270907
2020-05-13 15:54:14,kovan,18505923,18235000,270923
2020-05-13 15:55:37,kovan,18505940,18235000,270940
2020-05-13 15:57:00,kovan,18505957,18235000,270957
2020-05-13 15:58:26,kovan,18505974,18235000,270974
2020-05-13 15:59:51,kovan,18505990,18235000,270990
2020-05-13 16:01:14,kovan,18506007,18235000,271007
2020-05-13 16:02:37,kovan,18506025,18235000,271025
2020-05-13 16:04:08,kovan,18506043,18235000,271043
2020-05-13 16:05:36,kovan,18506061,18235000,271061
2020-05-13 16:07:03,kovan,18506077,18235000,271077
2020-05-13 16:08:27,kovan,18506094,18235000,271094
2020-05-13 16:09:52,kovan,18506111,18235000,271111
2020-05-13 16:11:15,kovan,18506127,18235000,271127
2020-05-13 16:12:38,kovan,18506145,18235000,271145
2020-05-13 16:14:05,kovan,18506160,18235000,271160
2020-05-13 16:15:28,kovan,18506176,18235000,271176
2020-05-13 16:16:50,kovan,18506194,18235000,271194
2020-05-13 16:18:14,kovan,18506210,18235000,271210
2020-05-13 16:19:39,kovan,18506228,18235000,271228
2020-05-13 16:21:08,kovan,18506244,18235000,271244
2020-05-13 16:22:30,kovan,18506263,18235000,271263
2020-05-13 16:24:01,kovan,18506280,18235000,271280
2020-05-13 16:25:26,kovan,18506299,18235000,271299
2020-05-13 16:27:04,kovan,18506316,18235000,271316
2020-05-13 16:28:28,kovan,18506334,18235000,271334
2020-05-13 16:29:54,kovan,18506350,18235000,271350
2020-05-13 16:31:17,kovan,18506367,18235000,271367
2020-05-13 16:32:45,kovan,18506384,18235000,271384
2020-05-13 16:34:14,kovan,18506403,18235000,271403
2020-05-13 16:35:46,kovan,18506419,18235000,271419
2020-05-13 16:37:09,kovan,18506436,18235000,271436
2020-05-13 16:38:35,kovan,18506454,18235000,271454
2020-05-13 16:40:01,kovan,18506471,18235000,271471
2020-05-13 16:41:26,kovan,18506487,18235000,271487
2020-05-13 16:42:49,kovan,18506504,18235000,271504
2020-05-13 16:44:12,kovan,18506521,18235000,271521
2020-05-13 16:45:37,kovan,18506539,18235000,271539
2020-05-13 16:47:09,kovan,18506556,18235000,271556
2020-05-13 16:48:34,kovan,18506573,18235000,271573
2020-05-13 16:49:58,kovan,18506591,18235000,271591
2020-05-13 16:51:29,kovan,18506609,18235000,271609
2020-05-13 16:52:54,kovan,18506626,18235000,271626
2020-05-13 16:54:20,kovan,18506643,18235000,271643
2020-05-13 16:55:44,kovan,18506659,18235000,271659
2020-05-13 16:57:07,kovan,18506675,18235000,271675
2020-05-13 16:58:30,kovan,18506693,18235000,271693
2020-05-13 16:59:56,kovan,18506711,18235000,271711
2020-05-13 17:01:27,kovan,18506728,18235000,271728
2020-05-13 17:02:53,kovan,18506749,18235000,271749
2020-05-13 17:04:34,kovan,18506766,18235000,271766
2020-05-13 17:06:02,kovan,18506785,18235000,271785
2020-05-13 17:07:39,kovan,18506803,18235000,271803
2020-05-13 17:09:05,kovan,18506819,18235000,271819
2020-05-13 17:10:27,kovan,18506836,18235000,271836
2020-05-13 17:11:54,kovan,18506854,18235000,271854
2020-05-13 17:13:21,kovan,18506873,18235000,271873
2020-05-13 17:14:56,kovan,18506890,18235000,271890
2020-05-13 17:16:23,kovan,18506908,18235000,271908
2020-05-13 17:17:56,kovan,18506925,18235000,271925
2020-05-13 17:19:18,kovan,18506943,18235000,271943
2020-05-13 17:20:43,kovan,18506959,18235000,271959
2020-05-13 17:22:08,kovan,18506977,18235000,271977
2020-05-13 17:23:38,kovan,18506995,18235000,271995
2020-05-13 17:25:07,kovan,18507012,18235000,272012
2020-05-13 17:26:32,kovan,18507029,18235000,272029
2020-05-13 17:28:04,kovan,18507046,18235000,272046
2020-05-13 17:29:27,kovan,18507062,18235000,272062
2020-05-13 17:30:49,kovan,18507079,18235000,272079
2020-05-13 17:32:14,kovan,18507097,18235000,272097
2020-05-13 17:33:40,kovan,18507113,18235000,272113
2020-05-13 17:35:03,kovan,18507130,18235000,272130
2020-05-13 17:36:26,kovan,18507146,18235000,272146
2020-05-13 17:37:48,kovan,18507163,18235000,272163
2020-05-13 17:39:11,kovan,18507181,18235000,272181
2020-05-13 17:40:49,kovan,18507200,18235000,272200
2020-05-13 17:42:21,kovan,18507217,18235000,272217
2020-05-13 17:43:48,kovan,18507233,18235000,272233
2020-05-13 17:45:10,kovan,18507250,18235000,272250
2020-05-13 17:46:33,kovan,18507267,18235000,272267
2020-05-13 17:47:57,kovan,18507284,18235000,272284
2020-05-13 17:49:20,kovan,18507300,18235000,272300
2020-05-13 17:50:42,kovan,18507317,18235000,272317
2020-05-13 17:52:07,kovan,18507333,18235000,272333
2020-05-13 17:53:29,kovan,18507350,18235000,272350
2020-05-13 17:54:51,kovan,18507365,18235000,272365
2020-05-13 17:56:13,kovan,18507382,18235000,272382
2020-05-13 17:57:36,kovan,18507398,18235000,272398
2020-05-13 17:58:58,kovan,18507415,18235000,272415
2020-05-13 18:00:21,kovan,18507432,18235000,272432
2020-05-13 18:01:43,kovan,18507448,18235000,272448
2020-05-13 18:03:05,kovan,18507464,18235000,272464
2020-05-13 18:04:27,kovan,18507480,18235000,272480
2020-05-13 18:05:50,kovan,18507497,18235000,272497
2020-05-13 18:07:12,kovan,18507514,18235000,272514
2020-05-13 18:08:35,kovan,18507530,18235000,272530
2020-05-13 18:09:57,kovan,18507547,18235000,272547
2020-05-13 18:11:20,kovan,18507563,18235000,272563
2020-05-13 18:12:42,kovan,18507580,18235000,272580
2020-05-13 18:14:06,kovan,18507596,18235000,272596
2020-05-13 18:15:28,kovan,18507612,18235000,272612
2020-05-13 18:16:50,kovan,18507629,18235000,272629
2020-05-13 18:18:12,kovan,18507646,18235000,272646
2020-05-13 18:19:35,kovan,18507662,18235000,272662
2020-05-13 18:20:57,kovan,18507679,18235000,272679
2020-05-13 18:22:21,kovan,18507696,18235000,272696
2020-05-13 18:23:44,kovan,18507712,18235000,272712
2020-05-13 18:25:06,kovan,18507727,18235000,272727
2020-05-13 18:26:28,kovan,18507743,18235000,272743
2020-05-13 18:27:50,kovan,18507759,18235000,272759
2020-05-13 18:29:13,kovan,18507776,18235000,272776
2020-05-13 18:30:37,kovan,18507793,18235000,272793
2020-05-13 18:31:59,kovan,18507809,18235012,272797
2020-05-13 18:33:24,kovan,18507826,18235012,272814
2020-05-13 18:34:49,kovan,18507843,18235012,272831
2020-05-13 18:36:12,kovan,18507860,18235012,272848
2020-05-13 18:37:37,kovan,18507877,18235012,272865
2020-05-13 18:39:02,kovan,18507894,18235012,272882
2020-05-13 18:40:26,kovan,18507911,18235012,272899
2020-05-13 18:41:51,kovan,18507928,18235012,272916
2020-05-13 18:43:15,kovan,18507944,18235012,272932
2020-05-13 18:44:37,kovan,18507961,18235012,272949
2020-05-13 18:46:02,kovan,18507978,18235012,272966
2020-05-13 18:47:26,kovan,18507994,18235012,272982
2020-05-13 18:48:48,kovan,18508012,18235012,273000
2020-05-13 18:50:13,kovan,18508028,18235012,273016
2020-05-13 18:51:37,kovan,18508044,18235012,273032
2020-05-13 18:52:59,kovan,18508062,18235012,273050
2020-05-13 18:54:22,kovan,18508078,18235012,273066
2020-05-13 18:55:47,kovan,18508094,18235012,273082
2020-05-13 18:57:09,kovan,18508111,18235012,273099
2020-05-13 18:58:31,kovan,18508128,18235012,273116
2020-05-13 18:59:55,kovan,18508144,18235012,273132
2020-05-13 19:01:19,kovan,18508161,18235012,273149
2020-05-13 19:02:41,kovan,18508177,18235012,273165
2020-05-13 19:04:03,kovan,18508194,18235012,273182
2020-05-13 19:05:26,kovan,18508210,18235012,273198
2020-05-13 19:06:48,kovan,18508226,18235012,273214
2020-05-13 19:08:10,kovan,18508244,18235012,273232
2020-05-13 19:09:35,kovan,18508261,18235012,273249
2020-05-13 19:11:00,kovan,18508277,18235012,273265
2020-05-13 19:12:22,kovan,18508294,18235012,273282
2020-05-13 19:13:44,kovan,18508310,18235012,273298
2020-05-13 19:15:06,kovan,18508327,18235012,273315
2020-05-13 19:16:31,kovan,18508344,18235012,273332
2020-05-13 19:17:56,kovan,18508359,18235012,273347
2020-05-13 19:19:19,kovan,18508376,18235012,273364
2020-05-13 19:20:41,kovan,18508393,18235012,273381
2020-05-13 19:22:04,kovan,18508409,18235012,273397
2020-05-13 19:23:28,kovan,18508425,18235012,273413
2020-05-13 19:24:51,kovan,18508443,18235012,273431
2020-05-13 19:26:14,kovan,18508460,18235012,273448
2020-05-13 19:27:38,kovan,18508476,18235012,273464
2020-05-13 19:29:03,kovan,18508493,18235012,273481
2020-05-13 19:30:27,kovan,18508510,18235012,273498
2020-05-13 19:31:51,kovan,18508526,18235012,273514
2020-05-13 19:33:14,kovan,18508542,18235012,273530
2020-05-13 19:34:37,kovan,18508558,18235012,273546
2020-05-13 19:35:59,kovan,18508575,18235012,273563
2020-05-13 19:37:23,kovan,18508592,18235012,273580
2020-05-13 19:38:45,kovan,18508608,18235012,273596
2020-05-13 19:40:09,kovan,18508625,18235012,273613
2020-05-13 19:41:33,kovan,18508642,18235012,273630
2020-05-13 19:42:55,kovan,18508659,18235012,273647
2020-05-13 19:44:20,kovan,18508676,18235012,273664
2020-05-13 19:45:45,kovan,18508692,18235012,273680
2020-05-13 19:47:10,kovan,18508709,18235012,273697
2020-05-13 19:48:32,kovan,18508726,18235012,273714
2020-05-13 19:49:57,kovan,18508743,18235012,273731
2020-05-13 19:51:23,kovan,18508760,18235012,273748
2020-05-13 19:52:47,kovan,18508777,18235012,273765
2020-05-13 19:54:13,kovan,18508795,18235012,273783
2020-05-13 19:55:38,kovan,18508811,18235012,273799
2020-05-13 19:57:02,kovan,18508830,18235012,273818
2020-05-13 19:58:38,kovan,18508847,18235012,273835
2020-05-13 20:00:00,kovan,18508864,18235012,273852
2020-05-13 20:01:22,kovan,18508880,18235012,273868
2020-05-13 20:02:46,kovan,18508896,18235012,273884
2020-05-13 20:04:09,kovan,18508913,18235012,273901
2020-05-13 20:05:32,kovan,18508930,18235012,273918
2020-05-13 20:06:57,kovan,18508947,18235012,273935
2020-05-13 20:08:22,kovan,18508964,18235012,273952
2020-05-13 20:09:46,kovan,18508981,18235012,273969
2020-05-13 20:11:11,kovan,18508997,18235012,273985
2020-05-13 20:12:34,kovan,18509014,18235012,274002
2020-05-13 20:13:58,kovan,18509031,18235012,274019
2020-05-13 20:15:21,kovan,18509048,18235012,274036
2020-05-13 20:16:46,kovan,18509065,18235012,274053
2020-05-13 20:18:11,kovan,18509082,18235012,274070
2020-05-13 20:19:35,kovan,18509098,18235012,274086
2020-05-13 20:20:57,kovan,18509116,18235012,274104
2020-05-13 20:22:22,kovan,18509132,18235012,274120
2020-05-13 20:23:48,kovan,18509149,18235012,274137
2020-05-13 20:25:11,kovan,18509166,18235012,274154
2020-05-13 20:26:35,kovan,18509182,18235012,274170
2020-05-13 20:27:57,kovan,18509199,18235012,274187
2020-05-13 20:29:20,kovan,18509216,18235012,274204
2020-05-13 20:30:45,kovan,18509232,18235012,274220
2020-05-13 20:32:09,kovan,18509249,18235012,274237
2020-05-13 20:33:33,kovan,18509267,18235012,274255
2020-05-13 20:35:00,kovan,18509284,18235012,274272
2020-05-13 20:36:25,kovan,18509300,18235012,274288
2020-05-13 20:37:48,kovan,18509316,18235012,274304
2020-05-13 20:39:11,kovan,18509334,18235012,274322
2020-05-13 20:40:35,kovan,18509351,18235012,274339
2020-05-13 20:41:59,kovan,18509368,18235012,274356
2020-05-13 20:43:24,kovan,18509384,18235012,274372
2020-05-13 20:44:48,kovan,18509401,18235012,274389
2020-05-13 20:46:13,kovan,18509418,18235012,274406
2020-05-13 20:47:39,kovan,18509435,18235012,274423
2020-05-13 20:49:01,kovan,18509452,18235012,274440
2020-05-13 20:50:26,kovan,18509468,18235012,274456
2020-05-13 20:51:50,kovan,18509485,18235012,274473
2020-05-13 20:53:14,kovan,18509503,18235012,274491
2020-05-13 20:54:38,kovan,18509519,18235012,274507
2020-05-13 20:56:00,kovan,18509535,18235012,274523
2020-05-13 20:57:24,kovan,18509554,18235012,274542
2020-05-13 20:58:53,kovan,18509572,18235012,274560
2020-05-13 21:00:23,kovan,18509588,18235012,274576
2020-05-13 21:01:46,kovan,18509606,18235012,274594
2020-05-13 21:03:16,kovan,18509623,18235012,274611
2020-05-13 21:04:42,kovan,18509639,18235012,274627
2020-05-13 21:06:04,kovan,18509656,18235012,274644
2020-05-13 21:07:26,kovan,18509673,18235012,274661
2020-05-13 21:08:51,kovan,18509689,18235012,274677
2020-05-13 21:10:14,kovan,18509706,18235012,274694
2020-05-13 21:11:36,kovan,18509722,18235012,274710
2020-05-13 21:12:58,kovan,18509740,18235012,274728
2020-05-13 21:14:22,kovan,18509756,18235012,274744
2020-05-13 21:15:45,kovan,18509772,18235012,274760
2020-05-13 21:17:09,kovan,18509790,18235012,274778
2020-05-13 21:18:35,kovan,18509807,18235012,274795
2020-05-13 21:20:00,kovan,18509824,18235012,274812
2020-05-13 21:21:24,kovan,18509840,18235012,274828
2020-05-13 21:22:48,kovan,18509856,18235012,274844
2020-05-13 21:24:10,kovan,18509874,18235012,274862
2020-05-13 21:25:35,kovan,18509891,18235012,274879
2020-05-13 21:27:01,kovan,18509907,18235012,274895
2020-05-13 21:28:22,kovan,18509924,18235012,274912
2020-05-13 21:29:45,kovan,18509940,18235012,274928
2020-05-13 21:31:09,kovan,18509958,18235012,274946
2020-05-13 21:32:33,kovan,18509974,18235012,274962
2020-05-13 21:33:55,kovan,18509992,18235012,274980
2020-05-13 21:35:22,kovan,18510008,18235012,274996
2020-05-13 21:36:47,kovan,18510025,18235012,275013
2020-05-13 21:38:11,kovan,18510041,18235012,275029
2020-05-13 21:39:35,kovan,18510059,18235012,275047
2020-05-13 21:41:00,kovan,18510076,18235012,275064
2020-05-13 21:42:23,kovan,18510092,18235012,275080
2020-05-13 21:43:45,kovan,18510108,18235012,275096
2020-05-13 21:45:09,kovan,18510125,18235012,275113
2020-05-13 21:46:34,kovan,18510142,18235012,275130
2020-05-13 21:47:56,kovan,18510159,18235012,275147
2020-05-13 21:49:20,kovan,18510176,18235012,275164
2020-05-13 21:50:43,kovan,18510192,18235012,275180
2020-05-13 21:52:07,kovan,18510209,18235012,275197
2020-05-13 21:53:33,kovan,18510226,18235012,275214
2020-05-13 21:54:55,kovan,18510243,18235012,275231
2020-05-13 21:56:20,kovan,18510260,18235012,275248
2020-05-13 21:57:44,kovan,18510276,18235012,275264
2020-05-13 21:59:07,kovan,18510293,18235012,275281
2020-05-13 22:00:32,kovan,18510310,18235012,275298
2020-05-13 22:01:56,kovan,18510327,18235012,275315
2020-05-13 22:03:20,kovan,18510343,18235012,275331
2020-05-13 22:04:43,kovan,18510360,18235012,275348
2020-05-13 22:06:08,kovan,18510377,18235012,275365
2020-05-13 22:07:33,kovan,18510394,18235012,275382
2020-05-13 22:08:57,kovan,18510411,18235012,275399
2020-05-13 22:10:21,kovan,18510427,18235012,275415
2020-05-13 22:11:43,kovan,18510444,18235012,275432
2020-05-13 22:13:06,kovan,18510460,18235012,275448
2020-05-13 22:14:28,kovan,18510477,18235012,275465
2020-05-13 22:15:53,kovan,18510494,18235012,275482
2020-05-13 22:17:16,kovan,18510510,18235012,275498
2020-05-13 22:18:38,kovan,18510528,18235012,275516
2020-05-13 22:20:03,kovan,18510544,18235012,275532
2020-05-13 22:21:26,kovan,18510560,18235012,275548
2020-05-13 22:22:48,kovan,18510577,18235012,275565
2020-05-13 22:24:11,kovan,18510594,18235012,275582
2020-05-13 22:25:36,kovan,18510611,18235012,275599
2020-05-13 22:27:02,kovan,18510628,18235012,275616
2020-05-13 22:28:27,kovan,18510645,18235012,275633
2020-05-13 22:29:50,kovan,18510661,18235012,275649
2020-05-13 22:31:14,kovan,18510678,18235012,275666
2020-05-13 22:32:38,kovan,18510696,18235012,275684
2020-05-13 22:34:02,kovan,18510712,18235012,275700
2020-05-13 22:35:27,kovan,18510728,18235012,275716
2020-05-13 22:36:49,kovan,18510744,18235012,275732
2020-05-13 22:38:11,kovan,18510761,18235012,275749
2020-05-13 22:39:37,kovan,18510778,18235012,275766
2020-05-13 22:41:02,kovan,18510795,18235012,275783
2020-05-13 22:42:25,kovan,18510811,18235012,275799
2020-05-13 22:43:48,kovan,18510828,18235012,275816
2020-05-13 22:45:12,kovan,18510845,18235012,275833
2020-05-13 22:46:35,kovan,18510861,18235012,275849
2020-05-13 22:47:57,kovan,18510877,18235012,275865
2020-05-13 22:49:20,kovan,18510895,18235012,275883
2020-05-13 22:50:44,kovan,18510911,18235012,275899
2020-05-13 22:52:07,kovan,18510927,18235012,275915
2020-05-13 22:53:30,kovan,18510945,18235012,275933
2020-05-13 22:54:54,kovan,18510962,18235012,275950
2020-05-13 22:56:19,kovan,18510978,18235012,275966
2020-05-13 22:57:42,kovan,18510995,18235012,275983
2020-05-13 22:59:05,kovan,18511011,18235012,275999
2020-05-13 23:00:30,kovan,18511029,18235012,276017
2020-05-13 23:01:54,kovan,18511045,18235012,276033
2020-05-13 23:03:16,kovan,18511062,18235012,276050
2020-05-13 23:04:40,kovan,18511079,18235012,276067
2020-05-13 23:06:05,kovan,18511095,18235012,276083
2020-05-13 23:07:27,kovan,18511111,18235012,276099
2020-05-13 23:08:49,kovan,18511128,18235012,276116
2020-05-13 23:10:13,kovan,18511145,18235012,276133
2020-05-13 23:11:35,kovan,18511161,18235012,276149
2020-05-13 23:12:57,kovan,18511178,18235012,276166
2020-05-13 23:14:22,kovan,18511195,18235012,276183
2020-05-13 23:15:44,kovan,18511211,18235012,276199
2020-05-13 23:17:07,kovan,18511228,18235012,276216
2020-05-13 23:18:31,kovan,18511244,18235012,276232
2020-05-13 23:19:54,kovan,18511261,18235012,276249
2020-05-13 23:21:18,kovan,18511278,18235012,276266
2020-05-13 23:22:42,kovan,18511295,18235012,276283
2020-05-13 23:24:04,kovan,18511311,18235012,276299
2020-05-13 23:25:28,kovan,18511328,18235012,276316
2020-05-13 23:26:53,kovan,18511345,18235012,276333
2020-05-13 23:28:15,kovan,18511362,18235012,276350
2020-05-13 23:29:39,kovan,18511379,18235012,276367
2020-05-13 23:31:04,kovan,18511395,18235012,276383
2020-05-13 23:32:28,kovan,18511411,18235012,276399
2020-05-13 23:33:51,kovan,18511428,18235012,276416
2020-05-13 23:35:13,kovan,18511445,18235012,276433
2020-05-13 23:36:35,kovan,18511462,18235012,276450
2020-05-13 23:37:59,kovan,18511478,18235012,276466
2020-05-13 23:39:23,kovan,18511495,18235012,276483
2020-05-13 23:40:47,kovan,18511512,18235012,276500
2020-05-13 23:42:10,kovan,18511528,18235012,276516
2020-05-13 23:43:35,kovan,18511545,18235012,276533
2020-05-13 23:44:58,kovan,18511562,18235012,276550
2020-05-13 23:46:23,kovan,18511579,18235012,276567
2020-05-13 23:47:47,kovan,18511595,18235012,276583
2020-05-13 23:49:09,kovan,18511613,18235012,276601
2020-05-13 23:50:34,kovan,18511630,18235012,276618
2020-05-13 23:52:01,kovan,18511647,18235012,276635
2020-05-13 23:53:25,kovan,18511664,18235012,276652
2020-05-13 23:54:50,kovan,18511681,18235012,276669
2020-05-13 23:56:17,kovan,18511698,18235012,276686
2020-05-13 23:57:39,kovan,18511714,18235012,276702
2020-05-13 23:59:02,kovan,18511731,18235012,276719
2020-05-14 00:00:26,kovan,18511748,18235012,276736
2020-05-14 00:01:52,kovan,18511765,18235012,276753
2020-05-14 00:03:16,kovan,18511781,18235012,276769
2020-05-14 00:04:38,kovan,18511798,18235012,276786
2020-05-14 00:06:02,kovan,18511815,18235012,276803
2020-05-14 00:07:27,kovan,18511832,18235012,276820
2020-05-14 00:08:50,kovan,18511847,18235012,276835
2020-05-14 00:10:12,kovan,18511865,18235012,276853
2020-05-14 00:11:36,kovan,18511882,18235012,276870
2020-05-14 00:13:01,kovan,18511899,18235012,276887
2020-05-14 00:14:24,kovan,18511915,18235012,276903
2020-05-14 00:15:47,kovan,18511932,18235012,276920
2020-05-14 00:17:12,kovan,18511949,18235012,276937
2020-05-14 00:18:36,kovan,18511966,18235012,276954
2020-05-14 00:20:00,kovan,18511983,18235012,276971
2020-05-14 00:21:26,kovan,18511999,18235012,276987
2020-05-14 00:22:50,kovan,18512016,18235012,277004
2020-05-14 00:24:13,kovan,18512033,18235012,277021
2020-05-14 00:25:37,kovan,18512050,18235012,277038
2020-05-14 00:27:03,kovan,18512067,18235012,277055
2020-05-14 00:28:29,kovan,18512084,18235012,277072
2020-05-14 00:29:53,kovan,18512102,18235012,277090
2020-05-14 00:31:18,kovan,18512118,18235012,277106
2020-05-14 00:32:42,kovan,18512135,18235012,277123
2020-05-14 00:34:04,kovan,18512151,18235012,277139
2020-05-14 00:35:28,kovan,18512168,18235012,277156
2020-05-14 00:36:52,kovan,18512184,18235012,277172
2020-05-14 00:38:15,kovan,18512202,18235012,277190
2020-05-14 00:39:39,kovan,18512218,18235012,277206
2020-05-14 00:41:02,kovan,18512235,18235012,277223
2020-05-14 00:42:25,kovan,18512251,18235012,277239
2020-05-14 00:43:47,kovan,18512267,18235012,277255
2020-05-14 00:45:11,kovan,18512286,18235012,277274
2020-05-14 00:46:41,kovan,18512302,18235012,277290
2020-05-14 00:48:03,kovan,18512319,18235012,277307
2020-05-14 00:49:27,kovan,18512336,18235012,277324
2020-05-14 00:50:52,kovan,18512353,18235012,277341
2020-05-14 00:52:16,kovan,18512369,18235012,277357
2020-05-14 00:53:38,kovan,18512386,18235012,277374
2020-05-14 00:55:00,kovan,18512402,18235012,277390
2020-05-14 00:56:25,kovan,18512419,18235012,277407
2020-05-14 00:57:49,kovan,18512437,18235012,277425
2020-05-14 00:59:13,kovan,18512453,18235012,277441
2020-05-14 01:00:39,kovan,18512470,18235012,277458
2020-05-14 01:02:02,kovan,18512487,18235012,277475
2020-05-14 01:03:24,kovan,18512503,18235012,277491
2020-05-14 01:04:48,kovan,18512520,18235012,277508
2020-05-14 01:06:12,kovan,18512537,18235012,277525
2020-05-14 01:07:34,kovan,18512553,18235012,277541
2020-05-14 01:08:57,kovan,18512570,18235012,277558
2020-05-14 01:10:20,kovan,18512587,18235012,277575
2020-05-14 01:11:44,kovan,18512603,18235012,277591
2020-05-14 01:13:06,kovan,18512620,18235012,277608
2020-05-14 01:14:30,kovan,18512636,18235012,277624
2020-05-14 01:15:52,kovan,18512653,18235012,277641
2020-05-14 01:17:16,kovan,18512670,18235012,277658
2020-05-14 01:18:44,kovan,18512687,18235012,277675
2020-05-14 01:20:06,kovan,18512704,18235012,277692
2020-05-14 01:21:31,kovan,18512721,18235012,277709
2020-05-14 01:22:56,kovan,18512739,18235012,277727
2020-05-14 01:24:23,kovan,18512755,18235012,277743
2020-05-14 01:25:44,kovan,18512771,18235012,277759
2020-05-14 01:27:08,kovan,18512788,18235012,277776
2020-05-14 01:28:32,kovan,18512805,18235012,277793
2020-05-14 01:29:58,kovan,18512823,18235012,277811
2020-05-14 01:31:23,kovan,18512839,18235012,277827
2020-05-14 01:32:45,kovan,18512855,18235012,277843
2020-05-14 01:34:07,kovan,18512872,18235012,277860
2020-05-14 01:35:32,kovan,18512889,18235012,277877
2020-05-14 01:36:57,kovan,18512906,18235012,277894
2020-05-14 01:38:21,kovan,18512923,18235012,277911
2020-05-14 01:39:44,kovan,18512939,18235012,277927
2020-05-14 01:41:08,kovan,18512955,18235012,277943
2020-05-14 01:42:30,kovan,18512972,18235012,277960
2020-05-14 01:43:55,kovan,18512990,18235012,277978
2020-05-14 01:45:19,kovan,18513006,18235012,277994
2020-05-14 01:46:40,kovan,18513022,18235012,278010
2020-05-14 01:48:02,kovan,18513039,18235012,278027
2020-05-14 01:49:27,kovan,18513056,18235012,278044
2020-05-14 01:50:52,kovan,18513072,18235012,278060
2020-05-14 01:52:14,kovan,18513089,18235012,278077
2020-05-14 01:53:37,kovan,18513106,18235012,278094
2020-05-14 01:55:01,kovan,18513123,18235012,278111
2020-05-14 01:56:25,kovan,18513139,18235012,278127
2020-05-14 01:57:47,kovan,18513155,18235012,278143
2020-05-14 01:59:09,kovan,18513172,18235012,278160
2020-05-14 02:00:33,kovan,18513189,18235012,278177
2020-05-14 02:01:59,kovan,18513205,18235012,278193
2020-05-14 02:03:21,kovan,18513222,18235012,278210
2020-05-14 02:04:45,kovan,18513239,18235012,278227
2020-05-14 02:06:10,kovan,18513256,18235012,278244
2020-05-14 02:07:33,kovan,18513272,18235012,278260
2020-05-14 02:08:55,kovan,18513289,18235012,278277
2020-05-14 02:10:20,kovan,18513306,18235012,278294
2020-05-14 02:11:46,kovan,18513322,18235012,278310
2020-05-14 02:13:08,kovan,18513338,18235012,278326
2020-05-14 02:14:30,kovan,18513355,18235012,278343
2020-05-14 02:15:52,kovan,18513372,18235012,278360
2020-05-14 02:17:16,kovan,18513389,18235012,278377
2020-05-14 02:18:41,kovan,18513406,18235012,278394
2020-05-14 02:20:03,kovan,18513422,18235012,278410
2020-05-14 02:21:28,kovan,18513439,18235012,278427
2020-05-14 02:22:52,kovan,18513456,18235012,278444
2020-05-14 02:24:14,kovan,18513472,18235012,278460
2020-05-14 02:25:39,kovan,18513489,18235012,278477
2020-05-14 02:27:02,kovan,18513506,18235012,278494
2020-05-14 02:28:24,kovan,18513522,18235012,278510
2020-05-14 02:29:48,kovan,18513539,18235012,278527
2020-05-14 02:31:13,kovan,18513556,18235012,278544
2020-05-14 02:32:35,kovan,18513573,18235012,278561
2020-05-14 02:34:00,kovan,18513590,18235012,278578
2020-05-14 02:35:25,kovan,18513606,18235012,278594
2020-05-14 02:36:46,kovan,18513623,18235012,278611
2020-05-14 02:38:10,kovan,18513639,18235012,278627
2020-05-14 02:39:34,kovan,18513657,18235012,278645
2020-05-14 02:40:59,kovan,18513673,18235012,278661
2020-05-14 02:42:21,kovan,18513689,18235012,278677
2020-05-14 02:43:43,kovan,18513706,18235012,278694
2020-05-14 02:45:05,kovan,18513722,18235012,278710
2020-05-14 02:46:29,kovan,18513739,18235012,278727
2020-05-14 02:47:54,kovan,18513756,18235012,278744
2020-05-14 02:49:16,kovan,18513773,18235012,278761
2020-05-14 02:50:41,kovan,18513790,18235012,278778
2020-05-14 02:52:05,kovan,18513806,18235012,278794
2020-05-14 02:53:27,kovan,18513823,18235012,278811
2020-05-14 02:54:51,kovan,18513840,18235012,278828
2020-05-14 02:56:15,kovan,18513856,18235012,278844
2020-05-14 02:57:38,kovan,18513873,18235012,278861
2020-05-14 02:59:00,kovan,18513890,18235012,278878
2020-05-14 03:00:26,kovan,18513907,18235012,278895
2020-05-14 03:01:51,kovan,18513924,18235012,278912
2020-05-14 03:03:13,kovan,18513940,18235012,278928
2020-05-14 03:04:35,kovan,18513957,18235012,278945
2020-05-14 03:06:01,kovan,18513974,18235012,278962
2020-05-14 03:07:25,kovan,18513990,18235012,278978
2020-05-14 03:08:47,kovan,18514007,18235012,278995
2020-05-14 03:10:12,kovan,18514024,18235012,279012
2020-05-14 03:11:36,kovan,18514040,18235012,279028
2020-05-14 03:12:58,kovan,18514057,18235012,279045
2020-05-14 03:14:20,kovan,18514073,18235012,279061
2020-05-14 03:15:42,kovan,18514090,18235012,279078
2020-05-14 03:17:06,kovan,18514106,18235012,279094
2020-05-14 03:18:29,kovan,18514123,18235012,279111
2020-05-14 03:19:53,kovan,18514140,18235012,279128
2020-05-14 03:21:17,kovan,18514157,18235012,279145
2020-05-14 03:22:41,kovan,18514173,18235012,279161
2020-05-14 03:24:03,kovan,18514190,18235012,279178
2020-05-14 03:25:25,kovan,18514207,18235012,279195
2020-05-14 03:26:50,kovan,18514224,18235012,279212
2020-05-14 03:28:15,kovan,18514240,18235012,279228
2020-05-14 03:29:37,kovan,18514257,18235012,279245
2020-05-14 03:31:00,kovan,18514274,18235012,279262
2020-05-14 03:32:25,kovan,18514290,18235012,279278
2020-05-14 03:33:49,kovan,18514307,18235012,279295
2020-05-14 03:35:11,kovan,18514323,18235012,279311
2020-05-14 03:36:35,kovan,18514340,18235012,279328
2020-05-14 03:37:59,kovan,18514357,18235012,279345
2020-05-14 03:39:23,kovan,18514373,18235012,279361
2020-05-14 03:40:45,kovan,18514389,18235012,279377
2020-05-14 03:42:08,kovan,18514406,18235012,279394
2020-05-14 03:43:32,kovan,18514423,18235012,279411
2020-05-14 03:44:54,kovan,18514439,18235012,279427
2020-05-14 03:46:16,kovan,18514455,18235012,279443
2020-05-14 03:47:37,kovan,18514472,18235012,279460
2020-05-14 03:49:02,kovan,18514489,18235012,279477
2020-05-14 03:50:27,kovan,18514505,18235012,279493
2020-05-14 03:51:49,kovan,18514522,18235012,279510
2020-05-14 03:53:11,kovan,18514539,18235012,279527
2020-05-14 03:54:35,kovan,18514555,18235012,279543
2020-05-14 03:55:59,kovan,18514572,18235012,279560
2020-05-14 03:57:21,kovan,18514589,18235012,279577
2020-05-14 03:58:43,kovan,18514605,18235012,279593
2020-05-14 04:00:07,kovan,18514622,18235012,279610
2020-05-14 04:01:31,kovan,18514639,18235012,279627
2020-05-14 04:02:53,kovan,18514655,18235012,279643
2020-05-14 04:04:15,kovan,18514671,18235012,279659
2020-05-14 04:05:37,kovan,18514688,18235012,279676
2020-05-14 04:06:59,kovan,18514704,18235012,279692
2020-05-14 04:08:21,kovan,18514721,18235012,279709
2020-05-14 04:09:44,kovan,18514737,18235012,279725
2020-05-14 04:11:08,kovan,18514754,18235012,279742
2020-05-14 04:12:31,kovan,18514770,18235012,279758
2020-05-14 04:13:52,kovan,18514786,18235012,279774
2020-05-14 04:15:14,kovan,18514805,18235012,279793
2020-05-14 04:16:47,kovan,18514825,18235012,279813
2020-05-14 04:18:24,kovan,18514843,18235012,279831
2020-05-14 04:19:57,kovan,18514860,18235012,279848
2020-05-14 04:21:19,kovan,18514876,18235012,279864
2020-05-14 04:22:41,kovan,18514893,18235012,279881
2020-05-14 04:24:07,kovan,18514909,18235012,279897
2020-05-14 04:25:30,kovan,18514928,18235012,279916
2020-05-14 04:27:00,kovan,18514945,18235012,279933
2020-05-14 04:28:29,kovan,18514961,18235012,279949
2020-05-14 04:29:51,kovan,18514980,18235012,279968
2020-05-14 04:31:20,kovan,18514997,18235012,279985
2020-05-14 04:32:44,kovan,18515013,18235012,280001
2020-05-14 04:34:07,kovan,18515029,18235012,280017
2020-05-14 04:35:30,kovan,18515047,18235012,280035
2020-05-14 04:36:54,kovan,18515063,18235012,280051
2020-05-14 04:38:16,kovan,18515079,18235012,280067
2020-05-14 04:39:38,kovan,18515096,18235012,280084
2020-05-14 04:41:01,kovan,18515114,18235012,280102
2020-05-14 04:42:35,kovan,18515131,18235012,280119
2020-05-14 04:43:57,kovan,18515148,18235012,280136
2020-05-14 04:45:19,kovan,18515165,18235012,280153
2020-05-14 04:46:44,kovan,18515181,18235012,280169
2020-05-14 04:48:06,kovan,18515197,18235012,280185
2020-05-14 04:49:28,kovan,18515214,18235012,280202
2020-05-14 04:50:51,kovan,18515231,18235012,280219
2020-05-14 04:52:17,kovan,18515247,18235012,280235
2020-05-14 04:53:38,kovan,18515264,18235012,280252
2020-05-14 04:55:02,kovan,18515281,18235012,280269
2020-05-14 04:56:28,kovan,18515297,18235012,280285
2020-05-14 04:57:50,kovan,18515314,18235012,280302
2020-05-14 04:59:12,kovan,18515330,18235012,280318
2020-05-14 05:00:34,kovan,18515346,18235012,280334
2020-05-14 05:01:58,kovan,18515363,18235012,280351
2020-05-14 05:03:24,kovan,18515380,18235012,280368
2020-05-14 05:04:46,kovan,18515396,18235012,280384
2020-05-14 05:06:09,kovan,18515413,18235012,280401
2020-05-14 05:07:32,kovan,18515430,18235012,280418
2020-05-14 05:08:56,kovan,18515447,18235012,280435
2020-05-14 05:10:18,kovan,18515463,18235012,280451
2020-05-14 05:11:43,kovan,18515480,18235012,280468
2020-05-14 05:13:06,kovan,18515496,18235012,280484
2020-05-14 05:14:28,kovan,18515513,18235012,280501
2020-05-14 05:15:53,kovan,18515531,18235012,280519
2020-05-14 05:17:17,kovan,18515547,18235012,280535
2020-05-14 05:18:39,kovan,18515563,18235012,280551
2020-05-14 05:20:01,kovan,18515580,18235012,280568
2020-05-14 05:21:26,kovan,18515597,18235012,280585
2020-05-14 05:22:50,kovan,18515613,18235012,280601
2020-05-14 05:24:11,kovan,18515630,18235012,280618
2020-05-14 05:25:36,kovan,18515647,18235012,280635
2020-05-14 05:27:01,kovan,18515664,18235012,280652
2020-05-14 05:28:23,kovan,18515680,18235012,280668
2020-05-14 05:29:45,kovan,18515696,18235012,280684
2020-05-14 05:31:09,kovan,18515713,18235012,280701
2020-05-14 05:32:33,kovan,18515730,18235012,280718
2020-05-14 05:33:58,kovan,18515748,18235012,280736
2020-05-14 05:35:23,kovan,18515764,18235012,280752
2020-05-14 05:36:45,kovan,18515781,18235012,280769
2020-05-14 05:38:12,kovan,18515798,18235012,280786
2020-05-14 05:39:35,kovan,18515815,18235012,280803
2020-05-14 05:40:59,kovan,18515831,18235012,280819
2020-05-14 05:42:23,kovan,18515848,18235012,280836
2020-05-14 05:43:45,kovan,18515865,18235012,280853
2020-05-14 05:45:10,kovan,18515881,18235012,280869
2020-05-14 05:46:34,kovan,18515898,18235012,280886
2020-05-14 05:47:56,kovan,18515915,18235012,280903
2020-05-14 05:49:19,kovan,18515932,18235012,280920
2020-05-14 05:50:44,kovan,18515948,18235012,280936
2020-05-14 05:52:08,kovan,18515965,18235012,280953
2020-05-14 05:53:30,kovan,18515981,18235012,280969
2020-05-14 05:54:54,kovan,18515998,18235012,280986
2020-05-14 05:56:16,kovan,18516015,18235012,281003
2020-05-14 05:57:41,kovan,18516032,18235012,281020
2020-05-14 05:59:07,kovan,18516048,18235012,281036
2020-05-14 06:00:29,kovan,18516065,18235012,281053
2020-05-14 06:01:54,kovan,18516083,18235012,281071
2020-05-14 06:03:20,kovan,18516100,18235012,281088
2020-05-14 06:04:44,kovan,18516116,18235012,281104
2020-05-14 06:06:09,kovan,18516134,18235012,281122
2020-05-14 06:07:33,kovan,18516150,18235012,281138
2020-05-14 06:08:55,kovan,18516166,18235012,281154
2020-05-14 06:10:18,kovan,18516184,18235012,281172
2020-05-14 06:11:43,kovan,18516200,18235012,281188
2020-05-14 06:13:08,kovan,18516216,18235012,281204
2020-05-14 06:14:31,kovan,18516234,18235012,281222
2020-05-14 06:15:56,kovan,18516250,18235012,281238
2020-05-14 06:17:19,kovan,18516267,18235012,281255
2020-05-14 06:18:41,kovan,18516284,18235012,281272
2020-05-14 06:20:03,kovan,18516300,18235012,281288
2020-05-14 06:21:26,kovan,18516316,18235012,281304
2020-05-14 06:22:50,kovan,18516333,18235012,281321
2020-05-14 06:24:13,kovan,18516350,18235012,281338
2020-05-14 06:25:37,kovan,18516367,18235012,281355
2020-05-14 06:27:02,kovan,18516384,18235012,281372
2020-05-14 06:28:26,kovan,18516404,18235012,281392
2020-05-14 06:30:10,kovan,18516423,18235012,281411
2020-05-14 06:31:40,kovan,18516439,18235012,281427
2020-05-14 06:33:03,kovan,18516456,18235012,281444
2020-05-14 06:34:25,kovan,18516474,18235012,281462
2020-05-14 06:35:56,kovan,18516492,18235012,281480
2020-05-14 06:37:30,kovan,18516509,18235012,281497
2020-05-14 06:38:52,kovan,18516526,18235012,281514
2020-05-14 06:40:14,kovan,18516545,18235012,281533
2020-05-14 06:41:54,kovan,18516564,18235012,281552
2020-05-14 06:43:21,kovan,18516579,18235012,281567
2020-05-14 06:44:43,kovan,18516597,18235012,281585
2020-05-14 06:46:13,kovan,18516616,18235012,281604
2020-05-14 06:47:48,kovan,18516635,18235012,281623
2020-05-14 06:49:21,kovan,18516653,18235012,281641
2020-05-14 06:50:50,kovan,18516669,18235012,281657
2020-05-14 06:52:13,kovan,18516685,18235012,281673
2020-05-14 06:53:35,kovan,18516704,18235012,281692
2020-05-14 06:55:05,kovan,18516722,18235012,281710
2020-05-14 06:56:39,kovan,18516739,18235012,281727
2020-05-14 06:58:03,kovan,18516757,18235012,281745
2020-05-14 06:59:35,kovan,18516777,18235012,281765
2020-05-14 07:01:13,kovan,18516794,18235012,281782
2020-05-14 07:02:42,kovan,18516811,18235012,281799
2020-05-14 07:04:04,kovan,18516828,18235012,281816
2020-05-14 07:05:34,kovan,18516847,18235012,281835
2020-05-14 07:07:10,kovan,18516864,18235012,281852
2020-05-14 07:08:32,kovan,18516881,18235012,281869
2020-05-14 07:09:54,kovan,18516899,18235012,281887
2020-05-14 07:11:25,kovan,18516916,18235012,281904
2020-05-14 07:12:55,kovan,18516933,18235012,281921
2020-05-14 07:14:17,kovan,18516952,18235012,281940
2020-05-14 07:15:53,kovan,18516971,18235012,281959
2020-05-14 07:17:24,kovan,18516987,18235012,281975
2020-05-14 07:18:46,kovan,18517002,18235012,281990
2020-05-14 07:20:08,kovan,18517021,18235012,282009
2020-05-14 07:21:41,kovan,18517039,18235012,282027
2020-05-14 07:23:12,kovan,18517056,18235012,282044
2020-05-14 07:24:34,kovan,18517075,18235012,282063
2020-05-14 07:26:12,kovan,18517094,18235012,282082
2020-05-14 07:27:46,kovan,18517110,18235012,282098
2020-05-14 07:29:08,kovan,18517127,18235012,282115
2020-05-14 07:30:37,kovan,18517145,18235012,282133
2020-05-14 07:32:11,kovan,18517165,18235012,282153
2020-05-14 07:33:46,kovan,18517185,18235012,282173
2020-05-14 07:35:24,kovan,18517201,18235012,282189
2020-05-14 07:36:46,kovan,18517217,18235012,282205
2020-05-14 07:38:08,kovan,18517236,18235012,282224
2020-05-14 07:39:38,kovan,18517254,18235012,282242
2020-05-14 07:41:14,kovan,18517272,18235012,282260
2020-05-14 07:42:41,kovan,18517288,18235012,282276
2020-05-14 07:44:03,kovan,18517305,18235012,282293
2020-05-14 07:45:25,kovan,18517323,18235012,282311
2020-05-14 07:46:58,kovan,18517341,18235012,282329
2020-05-14 07:48:31,kovan,18517358,18235012,282346
2020-05-14 07:49:53,kovan,18517375,18235012,282363
2020-05-14 07:51:15,kovan,18517393,18235012,282381
2020-05-14 07:52:47,kovan,18517411,18235012,282399
2020-05-14 07:54:18,kovan,18517442,18235012,282430
2020-05-14 07:56:50,kovan,18517468,18235012,282456
2020-05-14 07:58:58,kovan,18517487,18235012,282475
2020-05-14 08:00:38,kovan,18517524,18235012,282512
2020-05-14 08:03:48,kovan,18517546,18235012,282534
2020-05-14 08:05:37,kovan,18517568,18235012,282556
2020-05-14 08:07:30,kovan,18517592,18235012,282580
2020-05-14 08:09:26,kovan,18517610,18235012,282598
2020-05-14 08:10:54,kovan,18517629,18235012,282617
2020-05-14 08:12:35,kovan,18517648,18235012,282636
2020-05-14 08:14:06,kovan,18517680,18235012,282668
2020-05-14 08:16:44,kovan,18517699,18235012,282687
2020-05-14 08:18:21,kovan,18517716,18235012,282704
2020-05-14 08:19:48,kovan,18517732,18235012,282720
2020-05-14 08:21:10,kovan,18517750,18235012,282738
2020-05-14 08:22:35,kovan,18517767,18235012,282755
2020-05-14 08:23:59,kovan,18517787,18235012,282775
2020-05-14 08:25:41,kovan,18517808,18235012,282796
2020-05-14 08:27:30,kovan,18517825,18235012,282813
2020-05-14 08:28:53,kovan,18517846,18235012,282834
2020-05-14 08:30:36,kovan,18517868,18235012,282856
2020-05-14 08:32:26,kovan,18517887,18235012,282875
2020-05-14 08:34:01,kovan,18517905,18235012,282893
2020-05-14 08:35:33,kovan,18517922,18235012,282910
2020-05-14 08:36:55,kovan,18517938,18235012,282926
2020-05-14 08:38:17,kovan,18517960,18235012,282948
2020-05-14 08:40:06,kovan,18517976,18235012,282964
2020-05-14 08:41:29,kovan,18517992,18235012,282980
2020-05-14 08:42:51,kovan,18518009,18235012,282997
2020-05-14 08:44:13,kovan,18518028,18235012,283016
2020-05-14 08:45:46,kovan,18518047,18235012,283035
2020-05-14 08:47:21,kovan,18518064,18235012,283052
2020-05-14 08:48:44,kovan,18518080,18235012,283068
2020-05-14 08:50:06,kovan,18518096,18235012,283084
2020-05-14 08:51:28,kovan,18518113,18235012,283101
2020-05-14 08:52:52,kovan,18518129,18235012,283117
2020-05-14 08:54:14,kovan,18518148,18235012,283136
2020-05-14 08:55:48,kovan,18518168,18235012,283156
2020-05-14 08:57:31,kovan,18518186,18235012,283174
2020-05-14 08:58:55,kovan,18518203,18235012,283191
2020-05-14 09:00:18,kovan,18518239,18235012,283227
2020-05-14 09:03:27,kovan,18518255,18235012,283243
2020-05-14 09:04:49,kovan,18518272,18235012,283260
2020-05-14 09:06:11,kovan,18518288,18235012,283276
2020-05-14 09:07:33,kovan,18518304,18235012,283292
2020-05-14 09:08:55,kovan,18518324,18235012,283312
2020-05-14 09:10:32,kovan,18518343,18235012,283331
2020-05-14 09:12:05,kovan,18518360,18235012,283348
2020-05-14 09:13:30,kovan,18518376,18235012,283364
2020-05-14 09:14:52,kovan,18518399,18235012,283387
2020-05-14 09:16:46,kovan,18518419,18235012,283407
2020-05-14 09:18:24,kovan,18518435,18235012,283423
2020-05-14 09:19:46,kovan,18518451,18235012,283439
2020-05-14 09:21:08,kovan,18518469,18235012,283457
2020-05-14 09:22:36,kovan,18518488,18235012,283476
2020-05-14 09:24:13,kovan,18518507,18235012,283495
2020-05-14 09:25:45,kovan,18518524,18235012,283512
2020-05-14 09:27:12,kovan,18518541,18235012,283529
2020-05-14 09:28:34,kovan,18518562,18235012,283550
2020-05-14 09:30:19,kovan,18518578,18235012,283566
2020-05-14 09:31:50,kovan,18518598,18235012,283586
2020-05-14 09:33:32,kovan,18518616,18235012,283604
2020-05-14 09:34:56,kovan,18518631,18235012,283619
2020-05-14 09:36:18,kovan,18518653,18235012,283641
2020-05-14 09:38:08,kovan,18518670,18235012,283658
2020-05-14 09:39:32,kovan,18518686,18235012,283674
2020-05-14 09:40:54,kovan,18518705,18235012,283693
2020-05-14 09:42:24,kovan,18518721,18235012,283709
2020-05-14 09:43:46,kovan,18518740,18235012,283728
2020-05-14 09:45:22,kovan,18518761,18235012,283749
2020-05-14 09:47:07,kovan,18518779,18235012,283767
2020-05-14 09:48:37,kovan,18518796,18235012,283784
2020-05-14 09:49:59,kovan,18518814,18235012,283802
2020-05-14 09:51:32,kovan,18518833,18235012,283821
2020-05-14 09:53:03,kovan,18518849,18235012,283837
2020-05-14 09:54:25,kovan,18518867,18235012,283855
2020-05-14 09:55:55,kovan,18518885,18235012,283873
2020-05-14 09:57:25,kovan,18518901,18235012,283889
2020-05-14 09:58:47,kovan,18518917,18235012,283905
2020-05-14 10:00:09,kovan,18518937,18235012,283925
2020-05-14 10:01:46,kovan,18518955,18235012,283943
2020-05-14 10:03:16,kovan,18518971,18235012,283959
2020-05-14 10:04:38,kovan,18518989,18235012,283977
2020-05-14 10:06:10,kovan,18519009,18235012,283997
2020-05-14 10:07:44,kovan,18519025,18235012,284013
2020-05-14 10:09:06,kovan,18519041,18235012,284029
2020-05-14 10:10:29,kovan,18519059,18235012,284047
2020-05-14 10:11:59,kovan,18519077,18235012,284065
2020-05-14 10:13:27,kovan,18519093,18235012,284081
2020-05-14 10:14:49,kovan,18519112,18235012,284100
2020-05-14 10:16:20,kovan,18519129,18235012,284117
2020-05-14 10:17:51,kovan,18519146,18235012,284134
2020-05-14 10:19:13,kovan,18519163,18235012,284151
2020-05-14 10:20:35,kovan,18519181,18235012,284169
2020-05-14 10:22:09,kovan,18519200,18235012,284188
2020-05-14 10:23:41,kovan,18519217,18235012,284205
2020-05-14 10:25:03,kovan,18519235,18235012,284223
2020-05-14 10:26:33,kovan,18519253,18235012,284241
2020-05-14 10:28:11,kovan,18519272,18235012,284260
2020-05-14 10:29:42,kovan,18519289,18235012,284277
2020-05-14 10:31:07,kovan,18519309,18235012,284297
2020-05-14 10:32:45,kovan,18519325,18235012,284313
2020-05-14 10:34:07,kovan,18519341,18235012,284329
2020-05-14 10:35:29,kovan,18519360,18235012,284348
2020-05-14 10:37:01,kovan,18519379,18235012,284367
2020-05-14 10:38:37,kovan,18519396,18235012,284384
2020-05-14 10:39:59,kovan,18519414,18235012,284402
2020-05-14 10:41:33,kovan,18519433,18235012,284421
2020-05-14 10:43:05,kovan,18519449,18235012,284437
2020-05-14 10:44:27,kovan,18519465,18235012,284453
2020-05-14 10:45:49,kovan,18519484,18235012,284472
2020-05-14 10:47:23,kovan,18519503,18235012,284491
2020-05-14 10:48:57,kovan,18519520,18235012,284508
2020-05-14 10:50:20,kovan,18519542,18235012,284530
2020-05-14 10:52:13,kovan,18519559,18235012,284547
2020-05-14 10:53:37,kovan,18519576,18235012,284564
2020-05-14 10:55:00,kovan,18519593,18235012,284581
2020-05-14 10:56:25,kovan,18519611,18235012,284599
2020-05-14 10:57:56,kovan,18519629,18235012,284617
2020-05-14 10:59:23,kovan,18519645,18235012,284633
2020-05-14 11:00:45,kovan,18519662,18235012,284650
2020-05-14 11:02:12,kovan,18519679,18235012,284667
2020-05-14 11:03:34,kovan,18519696,18235012,284684
2020-05-14 11:05:00,kovan,18519715,18235012,284703
2020-05-14 11:06:35,kovan,18519733,18235012,284721
2020-05-14 11:08:06,kovan,18519749,18235012,284737
2020-05-14 11:09:29,kovan,18519766,18235012,284754
2020-05-14 11:10:51,kovan,18519785,18235012,284773
2020-05-14 11:12:24,kovan,18519802,18235012,284790
2020-05-14 11:13:50,kovan,18519818,18235012,284806
2020-05-14 11:15:12,kovan,18519834,18235012,284822
2020-05-14 11:16:34,kovan,18519861,18235012,284849
2020-05-14 11:18:48,kovan,18519877,18235012,284865
2020-05-14 11:20:10,kovan,18519894,18235012,284882
2020-05-14 11:21:32,kovan,18519912,18235012,284900
2020-05-14 11:23:01,kovan,18519929,18235012,284917
2020-05-14 11:24:29,kovan,18519949,18235012,284937
2020-05-14 11:26:03,kovan,18519967,18235012,284955
2020-05-14 11:27:35,kovan,18519983,18235012,284971
2020-05-14 11:28:57,kovan,18519999,18235012,284987
2020-05-14 11:30:19,kovan,18520017,18235012,285005
2020-05-14 11:31:44,kovan,18520036,18235012,285024
2020-05-14 11:33:19,kovan,18520055,18235012,285043
2020-05-14 11:34:58,kovan,18520077,18235012,285065
2020-05-14 11:36:43,kovan,18520094,18235012,285082
2020-05-14 11:38:12,kovan,18520110,18235012,285098
2020-05-14 11:39:34,kovan,18520127,18235012,285115
2020-05-14 11:40:56,kovan,18520145,18235012,285133
2020-05-14 11:42:27,kovan,18520162,18235012,285150
2020-05-14 11:43:50,kovan,18520181,18235012,285169
2020-05-14 11:45:27,kovan,18520198,18235012,285186
2020-05-14 11:46:52,kovan,18520214,18235012,285202
2020-05-14 11:48:14,kovan,18520231,18235012,285219
2020-05-14 11:49:36,kovan,18520247,18235012,285235
2020-05-14 11:50:58,kovan,18520267,18235012,285255
2020-05-14 11:52:38,kovan,18520289,18235012,285277
2020-05-14 11:54:24,kovan,18520305,18235012,285293
2020-05-14 11:55:47,kovan,18520323,18235012,285311
2020-05-14 11:57:19,kovan,18520343,18235012,285331
2020-05-14 11:58:55,kovan,18520361,18235012,285349
2020-05-14 12:00:29,kovan,18520377,18235012,285365
2020-05-14 12:01:51,kovan,18520394,18235012,285382
2020-05-14 12:03:13,kovan,18520411,18235012,285399
2020-05-14 12:04:36,kovan,18520430,18235012,285418
2020-05-14 12:06:13,kovan,18520448,18235012,285436
2020-05-14 12:07:41,kovan,18520465,18235012,285453
2020-05-14 12:09:03,kovan,18520485,18235012,285473
2020-05-14 12:10:47,kovan,18520505,18235012,285493
2020-05-14 12:12:24,kovan,18520521,18235012,285509
2020-05-14 12:13:46,kovan,18520537,18235012,285525
2020-05-14 12:15:08,kovan,18520557,18235012,285545
2020-05-14 12:16:47,kovan,18520576,18235012,285564
2020-05-14 12:18:20,kovan,18520596,18235012,285584
2020-05-14 12:20:01,kovan,18520613,18235012,285601
2020-05-14 12:21:23,kovan,18520629,18235012,285617
2020-05-14 12:22:51,kovan,18520646,18235012,285634
2020-05-14 12:24:13,kovan,18520663,18235012,285651
2020-05-14 12:25:35,kovan,18520682,18235012,285670
2020-05-14 12:27:10,kovan,18520701,18235012,285689
2020-05-14 12:28:49,kovan,18520718,18235012,285706
2020-05-14 12:30:11,kovan,18520734,18235012,285722
2020-05-14 12:31:33,kovan,18520752,18235012,285740
2020-05-14 12:33:04,kovan,18520769,18235012,285757
2020-05-14 12:34:26,kovan,18520785,18235012,285773
2020-05-14 12:35:48,kovan,18520805,18235012,285793
2020-05-14 12:37:25,kovan,18520823,18235012,285811
2020-05-14 12:38:54,kovan,18520839,18235012,285827
2020-05-14 12:40:16,kovan,18520857,18235012,285845
2020-05-14 12:41:52,kovan,18520878,18235012,285866
2020-05-14 12:43:34,kovan,18520893,18235012,285881
2020-05-14 12:44:56,kovan,18520912,18235012,285900
2020-05-14 12:46:23,kovan,18520928,18235012,285916
2020-05-14 12:47:46,kovan,18520944,18235012,285932
2020-05-14 12:49:08,kovan,18520967,18235012,285955
2020-05-14 12:50:59,kovan,18520986,18235012,285974
2020-05-14 12:52:35,kovan,18521002,18235012,285990
2020-05-14 12:53:58,kovan,18521019,18235012,286007
2020-05-14 12:55:22,kovan,18521038,18235012,286026
2020-05-14 12:56:55,kovan,18521056,18235012,286044
2020-05-14 12:58:25,kovan,18521072,18235012,286060
2020-05-14 12:59:48,kovan,18521093,18235012,286081
2020-05-14 13:01:33,kovan,18521118,18235012,286106
2020-05-14 13:03:35,kovan,18521134,18235012,286122
2020-05-14 13:04:57,kovan,18521151,18235012,286139
2020-05-14 13:06:19,kovan,18521171,18235012,286159
2020-05-14 13:08:02,kovan,18521192,18235012,286180
2020-05-14 13:09:43,kovan,18521208,18235012,286196
2020-05-14 13:11:06,kovan,18521225,18235012,286213
2020-05-14 13:12:40,kovan,18521243,18235012,286231
2020-05-14 13:14:04,kovan,18521267,18235012,286255
2020-05-14 13:16:21,kovan,18521290,18235012,286278
2020-05-14 13:18:28,kovan,18521307,18235012,286295
2020-05-14 13:19:50,kovan,18521323,18235012,286311
2020-05-14 13:21:15,kovan,18521341,18235012,286329
2020-05-14 13:22:41,kovan,18521358,18235012,286346
2020-05-14 13:24:03,kovan,18521378,18235012,286366
2020-05-14 13:25:51,kovan,18521402,18235012,286390
2020-05-14 13:27:43,kovan,18521418,18235012,286406
2020-05-14 13:29:05,kovan,18521434,18235012,286422
2020-05-14 13:30:27,kovan,18521449,18235012,286437
2020-05-14 13:31:49,kovan,18521465,18235012,286453
2020-05-14 13:33:11,kovan,18521488,18235012,286476
2020-05-14 13:35:01,kovan,18521510,18235012,286498
2020-05-14 13:36:51,kovan,18521526,18235012,286514
2020-05-14 13:38:13,kovan,18521543,18235012,286531
2020-05-14 13:39:38,kovan,18521572,18235012,286560
2020-05-14 13:42:01,kovan,18521589,18235012,286577
2020-05-14 13:43:30,kovan,18521606,18235012,286594
2020-05-14 13:44:53,kovan,18521623,18235012,286611
2020-05-14 13:46:15,kovan,18521640,18235012,286628
2020-05-14 13:47:40,kovan,18521656,18235012,286644
2020-05-14 13:49:02,kovan,18521673,18235012,286661
2020-05-14 13:50:26,kovan,18521689,18235012,286677
2020-05-14 13:51:49,kovan,18521706,18235012,286694
2020-05-14 13:53:11,kovan,18521724,18235012,286712
2020-05-14 13:54:38,kovan,18521762,18235012,286750
2020-05-14 13:57:52,kovan,18521785,18235012,286773
2020-05-14 13:59:45,kovan,18521801,18235012,286789
2020-05-14 14:01:07,kovan,18521818,18235012,286806
2020-05-14 14:02:36,kovan,18521834,18235012,286822
2020-05-14 14:03:58,kovan,18521851,18235012,286839
2020-05-14 14:05:20,kovan,18521887,18235012,286875
2020-05-14 14:08:20,kovan,18521903,18235012,286891
2020-05-14 14:09:43,kovan,18521920,18235012,286908
2020-05-14 14:11:05,kovan,18521937,18235012,286925
2020-05-14 14:12:35,kovan,18521954,18235012,286942
2020-05-14 14:13:57,kovan,18521971,18235012,286959
2020-05-14 14:15:19,kovan,18521987,18235012,286975
2020-05-14 14:16:41,kovan,18522007,18235012,286995
2020-05-14 14:18:24,kovan,18522024,18235012,287012
2020-05-14 14:19:46,kovan,18522043,18235012,287031
2020-05-14 14:21:22,kovan,18522073,18235012,287061
2020-05-14 14:23:53,kovan,18522090,18235012,287078
2020-05-14 14:25:15,kovan,18522108,18235012,287096
2020-05-14 14:26:42,kovan,18522124,18235012,287112
2020-05-14 14:28:04,kovan,18522140,18235012,287128
2020-05-14 14:29:26,kovan,18522156,18235012,287144
2020-05-14 14:30:49,kovan,18522174,18235012,287162
2020-05-14 14:32:18,kovan,18522192,18235012,287180
2020-05-14 14:33:49,kovan,18522231,18235012,287219
2020-05-14 14:37:03,kovan,18522247,18235012,287235
2020-05-14 14:38:25,kovan,18522264,18235012,287252
2020-05-14 14:39:47,kovan,18522285,18235012,287273
2020-05-14 14:41:32,kovan,18522308,18235012,287296
2020-05-14 14:43:28,kovan,18522325,18235012,287313
2020-05-14 14:44:50,kovan,18522343,18235012,287331
2020-05-14 14:46:20,kovan,18522360,18235012,287348
2020-05-14 14:47:49,kovan,18522377,18235012,287365
2020-05-14 14:49:11,kovan,18522398,18235012,287386
2020-05-14 14:50:57,kovan,18522420,18235012,287408
2020-05-14 14:52:51,kovan,18522437,18235012,287425
2020-05-14 14:54:13,kovan,18522455,18235012,287443
2020-05-14 14:55:42,kovan,18522472,18235012,287460
2020-05-14 14:57:10,kovan,18522489,18235012,287477
2020-05-14 14:58:32,kovan,18522526,18235012,287514
2020-05-14 15:01:36,kovan,18522544,18235012,287532
2020-05-14 15:03:03,kovan,18522560,18235012,287548
2020-05-14 15:04:25,kovan,18522576,18235012,287564
2020-05-14 15:08:43,kovan,18522628,18235012,287616
2020-05-14 15:10:05,kovan,18522645,18235012,287633
2020-05-14 15:14:21,kovan,18522697,18235012,287685
2020-05-14 15:15:51,kovan,18522714,18235012,287702
2020-05-14 15:17:14,kovan,18522730,18235012,287718
2020-05-14 15:18:36,kovan,18522747,18235012,287735
2020-05-14 15:19:58,kovan,18522764,18235012,287752
2020-05-14 15:21:24,kovan,18522781,18235012,287769
2020-05-14 15:22:51,kovan,18522798,18235012,287786
2020-05-14 15:24:13,kovan,18522814,18235012,287802
2020-05-14 15:25:35,kovan,18522845,18235012,287833
2020-05-14 15:28:15,kovan,18522864,18235012,287852
2020-05-14 15:29:48,kovan,18522880,18235012,287868
2020-05-14 15:31:10,kovan,18522898,18235012,287886
2020-05-14 15:35:21,kovan,18522948,18235012,287936
2020-05-14 15:36:42,kovan,18522964,18235012,287952
2020-05-14 15:38:04,kovan,18522993,18235012,287981
2020-05-14 15:40:31,kovan,18523012,18235012,288000
2020-05-14 15:42:07,kovan,18523028,18235012,288016
2020-05-14 15:43:29,kovan,18523045,18235012,288033
2020-05-14 15:44:51,kovan,18523064,18235012,288052
2020-05-14 15:46:26,kovan,18523081,18235012,288069
2020-05-14 15:47:52,kovan,18523102,18235012,288090
2020-05-14 15:49:39,kovan,18523121,18235012,288109
2020-05-14 15:51:14,kovan,18523140,18235012,288128
2020-05-14 15:52:47,kovan,18523156,18235012,288144
2020-05-14 15:54:09,kovan,18523183,18235012,288171
2020-05-14 15:56:24,kovan,18523204,18235012,288192
2020-05-14 15:58:03,kovan,18523220,18235012,288208
2020-05-14 15:59:25,kovan,18523236,18235012,288224
2020-05-14 16:00:48,kovan,18523256,18235012,288244
2020-05-14 16:02:28,kovan,18523275,18235012,288263
2020-05-14 16:04:01,kovan,18523295,18235012,288283
2020-05-14 16:05:44,kovan,18523313,18235012,288301
2020-05-14 16:07:12,kovan,18523336,18235012,288324
2020-05-14 16:09:05,kovan,18523355,18235012,288343
2020-05-14 16:10:41,kovan,18523379,18235012,288367
2020-05-14 16:12:40,kovan,18523399,18235012,288387
2020-05-14 16:14:23,kovan,18523420,18235012,288408
2020-05-14 16:16:02,kovan,18523441,18235012,288429
2020-05-14 16:17:55,kovan,18523471,18235012,288459
2020-05-14 16:20:22,kovan,18523490,18235012,288478
2020-05-14 16:21:57,kovan,18523508,18235012,288496
2020-05-14 16:23:27,kovan,18523532,18235012,288520
2020-05-14 16:25:30,kovan,18523553,18235012,288541
2020-05-14 16:27:13,kovan,18523574,18235012,288562
2020-05-14 16:28:56,kovan,18523590,18235012,288578
2020-05-14 16:30:18,kovan,18523613,18235012,288601
2020-05-14 16:32:15,kovan,18523635,18235012,288623
2020-05-14 16:34:02,kovan,18523654,18235012,288642
2020-05-14 16:35:33,kovan,18523670,18235012,288658
2020-05-14 16:36:55,kovan,18523686,18235012,288674
2020-05-14 16:38:17,kovan,18523706,18235012,288694
2020-05-14 16:39:58,kovan,18523726,18235012,288714
2020-05-14 16:41:37,kovan,18523743,18235012,288731
2020-05-14 16:42:59,kovan,18523759,18235012,288747
2020-05-14 16:44:21,kovan,18523776,18235012,288764
2020-05-14 16:45:43,kovan,18523793,18235012,288781
2020-05-14 16:47:11,kovan,18523809,18235012,288797
2020-05-14 16:48:33,kovan,18523825,18235012,288813
2020-05-14 16:52:55,kovan,18523879,18235012,288867
2020-05-14 16:54:17,kovan,18523894,18235012,288882
2020-05-14 16:55:39,kovan,18523912,18235012,288900
2020-05-14 16:57:09,kovan,18523946,18235012,288934
2020-05-14 16:59:57,kovan,18523963,18235012,288951
2020-05-14 17:01:21,kovan,18523979,18235012,288967
2020-05-14 17:02:43,kovan,18524000,18235012,288988
2020-05-14 17:04:31,kovan,18524024,18235012,289012
2020-05-14 17:06:25,kovan,18524040,18235012,289028
2020-05-14 17:07:47,kovan,18524064,18235012,289052
2020-05-14 17:09:48,kovan,18524086,18235012,289074
2020-05-14 17:11:38,kovan,18524108,18235012,289096
2020-05-14 17:13:25,kovan,18524124,18235012,289112
2020-05-14 17:14:47,kovan,18524140,18235012,289128
2020-05-14 17:16:09,kovan,18524172,18235012,289160
2020-05-14 17:18:46,kovan,18524188,18235012,289176
2020-05-14 17:20:08,kovan,18524205,18235012,289193
2020-05-14 17:21:30,kovan,18524224,18235012,289212
2020-05-14 17:23:05,kovan,18524240,18235012,289228
2020-05-14 17:24:28,kovan,18524256,18235012,289244
2020-05-14 17:25:50,kovan,18524274,18235012,289262
2020-05-14 17:27:20,kovan,18524291,18235012,289279
2020-05-14 17:31:35,kovan,18524344,18235012,289332
2020-05-14 17:33:08,kovan,18524361,18235012,289349
2020-05-14 17:34:30,kovan,18524377,18235012,289365
2020-05-14 17:35:53,kovan,18524394,18235012,289382
2020-05-14 17:37:20,kovan,18524411,18235012,289399
2020-05-14 17:38:42,kovan,18524431,18235012,289419
2020-05-14 17:40:21,kovan,18524449,18235012,289437
2020-05-14 17:41:54,kovan,18524466,18235012,289454
2020-05-14 17:43:16,kovan,18524483,18235012,289471
2020-05-14 17:44:38,kovan,18524501,18235012,289489
2020-05-14 17:46:13,kovan,18524524,18235012,289512
2020-05-14 17:48:08,kovan,18524541,18235012,289529
2020-05-14 17:49:30,kovan,18524557,18235012,289545
2020-05-14 17:50:52,kovan,18524580,18235012,289568
2020-05-14 17:52:45,kovan,18524600,18235012,289588
2020-05-14 17:54:24,kovan,18524616,18235012,289604
2020-05-14 17:55:47,kovan,18524635,18235012,289623
2020-05-14 17:57:18,kovan,18524656,18235012,289644
2020-05-14 17:59:11,kovan,18524675,18235012,289663
2020-05-14 18:00:43,kovan,18524693,18235012,289681
2020-05-14 18:02:14,kovan,18524710,18235012,289698
2020-05-14 18:03:36,kovan,18524732,18235012,289720
2020-05-14 18:05:30,kovan,18524754,18235012,289742
2020-05-14 18:07:14,kovan,18524770,18235012,289758
2020-05-14 18:08:36,kovan,18524786,18235012,289774
2020-05-14 18:13:14,kovan,18524842,18235012,289830
2020-05-14 18:14:36,kovan,18524859,18235012,289847
2020-05-14 18:15:59,kovan,18524881,18235012,289869
2020-05-14 18:17:50,kovan,18524908,18235012,289896
2020-05-14 18:20:04,kovan,18524924,18235012,289912
2020-05-14 18:21:26,kovan,18524940,18235012,289928
2020-05-14 18:22:49,kovan,18524956,18235012,289944
2020-05-14 18:24:11,kovan,18524972,18235012,289960
2020-05-14 18:25:33,kovan,18524992,18235012,289980
2020-05-14 18:27:15,kovan,18525009,18235012,289997
2020-05-14 18:28:38,kovan,18525026,18235012,290014
2020-05-14 18:30:00,kovan,18525042,18235012,290030
2020-05-14 18:31:22,kovan,18525059,18235012,290047
2020-05-14 18:32:45,kovan,18525076,18235012,290064
2020-05-14 18:34:12,kovan,18525096,18235012,290084
2020-05-14 18:35:50,kovan,18525113,18235012,290101
2020-05-14 18:37:16,kovan,18525130,18235012,290118
2020-05-14 18:38:38,kovan,18525146,18235012,290134
2020-05-14 18:40:00,kovan,18525168,18235012,290156
2020-05-14 18:41:50,kovan,18525190,18235012,290178
2020-05-14 18:43:43,kovan,18525207,18235012,290195
2020-05-14 18:45:05,kovan,18525223,18235012,290211
2020-05-14 18:46:28,kovan,18525243,18235012,290231
2020-05-14 18:48:10,kovan,18525262,18235012,290250
2020-05-14 18:49:41,kovan,18525279,18235012,290267
2020-05-14 18:51:05,kovan,18525295,18235012,290283
2020-05-14 18:52:30,kovan,18525325,18235012,290313
2020-05-14 18:54:57,kovan,18525347,18235012,290335
2020-05-14 18:56:44,kovan,18525363,18235012,290351
2020-05-14 18:58:06,kovan,18525379,18235012,290367
2020-05-14 18:59:28,kovan,18525419,18235012,290407
2020-05-14 19:02:51,kovan,18525435,18235012,290423
2020-05-14 19:04:13,kovan,18525451,18235012,290439
2020-05-14 19:05:35,kovan,18525478,18235012,290466
2020-05-14 19:07:50,kovan,18525499,18235012,290487
2020-05-14 19:09:32,kovan,18525515,18235012,290503
2020-05-14 19:10:55,kovan,18525533,18235012,290521
2020-05-14 19:12:18,kovan,18525553,18235012,290541
2020-05-14 19:14:00,kovan,18525569,18235012,290557
2020-05-14 19:15:22,kovan,18525586,18235012,290574
2020-05-14 19:16:44,kovan,18525602,18235012,290590
2020-05-14 19:18:06,kovan,18525623,18235012,290611
2020-05-14 19:19:52,kovan,18525640,18235012,290628
2020-05-14 19:21:18,kovan,18525657,18235012,290645
2020-05-14 19:22:40,kovan,18525674,18235012,290662
2020-05-14 19:24:02,kovan,18525692,18235012,290680
2020-05-14 19:25:39,kovan,18525714,18235012,290702
2020-05-14 19:27:28,kovan,18525730,18235012,290718
2020-05-14 19:28:50,kovan,18525746,18235012,290734
2020-05-14 19:30:12,kovan,18525780,18235012,290768
2020-05-14 19:33:02,kovan,18525797,18235012,290785
2020-05-14 19:34:25,kovan,18525813,18235012,290801
2020-05-14 19:35:48,kovan,18525831,18235012,290819
2020-05-14 19:37:15,kovan,18525849,18235012,290837
2020-05-14 19:38:50,kovan,18525869,18235012,290857
2020-05-14 19:40:29,kovan,18525885,18235012,290873
2020-05-14 19:41:51,kovan,18525901,18235012,290889
2020-05-14 19:43:13,kovan,18525921,18235012,290909
2020-05-14 19:44:55,kovan,18525943,18235012,290931
2020-05-14 19:46:41,kovan,18525960,18235012,290948
2020-05-14 19:48:04,kovan,18525976,18235012,290964
2020-05-14 19:49:26,kovan,18525994,18235012,290982
2020-05-14 19:50:57,kovan,18526019,18235012,291007
2020-05-14 19:53:01,kovan,18526035,18235012,291023
2020-05-14 19:54:23,kovan,18526052,18235012,291040
2020-05-14 19:55:45,kovan,18526073,18235012,291061
2020-05-14 19:57:35,kovan,18526092,18235012,291080
2020-05-14 19:59:08,kovan,18526108,18235012,291096
2020-05-14 20:00:30,kovan,18526126,18235012,291114
2020-05-14 20:01:53,kovan,18526161,18235012,291149
2020-05-14 20:04:52,kovan,18526178,18235012,291166
2020-05-14 20:06:15,kovan,18526194,18235012,291182
2020-05-14 20:07:37,kovan,18526210,18235012,291198
2020-05-14 20:09:00,kovan,18526230,18235012,291218
2020-05-14 20:10:40,kovan,18526249,18235012,291237
2020-05-14 20:12:17,kovan,18526266,18235012,291254
2020-05-14 20:13:39,kovan,18526282,18235012,291270
2020-05-14 20:15:01,kovan,18526300,18235012,291288
2020-05-14 20:16:33,kovan,18526319,18235012,291307
2020-05-14 20:18:05,kovan,18526335,18235012,291323
2020-05-14 20:19:27,kovan,18526351,18235012,291339
2020-05-14 20:20:49,kovan,18526371,18235012,291359
2020-05-14 20:22:25,kovan,18526389,18235012,291377
2020-05-14 20:23:55,kovan,18526405,18235012,291393
2020-05-14 20:25:17,kovan,18526421,18235012,291409
2020-05-14 20:26:39,kovan,18526441,18235012,291429
2020-05-14 20:28:17,kovan,18526463,18235012,291451
2020-05-14 20:30:09,kovan,18526479,18235012,291467
2020-05-14 20:31:31,kovan,18526496,18235012,291484
2020-05-14 20:32:53,kovan,18526514,18235012,291502
2020-05-14 20:34:26,kovan,18526533,18235012,291521
2020-05-14 20:35:59,kovan,18526552,18235012,291540
2020-05-14 20:37:35,kovan,18526568,18235012,291556
2020-05-14 20:38:57,kovan,18526584,18235012,291572
2020-05-14 20:40:19,kovan,18526601,18235012,291589
2020-05-14 20:41:41,kovan,18526618,18235012,291606
2020-05-14 20:43:03,kovan,18526635,18235012,291623
2020-05-14 20:44:33,kovan,18526654,18235012,291642
2020-05-14 20:46:04,kovan,18526671,18235012,291659
2020-05-14 20:48:54,kovan,18526710,0,18526710
2020-05-14 20:53:37,kovan,18526761,0,18526761
2020-05-14 20:54:59,kovan,18526782,0,18526782
2020-05-14 20:56:50,kovan,18526804,0,18526804
2020-05-14 20:58:35,kovan,18526826,0,18526826
2020-05-14 21:00:26,kovan,18526845,0,18526845
2020-05-14 21:02:11,kovan,18526867,0,18526867
2020-05-14 21:03:58,kovan,18526890,0,18526890
2020-05-14 21:05:52,kovan,18526910,0,18526910
2020-05-14 21:07:35,kovan,18526931,0,18526931
2020-05-14 21:09:16,kovan,18526952,0,18526952
2020-05-14 21:11:01,kovan,18526973,0,18526973
2020-05-14 21:12:45,kovan,18526996,0,18526996
2020-05-14 21:14:39,kovan,18527016,0,18527016
2020-05-14 21:16:21,kovan,18527035,0,18527035
2020-05-14 21:17:58,kovan,18527058,0,18527058
2020-05-14 21:19:53,kovan,18527075,0,18527075
2020-05-14 21:21:15,kovan,18527092,0,18527092
2020-05-14 21:22:38,kovan,18527108,0,18527108
2020-05-14 21:24:01,kovan,18527126,0,18527126
2020-05-14 21:25:30,kovan,18527142,0,18527142
2020-05-14 21:26:52,kovan,18527158,0,18527158
2020-05-14 21:28:14,kovan,18527175,0,18527175
2020-05-14 21:29:36,kovan,18527192,0,18527192
2020-05-14 21:31:04,kovan,18527212,0,18527212
2020-05-14 21:32:41,kovan,18527231,0,18527231
2020-05-14 21:34:16,kovan,18527250,0,18527250
2020-05-14 21:35:52,kovan,18527269,0,18527269
2020-05-14 21:37:28,kovan,18527288,0,18527288
2020-05-14 21:39:04,kovan,18527309,0,18527309
2020-05-14 21:40:42,kovan,18527328,0,18527328
2020-05-14 21:42:23,kovan,18527349,0,18527349
2020-05-14 21:44:05,kovan,18527372,0,18527372
2020-05-14 21:45:59,kovan,18527396,0,18527396
2020-05-14 21:48:04,kovan,18527418,0,18527418
2020-05-14 21:49:56,kovan,18527453,0,18527453
2020-05-14 21:52:42,kovan,18527471,0,18527471
2020-05-14 21:54:16,kovan,18527491,0,18527491
2020-05-14 21:55:57,kovan,18527510,0,18527510
2020-05-14 21:57:35,kovan,18527531,0,18527531
2020-05-14 21:59:16,kovan,18527551,0,18527551
2020-05-14 22:00:56,kovan,18527573,0,18527573
2020-05-14 22:02:45,kovan,18527592,0,18527592
2020-05-14 22:04:19,kovan,18527612,0,18527612
2020-05-14 22:05:59,kovan,18527631,0,18527631
2020-05-14 22:07:36,kovan,18527651,0,18527651
2020-05-14 22:09:16,kovan,18527670,0,18527670
2020-05-14 22:10:54,kovan,18527692,0,18527692
2020-05-14 22:12:43,kovan,18527712,0,18527712
2020-05-14 22:14:19,kovan,18527730,0,18527730
2020-05-14 22:15:57,kovan,18527752,0,18527752
2020-05-14 22:17:46,kovan,18527772,0,18527772
2020-05-14 22:19:27,kovan,18527793,0,18527793
2020-05-14 22:21:13,kovan,18527815,0,18527815
2020-05-14 22:22:59,kovan,18527835,0,18527835
2020-05-14 22:24:43,kovan,18527855,0,18527855
2020-05-14 22:26:22,kovan,18527875,0,18527875
2020-05-14 22:28:06,kovan,18527896,0,18527896
2020-05-14 22:29:43,kovan,18527916,0,18527916
2020-05-14 22:31:28,kovan,18527936,0,18527936
2020-05-14 22:33:10,kovan,18527956,0,18527956
2020-05-14 22:34:50,kovan,18527977,0,18527977
2020-05-14 22:36:34,kovan,18527998,0,18527998
2020-05-14 22:38:16,kovan,18528018,0,18528018
2020-05-14 22:39:59,kovan,18528046,0,18528046
2020-05-14 22:42:19,kovan,18528072,0,18528072
2020-05-14 22:44:27,kovan,18528094,0,18528094
2020-05-14 22:46:19,kovan,18528119,0,18528119
2020-05-14 22:48:22,kovan,18528141,0,18528141
2020-05-14 22:50:15,kovan,18528161,0,18528161
2020-05-14 22:51:51,kovan,18528184,0,18528184
2020-05-14 22:53:45,kovan,18528204,0,18528204
2020-05-14 22:55:25,kovan,18528220,0,18528220
2020-05-14 22:56:47,kovan,18528237,0,18528237
2020-05-14 22:58:12,kovan,18528254,0,18528254
2020-05-14 22:59:34,kovan,18528271,0,18528271
2020-05-14 23:00:59,kovan,18528287,0,18528287
2020-05-14 23:02:22,kovan,18528304,0,18528304
2020-05-14 23:03:52,kovan,18528323,0,18528323
2020-05-14 23:05:23,kovan,18528339,0,18528339
2020-05-14 23:06:47,kovan,18528355,0,18528355
2020-05-14 23:08:09,kovan,18528379,0,18528379
2020-05-14 23:10:11,kovan,18528400,0,18528400
2020-05-14 23:11:57,kovan,18528421,0,18528421
2020-05-14 23:13:36,kovan,18528440,0,18528440
2020-05-14 23:15:15,kovan,18528462,0,18528462
2020-05-14 23:17:01,kovan,18528483,0,18528483
2020-05-14 23:18:47,kovan,18528502,0,18528502
2020-05-14 23:20:23,kovan,18528524,0,18528524
2020-05-14 23:22:13,kovan,18528543,0,18528543
2020-05-14 23:23:50,kovan,18528565,0,18528565
2020-05-14 23:25:34,kovan,18528585,0,18528585
2020-05-14 23:27:19,kovan,18528606,0,18528606
2020-05-14 23:29:03,kovan,18528627,0,18528627
2020-05-14 23:30:44,kovan,18528646,0,18528646
2020-05-14 23:32:21,kovan,18528667,0,18528667
2020-05-14 23:34:05,kovan,18528687,0,18528687
2020-05-14 23:35:45,kovan,18528707,0,18528707
2020-05-14 23:37:31,kovan,18528729,0,18528729
2020-05-14 23:39:18,kovan,18528749,0,18528749
2020-05-14 23:40:57,kovan,18528769,0,18528769
2020-05-14 23:42:37,kovan,18528790,0,18528790
2020-05-14 23:44:20,kovan,18528811,0,18528811
2020-05-14 23:46:03,kovan,18528831,0,18528831
2020-05-14 23:47:45,kovan,18528852,0,18528852
2020-05-14 23:49:35,kovan,18528872,0,18528872
2020-05-14 23:51:11,kovan,18528893,0,18528893
2020-05-14 23:52:55,kovan,18528913,0,18528913
2020-05-14 23:54:36,kovan,18528935,0,18528935
2020-05-14 23:56:29,kovan,18528955,0,18528955
2020-05-14 23:58:10,kovan,18528976,0,18528976
2020-05-14 23:59:55,kovan,18528996,0,18528996
2020-05-15 00:01:34,kovan,18529015,0,18529015
2020-05-15 00:03:14,kovan,18529034,0,18529034
2020-05-15 00:04:50,kovan,18529051,0,18529051
2020-05-15 00:06:13,kovan,18529071,14105000,4424071
2020-05-15 00:07:55,kovan,18529090,14105000,4424090
2020-05-15 00:09:31,kovan,18529110,14105000,4424110
2020-05-15 00:11:07,kovan,18529129,14105000,4424129
2020-05-15 00:12:40,kovan,18529146,14105000,4424146
2020-05-15 00:14:08,kovan,18529166,14105000,4424166
2020-05-15 00:15:50,kovan,18529185,14105000,4424185
2020-05-15 00:17:26,kovan,18529206,14105000,4424206
2020-05-15 00:19:09,kovan,18529226,14105000,4424226
2020-05-15 00:20:48,kovan,18529244,14105000,4424244
2020-05-15 00:22:16,kovan,18529264,14105000,4424264
2020-05-15 00:23:56,kovan,18529284,14105000,4424284
2020-05-15 00:25:38,kovan,18529303,14105000,4424303
2020-05-15 00:27:15,kovan,18529322,14105000,4424322
2020-05-15 00:28:48,kovan,18529342,14105000,4424342
2020-05-15 00:30:29,kovan,18529363,14105000,4424363
2020-05-15 00:32:11,kovan,18529382,14105000,4424382
2020-05-15 00:33:45,kovan,18529402,14105000,4424402
2020-05-15 00:35:25,kovan,18529420,14105000,4424420
2020-05-15 00:36:58,kovan,18529439,14105000,4424439
2020-05-15 00:38:33,kovan,18529457,14105000,4424457
2020-05-15 00:40:00,kovan,18529475,14105000,4424475
2020-05-15 00:41:34,kovan,18529494,14105000,4424494
2020-05-15 00:43:08,kovan,18529513,14105000,4424513
2020-05-15 00:44:42,kovan,18529531,14105000,4424531
2020-05-15 00:46:14,kovan,18529549,14105000,4424549
2020-05-15 00:47:42,kovan,18529567,14105000,4424567
2020-05-15 00:49:13,kovan,18529586,14105000,4424586
2020-05-15 00:50:48,kovan,18529603,14105000,4424603
2020-05-15 00:52:15,kovan,18529621,14105000,4424621
2020-05-15 00:53:49,kovan,18529641,14105000,4424641
2020-05-15 00:55:27,kovan,18529658,14105000,4424658
2020-05-15 00:56:53,kovan,18529677,14105000,4424677
2020-05-15 00:58:29,kovan,18529694,14105000,4424694
2020-05-15 00:59:54,kovan,18529713,14105000,4424713
2020-05-15 01:01:32,kovan,18529732,14105000,4424732
2020-05-15 01:03:03,kovan,18529749,14105000,4424749
2020-05-15 01:04:31,kovan,18529768,14105000,4424768
2020-05-15 01:06:10,kovan,18529787,14105000,4424787
2020-05-15 01:07:42,kovan,18529807,14105000,4424807
2020-05-15 01:09:18,kovan,18529825,14105000,4424825
2020-05-15 01:10:51,kovan,18529844,14105000,4424844
2020-05-15 01:12:28,kovan,18529862,14105000,4424862
2020-05-15 01:13:58,kovan,18529882,14105000,4424882
2020-05-15 01:15:41,kovan,18529902,14105000,4424902
2020-05-15 01:17:16,kovan,18529920,14105000,4424920
2020-05-15 01:18:50,kovan,18529940,14105000,4424940
2020-05-15 01:20:24,kovan,18529960,14105000,4424960
2020-05-15 01:22:02,kovan,18529978,14105000,4424978
2020-05-15 01:23:38,kovan,18529997,14105000,4424997
2020-05-15 01:25:14,kovan,18530016,14105000,4425016
2020-05-15 01:26:49,kovan,18530034,14105000,4425034
2020-05-15 01:28:17,kovan,18530052,14105000,4425052
2020-05-15 01:29:49,kovan,18530072,14105000,4425072
2020-05-15 01:31:31,kovan,18530092,14105000,4425092
2020-05-15 01:33:04,kovan,18530109,14105000,4425109
2020-05-15 01:34:33,kovan,18530129,14105000,4425129
2020-05-15 01:36:13,kovan,18530148,14105000,4425148
2020-05-15 01:37:45,kovan,18530165,14105000,4425165
2020-05-15 01:39:13,kovan,18530185,14105000,4425185
2020-05-15 01:40:56,kovan,18530203,14105000,4425203
2020-05-15 01:42:32,kovan,18530222,14105000,4425222
2020-05-15 01:44:08,kovan,18530241,14105000,4425241
2020-05-15 01:45:43,kovan,18530258,14105000,4425258
2020-05-15 01:47:12,kovan,18530279,14105000,4425279
2020-05-15 01:48:51,kovan,18530298,14105000,4425298
2020-05-15 01:50:32,kovan,18530318,14105000,4425318
2020-05-15 01:52:05,kovan,18530337,14105000,4425337
2020-05-15 01:53:43,kovan,18530358,14105000,4425358
2020-05-15 01:55:28,kovan,18530379,14105000,4425379
2020-05-15 01:57:12,kovan,18530398,14105000,4425398
2020-05-15 01:58:45,kovan,18530418,14105000,4425418
2020-05-15 02:00:26,kovan,18530436,14105000,4425436
2020-05-15 02:01:58,kovan,18530455,14105000,4425455
2020-05-15 02:03:33,kovan,18530475,14105000,4425475
2020-05-15 02:05:12,kovan,18530495,14105000,4425495
2020-05-15 02:06:56,kovan,18530515,14105000,4425515
2020-05-15 02:08:31,kovan,18530533,14105000,4425533
2020-05-15 02:10:02,kovan,18530551,14105000,4425551
2020-05-15 02:11:33,kovan,18530569,14105000,4425569
2020-05-15 02:13:01,kovan,18530587,14105000,4425587
2020-05-15 02:14:32,kovan,18530605,14105000,4425605
2020-05-15 02:16:02,kovan,18530624,14105000,4425624
2020-05-15 02:17:36,kovan,18530642,14105000,4425642
2020-05-15 02:19:10,kovan,18530662,14105000,4425662
2020-05-15 02:20:47,kovan,18530679,14105000,4425679
2020-05-15 02:29:11,kovan,18530790,14105000,4425790
2020-05-15 02:31:28,kovan,18530809,14105000,4425809
2020-05-15 02:32:58,kovan,18530842,14105000,4425842
2020-05-15 02:35:47,kovan,18530859,14105000,4425859
2020-05-15 02:37:16,kovan,18530880,14105000,4425880
2020-05-15 02:38:56,kovan,18530901,14105000,4425901
2020-05-15 02:40:38,kovan,18530919,14105000,4425919
2020-05-15 02:42:17,kovan,18530940,14105000,4425940
2020-05-15 02:44:03,kovan,18530960,14105000,4425960
2020-05-15 02:45:43,kovan,18530978,14105000,4425978
2020-05-15 02:47:10,kovan,18530994,14105000,4425994
2020-05-15 02:48:32,kovan,18531010,18490050,40960
2020-05-15 02:49:54,kovan,18531027,18490050,40977
2020-05-15 02:51:17,kovan,18531044,18490050,40994
2020-05-15 02:52:39,kovan,18531060,18490050,41010
2020-05-15 02:54:01,kovan,18531077,18490050,41027
2020-05-15 02:55:24,kovan,18531093,18490050,41043
2020-05-15 02:56:46,kovan,18531109,18490050,41059
2020-05-15 02:58:08,kovan,18531126,18490050,41076
2020-05-15 02:59:31,kovan,18531142,18490050,41092
2020-05-15 03:00:53,kovan,18531158,18490050,41108
2020-05-15 03:02:15,kovan,18531175,18490050,41125
2020-05-15 03:03:37,kovan,18531192,18490050,41142
2020-05-15 03:05:01,kovan,18531208,18490050,41158
2020-05-15 03:06:23,kovan,18531225,18490050,41175
2020-05-15 03:07:45,kovan,18531241,18490050,41191
2020-05-15 03:09:07,kovan,18531257,18490050,41207
2020-05-15 03:10:30,kovan,18531274,18490050,41224
2020-05-15 03:11:52,kovan,18531291,18490050,41241
2020-05-15 03:13:14,kovan,18531307,18490050,41257
2020-05-15 03:14:36,kovan,18531323,18490050,41273
2020-05-15 03:15:58,kovan,18531340,18490050,41290
2020-05-15 03:17:20,kovan,18531356,18490050,41306
2020-05-15 03:18:42,kovan,18531373,18490050,41323
2020-05-15 03:20:06,kovan,18531389,18490050,41339
2020-05-15 03:21:28,kovan,18531405,18490050,41355
2020-05-15 03:22:50,kovan,18531422,18490050,41372
2020-05-15 03:24:12,kovan,18531438,18490050,41388
2020-05-15 03:25:34,kovan,18531455,18490050,41405
2020-05-15 03:26:56,kovan,18531472,18490050,41422
2020-05-15 03:28:18,kovan,18531488,18490050,41438
2020-05-15 03:29:40,kovan,18531504,18490050,41454
2020-05-15 03:31:02,kovan,18531521,18490050,41471
2020-05-15 03:32:24,kovan,18531537,18490050,41487
2020-05-15 03:33:46,kovan,18531553,18490050,41503
2020-05-15 03:35:09,kovan,18531569,18490050,41519
2020-05-15 03:36:31,kovan,18531586,18490050,41536
2020-05-15 03:37:53,kovan,18531603,18490050,41553
2020-05-15 03:39:15,kovan,18531620,18490050,41570
2020-05-15 03:40:40,kovan,18531636,18490050,41586
2020-05-15 03:42:02,kovan,18531653,18490050,41603
2020-05-15 03:43:24,kovan,18531669,18490050,41619
2020-05-15 03:44:46,kovan,18531685,18490050,41635
2020-05-15 03:46:08,kovan,18531702,18490050,41652
2020-05-15 03:47:31,kovan,18531718,18490050,41668
2020-05-15 03:48:53,kovan,18531735,18490050,41685
2020-05-15 03:50:15,kovan,18531751,18490050,41701
2020-05-15 03:51:37,kovan,18531768,18490050,41718
2020-05-15 03:52:59,kovan,18531784,18490050,41734
2020-05-15 03:54:21,kovan,18531801,18490050,41751
2020-05-15 03:55:43,kovan,18531817,18490050,41767
2020-05-15 03:57:05,kovan,18531833,18490050,41783
2020-05-15 03:58:28,kovan,18531849,18490050,41799
2020-05-15 03:59:50,kovan,18531866,18490050,41816
2020-05-15 04:01:12,kovan,18531882,18490050,41832
2020-05-15 04:02:34,kovan,18531899,18490050,41849
2020-05-15 04:03:56,kovan,18531915,18490050,41865
2020-05-15 04:05:18,kovan,18531932,18490050,41882
2020-05-15 04:06:40,kovan,18531948,18490050,41898
2020-05-15 04:08:02,kovan,18531965,18490050,41915
2020-05-15 04:09:24,kovan,18531981,18490050,41931
2020-05-15 04:10:46,kovan,18531997,18490050,41947
2020-05-15 04:12:08,kovan,18532014,18490050,41964
2020-05-15 04:13:30,kovan,18532030,18490050,41980
2020-05-15 04:14:52,kovan,18532052,18490050,42002
2020-05-15 04:16:39,kovan,18532072,18490050,42022
2020-05-15 04:18:21,kovan,18532089,18490050,42039
2020-05-15 04:19:50,kovan,18532107,18490050,42057
2020-05-15 04:21:16,kovan,18532124,18490050,42074
2020-05-15 04:22:41,kovan,18532141,18490050,42091
2020-05-15 04:24:07,kovan,18532158,18490050,42108
2020-05-15 04:25:34,kovan,18532176,18490050,42126
2020-05-15 04:27:02,kovan,18532194,18490050,42144
2020-05-15 04:28:30,kovan,18532210,18490050,42160
2020-05-15 04:29:52,kovan,18532226,18490050,42176
2020-05-15 04:31:14,kovan,18532243,18490050,42193
2020-05-15 04:32:36,kovan,18532259,18490050,42209
2020-05-15 04:33:58,kovan,18532276,18490050,42226
2020-05-15 04:35:20,kovan,18532294,18490050,42244
2020-05-15 04:36:51,kovan,18532312,18490050,42262
2020-05-15 04:38:20,kovan,18532328,18490050,42278
2020-05-15 04:39:42,kovan,18532345,18490050,42295
2020-05-15 04:41:04,kovan,18532364,18490050,42314
2020-05-15 04:42:38,kovan,18532380,18490050,42330
2020-05-15 04:44:00,kovan,18532396,18490050,42346
2020-05-15 04:45:23,kovan,18532412,18490050,42362
2020-05-15 04:46:45,kovan,18532429,18490050,42379
2020-05-15 04:48:07,kovan,18532445,18490050,42395
2020-05-15 04:49:29,kovan,18532468,18490050,42418
2020-05-15 04:51:23,kovan,18532487,18490050,42437
2020-05-15 04:52:53,kovan,18532508,18490050,42458
2020-05-15 04:54:40,kovan,18532529,18490050,42479
2020-05-15 04:56:25,kovan,18532551,18490050,42501
2020-05-15 04:58:21,kovan,18532573,18490050,42523
2020-05-15 05:00:08,kovan,18532593,18490050,42543
2020-05-15 05:01:44,kovan,18532609,18490050,42559
2020-05-15 05:03:08,kovan,18532630,18490050,42580
2020-05-15 05:04:52,kovan,18532646,18490050,42596
2020-05-15 05:06:14,kovan,18532663,18490050,42613
2020-05-15 05:07:36,kovan,18532680,18490050,42630
2020-05-15 05:08:58,kovan,18532696,18490050,42646
2020-05-15 05:10:20,kovan,18532712,18490050,42662
2020-05-15 05:11:42,kovan,18532729,18490050,42679
2020-05-15 05:13:04,kovan,18532749,18490050,42699
2020-05-15 05:14:46,kovan,18532765,18490050,42715
2020-05-15 05:16:08,kovan,18532781,18490050,42731
2020-05-15 05:17:30,kovan,18532798,18490050,42748
2020-05-15 05:18:52,kovan,18532815,18490050,42765
2020-05-15 05:20:15,kovan,18532831,18490050,42781
2020-05-15 05:21:37,kovan,18532848,18490050,42798
2020-05-15 05:22:58,kovan,18532864,18490050,42814
2020-05-15 05:24:20,kovan,18532881,18490050,42831
2020-05-15 05:25:43,kovan,18532897,18490050,42847
2020-05-15 05:27:05,kovan,18532913,18490050,42863
2020-05-15 05:28:27,kovan,18532929,18490050,42879
2020-05-15 05:29:49,kovan,18532945,18490050,42895
2020-05-15 05:31:11,kovan,18532962,18490050,42912
2020-05-15 05:32:33,kovan,18532979,18490050,42929
2020-05-15 05:33:55,kovan,18532995,18490050,42945
2020-05-15 05:35:17,kovan,18533011,18490050,42961
2020-05-15 05:36:39,kovan,18533028,18490050,42978
2020-05-15 05:38:01,kovan,18533044,18490050,42994
2020-05-15 05:39:23,kovan,18533061,18490050,43011
2020-05-15 05:40:45,kovan,18533077,18490050,43027
2020-05-15 05:42:07,kovan,18533094,18490050,43044
2020-05-15 05:43:29,kovan,18533109,18490050,43059
2020-05-15 05:44:51,kovan,18533126,18490050,43076
2020-05-15 05:46:13,kovan,18533143,18490050,43093
2020-05-15 05:47:36,kovan,18533159,18490050,43109
2020-05-15 05:48:57,kovan,18533176,18490050,43126
2020-05-15 05:50:21,kovan,18533193,18490050,43143
2020-05-15 05:51:43,kovan,18533209,18490050,43159
2020-05-15 05:53:05,kovan,18533225,18490050,43175
2020-05-15 05:54:27,kovan,18533241,18490050,43191
2020-05-15 05:55:49,kovan,18533258,18490050,43208
2020-05-15 05:57:11,kovan,18533274,18490050,43224
2020-05-15 05:58:33,kovan,18533291,18490050,43241
2020-05-15 05:59:57,kovan,18533307,18490050,43257
2020-05-15 06:01:19,kovan,18533323,18490050,43273
2020-05-15 06:02:41,kovan,18533339,18490050,43289
2020-05-15 06:04:03,kovan,18533353,18490050,43303
2020-05-15 06:05:26,kovan,18533369,18490050,43319
2020-05-15 06:06:48,kovan,18533385,18490050,43335
2020-05-15 06:08:10,kovan,18533401,18490050,43351
2020-05-15 06:09:32,kovan,18533417,18490050,43367
2020-05-15 06:10:54,kovan,18533434,18490050,43384
2020-05-15 06:12:16,kovan,18533450,18490050,43400
2020-05-15 06:13:38,kovan,18533467,18490050,43417
2020-05-15 06:15:00,kovan,18533483,18490050,43433
2020-05-15 06:16:22,kovan,18533500,18490050,43450
2020-05-15 06:17:44,kovan,18533516,18490050,43466
2020-05-15 06:19:06,kovan,18533533,18490050,43483
2020-05-15 06:20:31,kovan,18533549,18490050,43499
2020-05-15 06:21:54,kovan,18533566,18490050,43516
2020-05-15 06:23:16,kovan,18533583,18490050,43533
2020-05-15 06:24:38,kovan,18533599,18490050,43549
2020-05-15 06:26:00,kovan,18533616,18490050,43566
2020-05-15 06:27:26,kovan,18533632,18490050,43582
2020-05-15 06:28:48,kovan,18533648,18490050,43598
2020-05-15 06:30:10,kovan,18533665,18490050,43615
2020-05-15 06:31:32,kovan,18533682,18490050,43632
2020-05-15 06:32:54,kovan,18533698,18490050,43648
2020-05-15 06:34:16,kovan,18533715,18490050,43665
2020-05-15 06:35:40,kovan,18533731,18490050,43681
2020-05-15 06:37:02,kovan,18533748,18490050,43698
2020-05-15 06:38:24,kovan,18533764,18490050,43714
2020-05-15 06:39:46,kovan,18533780,18490050,43730
2020-05-15 06:41:08,kovan,18533796,18490050,43746
2020-05-15 06:42:30,kovan,18533813,18490050,43763
2020-05-15 06:43:52,kovan,18533830,18490050,43780
2020-05-15 06:45:14,kovan,18533846,18490050,43796
2020-05-15 06:46:36,kovan,18533863,18490050,43813
2020-05-15 06:47:58,kovan,18533879,18490050,43829
2020-05-15 06:49:20,kovan,18533896,18490050,43846
2020-05-15 06:50:43,kovan,18533912,18490050,43862
2020-05-15 06:52:05,kovan,18533928,18490050,43878
2020-05-15 06:53:27,kovan,18533944,18490050,43894
2020-05-15 06:54:49,kovan,18533961,18490050,43911
2020-05-15 06:56:11,kovan,18533977,18490050,43927
2020-05-15 06:57:32,kovan,18533993,18490050,43943
2020-05-15 06:58:55,kovan,18534010,18490050,43960
2020-05-15 07:00:17,kovan,18534025,18490050,43975
2020-05-15 07:01:39,kovan,18534041,18490050,43991
2020-05-15 07:03:01,kovan,18534058,18490050,44008
2020-05-15 07:04:23,kovan,18534074,18490050,44024
2020-05-15 07:05:45,kovan,18534090,18490050,44040
2020-05-15 07:07:08,kovan,18534106,18490050,44056
2020-05-15 07:08:30,kovan,18534123,18490050,44073
2020-05-15 07:09:52,kovan,18534140,18490050,44090
2020-05-15 07:11:14,kovan,18534156,18490050,44106
2020-05-15 07:12:36,kovan,18534173,18490050,44123
2020-05-15 07:13:58,kovan,18534189,18490050,44139
2020-05-15 07:15:21,kovan,18534206,18490050,44156
2020-05-15 07:16:43,kovan,18534222,18490050,44172
2020-05-15 07:18:05,kovan,18534238,18490050,44188
2020-05-15 07:19:27,kovan,18534254,18490050,44204
2020-05-15 07:20:49,kovan,18534271,18490050,44221
2020-05-15 07:22:11,kovan,18534287,18490050,44237
2020-05-15 07:23:33,kovan,18534304,18490050,44254
2020-05-15 07:24:56,kovan,18534320,18490050,44270
2020-05-15 07:26:18,kovan,18534337,18490050,44287
2020-05-15 07:27:40,kovan,18534353,18490050,44303
2020-05-15 07:29:02,kovan,18534370,18490050,44320
2020-05-15 07:30:24,kovan,18534386,18490050,44336
2020-05-15 07:31:46,kovan,18534402,18490050,44352
2020-05-15 07:33:08,kovan,18534418,18490050,44368
2020-05-15 07:34:30,kovan,18534435,18490050,44385
2020-05-15 07:35:52,kovan,18534452,18490050,44402
2020-05-15 07:37:14,kovan,18534468,18490050,44418
2020-05-15 07:38:36,kovan,18534484,18490050,44434
2020-05-15 07:39:58,kovan,18534501,18490050,44451
2020-05-15 07:41:20,kovan,18534518,18490050,44468
2020-05-15 07:42:42,kovan,18534534,18490050,44484
2020-05-15 07:44:05,kovan,18534550,18490050,44500
2020-05-15 07:45:27,kovan,18534566,18490050,44516
2020-05-15 07:46:49,kovan,18534582,18490050,44532
2020-05-15 07:48:11,kovan,18534599,18490050,44549
2020-05-15 07:49:33,kovan,18534616,18490050,44566
2020-05-15 07:50:55,kovan,18534632,18490050,44582
2020-05-15 07:52:17,kovan,18534649,18490050,44599
2020-05-15 07:53:39,kovan,18534665,18490050,44615
2020-05-15 07:55:02,kovan,18534682,18490050,44632
2020-05-15 07:56:24,kovan,18534698,18490050,44648
2020-05-15 07:57:46,kovan,18534714,18490050,44664
2020-05-15 07:59:08,kovan,18534731,18490050,44681
2020-05-15 08:00:30,kovan,18534747,18490050,44697
2020-05-15 08:01:52,kovan,18534764,18490050,44714
2020-05-15 08:03:14,kovan,18534780,18490050,44730
2020-05-15 08:04:36,kovan,18534796,18490050,44746
2020-05-15 08:05:58,kovan,18534813,18490050,44763
2020-05-15 08:07:20,kovan,18534830,18490050,44780
2020-05-15 08:08:42,kovan,18534846,18490050,44796
2020-05-15 08:10:05,kovan,18534862,18490050,44812
2020-05-15 08:11:27,kovan,18534878,18490050,44828
2020-05-15 08:12:49,kovan,18534895,18490050,44845
2020-05-15 08:14:11,kovan,18534911,18490050,44861
2020-05-15 08:15:34,kovan,18534928,18490050,44878
2020-05-15 08:16:56,kovan,18534944,18490050,44894
2020-05-15 08:18:18,kovan,18534961,18490050,44911
2020-05-15 08:19:40,kovan,18534977,18490050,44927
2020-05-15 08:21:02,kovan,18534994,18490050,44944
2020-05-15 08:22:24,kovan,18535010,18490050,44960
2020-05-15 08:23:46,kovan,18535030,18490050,44980
2020-05-15 08:25:26,kovan,18535047,18490050,44997
2020-05-15 08:26:53,kovan,18535064,18490050,45014
2020-05-15 08:28:16,kovan,18535080,18490050,45030
2020-05-15 08:29:38,kovan,18535097,18490050,45047
2020-05-15 08:30:59,kovan,18535113,18490050,45063
2020-05-15 08:32:22,kovan,18535130,18490050,45080
2020-05-15 08:33:44,kovan,18535146,18490050,45096
2020-05-15 08:35:07,kovan,18535162,18490050,45112
2020-05-15 08:36:29,kovan,18535178,18490050,45128
2020-05-15 08:37:51,kovan,18535195,18490050,45145
2020-05-15 08:39:13,kovan,18535212,18490050,45162
2020-05-15 08:40:37,kovan,18535228,18490050,45178
2020-05-15 08:41:59,kovan,18535245,18490050,45195
2020-05-15 08:43:21,kovan,18535262,18490050,45212
2020-05-15 08:44:43,kovan,18535278,18490050,45228
2020-05-15 08:46:05,kovan,18535294,18490050,45244
2020-05-15 08:47:27,kovan,18535310,18490050,45260
2020-05-15 08:48:49,kovan,18535326,18490050,45276
2020-05-15 08:50:11,kovan,18535343,18490050,45293
2020-05-15 08:51:33,kovan,18535360,18490050,45310
2020-05-15 08:52:55,kovan,18535376,18490050,45326
2020-05-15 08:54:17,kovan,18535393,18490050,45343
2020-05-15 08:55:39,kovan,18535409,18490050,45359
2020-05-15 08:57:01,kovan,18535426,18490050,45376
2020-05-15 08:58:23,kovan,18535442,18490050,45392
2020-05-15 08:59:45,kovan,18535458,18490050,45408
2020-05-15 09:01:07,kovan,18535474,18490050,45424
2020-05-15 09:02:29,kovan,18535490,18490050,45440
2020-05-15 09:03:51,kovan,18535507,18490050,45457
2020-05-15 09:05:14,kovan,18535524,18490050,45474
2020-05-15 09:06:36,kovan,18535541,18490050,45491
2020-05-15 09:07:58,kovan,18535557,18490050,45507
2020-05-15 09:09:20,kovan,18535573,18490050,45523
2020-05-15 09:10:43,kovan,18535590,18490050,45540
2020-05-15 09:12:05,kovan,18535606,18490050,45556
2020-05-15 09:13:27,kovan,18535622,18490050,45572
2020-05-15 09:14:49,kovan,18535639,18490050,45589
2020-05-15 09:16:11,kovan,18535655,18490050,45605
2020-05-15 09:17:33,kovan,18535671,18490050,45621
2020-05-15 09:18:55,kovan,18535688,18490050,45638
2020-05-15 09:20:17,kovan,18535705,18490050,45655
2020-05-15 09:21:39,kovan,18535721,18490050,45671
2020-05-15 09:23:01,kovan,18535738,18490050,45688
2020-05-15 09:24:23,kovan,18535754,18490050,45704
2020-05-15 09:25:46,kovan,18535770,18490050,45720
2020-05-15 09:27:08,kovan,18535787,18490050,45737
2020-05-15 09:28:30,kovan,18535803,18490050,45753
2020-05-15 09:29:52,kovan,18535820,18490050,45770
2020-05-15 09:31:14,kovan,18535836,18490050,45786
2020-05-15 09:32:36,kovan,18535852,18490050,45802
2020-05-15 09:33:58,kovan,18535870,18490050,45820
2020-05-15 09:35:22,kovan,18535886,18490050,45836
2020-05-15 09:36:44,kovan,18535902,18490050,45852
2020-05-15 09:38:06,kovan,18535918,18490050,45868
2020-05-15 09:39:28,kovan,18535934,18490050,45884
2020-05-15 09:40:50,kovan,18535951,18490050,45901
2020-05-15 09:42:12,kovan,18535968,18490050,45918
2020-05-15 09:43:34,kovan,18535984,18490050,45934
2020-05-15 09:44:58,kovan,18536001,18490050,45951
2020-05-15 09:46:20,kovan,18536017,18490050,45967
2020-05-15 09:47:42,kovan,18536034,18490050,45984
2020-05-15 09:49:04,kovan,18536050,18490050,46000
2020-05-15 09:50:27,kovan,18536066,18490050,46016
2020-05-15 09:51:48,kovan,18536082,18490050,46032
2020-05-15 09:53:10,kovan,18536099,18490050,46049
2020-05-15 09:54:32,kovan,18536116,18490050,46066
2020-05-15 09:55:54,kovan,18536132,18490050,46082
2020-05-15 09:57:16,kovan,18536149,18490050,46099
2020-05-15 09:58:39,kovan,18536165,18490050,46115
2020-05-15 10:00:03,kovan,18536182,18490050,46132
2020-05-15 10:01:25,kovan,18536198,18490050,46148
2020-05-15 10:02:47,kovan,18536214,18490050,46164
2020-05-15 10:04:09,kovan,18536231,18490050,46181
2020-05-15 10:05:31,kovan,18536247,18490050,46197
2020-05-15 10:06:53,kovan,18536263,18490050,46213
2020-05-15 10:08:15,kovan,18536280,18490050,46230
2020-05-15 10:09:37,kovan,18536297,18490050,46247
2020-05-15 10:10:59,kovan,18536313,18490050,46263
2020-05-15 10:12:21,kovan,18536329,18490050,46279
2020-05-15 10:13:43,kovan,18536346,18490050,46296
2020-05-15 10:15:06,kovan,18536362,18490050,46312
2020-05-15 10:16:28,kovan,18536378,18490050,46328
2020-05-15 10:17:50,kovan,18536395,18490050,46345
2020-05-15 10:19:12,kovan,18536412,18490050,46362
2020-05-15 10:20:35,kovan,18536428,18490050,46378
2020-05-15 10:21:57,kovan,18536444,18490050,46394
2020-05-15 10:23:19,kovan,18536461,18490050,46411
2020-05-15 10:24:41,kovan,18536478,18490050,46428
2020-05-15 10:26:02,kovan,18536494,18490050,46444
2020-05-15 10:27:24,kovan,18536510,18490050,46460
2020-05-15 10:28:46,kovan,18536526,18490050,46476
2020-05-15 10:30:10,kovan,18536543,18490050,46493
2020-05-15 10:31:32,kovan,18536560,18490050,46510
2020-05-15 10:32:54,kovan,18536576,18490050,46526
2020-05-15 10:34:16,kovan,18536593,18490050,46543
2020-05-15 10:35:40,kovan,18536609,18490050,46559
2020-05-15 10:37:02,kovan,18536626,18490050,46576
2020-05-15 10:38:24,kovan,18536642,18490050,46592
2020-05-15 10:39:46,kovan,18536658,18490050,46608
2020-05-15 10:41:09,kovan,18536675,18490050,46625
2020-05-15 10:42:31,kovan,18536691,18490050,46641
2020-05-15 10:43:53,kovan,18536709,18490050,46659
2020-05-15 10:45:21,kovan,18536726,18490050,46676
2020-05-15 10:46:43,kovan,18536742,18490050,46692
2020-05-15 10:48:05,kovan,18536758,18490050,46708
2020-05-15 10:49:27,kovan,18536774,18490050,46724
2020-05-15 10:50:49,kovan,18536791,18490050,46741
2020-05-15 10:52:11,kovan,18536807,18490050,46757
2020-05-15 10:53:32,kovan,18536824,18490050,46774
2020-05-15 10:54:56,kovan,18536841,18490050,46791
2020-05-15 10:56:19,kovan,18536857,18490050,46807
2020-05-15 10:57:40,kovan,18536873,18490050,46823
2020-05-15 10:59:03,kovan,18536890,18490050,46840
2020-05-15 11:00:28,kovan,18536907,18490050,46857
2020-05-15 11:01:50,kovan,18536923,18490050,46873
2020-05-15 11:03:12,kovan,18536939,18490050,46889
2020-05-15 11:04:34,kovan,18536956,18490050,46906
2020-05-15 11:05:56,kovan,18536972,18490050,46922
2020-05-15 11:07:18,kovan,18536989,18490050,46939
2020-05-15 11:08:40,kovan,18537006,18490050,46956
2020-05-15 11:10:03,kovan,18537022,18490050,46972
2020-05-15 11:11:25,kovan,18537038,18490050,46988
2020-05-15 11:12:47,kovan,18537054,18490050,47004
2020-05-15 11:14:09,kovan,18537071,18490050,47021
2020-05-15 11:15:31,kovan,18537087,18490050,47037
2020-05-15 11:16:53,kovan,18537104,18490050,47054
2020-05-15 11:18:15,kovan,18537120,18490050,47070
2020-05-15 11:19:37,kovan,18537137,18490050,47087
2020-05-15 11:20:59,kovan,18537153,18490050,47103
2020-05-15 11:22:21,kovan,18537170,18490050,47120
2020-05-15 11:23:43,kovan,18537186,18490050,47136
2020-05-15 11:25:06,kovan,18537202,18490050,47152
2020-05-15 11:26:28,kovan,18537218,18490050,47168
2020-05-15 11:27:50,kovan,18537235,18490050,47185
2020-05-15 11:29:12,kovan,18537252,18490050,47202
2020-05-15 11:30:35,kovan,18537268,18490050,47218
2020-05-15 11:31:57,kovan,18537284,18490050,47234
2020-05-15 11:33:19,kovan,18537301,18490050,47251
2020-05-15 11:34:41,kovan,18537318,18490050,47268
2020-05-15 11:36:03,kovan,18537334,18490050,47284
2020-05-15 11:37:25,kovan,18537350,18490050,47300
2020-05-15 11:38:47,kovan,18537367,18490050,47317
2020-05-15 11:40:13,kovan,18537384,18490050,47334
2020-05-15 11:41:35,kovan,18537401,18490050,47351
2020-05-15 11:42:57,kovan,18537417,18490050,47367
2020-05-15 11:44:19,kovan,18537433,18490050,47383
2020-05-15 11:45:42,kovan,18537450,18490050,47400
2020-05-15 11:47:04,kovan,18537466,18490050,47416
2020-05-15 11:48:26,kovan,18537482,18490050,47432
2020-05-15 11:49:48,kovan,18537498,18490050,47448
2020-05-15 11:51:10,kovan,18537515,18490050,47465
2020-05-15 11:52:32,kovan,18537531,18490050,47481
2020-05-15 11:53:54,kovan,18537548,18490050,47498
2020-05-15 11:55:17,kovan,18537565,18490050,47515
2020-05-15 11:56:40,kovan,18537581,18490050,47531
2020-05-15 11:58:02,kovan,18537598,18490050,47548
2020-05-15 11:59:24,kovan,18537614,18490050,47564
2020-05-15 12:00:46,kovan,18537630,18490050,47580
2020-05-15 12:02:08,kovan,18537646,18490050,47596
2020-05-15 12:03:30,kovan,18537663,18490050,47613
2020-05-15 12:04:52,kovan,18537680,18490050,47630
2020-05-15 12:06:15,kovan,18537696,18490050,47646
2020-05-15 12:07:37,kovan,18537713,18490050,47663
2020-05-15 12:08:59,kovan,18537730,18490050,47680
2020-05-15 12:10:27,kovan,18537746,18490050,47696
2020-05-15 12:11:49,kovan,18537763,18490050,47713
2020-05-15 12:13:11,kovan,18537779,18490050,47729
2020-05-15 12:14:33,kovan,18537796,18490050,47746
2020-05-15 12:15:56,kovan,18537812,18490050,47762
2020-05-15 12:17:18,kovan,18537829,18490050,47779
2020-05-15 12:18:40,kovan,18537846,18490050,47796
2020-05-15 12:20:05,kovan,18537862,18490050,47812
2020-05-15 12:21:27,kovan,18537878,18490050,47828
2020-05-15 12:22:49,kovan,18537895,18490050,47845
2020-05-15 12:24:11,kovan,18537912,18490050,47862
2020-05-15 12:25:34,kovan,18537928,18490050,47878
2020-05-15 12:26:56,kovan,18537944,18490050,47894
2020-05-15 12:28:18,kovan,18537961,18490050,47911
2020-05-15 12:29:40,kovan,18537978,18490050,47928
2020-05-15 12:31:02,kovan,18537994,18490050,47944
2020-05-15 12:32:24,kovan,18538010,18490050,47960
2020-05-15 12:33:46,kovan,18538027,18490050,47977
2020-05-15 12:35:11,kovan,18538044,18490050,47994
2020-05-15 12:36:33,kovan,18538060,18490050,48010
2020-05-15 12:37:56,kovan,18538076,18490050,48026
2020-05-15 12:39:18,kovan,18538093,18490050,48043
2020-05-15 12:40:40,kovan,18538109,18490050,48059
2020-05-15 12:42:02,kovan,18538126,18490050,48076
2020-05-15 12:43:24,kovan,18538142,18490050,48092
2020-05-15 12:44:46,kovan,18538158,18490050,48108
2020-05-15 12:46:08,kovan,18538174,18490050,48124
2020-05-15 12:47:31,kovan,18538191,18490050,48141
2020-05-15 12:48:53,kovan,18538208,18490050,48158
2020-05-15 12:50:15,kovan,18538224,18490050,48174
2020-05-15 12:51:37,kovan,18538241,18490050,48191
2020-05-15 12:52:59,kovan,18538257,18490050,48207
2020-05-15 12:54:21,kovan,18538274,18490050,48224
2020-05-15 12:55:44,kovan,18538290,18490050,48240
2020-05-15 12:57:06,kovan,18538306,18490050,48256
2020-05-15 12:58:28,kovan,18538323,18490050,48273
2020-05-15 12:59:50,kovan,18538339,18490050,48289
2020-05-15 13:01:12,kovan,18538355,18490050,48305
2020-05-15 13:02:34,kovan,18538372,18490050,48322
2020-05-15 13:03:57,kovan,18538390,18490050,48340
2020-05-15 13:05:25,kovan,18538406,18490050,48356
2020-05-15 13:06:47,kovan,18538422,18490050,48372
2020-05-15 13:08:09,kovan,18538439,18490050,48389
2020-05-15 13:09:32,kovan,18538455,18490050,48405
2020-05-15 13:10:54,kovan,18538472,18490050,48422
2020-05-15 13:12:16,kovan,18538489,18490050,48439
2020-05-15 13:13:38,kovan,18538505,18490050,48455
2020-05-15 13:15:03,kovan,18538522,18490050,48472
2020-05-15 13:16:25,kovan,18538538,18490050,48488
2020-05-15 13:17:47,kovan,18538554,18490050,48504
2020-05-15 13:19:09,kovan,18538572,18490050,48522
2020-05-15 13:20:37,kovan,18538588,18490050,48538
2020-05-15 13:21:59,kovan,18538605,18490050,48555
2020-05-15 13:23:21,kovan,18538622,18490050,48572
2020-05-15 13:24:43,kovan,18538638,18490050,48588
2020-05-15 13:26:05,kovan,18538654,18490050,48604
2020-05-15 13:27:27,kovan,18538670,18490050,48620
2020-05-15 13:28:49,kovan,18538690,18490050,48640
2020-05-15 13:30:23,kovan,18538706,18490050,48656
2020-05-15 13:31:45,kovan,18538722,18490050,48672
2020-05-15 13:33:07,kovan,18538739,18490050,48689
2020-05-15 13:34:29,kovan,18538755,18490050,48705
2020-05-15 13:35:55,kovan,18538772,18490050,48722
2020-05-15 13:37:17,kovan,18538789,18490050,48739
2020-05-15 13:38:39,kovan,18538806,18490050,48756
2020-05-15 13:40:05,kovan,18538822,18490050,48772
2020-05-15 13:41:27,kovan,18538838,18490050,48788
2020-05-15 13:42:49,kovan,18538855,18490050,48805
2020-05-15 13:44:11,kovan,18538872,18490050,48822
2020-05-15 13:45:36,kovan,18538888,18490050,48838
2020-05-15 13:46:58,kovan,18538905,18490050,48855
2020-05-15 13:48:20,kovan,18538922,18490050,48872
2020-05-15 13:49:42,kovan,18538938,18490050,48888
2020-05-15 13:51:04,kovan,18538954,18490050,48904
2020-05-15 13:52:26,kovan,18538970,18490050,48920
2020-05-15 13:53:48,kovan,18538989,18490050,48939
2020-05-15 13:55:19,kovan,18539005,18490050,48955
2020-05-15 13:56:41,kovan,18539021,18490050,48971
2020-05-15 13:58:03,kovan,18539038,18490050,48988
2020-05-15 13:59:25,kovan,18539054,18490050,49004
2020-05-15 14:00:47,kovan,18539070,18490050,49020
2020-05-15 14:02:09,kovan,18539087,18490050,49037
2020-05-15 14:03:31,kovan,18539103,18490050,49053
2020-05-15 14:04:53,kovan,18539120,18490050,49070
2020-05-15 14:06:15,kovan,18539136,18490050,49086
2020-05-15 14:07:37,kovan,18539153,18490050,49103
2020-05-15 14:08:59,kovan,18539170,18490050,49120
2020-05-15 14:10:27,kovan,18539186,18490050,49136
2020-05-15 14:11:49,kovan,18539203,18490050,49153
2020-05-15 14:13:12,kovan,18539219,18490050,49169
2020-05-15 14:14:34,kovan,18539236,18490050,49186
2020-05-15 14:15:56,kovan,18539252,18490050,49202
2020-05-15 14:17:18,kovan,18539269,18490050,49219
2020-05-15 14:18:40,kovan,18539286,18490050,49236
2020-05-15 14:20:07,kovan,18539302,18490050,49252
2020-05-15 14:21:29,kovan,18539319,18490050,49269
2020-05-15 14:22:51,kovan,18539335,18490050,49285
2020-05-15 14:24:13,kovan,18539352,18490050,49302
2020-05-15 14:25:37,kovan,18539369,18490050,49319
2020-05-15 14:26:59,kovan,18539385,18490050,49335
2020-05-15 14:28:21,kovan,18539401,18490050,49351
2020-05-15 14:29:43,kovan,18539418,18490050,49368
2020-05-15 14:31:05,kovan,18539434,18490050,49384
2020-05-15 14:32:27,kovan,18539451,18490050,49401
2020-05-15 14:33:51,kovan,18539469,18490050,49419
2020-05-15 14:35:19,kovan,18539485,18490050,49435
2020-05-15 14:36:41,kovan,18539501,18490050,49451
2020-05-15 14:38:03,kovan,18539518,18490050,49468
2020-05-15 14:39:25,kovan,18539534,18490050,49484
2020-05-15 14:40:47,kovan,18539551,18490050,49501
2020-05-15 14:42:10,kovan,18539567,18490050,49517
2020-05-15 14:43:34,kovan,18539586,18490050,49536
2020-05-15 14:45:04,kovan,18539602,18490050,49552
2020-05-15 14:46:26,kovan,18539618,18490050,49568
2020-05-15 14:47:49,kovan,18539635,18490050,49585
2020-05-15 14:49:11,kovan,18539652,18490050,49602
2020-05-15 14:50:38,kovan,18539669,18490050,49619
2020-05-15 14:52:00,kovan,18539686,18490050,49636
2020-05-15 14:53:23,kovan,18539702,18490050,49652
2020-05-15 14:54:45,kovan,18539718,18490050,49668
2020-05-15 14:56:07,kovan,18539734,18490050,49684
2020-05-15 14:57:29,kovan,18539751,18490050,49701
2020-05-15 14:58:51,kovan,18539768,18490050,49718
2020-05-15 15:00:19,kovan,18539785,18490050,49735
2020-05-15 15:01:41,kovan,18539802,18490050,49752
2020-05-15 15:03:03,kovan,18539818,18490050,49768
2020-05-15 15:04:25,kovan,18539834,18490050,49784
2020-05-15 15:05:50,kovan,18539851,18490050,49801
2020-05-15 15:07:13,kovan,18539868,18490050,49818
2020-05-15 15:08:36,kovan,18539885,18490050,49835
2020-05-15 15:10:02,kovan,18539902,18490050,49852
2020-05-15 15:11:24,kovan,18539918,18490050,49868
2020-05-15 15:12:46,kovan,18539934,18490050,49884
2020-05-15 15:14:08,kovan,18539951,18490050,49901
2020-05-15 15:15:34,kovan,18539968,18490050,49918
2020-05-15 15:16:56,kovan,18539984,18490050,49934
2020-05-15 15:18:18,kovan,18540001,18490050,49951
2020-05-15 15:19:39,kovan,18540017,18490050,49967
2020-05-15 15:21:01,kovan,18540034,18490050,49984
2020-05-15 15:22:23,kovan,18540050,18490050,50000
2020-05-15 15:23:45,kovan,18540067,18490050,50017
2020-05-15 15:25:12,kovan,18540084,18490050,50034
2020-05-15 15:26:34,kovan,18540100,18490050,50050
2020-05-15 15:27:56,kovan,18540116,18490050,50066
2020-05-15 15:29:18,kovan,18540134,18490050,50084
2020-05-15 15:30:44,kovan,18540150,18490050,50100
2020-05-15 15:32:07,kovan,18540166,18490050,50116
2020-05-15 15:33:29,kovan,18540183,18490050,50133
2020-05-15 15:34:51,kovan,18540199,18490050,50149
2020-05-15 15:36:13,kovan,18540216,18490050,50166
2020-05-15 15:37:35,kovan,18540232,18490050,50182
2020-05-15 15:38:57,kovan,18540250,18490050,50200
2020-05-15 15:40:24,kovan,18540266,18490050,50216
2020-05-15 15:41:46,kovan,18540282,18490050,50232
2020-05-15 15:43:08,kovan,18540298,18490050,50248
2020-05-15 15:44:30,kovan,18540315,18490050,50265
2020-05-15 15:45:52,kovan,18540331,18490050,50281
2020-05-15 15:47:14,kovan,18540348,18490050,50298
2020-05-15 15:48:36,kovan,18540366,18490050,50316
2020-05-15 15:50:06,kovan,18540382,18490050,50332
2020-05-15 15:51:28,kovan,18540399,18490050,50349
2020-05-15 15:52:50,kovan,18540415,18490050,50365
2020-05-15 15:54:12,kovan,18540431,18490050,50381
2020-05-15 15:55:36,kovan,18540448,18490050,50398
2020-05-15 15:56:57,kovan,18540465,18490050,50415
2020-05-15 15:58:20,kovan,18540481,18490050,50431
2020-05-15 15:59:43,kovan,18540498,18490050,50448
2020-05-15 16:01:06,kovan,18540514,18490050,50464
2020-05-15 16:02:28,kovan,18540531,18490050,50481
2020-05-15 16:03:51,kovan,18540549,18490050,50499
2020-05-15 16:05:21,kovan,18540566,18490050,50516
2020-05-15 16:06:43,kovan,18540582,18490050,50532
2020-05-15 16:08:05,kovan,18540598,18490050,50548
2020-05-15 16:09:28,kovan,18540615,18490050,50565
2020-05-15 16:10:51,kovan,18540632,18490050,50582
2020-05-15 16:12:13,kovan,18540647,18490050,50597
2020-05-15 16:13:36,kovan,18540668,18490050,50618
2020-05-15 16:15:15,kovan,18540684,18490050,50634
2020-05-15 16:16:37,kovan,18540700,18490050,50650
2020-05-15 16:17:59,kovan,18540717,18490050,50667
2020-05-15 16:19:21,kovan,18540734,18490050,50684
2020-05-15 16:20:48,kovan,18540751,18490050,50701
2020-05-15 16:22:10,kovan,18540767,18490050,50717
2020-05-15 16:23:33,kovan,18540785,18490050,50735
2020-05-15 16:25:02,kovan,18540802,18490050,50752
2020-05-15 16:26:25,kovan,18540818,18490050,50768
2020-05-15 16:27:48,kovan,18540834,18490050,50784
2020-05-15 16:29:10,kovan,18540851,18490050,50801
2020-05-15 16:30:33,kovan,18540868,18490050,50818
2020-05-15 16:31:55,kovan,18540884,18490050,50834
2020-05-15 16:33:17,kovan,18540901,18490050,50851
2020-05-15 16:34:39,kovan,18540917,18490050,50867
2020-05-15 16:36:01,kovan,18540934,18490050,50884
2020-05-15 16:37:23,kovan,18540950,18490050,50900
2020-05-15 16:38:45,kovan,18540966,18490050,50916
2020-05-15 16:40:09,kovan,18540983,18490050,50933
2020-05-15 16:41:31,kovan,18540999,18490050,50949
2020-05-15 16:42:54,kovan,18541016,18490050,50966
2020-05-15 16:44:15,kovan,18541032,18490050,50982
2020-05-15 16:45:37,kovan,18541048,18490050,50998
2020-05-15 16:46:59,kovan,18541065,18490050,51015
2020-05-15 16:48:21,kovan,18541082,18490050,51032
2020-05-15 16:49:44,kovan,18541098,18490050,51048
2020-05-15 16:51:06,kovan,18541114,18490050,51064
2020-05-15 16:52:28,kovan,18541130,18490050,51080
2020-05-15 16:53:50,kovan,18541147,18490050,51097
2020-05-15 16:55:14,kovan,18541164,18490050,51114
2020-05-15 16:56:36,kovan,18541181,18490050,51131
2020-05-15 16:57:58,kovan,18541197,18490050,51147
2020-05-15 16:59:20,kovan,18541213,18490050,51163
2020-05-15 17:00:42,kovan,18541229,18490050,51179
2020-05-15 17:02:04,kovan,18541245,18490050,51195
2020-05-15 17:03:26,kovan,18541261,18490050,51211
2020-05-15 17:04:48,kovan,18541277,18490050,51227
2020-05-15 17:06:10,kovan,18541294,18490050,51244
2020-05-15 17:07:32,kovan,18541310,18490050,51260
2020-05-15 17:08:54,kovan,18541328,18490050,51278
2020-05-15 17:10:20,kovan,18541344,18490050,51294
2020-05-15 17:11:42,kovan,18541361,18490050,51311
2020-05-15 17:13:04,kovan,18541377,18490050,51327
2020-05-15 17:14:26,kovan,18541393,18490050,51343
2020-05-15 17:15:48,kovan,18541409,18490050,51359
2020-05-15 17:17:10,kovan,18541426,18490050,51376
2020-05-15 17:18:32,kovan,18541442,18490050,51392
2020-05-15 17:19:54,kovan,18541459,18490050,51409
2020-05-15 17:21:16,kovan,18541476,18490050,51426
2020-05-15 17:22:38,kovan,18541491,18490050,51441
2020-05-15 17:24:00,kovan,18541507,18490050,51457
2020-05-15 17:25:23,kovan,18541524,18490050,51474
2020-05-15 17:26:45,kovan,18541540,18490050,51490
2020-05-15 17:28:07,kovan,18541556,18490050,51506
2020-05-15 17:29:29,kovan,18541573,18490050,51523
2020-05-15 17:30:51,kovan,18541589,18490050,51539
2020-05-15 17:32:13,kovan,18541606,18490050,51556
2020-05-15 17:33:35,kovan,18541623,18490050,51573
2020-05-15 17:35:01,kovan,18541639,18490050,51589
2020-05-15 17:36:23,kovan,18541656,18490050,51606
2020-05-15 17:37:45,kovan,18541672,18490050,51622
2020-05-15 17:39:07,kovan,18541688,18490050,51638
2020-05-15 17:40:30,kovan,18541705,18490050,51655
2020-05-15 17:41:52,kovan,18541722,18490050,51672
2020-05-15 17:43:14,kovan,18541738,18490050,51688
2020-05-15 17:44:36,kovan,18541754,18490050,51704
2020-05-15 17:45:58,kovan,18541771,18490050,51721
2020-05-15 17:47:20,kovan,18541787,18490050,51737
2020-05-15 17:48:42,kovan,18541804,18490050,51754
2020-05-15 17:50:05,kovan,18541820,18490050,51770
2020-05-15 17:51:27,kovan,18541836,18490050,51786
2020-05-15 17:52:49,kovan,18541853,18490050,51803
2020-05-15 17:54:11,kovan,18541869,18490050,51819
2020-05-15 17:55:34,kovan,18541886,18490050,51836
2020-05-15 17:56:56,kovan,18541902,18490050,51852
2020-05-15 17:58:18,kovan,18541919,18490050,51869
2020-05-15 17:59:40,kovan,18541935,18490050,51885
2020-05-15 18:01:02,kovan,18541952,18490050,51902
2020-05-15 18:02:24,kovan,18541968,18490050,51918
2020-05-15 18:03:46,kovan,18541984,18490050,51934
2020-05-15 18:05:09,kovan,18542001,18490050,51951
2020-05-15 18:06:31,kovan,18542017,18490050,51967
2020-05-15 18:07:53,kovan,18542034,18490050,51984
2020-05-15 18:09:15,kovan,18542050,18490050,52000
2020-05-15 18:10:37,kovan,18542066,18490050,52016
2020-05-15 18:11:59,kovan,18542083,18490050,52033
2020-05-15 18:13:21,kovan,18542100,18490050,52050
2020-05-15 18:14:42,kovan,18542115,18490050,52065
2020-05-15 18:16:04,kovan,18542132,18490050,52082
2020-05-15 18:17:26,kovan,18542148,18490050,52098
2020-05-15 18:18:48,kovan,18542165,18490050,52115
2020-05-15 18:20:12,kovan,18542180,18490050,52130
2020-05-15 18:21:34,kovan,18542196,18490050,52146
2020-05-15 18:22:56,kovan,18542209,18490050,52159
2020-05-15 18:24:18,kovan,18542223,18490050,52173
2020-05-15 18:25:41,kovan,18542238,18490050,52188
2020-05-15 18:27:03,kovan,18542252,18490050,52202
2020-05-15 18:28:24,kovan,18542267,18490050,52217
2020-05-15 18:29:46,kovan,18542282,18490050,52232
2020-05-15 18:31:08,kovan,18542297,18490050,52247
2020-05-15 18:32:30,kovan,18542311,18490050,52261
2020-05-15 18:33:52,kovan,18542324,18490050,52274
2020-05-15 18:35:15,kovan,18542338,18490050,52288
2020-05-15 18:36:37,kovan,18542351,18490050,52301
2020-05-15 18:37:59,kovan,18542366,18490050,52316
2020-05-15 18:39:21,kovan,18542380,18490050,52330
2020-05-15 18:40:43,kovan,18542396,18490050,52346
2020-05-15 18:42:05,kovan,18542411,18490050,52361
2020-05-15 18:43:27,kovan,18542425,18490050,52375
2020-05-15 18:44:49,kovan,18542438,18490050,52388
2020-05-15 18:46:11,kovan,18542452,18490050,52402
2020-05-15 18:47:33,kovan,18542469,18490050,52419
2020-05-15 18:48:55,kovan,18542483,18490050,52433
2020-05-15 18:50:18,kovan,18542499,18490050,52449
2020-05-15 18:51:40,kovan,18542515,18490050,52465
2020-05-15 18:53:02,kovan,18542532,18490050,52482
2020-05-15 18:54:24,kovan,18542548,18490050,52498
2020-05-15 18:55:46,kovan,18542564,18490050,52514
2020-05-15 18:57:08,kovan,18542580,18490050,52530
2020-05-15 18:58:30,kovan,18542594,18490050,52544
2020-05-15 18:59:52,kovan,18542607,18490050,52557
2020-05-15 19:01:14,kovan,18542621,18490050,52571
2020-05-15 19:02:36,kovan,18542633,18490050,52583
2020-05-15 19:03:58,kovan,18542647,18490050,52597
2020-05-15 19:05:22,kovan,18542663,18490050,52613
2020-05-15 19:06:44,kovan,18542677,18490050,52627
2020-05-15 19:08:06,kovan,18542690,18490050,52640
2020-05-15 19:09:28,kovan,18542703,18490050,52653
2020-05-15 19:10:50,kovan,18542717,18490050,52667
2020-05-15 19:12:12,kovan,18542731,18490050,52681
2020-05-15 19:13:33,kovan,18542746,18490050,52696
2020-05-15 19:14:55,kovan,18542760,18490050,52710
2020-05-15 19:16:18,kovan,18542774,18490050,52724
2020-05-15 19:17:40,kovan,18542789,18490050,52739
2020-05-15 19:19:02,kovan,18542802,18490050,52752
2020-05-15 19:20:24,kovan,18542817,18490050,52767
2020-05-15 19:21:46,kovan,18542831,18490050,52781
2020-05-15 19:23:08,kovan,18542847,18490050,52797
2020-05-15 19:24:31,kovan,18542860,18490050,52810
2020-05-15 19:25:53,kovan,18542874,18490050,52824
2020-05-15 19:27:15,kovan,18542889,18490050,52839
2020-05-15 19:28:37,kovan,18542904,18490050,52854
2020-05-15 19:29:59,kovan,18542916,18490050,52866
2020-05-15 19:31:21,kovan,18542930,18490050,52880
2020-05-15 19:32:43,kovan,18542943,18490050,52893
2020-05-15 19:34:06,kovan,18542956,18490050,52906
2020-05-15 19:35:28,kovan,18542969,18490050,52919
2020-05-15 19:36:50,kovan,18542984,18490050,52934
2020-05-15 19:38:12,kovan,18542999,18490050,52949
2020-05-15 19:39:35,kovan,18543012,18490050,52962
2020-05-15 19:40:57,kovan,18543026,18490050,52976
2020-05-15 19:42:19,kovan,18543040,18490050,52990
2020-05-15 19:43:42,kovan,18543054,18490050,53004
2020-05-15 19:45:04,kovan,18543066,18490050,53016
2020-05-15 19:46:27,kovan,18543080,18490050,53030
2020-05-15 19:47:49,kovan,18543095,18490050,53045
2020-05-15 19:49:11,kovan,18543108,18490050,53058
2020-05-15 19:50:33,kovan,18543122,18490050,53072
2020-05-15 19:51:55,kovan,18543137,18490050,53087
2020-05-15 19:53:17,kovan,18543151,18490050,53101
2020-05-15 19:54:40,kovan,18543164,18490050,53114
2020-05-15 19:56:02,kovan,18543177,18490050,53127
2020-05-15 19:57:24,kovan,18543190,18490050,53140
2020-05-15 19:58:46,kovan,18543203,18490050,53153
2020-05-15 20:00:09,kovan,18543216,18490050,53166
2020-05-15 20:01:31,kovan,18543229,18490050,53179
2020-05-15 20:02:53,kovan,18543243,18490050,53193
2020-05-15 20:04:15,kovan,18543258,18490050,53208
2020-05-15 20:05:38,kovan,18543272,18490050,53222
2020-05-15 20:06:59,kovan,18543286,18490050,53236
2020-05-15 20:08:21,kovan,18543301,18490050,53251
2020-05-15 20:09:45,kovan,18543315,18490050,53265
2020-05-15 20:11:07,kovan,18543328,18490050,53278
2020-05-15 20:12:29,kovan,18543342,18490050,53292
2020-05-15 20:13:51,kovan,18543355,18490050,53305
2020-05-15 20:15:13,kovan,18543369,18490050,53319
2020-05-15 20:16:35,kovan,18543385,18490050,53335
2020-05-15 20:17:57,kovan,18543399,18490050,53349
2020-05-15 20:19:19,kovan,18543411,18490050,53361
2020-05-15 20:20:41,kovan,18543425,18490050,53375
2020-05-15 20:22:04,kovan,18543437,18490050,53387
2020-05-15 20:23:26,kovan,18543449,18490050,53399
2020-05-15 20:24:48,kovan,18543463,18490050,53413
2020-05-15 20:26:10,kovan,18543478,18490050,53428
2020-05-15 20:27:32,kovan,18543494,18490050,53444
2020-05-15 20:28:54,kovan,18543507,18490050,53457
2020-05-15 20:30:16,kovan,18543521,18490050,53471
2020-05-15 20:31:38,kovan,18543536,18490050,53486
2020-05-15 20:33:01,kovan,18543549,18490050,53499
2020-05-15 20:34:24,kovan,18543563,18490050,53513
2020-05-15 20:35:45,kovan,18543577,18490050,53527
2020-05-15 20:37:08,kovan,18543590,18490050,53540
2020-05-15 20:38:30,kovan,18543604,18490050,53554
2020-05-15 20:39:52,kovan,18543618,18490050,53568
2020-05-15 20:41:14,kovan,18543630,18490050,53580
2020-05-15 20:42:37,kovan,18543643,18490050,53593
2020-05-15 20:43:59,kovan,18543656,18490050,53606
2020-05-15 20:45:21,kovan,18543669,18490050,53619
2020-05-15 20:46:43,kovan,18543684,18490050,53634
2020-05-15 20:48:06,kovan,18543697,18490050,53647
2020-05-15 20:49:28,kovan,18543711,18490050,53661
2020-05-15 20:50:50,kovan,18543724,18490050,53674
2020-05-15 20:52:12,kovan,18543739,18490050,53689
2020-05-15 20:53:35,kovan,18543753,18490050,53703
2020-05-15 20:54:57,kovan,18543767,18490050,53717
2020-05-15 20:56:20,kovan,18543781,18490050,53731
2020-05-15 20:57:42,kovan,18543795,18490050,53745
2020-05-15 20:59:04,kovan,18543808,18490050,53758
2020-05-15 21:00:26,kovan,18543819,18490050,53769
2020-05-15 21:01:48,kovan,18543832,18490050,53782
2020-05-15 21:03:11,kovan,18543845,18490050,53795
2020-05-15 21:04:33,kovan,18543858,18490050,53808
2020-05-15 21:05:55,kovan,18543873,18490050,53823
2020-05-15 21:07:17,kovan,18543885,18490050,53835
2020-05-15 21:08:39,kovan,18543897,18490050,53847
2020-05-15 21:10:02,kovan,18543912,18490050,53862
2020-05-15 21:11:24,kovan,18543924,18490050,53874
2020-05-15 21:12:47,kovan,18543936,18490050,53886
2020-05-15 21:14:09,kovan,18543949,18490050,53899
2020-05-15 21:15:31,kovan,18543961,18490050,53911
2020-05-15 21:16:54,kovan,18543974,18490050,53924
2020-05-15 21:18:16,kovan,18543986,18490050,53936
2020-05-15 21:19:38,kovan,18543998,18490050,53948
2020-05-15 21:21:01,kovan,18544011,18490050,53961
2020-05-15 21:22:23,kovan,18544023,18490050,53973
2020-05-15 21:23:46,kovan,18544035,18490050,53985
2020-05-15 21:25:08,kovan,18544047,18490050,53997
2020-05-15 21:26:30,kovan,18544060,18490050,54010
2020-05-15 21:27:53,kovan,18544073,18490050,54023
2020-05-15 21:29:15,kovan,18544085,18490050,54035
2020-05-15 21:30:37,kovan,18544097,18490050,54047
2020-05-15 21:31:59,kovan,18544109,18490050,54059
2020-05-15 21:33:22,kovan,18544122,18490050,54072
2020-05-15 21:34:44,kovan,18544134,18490050,54084
2020-05-15 21:36:06,kovan,18544146,18490050,54096
2020-05-15 21:37:28,kovan,18544158,18490050,54108
2020-05-15 21:38:51,kovan,18544171,18490050,54121
2020-05-15 21:40:13,kovan,18544184,18490050,54134
2020-05-15 21:41:35,kovan,18544196,18490050,54146
2020-05-15 21:42:58,kovan,18544208,18490050,54158
2020-05-15 21:44:20,kovan,18544220,18490050,54170
2020-05-15 21:45:42,kovan,18544233,18490050,54183
2020-05-15 21:47:04,kovan,18544245,18490050,54195
2020-05-15 21:48:29,kovan,18544257,18490050,54207
2020-05-15 21:49:51,kovan,18544270,18490050,54220
2020-05-15 21:51:13,kovan,18544283,18490050,54233
2020-05-15 21:52:35,kovan,18544295,18490050,54245
2020-05-15 21:53:57,kovan,18544307,18490050,54257
2020-05-15 21:55:19,kovan,18544319,18490050,54269
2020-05-15 21:56:42,kovan,18544332,18490050,54282
2020-05-15 21:58:05,kovan,18544344,18490050,54294
2020-05-15 21:59:27,kovan,18544356,18490050,54306
2020-05-15 22:00:49,kovan,18544369,18490050,54319
2020-05-15 22:02:11,kovan,18544382,18490050,54332
2020-05-15 22:03:34,kovan,18544394,18490050,54344
2020-05-15 22:04:56,kovan,18544406,18490050,54356
2020-05-15 22:06:18,kovan,18544418,18490050,54368
2020-05-15 22:07:40,kovan,18544430,18490050,54380
2020-05-15 22:09:02,kovan,18544443,18490050,54393
2020-05-15 22:10:24,kovan,18544455,18490050,54405
2020-05-15 22:11:46,kovan,18544467,18490050,54417
2020-05-15 22:13:09,kovan,18544480,18490050,54430
2020-05-15 22:14:31,kovan,18544496,18490050,54446
2020-05-15 22:15:53,kovan,18544513,18490050,54463
2020-05-15 22:17:15,kovan,18544529,18490050,54479
2020-05-15 22:18:38,kovan,18544546,18490050,54496
2020-05-15 22:20:00,kovan,18544563,18490050,54513
2020-05-15 22:21:22,kovan,18544579,18490050,54529
2020-05-15 22:22:49,kovan,18544595,18490050,54545
2020-05-15 22:24:11,kovan,18544612,18490050,54562
2020-05-15 22:25:33,kovan,18544629,18490050,54579
2020-05-15 22:26:55,kovan,18544646,18490050,54596
2020-05-15 22:28:18,kovan,18544662,18490050,54612
2020-05-15 22:29:40,kovan,18544678,18490050,54628
2020-05-15 22:31:02,kovan,18544695,18490050,54645
2020-05-15 22:32:25,kovan,18544711,18490050,54661
2020-05-15 22:33:48,kovan,18544728,18490050,54678
2020-05-15 22:35:10,kovan,18544744,18490050,54694
2020-05-15 22:36:32,kovan,18544761,18490050,54711
2020-05-15 22:37:56,kovan,18544777,18490050,54727
2020-05-15 22:39:18,kovan,18544794,18490050,54744
2020-05-15 22:40:40,kovan,18544811,18490050,54761
2020-05-15 22:42:02,kovan,18544827,18490050,54777
2020-05-15 22:43:26,kovan,18544843,18490050,54793
2020-05-15 22:44:48,kovan,18544859,18490050,54809
2020-05-15 22:46:10,kovan,18544876,18490050,54826
2020-05-15 22:47:32,kovan,18544893,18490050,54843
2020-05-15 22:48:55,kovan,18544909,18490050,54859
2020-05-15 22:50:17,kovan,18544926,18490050,54876
2020-05-15 22:51:40,kovan,18544943,18490050,54893
2020-05-15 22:53:04,kovan,18544959,18490050,54909
2020-05-15 22:54:26,kovan,18544975,18490050,54925
2020-05-15 22:55:48,kovan,18544992,18490050,54942
2020-05-15 22:57:10,kovan,18545009,18490050,54959
2020-05-15 22:58:35,kovan,18545026,18490050,54976
2020-05-15 22:59:58,kovan,18545042,18490050,54992
2020-05-15 23:01:20,kovan,18545057,18490050,55007
2020-05-15 23:02:42,kovan,18545074,18490050,55024
2020-05-15 23:04:04,kovan,18545090,18490050,55040
2020-05-15 23:05:26,kovan,18545106,18490050,55056
2020-05-15 23:06:48,kovan,18545123,18490050,55073
2020-05-15 23:08:13,kovan,18545139,18490050,55089
2020-05-15 23:09:35,kovan,18545156,18490050,55106
2020-05-15 23:10:57,kovan,18545173,18490050,55123
2020-05-15 23:12:19,kovan,18545189,18490050,55139
2020-05-15 23:13:43,kovan,18545206,18490050,55156
2020-05-15 23:15:05,kovan,18545222,18490050,55172
2020-05-15 23:16:28,kovan,18545239,18490050,55189
2020-05-15 23:17:51,kovan,18545255,18490050,55205
2020-05-15 23:19:15,kovan,18545273,18490050,55223
2020-05-15 23:20:39,kovan,18545289,18490050,55239
2020-05-15 23:22:01,kovan,18545308,18490050,55258
2020-05-15 23:23:36,kovan,18545324,18490050,55274
2020-05-15 23:24:58,kovan,18545341,18490050,55291
2020-05-15 23:26:20,kovan,18545358,18490050,55308
2020-05-15 23:27:42,kovan,18545374,18490050,55324
2020-05-15 23:29:04,kovan,18545390,18490050,55340
2020-05-15 23:30:26,kovan,18545406,18490050,55356
2020-05-15 23:31:48,kovan,18545423,18490050,55373
2020-05-15 23:33:13,kovan,18545440,18490050,55390
2020-05-15 23:34:35,kovan,18545457,18490050,55407
2020-05-15 23:35:58,kovan,18545473,18490050,55423
2020-05-15 23:37:20,kovan,18545489,18490050,55439
2020-05-15 23:38:43,kovan,18545506,18490050,55456
2020-05-15 23:40:05,kovan,18545522,18490050,55472
2020-05-15 23:41:27,kovan,18545539,18490050,55489
2020-05-15 23:42:52,kovan,18545556,18490050,55506
2020-05-15 23:44:16,kovan,18545573,18490050,55523
2020-05-15 23:45:38,kovan,18545589,18490050,55539
2020-05-15 23:47:00,kovan,18545606,18490050,55556
2020-05-15 23:48:27,kovan,18545622,18490050,55572
2020-05-15 23:49:49,kovan,18545639,18490050,55589
2020-05-15 23:51:11,kovan,18545656,18490050,55606
2020-05-15 23:52:34,kovan,18545672,18490050,55622
2020-05-15 23:53:56,kovan,18545688,18490050,55638
2020-05-15 23:55:18,kovan,18545705,18490050,55655
2020-05-15 23:56:40,kovan,18545722,18490050,55672
2020-05-15 23:58:04,kovan,18545738,18490050,55688
2020-05-15 23:59:27,kovan,18545754,18490050,55704
2020-05-16 00:00:49,kovan,18545770,18490050,55720
2020-05-16 00:02:11,kovan,18545788,18490050,55738
2020-05-16 00:03:37,kovan,18545805,18490050,55755
2020-05-16 00:04:59,kovan,18545821,18490050,55771
2020-05-16 00:06:21,kovan,18545837,18490050,55787
2020-05-16 00:07:43,kovan,18545854,18490050,55804
2020-05-16 00:09:05,kovan,18545870,18490050,55820
2020-05-16 00:10:27,kovan,18545886,18490050,55836
2020-05-16 00:11:49,kovan,18545903,18490050,55853
2020-05-16 00:13:13,kovan,18545919,18490050,55869
2020-05-16 00:14:35,kovan,18545936,18490050,55886
2020-05-16 00:15:57,kovan,18545952,18490050,55902
2020-05-16 00:17:19,kovan,18545970,18490050,55920
2020-05-16 00:18:44,kovan,18545986,18490050,55936
2020-05-16 00:20:07,kovan,18546002,18490050,55952
2020-05-16 00:21:29,kovan,18546019,18490050,55969
2020-05-16 00:22:52,kovan,18546036,18490050,55986
2020-05-16 00:24:14,kovan,18546052,18490050,56002
2020-05-16 00:25:36,kovan,18546068,18490050,56018
2020-05-16 00:26:58,kovan,18546086,18490050,56036
2020-05-16 00:28:22,kovan,18546102,18490050,56052
2020-05-16 00:29:46,kovan,18546118,18490050,56068
2020-05-16 00:31:09,kovan,18546134,18490050,56084
2020-05-16 00:32:31,kovan,18546152,18490050,56102
2020-05-16 00:33:56,kovan,18546168,18490050,56118
2020-05-16 00:35:18,kovan,18546185,18490050,56135
2020-05-16 00:36:40,kovan,18546202,18490050,56152
2020-05-16 00:38:04,kovan,18546218,18490050,56168
2020-05-16 00:39:27,kovan,18546234,18490050,56184
2020-05-16 00:40:49,kovan,18546251,18490050,56201
2020-05-16 00:42:11,kovan,18546268,18490050,56218
2020-05-16 00:43:36,kovan,18546284,18490050,56234
2020-05-16 00:44:58,kovan,18546301,18490050,56251
2020-05-16 00:46:20,kovan,18546318,18490050,56268
2020-05-16 00:47:43,kovan,18546333,18490050,56283
2020-05-16 00:49:05,kovan,18546349,18490050,56299
2020-05-16 00:50:28,kovan,18546365,18490050,56315
2020-05-16 00:51:50,kovan,18546382,18490050,56332
2020-05-16 00:53:15,kovan,18546399,18490050,56349
2020-05-16 00:54:37,kovan,18546416,18490050,56366
2020-05-16 00:55:59,kovan,18546432,18490050,56382
2020-05-16 00:57:21,kovan,18546449,18490050,56399
2020-05-16 00:58:47,kovan,18546465,18490050,56415
2020-05-16 01:00:09,kovan,18546482,18490050,56432
2020-05-16 01:01:31,kovan,18546499,18490050,56449
2020-05-16 01:02:59,kovan,18546516,18490050,56466
2020-05-16 01:04:21,kovan,18546533,18490050,56483
2020-05-16 01:05:43,kovan,18546549,18490050,56499
2020-05-16 01:07:05,kovan,18546565,18490050,56515
2020-05-16 01:08:30,kovan,18546582,18490050,56532
2020-05-16 01:09:52,kovan,18546599,18490050,56549
2020-05-16 01:11:14,kovan,18546615,18490050,56565
2020-05-16 01:12:36,kovan,18546632,18490050,56582
2020-05-16 01:13:59,kovan,18546649,18490050,56599
2020-05-16 01:15:22,kovan,18546665,18490050,56615
2020-05-16 01:16:44,kovan,18546681,18490050,56631
2020-05-16 01:18:09,kovan,18546697,18490050,56647
2020-05-16 01:19:31,kovan,18546714,18490050,56664
2020-05-16 01:20:53,kovan,18546731,18490050,56681
2020-05-16 01:22:15,kovan,18546748,18490050,56698
2020-05-16 01:23:41,kovan,18546764,18490050,56714
2020-05-16 01:25:03,kovan,18546781,18490050,56731
2020-05-16 01:26:25,kovan,18546798,18490050,56748
2020-05-16 01:27:51,kovan,18546814,18490050,56764
2020-05-16 01:29:13,kovan,18546830,18490050,56780
2020-05-16 01:30:35,kovan,18546846,18490050,56796
2020-05-16 01:31:57,kovan,18546863,18490050,56813
2020-05-16 01:33:20,kovan,18546879,18490050,56829
2020-05-16 01:34:42,kovan,18546896,18490050,56846
2020-05-16 01:36:05,kovan,18546912,18490050,56862
2020-05-16 01:37:27,kovan,18546930,18490050,56880
2020-05-16 01:38:54,kovan,18546946,18490050,56896
2020-05-16 01:40:16,kovan,18546962,18490050,56912
2020-05-16 01:41:38,kovan,18546980,18490050,56930
2020-05-16 01:43:02,kovan,18546995,18490050,56945
2020-05-16 01:44:24,kovan,18547012,18490050,56962
2020-05-16 01:45:46,kovan,18547028,18490050,56978
2020-05-16 01:47:08,kovan,18547045,18490050,56995
2020-05-16 01:48:32,kovan,18547062,18490050,57012
2020-05-16 01:49:54,kovan,18547078,18490050,57028
2020-05-16 01:51:16,kovan,18547094,18490050,57044
2020-05-16 01:52:38,kovan,18547111,18490050,57061
2020-05-16 01:54:00,kovan,18547128,18490050,57078
2020-05-16 01:55:23,kovan,18547144,18490050,57094
2020-05-16 01:56:45,kovan,18547161,18490050,57111
2020-05-16 01:58:12,kovan,18547177,18490050,57127
2020-05-16 01:59:34,kovan,18547194,18490050,57144
2020-05-16 02:00:57,kovan,18547210,18490050,57160
2020-05-16 02:02:19,kovan,18547228,18490050,57178
2020-05-16 02:03:44,kovan,18547244,18490050,57194
2020-05-16 02:05:06,kovan,18547260,18490050,57210
2020-05-16 02:06:28,kovan,18547277,18490050,57227
2020-05-16 02:07:51,kovan,18547293,18490050,57243
2020-05-16 02:09:13,kovan,18547310,18490050,57260
2020-05-16 02:10:35,kovan,18547327,18490050,57277
2020-05-16 02:11:57,kovan,18547343,18490050,57293
2020-05-16 02:13:22,kovan,18547360,18490050,57310
2020-05-16 02:14:44,kovan,18547376,18490050,57326
2020-05-16 02:16:06,kovan,18547392,18490050,57342
2020-05-16 02:17:28,kovan,18547409,18490050,57359
2020-05-16 02:18:52,kovan,18547425,18490050,57375
2020-05-16 02:20:14,kovan,18547442,18490050,57392
2020-05-16 02:21:37,kovan,18547459,18490050,57409
2020-05-16 02:23:01,kovan,18547476,18490050,57426
2020-05-16 02:24:23,kovan,18547492,18490050,57442
2020-05-16 02:25:45,kovan,18547508,18490050,57458
2020-05-16 02:27:07,kovan,18547524,18490050,57474
2020-05-16 02:28:30,kovan,18547541,18490050,57491
2020-05-16 02:29:52,kovan,18547557,18490050,57507
2020-05-16 02:31:14,kovan,18547574,18490050,57524
2020-05-16 02:32:36,kovan,18547591,18490050,57541
2020-05-16 02:33:59,kovan,18547607,18490050,57557
2020-05-16 02:35:21,kovan,18547623,18490050,57573
2020-05-16 02:36:43,kovan,18547640,18490050,57590
2020-05-16 02:38:08,kovan,18547657,18490050,57607
2020-05-16 02:39:29,kovan,18547673,18490050,57623
2020-05-16 02:40:51,kovan,18547689,18490050,57639
2020-05-16 02:42:13,kovan,18547707,18490050,57657
2020-05-16 02:43:40,kovan,18547723,18490050,57673
2020-05-16 02:45:02,kovan,18547740,18490050,57690
2020-05-16 02:46:24,kovan,18547756,18490050,57706
2020-05-16 02:47:51,kovan,18547773,18490050,57723
2020-05-16 02:49:13,kovan,18547789,18490050,57739
2020-05-16 02:50:35,kovan,18547805,18490050,57755
2020-05-16 02:51:57,kovan,18547823,18490050,57773
2020-05-16 02:53:23,kovan,18547839,18490050,57789
2020-05-16 02:54:45,kovan,18547855,18490050,57805
2020-05-16 02:56:07,kovan,18547871,18490050,57821
2020-05-16 02:57:29,kovan,18547889,18490050,57839
2020-05-16 02:58:57,kovan,18547905,18490050,57855
2020-05-16 03:00:19,kovan,18547922,18490050,57872
2020-05-16 03:01:41,kovan,18547939,18490050,57889
2020-05-16 03:03:09,kovan,18547956,18490050,57906
2020-05-16 03:04:32,kovan,18547972,18490050,57922
2020-05-16 03:05:54,kovan,18547989,18490050,57939
2020-05-16 03:07:16,kovan,18548007,18490050,57957
2020-05-16 03:08:42,kovan,18548023,18490050,57973
2020-05-16 03:10:04,kovan,18548039,18490050,57989
2020-05-16 03:11:26,kovan,18548056,18490050,58006
2020-05-16 03:12:53,kovan,18548073,18490050,58023
2020-05-16 03:14:15,kovan,18548089,18490050,58039
2020-05-16 03:15:37,kovan,18548106,18490050,58056
2020-05-16 03:17:00,kovan,18548123,18490050,58073
2020-05-16 03:18:26,kovan,18548139,18490050,58089
2020-05-16 03:19:48,kovan,18548155,18490050,58105
2020-05-16 03:21:10,kovan,18548172,18490050,58122
2020-05-16 03:22:32,kovan,18548188,18490050,58138
2020-05-16 03:23:54,kovan,18548205,18490050,58155
2020-05-16 03:25:16,kovan,18548222,18490050,58172
2020-05-16 03:26:38,kovan,18548239,18490050,58189
2020-05-16 03:28:03,kovan,18548255,18490050,58205
2020-05-16 03:29:25,kovan,18548271,18490050,58221
2020-05-16 03:30:47,kovan,18548288,18490050,58238
2020-05-16 03:32:10,kovan,18548305,18490050,58255
2020-05-16 03:33:36,kovan,18548321,18490050,58271
2020-05-16 03:34:58,kovan,18548338,18490050,58288
2020-05-16 03:36:20,kovan,18548355,18490050,58305
2020-05-16 03:37:42,kovan,18548371,18490050,58321
2020-05-16 03:39:04,kovan,18548387,18490050,58337
2020-05-16 03:40:26,kovan,18548403,18490050,58353
2020-05-16 03:41:48,kovan,18548421,18490050,58371
2020-05-16 03:43:15,kovan,18548437,18490050,58387
2020-05-16 03:44:38,kovan,18548454,18490050,58404
2020-05-16 03:46:00,kovan,18548470,18490050,58420
2020-05-16 03:47:22,kovan,18548487,18490050,58437
2020-05-16 03:48:48,kovan,18548503,18490050,58453
2020-05-16 03:50:11,kovan,18548520,18490050,58470
2020-05-16 03:51:33,kovan,18548537,18490050,58487
2020-05-16 03:52:57,kovan,18548554,18490050,58504
2020-05-16 03:54:19,kovan,18548570,18490050,58520
2020-05-16 03:55:41,kovan,18548590,18490050,58540
2020-05-16 03:57:22,kovan,18548611,18490050,58561
2020-05-16 03:59:03,kovan,18548638,18490050,58588
2020-05-16 04:01:20,kovan,18548659,18490050,58609
2020-05-16 04:03:08,kovan,18548689,18490050,58639
2020-05-16 04:05:36,kovan,18548711,18490050,58661
2020-05-16 04:07:27,kovan,18548728,18490050,58678
2020-05-16 04:08:53,kovan,18548745,18490050,58695
2020-05-16 04:10:16,kovan,18548762,18490050,58712
2020-05-16 04:11:42,kovan,18548782,18490050,58732
2020-05-16 04:13:20,kovan,18548800,18490050,58750
2020-05-16 04:14:51,kovan,18548823,18490050,58773
2020-05-16 04:16:48,kovan,18548844,18490050,58794
2020-05-16 04:18:33,kovan,18548861,18490050,58811
2020-05-16 04:19:56,kovan,18548881,18490050,58831
2020-05-16 04:21:35,kovan,18548899,18490050,58849
2020-05-16 04:23:08,kovan,18548917,18490050,58867
2020-05-16 04:24:37,kovan,18548937,18490050,58887
2020-05-16 04:26:18,kovan,18548955,18490050,58905
2020-05-16 04:27:50,kovan,18548977,18490050,58927
2020-05-16 04:29:36,kovan,18549002,18490050,58952
2020-05-16 04:31:41,kovan,18549028,18490050,58978
2020-05-16 04:33:52,kovan,18549049,18490050,58999
2020-05-16 04:35:37,kovan,18549071,18490050,59021
2020-05-16 04:37:25,kovan,18549094,18490050,59044
2020-05-16 04:39:21,kovan,18549119,18490050,59069
2020-05-16 04:41:29,kovan,18549138,18490050,59088
2020-05-16 04:43:02,kovan,18549158,18490050,59108
2020-05-16 04:44:39,kovan,18549174,18490050,59124
2020-05-16 04:46:01,kovan,18549193,18490050,59143
2020-05-16 04:47:38,kovan,18549211,18490050,59161
2020-05-16 04:49:05,kovan,18549227,18490050,59177
2020-05-16 04:50:27,kovan,18549243,18490050,59193
2020-05-16 04:51:49,kovan,18549261,18490050,59211
2020-05-16 04:53:15,kovan,18549278,18490050,59228
2020-05-16 04:54:37,kovan,18549294,18490050,59244
2020-05-16 04:55:59,kovan,18549310,18490050,59260
2020-05-16 04:57:22,kovan,18549328,18490050,59278
2020-05-16 04:58:53,kovan,18549348,18490050,59298
2020-05-16 05:00:32,kovan,18549364,18490050,59314
2020-05-16 05:01:58,kovan,18549382,18490050,59332
2020-05-16 05:03:31,kovan,18549399,18490050,59349
2020-05-16 05:04:53,kovan,18549417,18490050,59367
2020-05-16 05:06:22,kovan,18549436,18490050,59386
2020-05-16 05:07:57,kovan,18549453,18490050,59403
2020-05-16 05:09:21,kovan,18549470,18490050,59420
2020-05-16 05:10:50,kovan,18549488,18490050,59438
2020-05-16 05:12:16,kovan,18549506,18490050,59456
2020-05-16 05:13:48,kovan,18549523,18490050,59473
2020-05-16 05:15:15,kovan,18549541,18490050,59491
2020-05-16 05:16:40,kovan,18549559,18490050,59509
2020-05-16 05:18:11,kovan,18549575,18490050,59525
2020-05-16 05:19:33,kovan,18549592,18490050,59542
2020-05-16 05:20:55,kovan,18549608,18490050,59558
2020-05-16 05:22:17,kovan,18549626,18490050,59576
2020-05-16 05:23:43,kovan,18549642,18490050,59592
2020-05-16 05:25:05,kovan,18549658,18490050,59608
2020-05-16 05:26:27,kovan,18549674,18490050,59624
2020-05-16 05:27:51,kovan,18549691,18490050,59641
2020-05-16 05:29:13,kovan,18549708,18490050,59658
2020-05-16 05:30:35,kovan,18549723,18490050,59673
2020-05-16 05:31:57,kovan,18549740,18490050,59690
2020-05-16 05:33:22,kovan,18549757,18490050,59707
2020-05-16 05:34:44,kovan,18549773,18490050,59723
2020-05-16 05:36:06,kovan,18549789,18490050,59739
2020-05-16 05:37:28,kovan,18549806,18490050,59756
2020-05-16 05:38:51,kovan,18549822,18490050,59772
2020-05-16 05:40:14,kovan,18549839,18490050,59789
2020-05-16 05:41:36,kovan,18549856,18490050,59806
2020-05-16 05:43:00,kovan,18549872,18490050,59822
2020-05-16 05:44:22,kovan,18549889,18490050,59839
2020-05-16 05:45:45,kovan,18549905,18490050,59855
2020-05-16 05:47:07,kovan,18549922,18490050,59872
2020-05-16 05:48:33,kovan,18549938,18490050,59888
2020-05-16 05:49:55,kovan,18549955,18490050,59905
2020-05-16 05:51:17,kovan,18549972,18490050,59922
2020-05-16 05:52:40,kovan,18549989,18490050,59939
2020-05-16 05:54:02,kovan,18550005,18490050,59955
2020-05-16 05:55:24,kovan,18550021,18490050,59971
2020-05-16 05:56:46,kovan,18550038,18490050,59988
2020-05-16 05:58:11,kovan,18550057,18490050,60007
2020-05-16 05:59:44,kovan,18550084,18490050,60034
2020-05-16 06:02:01,kovan,18550101,18490050,60051
2020-05-16 06:03:26,kovan,18550117,18490050,60067
2020-05-16 06:04:48,kovan,18550133,18490050,60083
2020-05-16 06:06:11,kovan,18550150,18490050,60100
2020-05-16 06:07:33,kovan,18550167,18490050,60117
2020-05-16 06:08:55,kovan,18550183,18490050,60133
2020-05-16 06:10:16,kovan,18550199,18490050,60149
2020-05-16 06:11:39,kovan,18550217,18490050,60167
2020-05-16 06:13:03,kovan,18550233,18490050,60183
2020-05-16 06:14:24,kovan,18550249,18490050,60199
2020-05-16 06:15:46,kovan,18550265,18490050,60215
2020-05-16 06:17:08,kovan,18550283,18490050,60233
2020-05-16 06:18:33,kovan,18550299,18490050,60249
2020-05-16 06:19:55,kovan,18550315,18490050,60265
2020-05-16 06:21:17,kovan,18550332,18490050,60282
2020-05-16 06:22:40,kovan,18550348,18490050,60298
2020-05-16 06:24:02,kovan,18550365,18490050,60315
2020-05-16 06:25:24,kovan,18550381,18490050,60331
2020-05-16 06:26:46,kovan,18550398,18490050,60348
2020-05-16 06:28:13,kovan,18550415,18490050,60365
2020-05-16 06:29:35,kovan,18550431,18490050,60381
2020-05-16 06:30:57,kovan,18550447,18490050,60397
2020-05-16 06:32:19,kovan,18550465,18490050,60415
2020-05-16 06:33:43,kovan,18550481,18490050,60431
2020-05-16 06:35:05,kovan,18550497,18490050,60447
2020-05-16 06:36:28,kovan,18550514,18490050,60464
2020-05-16 06:37:52,kovan,18550531,18490050,60481
2020-05-16 06:39:14,kovan,18550547,18490050,60497
2020-05-16 06:40:36,kovan,18550563,18490050,60513
2020-05-16 06:41:58,kovan,18550581,18490050,60531
2020-05-16 06:43:25,kovan,18550597,18490050,60547
2020-05-16 06:44:47,kovan,18550613,18490050,60563
2020-05-16 06:46:09,kovan,18550630,18490050,60580
2020-05-16 06:47:31,kovan,18550646,18490050,60596
2020-05-16 06:48:53,kovan,18550662,18490050,60612
2020-05-16 06:50:15,kovan,18550678,18490050,60628
2020-05-16 06:51:37,kovan,18550695,18490050,60645
2020-05-16 06:53:02,kovan,18550712,18490050,60662
2020-05-16 06:54:24,kovan,18550728,18490050,60678
2020-05-16 06:55:46,kovan,18550744,18490050,60694
2020-05-16 06:57:08,kovan,18550761,18490050,60711
2020-05-16 06:58:34,kovan,18550778,18490050,60728
2020-05-16 06:59:56,kovan,18550795,18490050,60745
2020-05-16 07:01:18,kovan,18550811,18490050,60761
2020-05-16 07:02:40,kovan,18550827,18490050,60777
2020-05-16 07:04:02,kovan,18550844,18490050,60794
2020-05-16 07:05:24,kovan,18550860,18490050,60810
2020-05-16 07:06:46,kovan,18550877,18490050,60827
2020-05-16 07:08:13,kovan,18550894,18490050,60844
2020-05-16 07:09:35,kovan,18550910,18490050,60860
2020-05-16 07:10:57,kovan,18550926,18490050,60876
2020-05-16 07:12:19,kovan,18550944,18490050,60894
2020-05-16 07:13:46,kovan,18550960,18490050,60910
2020-05-16 07:15:08,kovan,18550976,18490050,60926
2020-05-16 07:16:30,kovan,18550993,18490050,60943
2020-05-16 07:17:54,kovan,18551010,18490050,60960
2020-05-16 07:19:16,kovan,18551027,18490050,60977
2020-05-16 07:20:38,kovan,18551043,18490050,60993
2020-05-16 07:22:00,kovan,18551060,18490050,61010
2020-05-16 07:23:24,kovan,18551080,18490050,61030
2020-05-16 07:25:08,kovan,18551096,18490050,61046
2020-05-16 07:26:30,kovan,18551114,18490050,61064
2020-05-16 07:27:55,kovan,18551130,18490050,61080
2020-05-16 07:29:17,kovan,18551146,18490050,61096
2020-05-16 07:30:39,kovan,18551163,18490050,61113
2020-05-16 07:32:01,kovan,18551180,18490050,61130
2020-05-16 07:33:24,kovan,18551196,18490050,61146
2020-05-16 07:34:47,kovan,18551212,18490050,61162
2020-05-16 07:36:08,kovan,18551229,18490050,61179
2020-05-16 07:37:31,kovan,18551245,18490050,61195
2020-05-16 07:38:53,kovan,18551261,18490050,61211
2020-05-16 07:40:15,kovan,18551278,18490050,61228
2020-05-16 07:41:37,kovan,18551295,18490050,61245
2020-05-16 07:43:03,kovan,18551312,18490050,61262
2020-05-16 07:44:26,kovan,18551328,18490050,61278
2020-05-16 07:45:49,kovan,18551345,18490050,61295
2020-05-16 07:47:11,kovan,18551361,18490050,61311
2020-05-16 07:48:34,kovan,18551378,18490050,61328
2020-05-16 07:49:56,kovan,18551394,18490050,61344
2020-05-16 07:51:18,kovan,18551411,18490050,61361
2020-05-16 07:52:40,kovan,18551428,18490050,61378
2020-05-16 07:54:02,kovan,18551444,18490050,61394
2020-05-16 07:55:24,kovan,18551460,18490050,61410
2020-05-16 07:56:46,kovan,18551477,18490050,61427
2020-05-16 07:58:13,kovan,18551494,18490050,61444
2020-05-16 07:59:35,kovan,18551510,18490050,61460
2020-05-16 08:00:57,kovan,18551527,18490050,61477
2020-05-16 08:02:19,kovan,18551543,18490050,61493
2020-05-16 08:03:43,kovan,18551560,18490050,61510
2020-05-16 08:05:05,kovan,18551576,18490050,61526
2020-05-16 08:06:27,kovan,18551593,18490050,61543
2020-05-16 08:07:50,kovan,18551609,18490050,61559
2020-05-16 08:09:12,kovan,18551625,18490050,61575
2020-05-16 08:10:34,kovan,18551642,18490050,61592
2020-05-16 08:11:56,kovan,18551659,18490050,61609
2020-05-16 08:13:22,kovan,18551675,18490050,61625
2020-05-16 08:14:44,kovan,18551692,18490050,61642
2020-05-16 08:16:06,kovan,18551708,18490050,61658
2020-05-16 08:17:28,kovan,18551725,18490050,61675
2020-05-16 08:18:50,kovan,18551741,18490050,61691
2020-05-16 08:20:12,kovan,18551757,18490050,61707
2020-05-16 08:21:34,kovan,18551775,18490050,61725
2020-05-16 08:22:59,kovan,18551791,18490050,61741
2020-05-16 08:24:21,kovan,18551807,18490050,61757
2020-05-16 08:25:43,kovan,18551824,18490050,61774
2020-05-16 08:27:05,kovan,18551841,18490050,61791
2020-05-16 08:28:33,kovan,18551857,18490050,61807
2020-05-16 08:29:54,kovan,18551874,18490050,61824
2020-05-16 08:31:16,kovan,18551890,18490050,61840
2020-05-16 08:32:38,kovan,18551906,18490050,61856
2020-05-16 08:34:00,kovan,18551922,18490050,61872
2020-05-16 08:35:22,kovan,18551939,18490050,61889
2020-05-16 08:36:44,kovan,18551955,18490050,61905
2020-05-16 08:38:09,kovan,18551972,18490050,61922
2020-05-16 08:39:31,kovan,18551988,18490050,61938
2020-05-16 08:40:53,kovan,18552004,18490050,61954
2020-05-16 08:42:15,kovan,18552022,18490050,61972
2020-05-16 08:43:39,kovan,18552039,18490050,61989
2020-05-16 08:45:01,kovan,18552054,18490050,62004
2020-05-16 08:46:23,kovan,18552071,18490050,62021
2020-05-16 08:47:47,kovan,18552087,18490050,62037
2020-05-16 08:49:09,kovan,18552104,18490050,62054
2020-05-16 08:50:31,kovan,18552120,18490050,62070
2020-05-16 08:51:53,kovan,18552137,18490050,62087
2020-05-16 08:53:17,kovan,18552154,18490050,62104
2020-05-16 08:54:39,kovan,18552170,18490050,62120
2020-05-16 08:56:01,kovan,18552186,18490050,62136
2020-05-16 08:57:23,kovan,18552203,18490050,62153
2020-05-16 08:58:46,kovan,18552219,18490050,62169
2020-05-16 09:00:08,kovan,18552235,18490050,62185
2020-05-16 09:01:30,kovan,18552253,18490050,62203
2020-05-16 09:02:56,kovan,18552269,18490050,62219
2020-05-16 09:04:18,kovan,18552286,18490050,62236
2020-05-16 09:05:40,kovan,18552303,18490050,62253
2020-05-16 09:07:02,kovan,18552319,18490050,62269
2020-05-16 09:08:29,kovan,18552336,18490050,62286
2020-05-16 09:09:51,kovan,18552352,18490050,62302
2020-05-16 09:11:13,kovan,18552369,18490050,62319
2020-05-16 09:12:35,kovan,18552385,18490050,62335
2020-05-16 09:13:57,kovan,18552402,18490050,62352
2020-05-16 09:15:19,kovan,18552418,18490050,62368
2020-05-16 09:16:41,kovan,18552435,18490050,62385
2020-05-16 09:18:09,kovan,18552452,18490050,62402
2020-05-16 09:19:31,kovan,18552468,18490050,62418
2020-05-16 09:20:53,kovan,18552485,18490050,62435
2020-05-16 09:22:15,kovan,18552502,18490050,62452
2020-05-16 09:23:43,kovan,18552519,18490050,62469
2020-05-16 09:25:06,kovan,18552535,18490050,62485
2020-05-16 09:26:28,kovan,18552553,18490050,62503
2020-05-16 09:27:56,kovan,18552570,18490050,62520
2020-05-16 09:29:18,kovan,18552586,18490050,62536
2020-05-16 09:30:40,kovan,18552602,18490050,62552
2020-05-16 09:32:02,kovan,18552619,18490050,62569
2020-05-16 09:33:27,kovan,18552635,18490050,62585
2020-05-16 09:34:49,kovan,18552652,18490050,62602
2020-05-16 09:36:11,kovan,18552669,18490050,62619
2020-05-16 09:37:33,kovan,18552685,18490050,62635
2020-05-16 09:38:55,kovan,18552701,18490050,62651
2020-05-16 09:40:17,kovan,18552718,18490050,62668
2020-05-16 09:41:39,kovan,18552735,18490050,62685
2020-05-16 09:43:04,kovan,18552751,18490050,62701
2020-05-16 09:44:26,kovan,18552767,18490050,62717
2020-05-16 09:45:48,kovan,18552784,18490050,62734
2020-05-16 09:47:10,kovan,18552801,18490050,62751
2020-05-16 09:48:35,kovan,18552817,18490050,62767
2020-05-16 09:49:57,kovan,18552834,18490050,62784
2020-05-16 09:51:19,kovan,18552850,18490050,62800
2020-05-16 09:52:41,kovan,18552867,18490050,62817
2020-05-16 09:54:03,kovan,18552883,18490050,62833
2020-05-16 09:55:25,kovan,18552899,18490050,62849
2020-05-16 09:56:47,kovan,18552917,18490050,62867
2020-05-16 09:58:14,kovan,18552933,18490050,62883
2020-05-16 09:59:36,kovan,18552949,18490050,62899
2020-05-16 10:00:58,kovan,18552964,18490050,62914
2020-05-16 10:02:20,kovan,18552981,18490050,62931
2020-05-16 10:03:42,kovan,18552997,18490050,62947
2020-05-16 10:05:04,kovan,18553013,18490050,62963
2020-05-16 10:06:26,kovan,18553030,18490050,62980
2020-05-16 10:07:53,kovan,18553047,18490050,62997
2020-05-16 10:09:15,kovan,18553063,18490050,63013
2020-05-16 10:10:37,kovan,18553079,18490050,63029
2020-05-16 10:11:59,kovan,18553097,18490050,63047
2020-05-16 10:13:23,kovan,18553113,18490050,63063
2020-05-16 10:14:45,kovan,18553129,18490050,63079
2020-05-16 10:16:07,kovan,18553145,18490050,63095
2020-05-16 10:17:29,kovan,18553162,18490050,63112
2020-05-16 10:18:51,kovan,18553178,18490050,63128
2020-05-16 10:20:13,kovan,18553195,18490050,63145
2020-05-16 10:21:36,kovan,18553212,18490050,63162
2020-05-16 10:23:00,kovan,18553228,18490050,63178
2020-05-16 10:24:22,kovan,18553245,18490050,63195
2020-05-16 10:25:44,kovan,18553261,18490050,63211
2020-05-16 10:27:06,kovan,18553278,18490050,63228
2020-05-16 10:28:33,kovan,18553294,18490050,63244
2020-05-16 10:29:55,kovan,18553311,18490050,63261
2020-05-16 10:31:17,kovan,18553328,18490050,63278
2020-05-16 10:32:39,kovan,18553344,18490050,63294
2020-05-16 10:34:01,kovan,18553361,18490050,63311
2020-05-16 10:35:23,kovan,18553377,18490050,63327
2020-05-16 10:36:45,kovan,18553394,18490050,63344
2020-05-16 10:38:12,kovan,18553411,18490050,63361
2020-05-16 10:39:34,kovan,18553427,18490050,63377
2020-05-16 10:40:56,kovan,18553443,18490050,63393
2020-05-16 10:42:18,kovan,18553461,18490050,63411
2020-05-16 10:43:42,kovan,18553477,18490050,63427
2020-05-16 10:45:04,kovan,18553493,18490050,63443
2020-05-16 10:46:26,kovan,18553510,18490050,63460
2020-05-16 10:47:52,kovan,18553526,18490050,63476
2020-05-16 10:49:14,kovan,18553543,18490050,63493
2020-05-16 10:50:36,kovan,18553559,18490050,63509
2020-05-16 10:51:58,kovan,18553577,18490050,63527
2020-05-16 10:53:24,kovan,18553593,18490050,63543
2020-05-16 10:54:46,kovan,18553609,18490050,63559
2020-05-16 10:56:08,kovan,18553626,18490050,63576
2020-05-16 10:57:30,kovan,18553642,18490050,63592
2020-05-16 10:58:52,kovan,18553658,18490050,63608
2020-05-16 11:00:14,kovan,18553674,18490050,63624
2020-05-16 11:01:36,kovan,18553691,18490050,63641
2020-05-16 11:03:00,kovan,18553707,18490050,63657
2020-05-16 11:04:22,kovan,18553724,18490050,63674
2020-05-16 11:05:44,kovan,18553740,18490050,63690
2020-05-16 11:07:07,kovan,18553758,18490050,63708
2020-05-16 11:08:37,kovan,18553775,18490050,63725
2020-05-16 11:09:59,kovan,18553791,18490050,63741
2020-05-16 11:11:21,kovan,18553808,18490050,63758
2020-05-16 11:12:43,kovan,18553825,18490050,63775
2020-05-16 11:14:11,kovan,18553841,18490050,63791
2020-05-16 11:15:33,kovan,18553860,18490050,63810
2020-05-16 11:17:09,kovan,18553878,18490050,63828
2020-05-16 11:18:37,kovan,18553896,18490050,63846
2020-05-16 11:20:09,kovan,18553917,18490050,63867
2020-05-16 11:21:55,kovan,18553936,18490050,63886
2020-05-16 11:23:26,kovan,18553952,18490050,63902
2020-05-16 11:24:49,kovan,18553969,18490050,63919
2020-05-16 11:26:13,kovan,18553985,18490050,63935
2020-05-16 11:27:35,kovan,18554002,18490050,63952
2020-05-16 11:28:57,kovan,18554019,18490050,63969
2020-05-16 11:30:19,kovan,18554035,18490050,63985
2020-05-16 11:31:41,kovan,18554052,18490050,64002
2020-05-16 11:33:08,kovan,18554069,18490050,64019
2020-05-16 11:34:30,kovan,18554085,18490050,64035
2020-05-16 11:35:52,kovan,18554102,18490050,64052
2020-05-16 11:37:14,kovan,18554119,18490050,64069
2020-05-16 11:38:41,kovan,18554136,18490050,64086
2020-05-16 11:40:03,kovan,18554152,18490050,64102
2020-05-16 11:41:25,kovan,18554168,18490050,64118
2020-05-16 11:42:51,kovan,18554185,18490050,64135
2020-05-16 11:44:13,kovan,18554202,18490050,64152
2020-05-16 11:45:35,kovan,18554218,18490050,64168
2020-05-16 11:46:57,kovan,18554235,18490050,64185
2020-05-16 11:48:22,kovan,18554252,18490050,64202
2020-05-16 11:49:44,kovan,18554268,18490050,64218
2020-05-16 11:51:06,kovan,18554284,18490050,64234
2020-05-16 11:52:28,kovan,18554301,18490050,64251
2020-05-16 11:53:51,kovan,18554317,18490050,64267
2020-05-16 11:55:13,kovan,18554334,18490050,64284
2020-05-16 11:56:35,kovan,18554351,18490050,64301
2020-05-16 11:58:02,kovan,18554368,18490050,64318
2020-05-16 11:59:24,kovan,18554384,18490050,64334
2020-05-16 12:00:46,kovan,18554400,18490050,64350
2020-05-16 12:02:08,kovan,18554417,18490050,64367
2020-05-16 12:03:34,kovan,18554434,18490050,64384
2020-05-16 12:04:57,kovan,18554451,18490050,64401
2020-05-16 12:06:19,kovan,18554467,18490050,64417
2020-05-16 12:07:41,kovan,18554484,18490050,64434
2020-05-16 12:09:03,kovan,18554500,18490050,64450
2020-05-16 12:10:25,kovan,18554516,18490050,64466
2020-05-16 12:11:47,kovan,18554534,18490050,64484
2020-05-16 12:13:15,kovan,18554551,18490050,64501
2020-05-16 12:14:37,kovan,18554566,18490050,64516
2020-05-16 12:15:59,kovan,18554583,18490050,64533
2020-05-16 12:17:21,kovan,18554600,18490050,64550
2020-05-16 12:18:46,kovan,18554616,18490050,64566
2020-05-16 12:20:08,kovan,18554632,18490050,64582
2020-05-16 12:21:30,kovan,18554649,18490050,64599
2020-05-16 12:22:52,kovan,18554665,18490050,64615
2020-05-16 12:24:14,kovan,18554682,18490050,64632
2020-05-16 12:25:36,kovan,18554698,18490050,64648
2020-05-16 12:26:58,kovan,18554715,18490050,64665
2020-05-16 12:28:20,kovan,18554731,18490050,64681
2020-05-16 12:29:42,kovan,18554748,18490050,64698
2020-05-16 12:31:04,kovan,18554764,18490050,64714
2020-05-16 12:32:27,kovan,18554780,18490050,64730
2020-05-16 12:33:49,kovan,18554796,18490050,64746
2020-05-16 12:35:11,kovan,18554814,18490050,64764
2020-05-16 12:36:36,kovan,18554831,18490050,64781
2020-05-16 12:37:58,kovan,18554847,18490050,64797
2020-05-16 12:39:21,kovan,18554863,18490050,64813
2020-05-16 12:40:43,kovan,18554880,18490050,64830
2020-05-16 12:42:08,kovan,18554897,18490050,64847
2020-05-16 12:43:30,kovan,18554913,18490050,64863
2020-05-16 12:44:52,kovan,18554929,18490050,64879
2020-05-16 12:46:14,kovan,18554946,18490050,64896
2020-05-16 12:47:38,kovan,18554963,18490050,64913
2020-05-16 12:49:00,kovan,18554979,18490050,64929
2020-05-16 12:50:22,kovan,18554996,18490050,64946
2020-05-16 12:51:49,kovan,18555013,18490050,64963
2020-05-16 12:53:12,kovan,18555029,18490050,64979
2020-05-16 12:54:34,kovan,18555046,18490050,64996
2020-05-16 12:55:56,kovan,18555063,18490050,65013
2020-05-16 12:57:22,kovan,18555079,18490050,65029
2020-05-16 12:58:44,kovan,18555096,18490050,65046
2020-05-16 13:00:06,kovan,18555112,18490050,65062
2020-05-16 13:01:31,kovan,18555129,18490050,65079
2020-05-16 13:02:53,kovan,18555146,18490050,65096
2020-05-16 13:04:15,kovan,18555162,18490050,65112
2020-05-16 13:05:37,kovan,18555180,18490050,65130
2020-05-16 13:07:05,kovan,18555196,18490050,65146
2020-05-16 13:08:27,kovan,18555212,18490050,65162
2020-05-16 13:09:50,kovan,18555229,18490050,65179
2020-05-16 13:11:12,kovan,18555245,18490050,65195
2020-05-16 13:12:34,kovan,18555262,18490050,65212
2020-05-16 13:13:57,kovan,18555279,18490050,65229
2020-05-16 13:15:19,kovan,18555296,18490050,65246
2020-05-16 13:16:47,kovan,18555312,18490050,65262
2020-05-16 13:18:09,kovan,18555329,18490050,65279
2020-05-16 13:19:31,kovan,18555345,18490050,65295
2020-05-16 13:20:53,kovan,18555363,18490050,65313
2020-05-16 13:22:19,kovan,18555379,18490050,65329
2020-05-16 13:23:42,kovan,18555396,18490050,65346
2020-05-16 13:25:04,kovan,18555413,18490050,65363
2020-05-16 13:26:33,kovan,18555430,18490050,65380
2020-05-16 13:27:55,kovan,18555446,18490050,65396
2020-05-16 13:29:17,kovan,18555463,18490050,65413
2020-05-16 13:30:39,kovan,18555480,18490050,65430
2020-05-16 13:32:06,kovan,18555496,18490050,65446
2020-05-16 13:33:28,kovan,18555513,18490050,65463
2020-05-16 13:34:50,kovan,18555529,18490050,65479
2020-05-16 13:36:12,kovan,18555545,18490050,65495
2020-05-16 13:37:34,kovan,18555562,18490050,65512
2020-05-16 13:38:56,kovan,18555579,18490050,65529
2020-05-16 13:40:19,kovan,18555596,18490050,65546
2020-05-16 13:41:46,kovan,18555612,18490050,65562
2020-05-16 13:43:09,kovan,18555629,18490050,65579
2020-05-16 13:44:31,kovan,18555645,18490050,65595
2020-05-16 13:45:53,kovan,18555663,18490050,65613
2020-05-16 13:47:19,kovan,18555680,18490050,65630
2020-05-16 13:48:41,kovan,18555695,18490050,65645
2020-05-16 13:50:03,kovan,18555713,18490050,65663
2020-05-16 13:51:31,kovan,18555729,18490050,65679
2020-05-16 13:52:53,kovan,18555745,18490050,65695
2020-05-16 13:54:15,kovan,18555762,18490050,65712
2020-05-16 13:55:37,kovan,18555780,18490050,65730
2020-05-16 13:57:05,kovan,18555796,18490050,65746
2020-05-16 13:58:28,kovan,18555812,18490050,65762
2020-05-16 13:59:50,kovan,18555829,18490050,65779
2020-05-16 14:01:12,kovan,18555845,18490050,65795
2020-05-16 14:02:37,kovan,18555861,18490050,65811
2020-05-16 14:03:59,kovan,18555878,18490050,65828
2020-05-16 14:05:21,kovan,18555895,18490050,65845
2020-05-16 14:06:47,kovan,18555911,18490050,65861
2020-05-16 14:08:09,kovan,18555927,18490050,65877
2020-05-16 14:09:31,kovan,18555944,18490050,65894
2020-05-16 14:10:53,kovan,18555962,18490050,65912
2020-05-16 14:12:20,kovan,18555978,18490050,65928
2020-05-16 14:13:42,kovan,18555994,18490050,65944
2020-05-16 14:15:04,kovan,18556013,18490050,65963
2020-05-16 14:16:37,kovan,18556029,18490050,65979
2020-05-16 14:17:59,kovan,18556046,18490050,65996
2020-05-16 14:19:21,kovan,18556062,18490050,66012
2020-05-16 14:20:43,kovan,18556080,18490050,66030
2020-05-16 14:22:13,kovan,18556097,18490050,66047
2020-05-16 14:23:36,kovan,18556113,18490050,66063
2020-05-16 14:24:58,kovan,18556130,18490050,66080
2020-05-16 14:26:20,kovan,18556147,18490050,66097
2020-05-16 14:27:42,kovan,18556163,18490050,66113
2020-05-16 14:29:07,kovan,18556179,18490050,66129
2020-05-16 14:30:29,kovan,18556197,18490050,66147
2020-05-16 14:31:56,kovan,18556214,18490050,66164
2020-05-16 14:33:18,kovan,18556230,18490050,66180
2020-05-16 14:34:41,kovan,18556247,18490050,66197
2020-05-16 14:36:03,kovan,18556263,18490050,66213
2020-05-16 14:37:28,kovan,18556279,18490050,66229
2020-05-16 14:38:50,kovan,18556296,18490050,66246
2020-05-16 14:40:12,kovan,18556314,18490050,66264
2020-05-16 14:41:38,kovan,18556330,18490050,66280
2020-05-16 14:43:00,kovan,18556347,18490050,66297
2020-05-16 14:44:22,kovan,18556363,18490050,66313
2020-05-16 14:45:44,kovan,18556379,18490050,66329
2020-05-16 14:47:11,kovan,18556396,18490050,66346
2020-05-16 14:48:33,kovan,18556413,18490050,66363
2020-05-16 14:49:55,kovan,18556429,18490050,66379
2020-05-16 14:51:17,kovan,18556445,18490050,66395
2020-05-16 14:52:39,kovan,18556462,18490050,66412
2020-05-16 14:54:01,kovan,18556479,18490050,66429
2020-05-16 14:55:23,kovan,18556495,18490050,66445
2020-05-16 14:56:50,kovan,18556512,18490050,66462
2020-05-16 14:58:12,kovan,18556529,18490050,66479
2020-05-16 14:59:35,kovan,18556545,18490050,66495
2020-05-16 15:00:57,kovan,18556561,18490050,66511
2020-05-16 15:02:22,kovan,18556578,18490050,66528
2020-05-16 15:03:44,kovan,18556594,18490050,66544
2020-05-16 15:05:06,kovan,18556611,18490050,66561
2020-05-16 15:06:32,kovan,18556628,18490050,66578
2020-05-16 15:07:54,kovan,18556644,18490050,66594
2020-05-16 15:09:16,kovan,18556661,18490050,66611
2020-05-16 15:10:38,kovan,18556677,18490050,66627
2020-05-16 15:12:04,kovan,18556694,18490050,66644
2020-05-16 15:13:26,kovan,18556710,18490050,66660
2020-05-16 15:14:48,kovan,18556726,18490050,66676
2020-05-16 15:16:10,kovan,18556743,18490050,66693
2020-05-16 15:17:33,kovan,18556760,18490050,66710
2020-05-16 15:18:55,kovan,18556776,18490050,66726
2020-05-16 15:20:17,kovan,18556793,18490050,66743
2020-05-16 15:21:43,kovan,18556812,18490050,66762
2020-05-16 15:23:16,kovan,18556828,18490050,66778
2020-05-16 15:24:38,kovan,18556845,18490050,66795
2020-05-16 15:26:01,kovan,18556862,18490050,66812
2020-05-16 15:27:25,kovan,18556878,18490050,66828
2020-05-16 15:28:47,kovan,18556894,18490050,66844
2020-05-16 15:30:09,kovan,18556912,18490050,66862
2020-05-16 15:31:35,kovan,18556928,18490050,66878
2020-05-16 15:32:57,kovan,18556944,18490050,66894
2020-05-16 15:34:19,kovan,18556961,18490050,66911
2020-05-16 15:35:41,kovan,18556978,18490050,66928
2020-05-16 15:37:08,kovan,18556994,18490050,66944
2020-05-16 15:38:30,kovan,18557011,18490050,66961
2020-05-16 15:39:52,kovan,18557028,18490050,66978
2020-05-16 15:41:14,kovan,18557044,18490050,66994
2020-05-16 15:42:36,kovan,18557060,18490050,67010
2020-05-16 15:43:58,kovan,18557077,18490050,67027
2020-05-16 15:45:20,kovan,18557094,18490050,67044
2020-05-16 15:46:45,kovan,18557110,18490050,67060
2020-05-16 15:48:07,kovan,18557126,18490050,67076
2020-05-16 15:49:29,kovan,18557143,18490050,67093
2020-05-16 15:50:51,kovan,18557160,18490050,67110
2020-05-16 15:52:17,kovan,18557177,18490050,67127
2020-05-16 15:53:39,kovan,18557193,18490050,67143
2020-05-16 15:55:01,kovan,18557210,18490050,67160
2020-05-16 15:56:26,kovan,18557226,18490050,67176
2020-05-16 15:57:48,kovan,18557243,18490050,67193
2020-05-16 15:59:10,kovan,18557259,18490050,67209
2020-05-16 16:00:32,kovan,18557275,18490050,67225
2020-05-16 16:01:57,kovan,18557292,18490050,67242
2020-05-16 16:03:19,kovan,18557308,18490050,67258
2020-05-16 16:04:41,kovan,18557324,18490050,67274
2020-05-16 16:06:04,kovan,18557341,18490050,67291
2020-05-16 16:07:28,kovan,18557357,18490050,67307
2020-05-16 16:08:50,kovan,18557373,18490050,67323
2020-05-16 16:10:12,kovan,18557385,18490050,67335
2020-05-16 16:11:36,kovan,18557402,18490050,67352
2020-05-16 16:12:58,kovan,18557419,18490050,67369
2020-05-16 16:14:20,kovan,18557435,18490050,67385
2020-05-16 16:15:42,kovan,18557452,18490050,67402
2020-05-16 16:17:07,kovan,18557468,18490050,67418
2020-05-16 16:18:29,kovan,18557485,18490050,67435
2020-05-16 16:19:51,kovan,18557501,18490050,67451
2020-05-16 16:21:14,kovan,18557518,18490050,67468
2020-05-16 16:22:36,kovan,18557535,18490050,67485
2020-05-16 16:23:58,kovan,18557551,18490050,67501
2020-05-16 16:25:20,kovan,18557568,18490050,67518
2020-05-16 16:26:45,kovan,18557584,18490050,67534
2020-05-16 16:28:07,kovan,18557600,18490050,67550
2020-05-16 16:29:29,kovan,18557617,18490050,67567
2020-05-16 16:30:51,kovan,18557633,18490050,67583
2020-05-16 16:32:15,kovan,18557650,18490050,67600
2020-05-16 16:33:37,kovan,18557667,18490050,67617
2020-05-16 16:35:00,kovan,18557684,18490050,67634
2020-05-16 16:36:26,kovan,18557700,18490050,67650
2020-05-16 16:37:48,kovan,18557716,18490050,67666
2020-05-16 16:39:10,kovan,18557733,18490050,67683
2020-05-16 16:40:32,kovan,18557750,18490050,67700
2020-05-16 16:41:56,kovan,18557767,18490050,67717
2020-05-16 16:43:18,kovan,18557783,18490050,67733
2020-05-16 16:44:40,kovan,18557799,18490050,67749
2020-05-16 16:46:03,kovan,18557816,18490050,67766
2020-05-16 16:47:27,kovan,18557832,18490050,67782
2020-05-16 16:48:49,kovan,18557849,18490050,67799
2020-05-16 16:50:11,kovan,18557866,18490050,67816
2020-05-16 16:51:36,kovan,18557882,18490050,67832
2020-05-16 16:52:58,kovan,18557899,18490050,67849
2020-05-16 16:54:20,kovan,18557915,18490050,67865
2020-05-16 16:55:42,kovan,18557932,18490050,67882
2020-05-16 16:57:10,kovan,18557949,18490050,67899
2020-05-16 16:58:32,kovan,18557965,18490050,67915
2020-05-16 16:59:54,kovan,18557982,18490050,67932
2020-05-16 17:01:16,kovan,18557998,18490050,67948
2020-05-16 17:02:38,kovan,18558015,18490050,67965
2020-05-16 17:04:00,kovan,18558031,18490050,67981
2020-05-16 17:05:22,kovan,18558048,18490050,67998
2020-05-16 17:06:50,kovan,18558065,18490050,68015
2020-05-16 17:08:12,kovan,18558081,18490050,68031
2020-05-16 17:09:34,kovan,18558098,18490050,68048
2020-05-16 17:10:56,kovan,18558115,18490050,68065
2020-05-16 17:12:20,kovan,18558132,18490050,68082
2020-05-16 17:13:42,kovan,18558147,18490050,68097
2020-05-16 17:15:04,kovan,18558165,18490050,68115
2020-05-16 17:16:31,kovan,18558181,18490050,68131
2020-05-16 17:17:53,kovan,18558198,18490050,68148
2020-05-16 17:19:15,kovan,18558214,18490050,68164
2020-05-16 17:20:38,kovan,18558232,18490050,68182
2020-05-16 17:22:04,kovan,18558248,18490050,68198
2020-05-16 17:23:26,kovan,18558264,18490050,68214
2020-05-16 17:24:48,kovan,18558280,18490050,68230
2020-05-16 17:26:10,kovan,18558297,18490050,68247
2020-05-16 17:27:32,kovan,18558314,18490050,68264
2020-05-16 17:28:54,kovan,18558330,18490050,68280
2020-05-16 17:30:16,kovan,18558348,18490050,68298
2020-05-16 17:31:43,kovan,18558364,18490050,68314
2020-05-16 17:33:05,kovan,18558380,18490050,68330
2020-05-16 17:34:27,kovan,18558397,18490050,68347
2020-05-16 17:35:49,kovan,18558414,18490050,68364
2020-05-16 17:37:16,kovan,18558430,18490050,68380
2020-05-16 17:38:38,kovan,18558447,18490050,68397
2020-05-16 17:40:00,kovan,18558464,18490050,68414
2020-05-16 17:41:25,kovan,18558480,18490050,68430
2020-05-16 17:42:47,kovan,18558496,18490050,68446
2020-05-16 17:44:09,kovan,18558513,18490050,68463
2020-05-16 17:45:31,kovan,18558530,18490050,68480
2020-05-16 17:46:54,kovan,18558546,18490050,68496
2020-05-16 17:48:16,kovan,18558562,18490050,68512
2020-05-16 17:49:38,kovan,18558579,18490050,68529
2020-05-16 17:51:00,kovan,18558596,18490050,68546
2020-05-16 17:52:24,kovan,18558612,18490050,68562
2020-05-16 17:53:46,kovan,18558628,18490050,68578
2020-05-16 17:55:08,kovan,18558645,18490050,68595
2020-05-16 17:56:32,kovan,18558661,18490050,68611
2020-05-16 17:57:54,kovan,18558678,18490050,68628
2020-05-16 17:59:16,kovan,18558695,18490050,68645
2020-05-16 18:00:38,kovan,18558711,18490050,68661
2020-05-16 18:02:01,kovan,18558727,18490050,68677
2020-05-16 18:03:22,kovan,18558744,18490050,68694
2020-05-16 18:04:44,kovan,18558760,18490050,68710
2020-05-16 18:06:06,kovan,18558776,18490050,68726
2020-05-16 18:07:29,kovan,18558792,18490050,68742
2020-05-16 18:08:51,kovan,18558809,18490050,68759
2020-05-16 18:10:13,kovan,18558826,18490050,68776
2020-05-16 18:11:37,kovan,18558842,18490050,68792
2020-05-16 18:12:59,kovan,18558859,18490050,68809
2020-05-16 18:14:21,kovan,18558876,18490050,68826
2020-05-16 18:15:43,kovan,18558892,18490050,68842
2020-05-16 18:17:05,kovan,18558908,18490050,68858
2020-05-16 18:18:27,kovan,18558924,18490050,68874
2020-05-16 18:19:50,kovan,18558941,18490050,68891
2020-05-16 18:21:12,kovan,18558958,18490050,68908
2020-05-16 18:22:34,kovan,18558975,18490050,68925
2020-05-16 18:24:03,kovan,18558992,18490050,68942
2020-05-16 18:25:25,kovan,18559008,18490050,68958
2020-05-16 18:26:47,kovan,18559024,18490050,68974
2020-05-16 18:28:10,kovan,18559041,18490050,68991
2020-05-16 18:29:32,kovan,18559058,18490050,69008
2020-05-16 18:30:54,kovan,18559074,18490050,69024
2020-05-16 18:32:16,kovan,18559090,18490050,69040
2020-05-16 18:33:38,kovan,18559107,18490050,69057
2020-05-16 18:35:00,kovan,18559123,18490050,69073
2020-05-16 18:36:22,kovan,18559140,18490050,69090
2020-05-16 18:37:45,kovan,18559157,18490050,69107
2020-05-16 18:39:11,kovan,18559173,18490050,69123
2020-05-16 18:40:34,kovan,18559190,18490050,69140
2020-05-16 18:41:56,kovan,18559206,18490050,69156
2020-05-16 18:43:18,kovan,18559223,18490050,69173
2020-05-16 18:44:40,kovan,18559239,18490050,69189
2020-05-16 18:46:02,kovan,18559256,18490050,69206
2020-05-16 18:47:24,kovan,18559272,18490050,69222
2020-05-16 18:48:49,kovan,18559288,18490050,69238
2020-05-16 18:50:11,kovan,18559305,18490050,69255
2020-05-16 18:51:34,kovan,18559322,18490050,69272
2020-05-16 18:52:56,kovan,18559339,18490050,69289
2020-05-16 18:54:24,kovan,18559356,18490050,69306
2020-05-16 18:55:46,kovan,18559372,18490050,69322
2020-05-16 18:57:08,kovan,18559389,18490050,69339
2020-05-16 18:58:30,kovan,18559406,18490050,69356
2020-05-16 18:59:53,kovan,18559421,18490050,69371
2020-05-16 19:01:15,kovan,18559438,18490050,69388
2020-05-16 19:02:37,kovan,18559456,18490050,69406
2020-05-16 19:04:07,kovan,18559472,18490050,69422
2020-05-16 19:15:02,kovan,18559604,18490050,69554
2020-05-16 19:16:25,kovan,18559620,18490050,69570
2020-05-16 19:17:47,kovan,18559636,18490050,69586
2020-05-16 19:19:09,kovan,18559653,18490050,69603
2020-05-16 19:20:31,kovan,18559670,18490050,69620
2020-05-16 19:21:54,kovan,18559686,18490050,69636
2020-05-16 19:23:16,kovan,18559702,18490050,69652
2020-05-16 19:24:38,kovan,18559719,18490050,69669
2020-05-16 19:26:00,kovan,18559736,18490050,69686
2020-05-16 19:27:23,kovan,18559752,18490050,69702
2020-05-16 19:28:45,kovan,18559768,18490050,69718
2020-05-16 19:30:10,kovan,18559785,18490050,69735
2020-05-16 20:04:19,mainnet,10078608,0,10078608
2020-05-16 20:06:04,mainnet,10078611,0,10078611
2020-05-16 20:07:47,mainnet,10078622,0,10078622
2020-05-16 20:09:34,mainnet,10078629,0,10078629
2020-05-16 20:11:20,mainnet,10078636,0,10078636
2020-05-16 20:13:00,mainnet,10078643,0,10078643
2020-05-16 20:14:52,mainnet,10078647,0,10078647
2020-05-16 20:16:36,mainnet,10078655,0,10078655
2020-05-16 20:18:18,mainnet,10078667,0,10078667
2020-05-16 20:20:11,mainnet,10078675,0,10078675
2020-05-16 20:21:58,mainnet,10078679,0,10078679
2020-05-16 20:23:40,mainnet,10078684,0,10078684
2020-05-16 20:25:29,mainnet,10078697,0,10078697
2020-05-16 20:27:26,mainnet,10078706,0,10078706
2020-05-16 20:29:16,mainnet,10078712,0,10078712
2020-05-16 20:31:01,mainnet,10078718,0,10078718
2020-05-16 20:32:52,mainnet,10078730,0,10078730
2020-05-16 20:34:42,mainnet,10078738,0,10078738
2020-05-16 20:36:38,mainnet,10078746,0,10078746
2020-05-16 20:38:31,mainnet,10078754,0,10078754
2020-05-16 20:40:22,mainnet,10078761,0,10078761
2020-05-16 20:42:15,mainnet,10078769,0,10078769
2020-05-16 20:44:06,mainnet,10078780,0,10078780
2020-05-16 20:46:01,mainnet,10078787,0,10078787
2020-05-16 20:47:44,mainnet,10078795,0,10078795
2020-05-16 20:49:42,mainnet,10078811,0,10078811
2020-05-16 20:51:32,mainnet,10078818,0,10078818
2020-05-16 20:52:55,mainnet,10078824,0,10078824
2020-05-16 20:54:19,mainnet,10078834,0,10078834
2020-05-16 20:56:49,mainnet,10078844,0,10078844
2020-05-16 20:58:36,mainnet,10078852,0,10078852
2020-05-16 21:00:33,mainnet,10078864,0,10078864
2020-05-16 21:02:40,mainnet,10078876,0,10078876
2020-05-16 21:04:54,mainnet,10078883,0,10078883
2020-05-16 21:07:20,mainnet,10078886,0,10078886
2020-05-16 21:12:30,mainnet,10078908,0,10078908
2020-05-16 21:14:29,mainnet,10078916,0,10078916
2020-05-16 21:16:18,mainnet,10078926,0,10078926
2020-05-16 21:18:44,mainnet,10078936,0,10078936
2020-05-16 21:21:47,mainnet,10078954,0,10078954
2020-05-16 21:24:07,mainnet,10078965,0,10078965
2020-05-16 21:26:51,mainnet,10078980,0,10078980
2020-05-16 21:29:25,mainnet,10078992,0,10078992
2020-05-16 21:32:38,mainnet,10079004,0,10079004
2020-05-16 21:37:19,mainnet,10079037,0,10079037
2020-05-16 21:40:12,mainnet,10079047,0,10079047
2020-05-16 21:43:26,mainnet,10079063,0,10079063
2020-05-16 21:45:25,mainnet,10079078,0,10079078
2020-05-16 21:48:53,mainnet,10079090,0,10079090
2020-05-16 21:51:14,mainnet,10079102,0,10079102
2020-05-16 21:53:03,mainnet,10079106,0,10079106
2020-05-16 21:54:58,mainnet,10079120,0,10079120
2020-05-16 21:57:29,mainnet,10079127,0,10079127
2020-05-16 22:00:15,mainnet,10079140,0,10079140
2020-05-16 22:02:13,mainnet,10079148,0,10079148
2020-05-16 22:04:12,mainnet,10079159,0,10079159
2020-05-16 22:06:29,mainnet,10079167,0,10079167
2020-05-16 22:09:06,mainnet,10079174,0,10079174
2020-05-16 22:12:19,mainnet,10079193,0,10079193
2020-05-16 22:14:50,mainnet,10079203,0,10079203
2020-05-16 22:17:06,mainnet,10079215,0,10079215
2020-05-16 22:19:27,mainnet,10079228,0,10079228
2020-05-16 22:21:46,mainnet,10079245,0,10079245
2020-05-16 22:24:08,mainnet,10079257,0,10079257
2020-05-16 22:27:47,mainnet,10079270,0,10079270
2020-05-16 22:30:43,mainnet,10079287,0,10079287
2020-05-16 22:33:55,mainnet,10079299,0,10079299
2020-05-16 22:37:03,mainnet,10079311,0,10079311
2020-05-16 22:39:01,mainnet,10079323,0,10079323
2020-05-16 22:41:18,mainnet,10079332,0,10079332
2020-05-16 22:43:52,mainnet,10079342,0,10079342
2020-05-16 22:45:50,mainnet,10079347,0,10079347
2020-05-16 22:47:55,mainnet,10079354,0,10079354
2020-05-16 22:49:48,mainnet,10079366,0,10079366
2020-05-16 22:55:16,mainnet,10079389,0,10079389
2020-05-16 22:57:48,mainnet,10079396,0,10079396
2020-05-16 23:00:00,mainnet,10079411,0,10079411
2020-05-16 23:02:50,mainnet,10079425,0,10079425
2020-05-16 23:35:27,mainnet,10079560,0,10079560
2020-05-16 23:36:53,mainnet,10079564,0,10079564
2020-05-16 23:38:16,mainnet,10079570,0,10079570
2020-05-16 23:39:43,mainnet,10079580,0,10079580
2020-05-16 23:41:51,mainnet,10079592,0,10079592
2020-05-16 23:43:21,mainnet,10079599,0,10079599
2020-05-16 23:44:59,mainnet,10079607,0,10079607
2020-05-16 23:46:33,mainnet,10079614,0,10079614
2020-05-16 23:48:15,mainnet,10079621,0,10079621
2020-05-16 23:49:46,mainnet,10079630,0,10079630
2020-05-16 23:52:08,mainnet,10079637,0,10079637
2020-05-16 23:53:54,mainnet,10079646,0,10079646
2020-05-16 23:55:30,mainnet,10079649,0,10079649
2020-05-16 23:57:14,mainnet,10079655,0,10079655
2020-05-16 23:59:00,mainnet,10079662,0,10079662
2020-05-17 00:00:28,mainnet,10079669,0,10079669
2020-05-17 00:02:42,mainnet,10079676,0,10079676
2020-05-17 00:04:11,mainnet,10079684,0,10079684
2020-05-17 00:13:19,mainnet,10079724,0,10079724
2020-05-17 00:14:44,mainnet,10079728,0,10079728
2020-05-17 00:16:07,mainnet,10079733,0,10079733
2020-05-17 00:17:31,mainnet,10079737,0,10079737
2020-05-17 00:18:56,mainnet,10079743,0,10079743
2020-05-17 00:20:21,mainnet,10079748,0,10079748
2020-05-17 00:23:03,mainnet,10079764,0,10079764
2020-05-17 00:25:14,mainnet,10079773,0,10079773
2020-05-17 00:26:36,mainnet,10079782,0,10079782
2020-05-17 00:28:26,mainnet,10079790,0,10079790
2020-05-17 00:30:04,mainnet,10079795,0,10079795
2020-05-17 00:31:26,mainnet,10079802,0,10079802
2020-05-17 00:33:01,mainnet,10079809,0,10079809
2020-05-17 00:34:25,mainnet,10079813,0,10079813
2020-05-17 00:35:49,mainnet,10079821,0,10079821
2020-05-17 00:37:10,mainnet,10079825,0,10079825
2020-05-17 00:38:32,mainnet,10079833,0,10079833
2020-05-17 00:41:15,mainnet,10079849,0,10079849
2020-05-17 00:43:59,mainnet,10079854,0,10079854
2020-05-17 00:45:27,mainnet,10079862,0,10079862
2020-05-17 00:47:15,mainnet,10079868,0,10079868
2020-05-17 00:48:49,mainnet,10079872,0,10079872
2020-05-17 00:50:20,mainnet,10079880,0,10079880
2020-05-17 00:52:18,mainnet,10079884,0,10079884
2020-05-17 00:53:40,mainnet,10079893,0,10079893
2020-05-17 00:55:36,mainnet,10079901,0,10079901
2020-05-17 00:56:58,mainnet,10079907,0,10079907
2020-05-17 00:58:42,mainnet,10079916,0,10079916
2020-05-17 01:00:17,mainnet,10079925,0,10079925
2020-05-17 01:01:41,mainnet,10079929,0,10079929
2020-05-17 01:03:05,mainnet,10079938,0,10079938
2020-05-17 01:04:27,mainnet,10079942,0,10079942
2020-05-17 01:06:39,mainnet,10079953,0,10079953
2020-05-17 01:08:13,mainnet,10079958,0,10079958
2020-05-17 01:10:24,mainnet,10079977,0,10079977
2020-05-17 01:13:13,mainnet,10079987,0,10079987
2020-05-17 01:14:49,mainnet,10079992,0,10079992
2020-05-17 01:16:37,mainnet,10079996,0,10079996
2020-05-17 01:18:06,mainnet,10080005,0,10080005
2020-05-17 01:20:25,mainnet,10080010,0,10080010
2020-05-17 01:22:46,mainnet,10080017,0,10080017
2020-05-17 01:24:21,mainnet,10080024,0,10080024
2020-05-17 01:26:46,mainnet,10080030,0,10080030
2020-05-17 01:29:27,mainnet,10080043,0,10080043
2020-05-17 01:33:13,mainnet,10080071,0,10080071
2020-05-17 01:34:54,mainnet,10080083,0,10080083
2020-05-17 01:36:20,mainnet,10080089,0,10080089
2020-05-17 01:38:37,mainnet,10080101,0,10080101
2020-05-17 01:40:35,mainnet,10080103,0,10080103
2020-05-17 01:42:16,mainnet,10080108,0,10080108
2020-05-17 01:43:40,mainnet,10080117,0,10080117
2020-05-17 01:45:15,mainnet,10080122,0,10080122
2020-05-17 01:47:19,mainnet,10080129,0,10080129
2020-05-17 01:48:48,mainnet,10080132,0,10080132
2020-05-17 01:50:14,mainnet,10080140,0,10080140
2020-05-17 01:53:03,mainnet,10080146,0,10080146
2020-05-17 01:54:28,mainnet,10080160,0,10080160
2020-05-17 01:56:41,mainnet,10080171,0,10080171
2020-05-17 01:58:50,mainnet,10080182,0,10080182
2020-05-17 02:00:26,mainnet,10080195,0,10080195
2020-05-17 02:01:57,mainnet,10080200,0,10080200
2020-05-17 02:03:19,mainnet,10080205,0,10080205
2020-05-17 02:04:54,mainnet,10080208,0,10080208
2020-05-17 02:06:21,mainnet,10080211,0,10080211
2020-05-17 02:08:04,mainnet,10080224,0,10080224
2020-05-17 02:10:37,mainnet,10080235,0,10080235
2020-05-17 02:12:17,mainnet,10080241,0,10080241
2020-05-17 02:13:43,mainnet,10080247,0,10080247
2020-05-17 02:15:08,mainnet,10080254,0,10080254
2020-05-17 02:16:32,mainnet,10080260,0,10080260
2020-05-17 02:17:58,mainnet,10080265,0,10080265
2020-05-17 02:19:21,mainnet,10080274,0,10080274
2020-05-17 02:21:52,mainnet,10080293,0,10080293
2020-05-17 02:24:20,mainnet,10080300,0,10080300
2020-05-17 02:25:42,mainnet,10080311,0,10080311
2020-05-17 02:28:19,mainnet,10080312,0,10080312
2020-05-17 02:29:44,mainnet,10080325,0,10080325
2020-05-17 02:32:23,mainnet,10080329,0,10080329
2020-05-17 02:33:52,mainnet,10080337,0,10080337
2020-05-17 02:35:18,mainnet,10080343,0,10080343
2020-05-17 02:36:44,mainnet,10080351,0,10080351
2020-05-17 02:38:27,mainnet,10080358,0,10080358
2020-05-17 02:41:28,mainnet,10080374,0,10080374
2020-05-17 02:42:52,mainnet,10080391,0,10080391
2020-05-17 02:46:06,mainnet,10080398,0,10080398
2020-05-17 02:47:41,mainnet,10080403,0,10080403
2020-05-17 02:49:15,mainnet,10080410,0,10080410
2020-05-17 02:52:53,mainnet,10080430,0,10080430
2020-05-17 02:55:21,mainnet,10080442,0,10080442
2020-05-17 02:57:09,mainnet,10080448,0,10080448
2020-05-17 02:58:31,mainnet,10080457,0,10080457
2020-05-17 02:59:55,mainnet,10080465,0,10080465
2020-05-17 03:01:17,mainnet,10080476,0,10080476
2020-05-17 03:03:03,mainnet,10080486,0,10080486
2020-05-17 03:04:33,mainnet,10080503,0,10080503
2020-05-17 03:08:02,mainnet,10080510,0,10080510
2020-05-17 03:10:20,mainnet,10080519,0,10080519
2020-05-17 03:11:47,mainnet,10080527,0,10080527
2020-05-17 03:13:17,mainnet,10080537,0,10080537
2020-05-17 03:15:13,mainnet,10080544,0,10080544
2020-05-17 03:16:35,mainnet,10080550,0,10080550
2020-05-17 03:18:05,mainnet,10080556,0,10080556
2020-05-17 03:20:13,mainnet,10080563,0,10080563
2020-05-17 03:21:43,mainnet,10080570,0,10080570
2020-05-17 03:23:16,mainnet,10080576,0,10080576
2020-05-17 03:24:46,mainnet,10080581,0,10080581
2020-05-17 03:27:09,mainnet,10080596,0,10080596
2020-05-17 03:28:53,mainnet,10080605,0,10080605
2020-05-17 03:30:37,mainnet,10080614,0,10080614
2020-05-17 03:35:49,mainnet,10080634,0,10080634
2020-05-17 03:37:12,mainnet,10080641,0,10080641
2020-05-17 03:38:34,mainnet,10080646,0,10080646
2020-05-17 03:40:11,mainnet,10080653,0,10080653
2020-05-17 03:41:33,mainnet,10080660,0,10080660
2020-05-17 03:42:55,mainnet,10080674,0,10080674
2020-05-17 03:45:44,mainnet,10080683,0,10080683
2020-05-17 03:47:20,mainnet,10080693,0,10080693
2020-05-17 03:48:54,mainnet,10080699,0,10080699
2020-05-17 03:50:20,mainnet,10080706,0,10080706
2020-05-17 03:51:48,mainnet,10080713,0,10080713
2020-05-17 03:55:47,mainnet,10080733,0,10080733
2020-05-17 03:57:27,mainnet,10080738,0,10080738
2020-05-17 03:59:24,mainnet,10080749,0,10080749
2020-05-17 04:01:21,mainnet,10080756,0,10080756
2020-05-17 04:03:45,mainnet,10080779,0,10080779
2020-05-17 04:06:19,mainnet,10080781,0,10080781
2020-05-17 04:07:45,mainnet,10080791,0,10080791
2020-05-17 04:09:13,mainnet,10080798,0,10080798
2020-05-17 04:10:47,mainnet,10080803,0,10080803
2020-05-17 04:12:25,mainnet,10080817,0,10080817
2020-05-17 04:14:32,mainnet,10080825,0,10080825
2020-05-17 04:15:55,mainnet,10080837,0,10080837
2020-05-17 04:18:20,mainnet,10080845,0,10080845
2020-05-17 04:20:30,mainnet,10080852,0,10080852
2020-05-17 04:22:19,mainnet,10080863,0,10080863
2020-05-17 04:24:42,mainnet,10080869,0,10080869
2020-05-17 04:26:17,mainnet,10080877,0,10080877
2020-05-17 04:28:00,mainnet,10080889,0,10080889
2020-05-17 04:29:34,mainnet,10080894,0,10080894
2020-05-17 04:31:34,mainnet,10080901,0,10080901
2020-05-17 04:33:17,mainnet,10080916,0,10080916
2020-05-17 04:36:38,mainnet,10080923,0,10080923
2020-05-17 04:38:00,mainnet,10080927,0,10080927
2020-05-17 04:39:22,mainnet,10080928,0,10080928
2020-05-17 04:40:50,mainnet,10080940,0,10080940
2020-05-17 04:42:42,mainnet,10080952,0,10080952
2020-05-17 04:44:15,mainnet,10080957,0,10080957
2020-05-17 04:45:50,mainnet,10080961,0,10080961
2020-05-17 04:47:12,mainnet,10080969,0,10080969
2020-05-17 04:48:37,mainnet,10080973,0,10080973
2020-05-17 04:50:51,mainnet,10080980,0,10080980
2020-05-17 04:52:21,mainnet,10080985,0,10080985
2020-05-17 04:53:57,mainnet,10080991,0,10080991
2020-05-17 04:56:00,mainnet,10080997,0,10080997
2020-05-17 04:57:44,mainnet,10081001,0,10081001
2020-05-17 04:59:39,mainnet,10081008,0,10081008
2020-05-17 05:01:07,mainnet,10081013,0,10081013
2020-05-17 05:02:57,mainnet,10081020,0,10081020
2020-05-17 05:04:19,mainnet,10081026,0,10081026
2020-05-17 05:06:03,mainnet,10081031,0,10081031
2020-05-17 05:07:45,mainnet,10081040,0,10081040
2020-05-17 05:09:14,mainnet,10081051,0,10081051
2020-05-17 05:13:42,mainnet,10081067,0,10081067
2020-05-17 05:15:04,mainnet,10081074,0,10081074
2020-05-17 05:16:26,mainnet,10081078,0,10081078
2020-05-17 05:18:05,mainnet,10081083,0,10081083
2020-05-17 05:19:39,mainnet,10081089,0,10081089
2020-05-17 05:21:01,mainnet,10081091,0,10081091
2020-05-17 05:22:23,mainnet,10081102,0,10081102
2020-05-17 05:23:45,mainnet,10081105,0,10081105
2020-05-17 05:25:17,mainnet,10081111,0,10081111
2020-05-17 05:27:52,mainnet,10081119,0,10081119
2020-05-17 05:29:45,mainnet,10081128,0,10081128
2020-05-17 05:31:07,mainnet,10081131,0,10081131
2020-05-17 05:32:29,mainnet,10081137,0,10081137
2020-05-17 05:34:22,mainnet,10081144,0,10081144
2020-05-17 05:36:18,mainnet,10081156,0,10081156
2020-05-17 05:37:43,mainnet,10081164,0,10081164
2020-05-17 05:39:47,mainnet,10081174,0,10081174
2020-05-17 05:42:08,mainnet,10081180,0,10081180
2020-05-17 05:43:32,mainnet,10081184,0,10081184
2020-05-17 05:45:04,mainnet,10081197,0,10081197
2020-05-17 05:47:30,mainnet,10081202,0,10081202
2020-05-17 05:48:52,mainnet,10081207,0,10081207
2020-05-17 05:50:19,mainnet,10081216,0,10081216
2020-05-17 05:52:59,mainnet,10081220,0,10081220
2020-05-17 05:54:21,mainnet,10081229,0,10081229
2020-05-17 05:55:43,mainnet,10081241,0,10081241
2020-05-17 05:57:11,mainnet,10081248,0,10081248
2020-05-17 05:58:33,mainnet,10081253,0,10081253
2020-05-17 05:59:55,mainnet,10081263,0,10081263
2020-05-17 06:01:42,mainnet,10081271,0,10081271
2020-05-17 06:03:16,mainnet,10081279,0,10081279
2020-05-17 06:04:48,mainnet,10081284,0,10081284
2020-05-17 06:06:15,mainnet,10081289,0,10081289
2020-05-17 06:07:39,mainnet,10081303,0,10081303
2020-05-17 06:09:09,mainnet,10081312,0,10081312
2020-05-17 06:11:15,mainnet,10081317,0,10081317
2020-05-17 06:12:57,mainnet,10081323,0,10081323
2020-05-17 06:14:19,mainnet,10081330,0,10081330
2020-05-17 06:15:40,mainnet,10081336,0,10081336
2020-05-17 06:20:53,mainnet,10081355,0,10081355
2020-05-17 06:22:44,mainnet,10081359,0,10081359
2020-05-17 06:24:09,mainnet,10081364,0,10081364
2020-05-17 06:25:46,mainnet,10081369,0,10081369
2020-05-17 06:27:50,mainnet,10081382,0,10081382
2020-05-17 06:29:14,mainnet,10081388,0,10081388
2020-05-17 06:30:36,mainnet,10081392,0,10081392
2020-05-17 06:32:11,mainnet,10081402,0,10081402
2020-05-17 06:35:01,mainnet,10081410,0,10081410
2020-05-17 06:37:05,mainnet,10081421,0,10081421
2020-05-17 06:38:35,mainnet,10081425,0,10081425
2020-05-17 06:40:08,mainnet,10081435,0,10081435
2020-05-17 06:41:43,mainnet,10081447,0,10081447
2020-05-17 06:43:42,mainnet,10081457,0,10081457
2020-05-17 06:45:48,mainnet,10081466,0,10081466
2020-05-17 06:47:27,mainnet,10081478,0,10081478
2020-05-17 06:49:35,mainnet,10081480,0,10081480
2020-05-17 06:54:23,mainnet,10081493,0,10081493
2020-05-17 06:55:50,mainnet,10081498,0,10081498
2020-05-17 06:57:27,mainnet,10081504,0,10081504
2020-05-17 06:58:55,mainnet,10081514,0,10081514
2020-05-17 07:00:34,mainnet,10081525,0,10081525
2020-05-17 07:02:09,mainnet,10081529,0,10081529
2020-05-17 07:03:35,mainnet,10081534,0,10081534
2020-05-17 07:05:00,mainnet,10081550,0,10081550
2020-05-17 07:07:35,mainnet,10081556,0,10081556
2020-05-17 07:10:49,mainnet,10081575,0,10081575
2020-05-17 07:12:14,mainnet,10081580,0,10081580
2020-05-17 07:13:39,mainnet,10081583,0,10081583
2020-05-17 07:15:15,mainnet,10081591,0,10081591
2020-05-17 07:16:49,mainnet,10081600,0,10081600
2020-05-17 07:18:11,mainnet,10081609,0,10081609
2020-05-17 07:20:21,mainnet,10081619,0,10081619
2020-05-17 07:21:58,mainnet,10081626,0,10081626
2020-05-17 07:23:23,mainnet,10081632,0,10081632
2020-05-17 07:24:51,mainnet,10081635,0,10081635
2020-05-17 07:26:19,mainnet,10081644,0,10081644
2020-05-17 07:28:41,mainnet,10081649,0,10081649
2020-05-17 07:30:23,mainnet,10081656,0,10081656
2020-05-17 07:32:17,mainnet,10081658,0,10081658
2020-05-17 07:33:43,mainnet,10081667,0,10081667
2020-05-17 07:35:33,mainnet,10081673,0,10081673
2020-05-17 07:37:06,mainnet,10081678,0,10081678
2020-05-17 07:38:35,mainnet,10081682,0,10081682
2020-05-17 07:39:58,mainnet,10081685,0,10081685
2020-05-17 07:41:22,mainnet,10081691,0,10081691
2020-05-17 07:43:01,mainnet,10081693,0,10081693
2020-05-17 07:44:29,mainnet,10081696,0,10081696
2020-05-17 07:45:57,mainnet,10081700,0,10081700
2020-05-17 07:47:19,mainnet,10081703,0,10081703
2020-05-17 07:48:41,mainnet,10081711,0,10081711
2020-05-17 07:50:21,mainnet,10081720,0,10081720
2020-05-17 07:51:54,mainnet,10081727,0,10081727
2020-05-17 07:53:16,mainnet,10081737,0,10081737
2020-05-17 07:54:51,mainnet,10081741,0,10081741
2020-05-17 07:56:31,mainnet,10081748,0,10081748
2020-05-17 07:57:58,mainnet,10081756,0,10081756
2020-05-17 08:00:03,mainnet,10081769,0,10081769
2020-05-17 08:01:46,mainnet,10081780,0,10081780
2020-05-17 08:03:44,mainnet,10081787,0,10081787
2020-05-17 08:05:12,mainnet,10081794,0,10081794
2020-05-17 08:06:38,mainnet,10081800,0,10081800
2020-05-17 08:08:01,mainnet,10081806,0,10081806
2020-05-17 08:09:33,mainnet,10081812,0,10081812
2020-05-17 08:10:56,mainnet,10081821,0,10081821
2020-05-17 08:12:58,mainnet,10081835,0,10081835
2020-05-17 08:15:29,mainnet,10081843,0,10081843
2020-05-17 08:16:51,mainnet,10081854,0,10081854
2020-05-17 08:18:27,mainnet,10081856,0,10081856
2020-05-17 08:20:13,mainnet,10081861,0,10081861
2020-05-17 08:21:35,mainnet,10081871,10060037,21834
2020-05-17 08:23:37,mainnet,10081878,10060113,21765
2020-05-17 08:25:20,mainnet,10081890,10060173,21717
2020-05-17 08:27:13,mainnet,10081898,10060286,21612
2020-05-17 08:28:40,mainnet,10081904,10060423,21481
2020-05-17 08:30:02,mainnet,10081920,10060663,21257
2020-05-17 08:32:30,mainnet,10081925,10060789,21136
2020-05-17 08:33:52,mainnet,10081929,10060924,21005
2020-05-17 08:35:20,mainnet,10081935,10061032,20903
2020-05-17 08:36:42,mainnet,10081941,10061162,20779
2020-05-17 08:38:04,mainnet,10081946,10061316,20630
2020-05-17 08:39:46,mainnet,10081950,10061453,20497
2020-05-17 08:41:13,mainnet,10081960,10061621,20339
2020-05-17 08:43:15,mainnet,10081970,10061752,20218
2020-05-17 08:44:41,mainnet,10081975,10061900,20075
2020-05-17 08:46:02,mainnet,10081985,10062055,19930
2020-05-17 08:47:33,mainnet,10081990,10062210,19780
2020-05-17 08:48:57,mainnet,10081994,10062377,19617
2020-05-17 08:50:26,mainnet,10082004,10062604,19400
2020-05-17 08:52:20,mainnet,10082013,10062838,19175
2020-05-17 08:54:25,mainnet,10082020,10062938,19082
2020-05-17 08:55:49,mainnet,10082024,10063109,18915
2020-05-17 08:57:11,mainnet,10082031,10063281,18750
2020-05-17 08:58:43,mainnet,10082040,10063440,18600
2020-05-17 09:00:04,mainnet,10082051,10063589,18462
2020-05-17 09:01:27,mainnet,10082056,10063747,18309
2020-05-17 09:02:49,mainnet,10082061,10063903,18158
2020-05-17 09:04:11,mainnet,10082065,10064057,18008
2020-05-17 09:05:33,mainnet,10082069,10064205,17864
2020-05-17 09:06:56,mainnet,10082072,10064372,17700
2020-05-17 09:08:22,mainnet,10082077,10064562,17515
2020-05-17 09:09:51,mainnet,10082084,10064740,17344
2020-05-17 09:11:13,mainnet,10082088,10064896,17192
2020-05-17 09:12:35,mainnet,10082095,10065101,16994
2020-05-17 09:14:15,mainnet,10082112,10065401,16711
2020-05-17 09:16:39,mainnet,10082120,10065593,16527
2020-05-17 09:18:26,mainnet,10082131,10065715,16416
2020-05-17 09:20:12,mainnet,10082139,10065918,16221
2020-05-17 09:21:56,mainnet,10082145,10066121,16024
2020-05-17 09:23:43,mainnet,10082148,10066295,15853
2020-05-17 09:25:07,mainnet,10082155,10066478,15677
2020-05-17 09:26:44,mainnet,10082165,10066679,15486
2020-05-17 09:28:24,mainnet,10082174,10066887,15287
2020-05-17 09:30:08,mainnet,10082178,10067038,15140
2020-05-17 09:31:30,mainnet,10082185,10067200,14985
2020-05-17 09:32:57,mainnet,10082189,10067403,14786
2020-05-17 09:34:24,mainnet,10082193,10067569,14624
2020-05-17 09:35:46,mainnet,10082199,10067728,14471
2020-05-17 09:37:08,mainnet,10082207,10067943,14264
2020-05-17 09:38:49,mainnet,10082217,10068190,14027
2020-05-17 09:40:41,mainnet,10082221,10068368,13853
2020-05-17 09:42:03,mainnet,10082231,10068511,13720
2020-05-17 09:43:39,mainnet,10082236,10068635,13601
2020-05-17 09:45:04,mainnet,10082247,10068799,13448
2020-05-17 09:46:26,mainnet,10082252,10068980,13272
2020-05-17 09:47:49,mainnet,10082254,10069150,13104
2020-05-17 09:49:11,mainnet,10082264,10069339,12925
2020-05-17 09:50:33,mainnet,10082270,10069614,12656
2020-05-17 09:52:29,mainnet,10082278,10069804,12474
2020-05-17 09:53:51,mainnet,10082288,10069950,12338
2020-05-17 09:55:18,mainnet,10082297,10070154,12143
2020-05-17 09:56:40,mainnet,10082302,10070346,11956
2020-05-17 09:58:05,mainnet,10082312,10070490,11822
2020-05-17 09:59:27,mainnet,10082316,10070660,11656
2020-05-17 10:00:49,mainnet,10082322,10070813,11509
2020-05-17 10:02:11,mainnet,10082329,10070989,11340
2020-05-17 10:03:34,mainnet,10082339,10071144,11195
2020-05-17 10:05:00,mainnet,10082342,10071256,11086
2020-05-17 10:06:27,mainnet,10082347,10071344,11003
2020-05-17 10:07:49,mainnet,10082352,10071515,10837
2020-05-17 10:09:17,mainnet,10082356,10071690,10666
2020-05-17 10:10:39,mainnet,10082366,10071868,10498
2020-05-17 10:12:04,mainnet,10082369,10072049,10320
2020-05-17 10:13:49,mainnet,10082377,10072266,10111
2020-05-17 10:15:11,mainnet,10082381,10072436,9945
2020-05-17 10:16:35,mainnet,10082386,10072586,9800
2020-05-17 10:18:19,mainnet,10082396,10072825,9571
2020-05-17 10:21:31,mainnet,10082416,10073200,9216
2020-05-17 10:22:53,mainnet,10082425,10073368,9057
2020-05-17 10:24:15,mainnet,10082435,10073528,8907
2020-05-17 10:25:37,mainnet,10082442,10073679,8763
2020-05-17 10:26:59,mainnet,10082445,10073830,8615
2020-05-17 10:28:21,mainnet,10082451,10073947,8504
2020-05-17 10:30:00,mainnet,10082457,10074045,8412
2020-05-17 10:31:22,mainnet,10082463,10074217,8246
2020-05-17 10:33:06,mainnet,10082475,10074496,7979
2020-05-17 10:35:18,mainnet,10082478,10074685,7793
2020-05-17 10:36:40,mainnet,10082492,10075008,7484
2020-05-17 10:39:03,mainnet,10082501,10075208,7293
2020-05-17 10:40:43,mainnet,10082506,10075431,7075
2020-05-17 10:42:23,mainnet,10082511,10075650,6861
2020-05-17 10:43:48,mainnet,10082515,10075806,6709
2020-05-17 10:45:10,mainnet,10082523,10076027,6496
2020-05-17 10:46:32,mainnet,10082532,10076324,6208
2020-05-17 10:48:21,mainnet,10082542,10076601,5941
2020-05-17 10:50:26,mainnet,10082548,10076720,5828
2020-05-17 10:51:48,mainnet,10082558,10076801,5757
2020-05-17 10:53:11,mainnet,10082565,10076875,5690
2020-05-17 10:54:33,mainnet,10082571,10076937,5634
2020-05-17 10:55:56,mainnet,10082579,10077011,5568
2020-05-17 10:57:22,mainnet,10082587,10077142,5445
2020-05-17 10:58:44,mainnet,10082592,10077299,5293
2020-05-17 11:00:07,mainnet,10082598,10077468,5130
2020-05-17 11:01:29,mainnet,10082605,10077664,4941
2020-05-17 11:02:55,mainnet,10082610,10077847,4763
2020-05-17 11:04:22,mainnet,10082616,10078005,4611
2020-05-17 11:05:44,mainnet,10082627,10078157,4470
2020-05-17 11:07:09,mainnet,10082635,10078448,4187
2020-05-17 11:09:21,mainnet,10082642,10078676,3966
2020-05-17 11:11:09,mainnet,10082649,10078837,3812
2020-05-17 11:12:34,mainnet,10082655,10078989,3666
2020-05-17 11:14:07,mainnet,10082660,10079150,3510
2020-05-17 11:15:44,mainnet,10082666,10079297,3369
2020-05-17 11:17:06,mainnet,10082669,10079434,3235
2020-05-17 11:18:32,mainnet,10082676,10079509,3167
2020-05-17 11:19:54,mainnet,10082680,10079614,3066
2020-05-17 11:21:51,mainnet,10082685,10079675,3010
2020-05-17 11:23:15,mainnet,10082698,10079780,2918
2020-05-17 11:25:02,mainnet,10082703,10079912,2791
2020-05-17 11:26:30,mainnet,10082717,10080121,2596
2020-05-17 11:28:22,mainnet,10082725,10080274,2451
2020-05-17 11:29:50,mainnet,10082728,10080435,2293
2020-05-17 11:31:13,mainnet,10082736,10080583,2153
2020-05-17 11:32:35,mainnet,10082743,10080747,1996
2020-05-17 11:34:00,mainnet,10082751,10080923,1828
2020-05-17 11:36:02,mainnet,10082763,10081155,1608
2020-05-17 11:37:25,mainnet,10082771,10081329,1442
2020-05-17 11:38:47,mainnet,10082784,10081537,1247
2020-05-17 11:40:14,mainnet,10082792,10081748,1044
2020-05-17 11:42:00,mainnet,10082800,10082099,701
2020-05-17 11:45:03,mainnet,10082810,10082227,583
2020-05-17 11:46:45,mainnet,10082823,10082366,457
2020-05-17 11:49:18,mainnet,10082834,10082608,226
2020-05-17 11:52:15,mainnet,10082842,10082787,55
2020-05-17 11:53:53,mainnet,10082856,10082856,0
2020-05-17 11:55:20,mainnet,10082865,10082866,-1
2020-05-17 11:57:11,mainnet,10082872,10082866,6
2020-05-17 11:58:34,mainnet,10082888,10082882,6
2020-05-17 12:00:42,mainnet,10082900,10082895,5
2020-05-17 12:02:46,mainnet,10082906,10082906,0
2020-05-17 12:04:24,mainnet,10082908,10082908,0
2020-05-17 12:05:53,mainnet,10082918,10082914,4
2020-05-17 12:07:44,mainnet,10082926,10082923,3
2020-05-17 12:09:45,mainnet,10082934,10082931,3
2020-05-17 12:11:30,mainnet,10082941,10082937,4
2020-05-17 12:12:54,mainnet,10082950,10082947,3
2020-05-17 12:15:09,mainnet,10082954,10082954,0
2020-05-17 12:16:31,mainnet,10082960,10082961,-1
2020-05-17 12:17:52,mainnet,10082971,10082964,7
2020-05-17 12:19:20,mainnet,10082977,10082974,3
2020-05-17 12:20:57,mainnet,10082983,10082981,2
2020-05-17 12:22:26,mainnet,10082991,10082981,10
2020-05-17 12:23:48,mainnet,10083002,10082981,21
2020-05-17 12:25:26,mainnet,10083014,10083010,4
2020-05-17 12:27:10,mainnet,10083021,10083021,0
2020-05-17 12:28:36,mainnet,10083028,10083027,1
2020-05-17 12:30:03,mainnet,10083035,10083035,0
2020-05-17 12:31:44,mainnet,10083040,10083038,2
2020-05-17 12:33:07,mainnet,10083048,10083047,1
2020-05-17 12:35:16,mainnet,10083067,10083061,6
2020-05-17 12:38:03,mainnet,10083073,10083061,12
2020-05-17 12:39:34,mainnet,10083076,10083073,3
2020-05-17 12:40:56,mainnet,10083085,10083082,3
2020-05-17 12:43:00,mainnet,10083092,10083091,1
2020-05-17 12:44:42,mainnet,10083098,10083098,0
2020-05-17 12:46:04,mainnet,10083106,10083106,0
2020-05-17 12:47:26,mainnet,10083117,10083116,1
2020-05-17 12:48:51,mainnet,10083129,10083124,5
2020-05-17 12:50:38,mainnet,10083139,10083124,15
2020-05-17 12:52:06,mainnet,10083146,10083146,0
2020-05-17 12:54:18,mainnet,10083160,10083151,9
2020-05-17 12:56:32,mainnet,10083168,10083167,1
2020-05-17 12:58:46,mainnet,10083175,10083175,0
2020-05-17 13:00:11,mainnet,10083183,10083176,7
2020-05-17 13:01:56,mainnet,10083195,10083190,5
2020-05-17 13:03:52,mainnet,10083199,10083197,2
2020-05-17 13:06:07,mainnet,10083208,10083197,11
2020-05-17 13:07:29,mainnet,10083215,10083216,-1
2020-05-17 13:08:51,mainnet,10083224,10083221,3
2020-05-17 13:10:39,mainnet,10083232,10083230,2
2020-05-17 13:12:19,mainnet,10083237,10083233,4
2020-05-17 13:13:41,mainnet,10083247,10083241,6
2020-05-17 13:15:15,mainnet,10083258,10083254,4
2020-05-17 13:17:14,mainnet,10083265,10083262,3
2020-05-17 13:18:38,mainnet,10083274,10083274,0
2020-05-17 13:20:00,mainnet,10083281,10083280,1
2020-05-17 13:21:23,mainnet,10083287,10083287,0
2020-05-17 13:22:46,mainnet,10083294,10083292,2
2020-05-17 13:26:20,mainnet,10083314,10083311,3
2020-05-17 13:27:49,mainnet,10083315,10083315,0
2020-05-17 13:29:11,mainnet,10083322,10083322,0
2020-05-17 13:30:38,mainnet,10083331,10083330,1
2020-05-17 13:32:40,mainnet,10083335,10083333,2
2020-05-17 13:34:26,mainnet,10083339,10083333,6
2020-05-17 13:36:06,mainnet,10083344,10083344,0
2020-05-17 13:40:04,mainnet,10083357,10083349,8
2020-05-17 13:41:26,mainnet,10083362,10083362,0
2020-05-17 13:42:58,mainnet,10083365,10083365,0
2020-05-17 13:44:24,mainnet,10083370,10083370,0
2020-05-17 13:45:49,mainnet,10083382,10083380,2
2020-05-17 13:47:48,mainnet,10083392,10083388,4
2020-05-17 13:50:07,mainnet,10083398,10083398,0
2020-05-17 13:51:34,mainnet,10083409,10083404,5
2020-05-17 13:53:27,mainnet,10083418,10083417,1
2020-05-17 13:55:06,mainnet,10083428,10083425,3
2020-05-17 13:57:09,mainnet,10083439,10083439,0
2020-05-17 13:58:36,mainnet,10083448,10083448,0
2020-05-17 14:00:01,mainnet,10083456,10083452,4
2020-05-17 14:01:42,mainnet,10083468,10083463,5
2020-05-17 14:03:16,mainnet,10083471,10083472,-1
2020-05-17 14:04:43,mainnet,10083476,10083476,0
2020-05-17 14:06:06,mainnet,10083482,10083482,0
2020-05-17 14:07:52,mainnet,10083490,10083490,0
2020-05-17 14:09:24,mainnet,10083496,10083496,0
2020-05-17 14:11:05,mainnet,10083504,10083503,1
2020-05-17 14:12:42,mainnet,10083511,10083511,0
2020-05-17 14:14:10,mainnet,10083520,10083519,1
2020-05-17 14:16:51,mainnet,10083525,10083525,0
2020-05-17 14:18:22,mainnet,10083535,10083536,-1
2020-05-17 14:20:07,mainnet,10083549,10083544,5
2020-05-17 14:22:58,mainnet,10083560,10083552,8
2020-05-17 14:24:43,mainnet,10083566,10083566,0
2020-05-17 14:26:04,mainnet,10083572,10083569,3
2020-05-17 14:27:26,mainnet,10083579,10083576,3
2020-05-17 14:29:24,mainnet,10083585,10083584,1
2020-05-17 14:31:33,mainnet,10083597,10083596,1
2020-05-17 14:33:05,mainnet,10083607,10083603,4
2020-05-17 14:35:02,mainnet,10083614,10083612,2
2020-05-17 14:36:36,mainnet,10083626,10083612,14
2020-05-17 14:38:13,mainnet,10083635,10083635,0
2020-05-17 14:40:43,mainnet,10083639,10083639,0
2020-05-17 14:42:09,mainnet,10083645,10083643,2
2020-05-17 14:43:35,mainnet,10083650,10083645,5
2020-05-17 14:44:59,mainnet,10083657,10083656,1
2020-05-17 14:47:46,mainnet,10083666,10083666,0
2020-05-17 14:49:08,mainnet,10083672,10083672,0
2020-05-17 14:51:10,mainnet,10083682,10083682,0
2020-05-17 14:52:38,mainnet,10083688,10083686,2
2020-05-17 14:54:50,mainnet,10083703,10083694,9
2020-05-17 14:57:23,mainnet,10083716,10083694,22
2020-05-17 14:59:14,mainnet,10083724,10083694,30
2020-05-17 15:00:53,mainnet,10083731,10083726,5
2020-05-17 15:02:47,mainnet,10083737,10083737,0
2020-05-17 15:04:10,mainnet,10083742,10083741,1
2020-05-17 15:05:32,mainnet,10083754,10083745,9
2020-05-17 15:08:36,mainnet,10083767,10083766,1
2020-05-17 15:10:02,mainnet,10083780,10083779,1
2020-05-17 15:12:11,mainnet,10083783,10083783,0
2020-05-17 15:13:33,mainnet,10083794,10083789,5
2020-05-17 15:15:07,mainnet,10083801,10083799,2
2020-05-17 15:16:39,mainnet,10083808,10083806,2
2020-05-17 15:18:48,mainnet,10083817,10083818,-1
2020-05-17 15:20:10,mainnet,10083823,10083822,1
2020-05-17 15:21:46,mainnet,10083831,10083831,0
2020-05-17 15:23:23,mainnet,10083836,10083836,0
2020-05-17 15:24:54,mainnet,10083841,10083837,4
2020-05-17 15:26:54,mainnet,10083849,10083841,8
2020-05-17 15:28:16,mainnet,10083859,10083841,18
2020-05-17 15:29:38,mainnet,10083871,10083871,0
2020-05-17 15:31:40,mainnet,10083883,10083883,0
2020-05-17 15:33:17,mainnet,10083891,10083889,2
2020-05-17 15:34:43,mainnet,10083898,10083894,4
2020-05-17 15:36:10,mainnet,10083911,10083907,4
2020-05-17 15:38:44,mainnet,10083919,10083917,2
2020-05-17 15:41:00,mainnet,10083929,10083917,12
2020-05-17 15:42:44,mainnet,10083938,10083938,0
2020-05-17 15:44:44,mainnet,10083942,10083939,3
2020-05-17 15:46:06,mainnet,10083948,10083944,4
2020-05-17 15:47:37,mainnet,10083956,10083954,2
2020-05-17 15:49:24,mainnet,10083961,10083959,2
2020-05-17 15:51:04,mainnet,10083965,10083965,0
2020-05-17 15:52:39,mainnet,10083972,10083972,0
2020-05-17 15:54:03,mainnet,10083980,10083980,0
2020-05-17 15:55:36,mainnet,10083984,10083982,2
2020-05-17 15:56:58,mainnet,10083991,10083991,0
2020-05-17 15:58:20,mainnet,10083997,10083996,1
2020-05-17 15:59:48,mainnet,10084000,10084000,0
2020-05-17 16:01:10,mainnet,10084006,10084003,3
2020-05-17 16:02:35,mainnet,10084014,10084014,0
2020-05-17 16:03:57,mainnet,10084017,10084017,0
2020-05-17 16:05:21,mainnet,10084019,10084019,0
2020-05-17 16:06:46,mainnet,10084031,10084031,0
2020-05-17 16:08:07,mainnet,10084039,10084033,6
2020-05-17 16:09:55,mainnet,10084045,10084044,1
2020-05-17 16:11:40,mainnet,10084060,10084056,4
2020-05-17 16:13:54,mainnet,10084067,10084067,0
2020-05-17 16:15:20,mainnet,10084082,10084074,8
2020-05-17 16:17:33,mainnet,10084088,10084087,1
2020-05-17 16:19:32,mainnet,10084097,10084092,5
2020-05-17 16:21:36,mainnet,10084104,10084100,4
2020-05-17 16:22:58,mainnet,10084109,10084109,0
2020-05-17 16:24:54,mainnet,10084119,10084109,10
2020-05-17 16:26:24,mainnet,10084125,10084125,0
2020-05-17 16:28:31,mainnet,10084137,10084137,0
2020-05-17 16:30:16,mainnet,10084149,10084137,12
2020-05-17 16:32:29,mainnet,10084160,10084161,-1
2020-05-17 16:33:52,mainnet,10084164,10084164,0
2020-05-17 16:35:14,mainnet,10084168,10084168,0
2020-05-17 16:36:37,mainnet,10084176,10084176,0
2020-05-17 16:38:01,mainnet,10084182,10084182,0
2020-05-17 16:39:24,mainnet,10084193,10084193,0
2020-05-17 16:40:46,mainnet,10084199,10084199,0
2020-05-17 16:42:08,mainnet,10084201,10084201,0
2020-05-17 16:43:32,mainnet,10084210,10084210,0
2020-05-17 16:44:54,mainnet,10084214,10084214,0
2020-05-17 16:46:17,mainnet,10084222,10084222,0
2020-05-17 16:47:39,mainnet,10084225,10084225,0
2020-05-17 16:49:03,mainnet,10084231,10084231,0
2020-05-17 16:50:27,mainnet,10084236,10084236,0
2020-05-17 16:51:52,mainnet,10084243,10084243,0
2020-05-17 16:53:18,mainnet,10084247,10084248,-1
2020-05-17 16:54:42,mainnet,10084256,10084256,0
2020-05-17 16:56:05,mainnet,10084263,10084263,0
2020-05-17 16:57:40,mainnet,10084270,10084270,0
2020-05-17 16:59:04,mainnet,10084275,10084276,-1
2020-05-17 17:00:32,mainnet,10084279,10084279,0
2020-05-17 17:02:01,mainnet,10084284,10084284,0
2020-05-17 17:03:28,mainnet,10084289,10084289,0
2020-05-17 17:04:53,mainnet,10084291,10084291,0
2020-05-17 17:06:19,mainnet,10084298,10084298,0
2020-05-17 17:07:46,mainnet,10084305,10084305,0
2020-05-17 17:09:15,mainnet,10084310,10084310,0
2020-05-17 17:10:41,mainnet,10084319,10084314,5
2020-05-17 17:12:21,mainnet,10084325,10084325,0
2020-05-17 17:14:01,mainnet,10084334,10084334,0
2020-05-17 17:16:00,mainnet,10084341,10084341,0
2020-05-17 17:17:22,mainnet,10084345,10084345,0
2020-05-17 17:18:44,mainnet,10084352,10084347,5
2020-05-17 17:20:58,mainnet,10084366,10084352,14
2020-05-17 17:22:47,mainnet,10084375,10084369,6
2020-05-17 17:24:43,mainnet,10084382,10084382,0
2020-05-17 17:26:22,mainnet,10084390,10084383,7
2020-05-17 17:28:05,mainnet,10084393,10084383,10
2020-05-17 17:29:41,mainnet,10084398,10084398,0
2020-05-17 17:31:03,mainnet,10084402,10084402,0
2020-05-17 17:32:26,mainnet,10084413,10084413,0
2020-05-17 17:34:15,mainnet,10084419,10084418,1
2020-05-17 17:35:43,mainnet,10084426,10084418,8
2020-05-17 17:37:13,mainnet,10084431,10084431,0
2020-05-17 17:38:37,mainnet,10084435,10084435,0
2020-05-17 17:39:59,mainnet,10084441,10084441,0
2020-05-17 17:41:36,mainnet,10084450,10084450,0
2020-05-17 17:42:58,mainnet,10084457,10084457,0
2020-05-17 17:44:25,mainnet,10084467,10084464,3
2020-05-17 17:45:59,mainnet,10084471,10084471,0
2020-05-17 17:47:21,mainnet,10084481,10084480,1
2020-05-17 17:48:56,mainnet,10084492,10084491,1
2020-05-17 17:50:30,mainnet,10084503,10084499,4
2020-05-17 17:52:18,mainnet,10084510,10084510,0
2020-05-17 17:53:57,mainnet,10084516,10084516,0
2020-05-17 17:55:21,mainnet,10084523,10084523,0
2020-05-17 17:56:46,mainnet,10084530,10084530,0
2020-05-17 17:58:10,mainnet,10084537,10084537,0
2020-05-17 17:59:35,mainnet,10084546,10084547,-1
2020-05-17 18:01:00,mainnet,10084552,10084551,1
2020-05-17 18:02:22,mainnet,10084561,10084555,6
2020-05-17 18:03:57,mainnet,10084570,10084570,0
2020-05-17 18:05:22,mainnet,10084576,10084574,2
2020-05-17 18:06:48,mainnet,10084589,10084579,10
2020-05-17 18:08:26,mainnet,10084598,10084592,6
2020-05-17 18:10:04,mainnet,10084600,10084600,0
2020-05-17 18:11:27,mainnet,10084606,10084607,-1
2020-05-17 18:12:51,mainnet,10084615,10084615,0
2020-05-17 18:14:14,mainnet,10084618,10084618,0
2020-05-17 18:15:36,mainnet,10084623,10084623,0
2020-05-17 18:17:00,mainnet,10084630,10084630,0
2020-05-17 18:18:23,mainnet,10084635,10084635,0
2020-05-17 18:19:48,mainnet,10084639,10084639,0
2020-05-17 18:21:11,mainnet,10084646,10084646,0
2020-05-17 18:22:37,mainnet,10084653,10084653,0
2020-05-17 18:24:04,mainnet,10084660,10084660,0
2020-05-17 18:25:30,mainnet,10084664,10084664,0
2020-05-17 18:26:59,mainnet,10084668,10084668,0
2020-05-17 18:28:24,mainnet,10084671,10084671,0
2020-05-17 18:29:51,mainnet,10084675,10084675,0
2020-05-17 18:31:15,mainnet,10084679,10084679,0
2020-05-17 18:32:39,mainnet,10084683,10084683,0
2020-05-17 18:34:04,mainnet,10084688,10084688,0
2020-05-17 18:35:35,mainnet,10084696,10084697,-1
2020-05-17 18:37:20,mainnet,10084703,10084703,0
2020-05-17 18:38:42,mainnet,10084715,10084715,0
2020-05-17 18:40:30,mainnet,10084725,10084719,6
2020-05-17 18:41:53,mainnet,10084734,10084734,0
2020-05-17 18:43:31,mainnet,10084745,10084734,11
2020-05-17 18:44:55,mainnet,10084753,10084753,0
2020-05-17 18:46:18,mainnet,10084760,10084760,0
2020-05-17 18:47:40,mainnet,10084768,10084768,0
2020-05-17 18:49:03,mainnet,10084780,10084776,4
2020-05-17 18:50:34,mainnet,10084786,10084780,6
2020-05-17 18:52:00,mainnet,10084797,10084780,17
2020-05-17 18:53:30,mainnet,10084804,10084804,0
2020-05-17 18:54:55,mainnet,10084814,10084807,7
2020-05-17 18:56:17,mainnet,10084820,10084820,0
2020-05-17 18:57:48,mainnet,10084830,10084823,7
2020-05-17 18:59:29,mainnet,10084834,10084832,2
2020-05-17 19:00:56,mainnet,10084841,10084832,9
2020-05-17 19:02:20,mainnet,10084850,10084849,1
2020-05-17 19:04:21,mainnet,10084862,10084849,13
2020-05-17 19:06:00,mainnet,10084867,10084867,0
2020-05-17 19:07:23,mainnet,10084871,10084871,0
2020-05-17 19:11:04,mainnet,10084890,10084880,10
2020-05-17 19:12:48,mainnet,10084894,10084894,0
2020-05-17 19:16:22,mainnet,10084912,10084905,7
2020-05-17 19:17:46,mainnet,10084916,10084915,1
2020-05-17 19:21:32,mainnet,10084937,10084935,2
2020-05-17 19:23:51,mainnet,10084947,10084947,0
2020-05-17 19:25:14,mainnet,10084954,10084952,2
2020-05-17 19:26:54,mainnet,10084960,10084959,1
2020-05-17 19:28:33,mainnet,10084962,10084962,0
2020-05-17 19:29:55,mainnet,10084970,10084964,6
2020-05-17 19:31:50,mainnet,10084979,10084972,7
2020-05-17 19:35:42,mainnet,10084991,10084988,3
2020-05-17 19:37:04,mainnet,10084996,10084996,0
2020-05-17 19:38:26,mainnet,10085007,10084999,8
2020-05-17 19:40:07,mainnet,10085017,10085017,0
2020-05-17 19:41:34,mainnet,10085024,10085024,0
2020-05-17 19:42:56,mainnet,10085029,10085029,0
2020-05-17 19:44:26,mainnet,10085036,10085031,5
2020-05-17 19:46:00,mainnet,10085039,10085031,8
2020-05-17 19:47:22,mainnet,10085044,10085044,0
2020-05-17 19:48:46,mainnet,10085047,10085047,0
2020-05-17 19:50:09,mainnet,10085056,10085056,0
2020-05-17 19:51:36,mainnet,10085063,10085063,0
2020-05-17 19:52:59,mainnet,10085067,10085067,0
2020-05-17 19:54:22,mainnet,10085070,10085070,0
2020-05-17 19:55:47,mainnet,10085076,10085076,0
2020-05-17 19:57:16,mainnet,10085079,10085079,0
2020-05-17 19:58:41,mainnet,10085082,10085082,0
2020-05-17 20:00:03,mainnet,10085088,10085088,0
2020-05-17 20:01:30,mainnet,10085093,10085093,0
2020-05-17 20:02:54,mainnet,10085099,10085099,0
2020-05-17 20:04:17,mainnet,10085107,10085107,0
2020-05-17 20:05:40,mainnet,10085114,10085114,0
2020-05-17 20:07:05,mainnet,10085120,10085120,0
2020-05-17 20:08:28,mainnet,10085125,10085125,0
2020-05-17 20:09:52,mainnet,10085135,10085135,0
2020-05-17 20:11:18,mainnet,10085140,10085140,0
2020-05-17 20:14:51,mainnet,10085153,10085142,11
2020-05-17 20:16:13,mainnet,10085162,10085163,-1
2020-05-17 20:17:37,mainnet,10085171,10085171,0
2020-05-17 20:18:59,mainnet,10085181,10085178,3
2020-05-17 20:21:16,mainnet,10085192,10085185,7
2020-05-17 20:23:24,mainnet,10085199,10085196,3
2020-05-17 20:24:59,mainnet,10085203,10085201,2
2020-05-17 20:26:25,mainnet,10085207,10085207,0
2020-05-17 20:28:41,mainnet,10085219,10085211,8
2020-05-17 20:30:03,mainnet,10085227,10085219,8
2020-05-17 20:31:33,mainnet,10085233,10085233,0
2020-05-17 20:33:12,mainnet,10085239,10085239,0
2020-05-17 20:34:35,mainnet,10085247,10085244,3
2020-05-17 20:35:57,mainnet,10085250,10085248,2
2020-05-17 20:37:30,mainnet,10085255,10085252,3
2020-05-17 20:39:05,mainnet,10085266,10085262,4
2020-05-17 20:43:01,mainnet,10085288,10085266,22
2020-05-17 20:45:35,mainnet,10085294,10085293,1
2020-05-17 20:47:32,mainnet,10085302,10085299,3
2020-05-17 20:49:06,mainnet,10085313,10085301,12
2020-05-17 20:50:33,mainnet,10085320,10085301,19
2020-05-17 20:52:01,mainnet,10085327,10085327,0
2020-05-17 20:53:38,mainnet,10085338,10085328,10
2020-05-17 20:55:23,mainnet,10085348,10085342,6
2020-05-17 20:56:46,mainnet,10085353,10085342,11
2020-05-17 20:58:12,mainnet,10085358,10085342,16
2020-05-17 20:59:52,mainnet,10085368,10085363,5
2020-05-17 21:02:09,mainnet,10085376,10085376,0
2020-05-17 21:03:32,mainnet,10085384,10085384,0
2020-05-17 21:04:59,mainnet,10085388,10085388,0
2020-05-17 21:06:33,mainnet,10085398,10085398,0
2020-05-17 21:08:18,mainnet,10085404,10085404,0
2020-05-17 21:09:40,mainnet,10085408,10085408,0
2020-05-17 21:11:03,mainnet,10085418,10085418,0
2020-05-17 21:12:36,mainnet,10085427,10085422,5
2020-05-17 21:15:29,mainnet,10085435,10085422,13
2020-05-17 21:17:57,mainnet,10085443,10085422,21
2020-05-17 21:20:22,mainnet,10085458,10085422,36
2020-05-17 21:22:05,mainnet,10085464,10085422,42
2020-05-17 21:28:04,mainnet,10085485,10085422,63
2020-05-17 21:31:54,mainnet,10085508,10085422,86
2020-05-17 21:36:55,mainnet,10085518,10085422,96
2020-05-17 21:42:17,mainnet,10085541,10085422,119
2020-05-17 21:48:06,mainnet,10085563,10085422,141
2020-05-17 21:56:15,mainnet,10085602,10085501,101
2020-05-17 22:04:11,mainnet,10085642,10085620,22
2020-05-17 22:15:15,mainnet,10085687,10085672,15
2020-05-17 22:18:56,mainnet,10085703,10085672,31
2020-05-17 22:20:42,mainnet,10085711,10085672,39
2020-05-17 22:22:47,mainnet,10085722,10085672,50
2020-05-17 22:28:56,mainnet,10085755,10085672,83
2020-05-17 22:31:44,mainnet,10085762,10085672,90
2020-05-17 22:33:07,mainnet,10085766,10085672,94
2020-05-17 22:37:41,mainnet,10085787,10085783,4
2020-05-17 22:39:39,mainnet,10085793,10085787,6
2020-05-17 22:41:32,mainnet,10085800,10085798,2
2020-05-17 22:42:58,mainnet,10085810,10085806,4
2020-05-17 22:48:46,mainnet,10085831,10085815,16
2020-05-17 22:54:33,mainnet,10085856,10085834,22
2020-05-17 22:56:36,mainnet,10085864,10085834,30
2020-05-17 22:58:27,mainnet,10085871,10085871,0
2020-05-17 23:00:22,mainnet,10085877,10085877,0
2020-05-17 23:01:45,mainnet,10085885,10085885,0
2020-05-17 23:03:09,mainnet,10085892,10085892,0
2020-05-17 23:04:35,mainnet,10085900,10085900,0
2020-05-17 23:06:06,mainnet,10085910,10085910,0
2020-05-17 23:07:57,mainnet,10085915,10085915,0
2020-05-17 23:09:20,mainnet,10085918,10085918,0
2020-05-17 23:10:42,mainnet,10085922,10085922,0
2020-05-17 23:12:09,mainnet,10085927,10085927,0
2020-05-17 23:13:33,mainnet,10085934,10085933,1
2020-05-17 23:15:35,mainnet,10085942,10085941,1
2020-05-17 23:16:58,mainnet,10085949,10085950,-1
2020-05-17 23:18:20,mainnet,10085956,10085956,0
2020-05-17 23:19:43,mainnet,10085968,10085968,0
2020-05-17 23:21:11,mainnet,10085975,10085975,0
2020-05-17 23:22:38,mainnet,10085981,10085981,0
2020-05-17 23:24:00,mainnet,10085988,10085988,0
2020-05-17 23:25:36,mainnet,10085995,10085995,0
2020-05-17 23:27:01,mainnet,10086002,10085998,4
2020-05-17 23:28:31,mainnet,10086011,10086011,0
2020-05-17 23:30:01,mainnet,10086018,10086018,0
2020-05-17 23:33:35,mainnet,10086031,10086032,-1
2020-05-17 23:35:02,mainnet,10086040,10086040,0
2020-05-17 23:36:59,mainnet,10086051,10086051,0
2020-05-17 23:38:22,mainnet,10086058,10086058,0
2020-05-17 23:39:49,mainnet,10086065,10086065,0
2020-05-17 23:41:21,mainnet,10086072,10086072,0
2020-05-17 23:42:50,mainnet,10086077,10086077,0
2020-05-17 23:44:20,mainnet,10086085,10086085,0
2020-05-17 23:45:50,mainnet,10086095,10086095,0
2020-05-17 23:47:20,mainnet,10086102,10086102,0
2020-05-17 23:48:52,mainnet,10086110,10086110,0
2020-05-17 23:50:29,mainnet,10086115,10086115,0
2020-05-17 23:52:17,mainnet,10086121,10086122,-1
2020-05-17 23:53:56,mainnet,10086129,10086129,0
2020-05-17 23:55:19,mainnet,10086137,10086137,0
2020-05-17 23:56:54,mainnet,10086146,10086146,0
2020-05-17 23:58:21,mainnet,10086152,10086152,0
2020-05-17 23:59:48,mainnet,10086161,10086161,0
2020-05-18 00:01:23,mainnet,10086168,10086168,0
2020-05-18 00:02:58,mainnet,10086171,10086171,0
2020-05-18 00:04:45,mainnet,10086178,10086178,0
2020-05-18 00:06:12,mainnet,10086181,10086181,0
2020-05-18 00:07:39,mainnet,10086189,10086189,0
2020-05-18 00:09:03,mainnet,10086193,10086194,-1
2020-05-18 00:10:28,mainnet,10086200,10086200,0
2020-05-18 00:12:01,mainnet,10086205,10086205,0
2020-05-18 00:13:35,mainnet,10086210,10086210,0
2020-05-18 00:15:19,mainnet,10086222,10086222,0
2020-05-18 00:16:59,mainnet,10086228,10086228,0
2020-05-18 00:18:29,mainnet,10086233,10086233,0
2020-05-18 00:20:06,mainnet,10086241,10086241,0
2020-05-18 00:21:46,mainnet,10086246,10086246,0
2020-05-18 00:23:18,mainnet,10086254,10086254,0
2020-05-18 00:24:48,mainnet,10086260,10086259,1
2020-05-18 00:26:18,mainnet,10086270,10086270,0
2020-05-18 00:27:42,mainnet,10086274,10086274,0
2020-05-18 00:29:29,mainnet,10086286,10086286,0
2020-05-18 00:30:56,mainnet,10086292,10086292,0
2020-05-18 00:32:25,mainnet,10086296,10086296,0
2020-05-18 00:34:01,mainnet,10086306,10086306,0
2020-05-18 00:35:35,mainnet,10086311,10086311,0
2020-05-18 00:37:14,mainnet,10086317,10086317,0
2020-05-18 00:38:52,mainnet,10086327,10086327,0
2020-05-18 00:40:24,mainnet,10086335,10086335,0
2020-05-18 00:42:05,mainnet,10086341,10086341,0
2020-05-18 00:43:54,mainnet,10086344,10086344,0
2020-05-18 00:45:23,mainnet,10086354,10086354,0
2020-05-18 00:46:56,mainnet,10086359,10086359,0
2020-05-18 00:48:27,mainnet,10086365,10086365,0
2020-05-18 00:49:56,mainnet,10086369,10086369,0
2020-05-18 00:51:31,mainnet,10086374,10086374,0
2020-05-18 00:53:19,mainnet,10086381,10086381,0
2020-05-18 00:55:10,mainnet,10086386,10086384,2
2020-05-18 00:57:08,mainnet,10086389,10086384,5
2020-05-18 00:58:54,mainnet,10086396,10086397,-1
2020-05-18 01:00:20,mainnet,10086403,10086403,0
2020-05-18 01:02:02,mainnet,10086407,10086407,0
2020-05-18 01:03:34,mainnet,10086415,10086415,0
2020-05-18 01:05:05,mainnet,10086422,10086422,0
2020-05-18 01:06:33,mainnet,10086434,10086434,0
2020-05-18 01:08:02,mainnet,10086437,10086437,0
2020-05-18 01:09:41,mainnet,10086445,10086445,0
2020-05-18 01:11:16,mainnet,10086451,10086450,1
2020-05-18 01:12:58,mainnet,10086457,10086457,0
2020-05-18 01:14:34,mainnet,10086463,10086463,0
2020-05-18 01:16:04,mainnet,10086470,10086470,0
2020-05-18 01:17:34,mainnet,10086474,10086474,0
2020-05-18 01:19:12,mainnet,10086482,10086482,0
2020-05-18 01:20:43,mainnet,10086492,10086492,0
2020-05-18 01:22:13,mainnet,10086498,10086498,0
2020-05-18 01:23:37,mainnet,10086504,10086504,0
2020-05-18 01:25:01,mainnet,10086511,10086512,-1
2020-05-18 01:26:33,mainnet,10086520,10086520,0
2020-05-18 01:28:17,mainnet,10086524,10086524,0
2020-05-18 01:29:44,mainnet,10086527,10086527,0
2020-05-18 01:31:21,mainnet,10086532,10086532,0
2020-05-18 01:32:45,mainnet,10086541,10086541,0
2020-05-18 01:34:16,mainnet,10086550,10086551,-1
2020-05-18 01:35:52,mainnet,10086556,10086556,0
2020-05-18 01:37:26,mainnet,10086562,10086562,0
2020-05-18 01:38:59,mainnet,10086568,10086568,0
2020-05-18 01:40:25,mainnet,10086572,10086572,0
2020-05-18 01:41:48,mainnet,10086577,10086577,0
2020-05-18 01:43:16,mainnet,10086583,10086583,0
2020-05-18 01:44:51,mainnet,10086586,10086586,0
2020-05-18 01:46:33,mainnet,10086593,10086593,0
2020-05-18 01:48:11,mainnet,10086603,10086603,0
2020-05-18 01:49:47,mainnet,10086610,10086610,0
2020-05-18 01:51:13,mainnet,10086617,10086617,0
2020-05-18 01:52:38,mainnet,10086625,10086625,0
2020-05-18 01:54:09,mainnet,10086635,10086635,0
2020-05-18 01:55:44,mainnet,10086642,10086642,0
2020-05-18 01:57:12,mainnet,10086651,10086651,0
2020-05-18 01:58:48,mainnet,10086659,10086659,0
2020-05-18 02:00:23,mainnet,10086662,10086662,0
2020-05-18 02:01:49,mainnet,10086669,10086669,0
2020-05-18 02:03:14,mainnet,10086674,10086675,-1
2020-05-18 02:04:41,mainnet,10086681,10086681,0
2020-05-18 02:06:13,mainnet,10086687,10086687,0
2020-05-18 02:07:40,mainnet,10086695,10086695,0
2020-05-18 02:09:08,mainnet,10086701,10086701,0
2020-05-18 02:10:30,mainnet,10086708,10086708,0
2020-05-18 02:11:58,mainnet,10086714,10086714,0
2020-05-18 02:13:29,mainnet,10086720,10086720,0
2020-05-18 02:15:03,mainnet,10086727,10086728,-1
2020-05-18 02:16:35,mainnet,10086733,10086733,0
2020-05-18 02:18:07,mainnet,10086739,10086739,0
2020-05-18 02:19:47,mainnet,10086748,10086748,0
2020-05-18 02:21:24,mainnet,10086759,10086759,0
2020-05-18 02:22:57,mainnet,10086765,10086765,0
2020-05-18 02:24:24,mainnet,10086772,10086772,0
2020-05-18 02:25:52,mainnet,10086778,10086778,0
2020-05-18 02:27:25,mainnet,10086783,10086783,0
2020-05-18 02:29:03,mainnet,10086788,10086788,0
2020-05-18 02:30:34,mainnet,10086792,10086792,0
2020-05-18 02:32:01,mainnet,10086798,10086798,0
2020-05-18 02:33:25,mainnet,10086800,10086800,0
2020-05-18 02:34:51,mainnet,10086806,10086806,0
2020-05-18 02:36:31,mainnet,10086810,10086810,0
2020-05-18 02:38:06,mainnet,10086815,10086815,0
2020-05-18 02:39:32,mainnet,10086818,10086818,0
2020-05-18 02:41:09,mainnet,10086827,10086827,0
2020-05-18 02:42:34,mainnet,10086830,10086829,1
2020-05-18 02:44:08,mainnet,10086841,10086841,0
2020-05-18 02:45:39,mainnet,10086845,10086844,1
2020-05-18 02:47:19,mainnet,10086847,10086847,0
2020-05-18 02:48:46,mainnet,10086852,10086852,0
2020-05-18 02:50:17,mainnet,10086860,10086861,-1
2020-05-18 02:51:55,mainnet,10086872,10086872,0
2020-05-18 02:53:22,mainnet,10086877,10086877,0
2020-05-18 02:54:55,mainnet,10086883,10086883,0
2020-05-18 02:56:22,mainnet,10086889,10086889,0
2020-05-18 02:57:53,mainnet,10086896,10086896,0
2020-05-18 02:59:23,mainnet,10086899,10086899,0
2020-05-18 03:00:48,mainnet,10086906,10086906,0
2020-05-18 03:02:15,mainnet,10086909,10086909,0
2020-05-18 03:03:44,mainnet,10086912,10086912,0
2020-05-18 03:05:08,mainnet,10086922,10086922,0
2020-05-18 03:06:44,mainnet,10086929,10086929,0
2020-05-18 03:08:16,mainnet,10086936,10086936,0
2020-05-18 03:09:47,mainnet,10086942,10086941,1
2020-05-18 03:11:17,mainnet,10086947,10086947,0
2020-05-18 03:12:46,mainnet,10086955,10086955,0
2020-05-18 03:14:31,mainnet,10086965,10086964,1
2020-05-18 03:15:56,mainnet,10086973,10086973,0
2020-05-18 03:17:35,mainnet,10086983,10086983,0
2020-05-18 03:19:05,mainnet,10086989,10086989,0
2020-05-18 03:20:30,mainnet,10086996,10086995,1
2020-05-18 03:22:04,mainnet,10087002,10087002,0
2020-05-18 03:23:31,mainnet,10087010,10087010,0
2020-05-18 03:25:04,mainnet,10087016,10087016,0
2020-05-18 03:26:36,mainnet,10087027,10087027,0
2020-05-18 03:28:10,mainnet,10087035,10087035,0
2020-05-18 03:29:48,mainnet,10087042,10087042,0
2020-05-18 03:31:20,mainnet,10087047,10087047,0
2020-05-18 03:32:50,mainnet,10087054,10087054,0
2020-05-18 03:34:13,mainnet,10087060,10087060,0
2020-05-18 03:35:49,mainnet,10087068,10087068,0
2020-05-18 03:37:20,mainnet,10087076,10087077,-1
2020-05-18 03:38:46,mainnet,10087081,10087081,0
2020-05-18 03:40:17,mainnet,10087090,10087090,0
2020-05-18 03:41:48,mainnet,10087094,10087094,0
2020-05-18 03:43:21,mainnet,10087102,10087099,3
2020-05-18 03:44:49,mainnet,10087106,10087106,0
2020-05-18 03:46:18,mainnet,10087113,10087113,0
2020-05-18 03:47:43,mainnet,10087122,10087121,1
2020-05-18 03:49:13,mainnet,10087126,10087126,0
2020-05-18 03:50:48,mainnet,10087134,10087133,1
2020-05-18 03:52:23,mainnet,10087141,10087141,0
2020-05-18 03:54:01,mainnet,10087149,10087149,0
2020-05-18 03:55:33,mainnet,10087157,10087157,0
2020-05-18 03:57:02,mainnet,10087161,10087162,-1
2020-05-18 03:58:31,mainnet,10087172,10087173,-1
2020-05-18 04:00:02,mainnet,10087178,10087178,0
2020-05-18 04:01:50,mainnet,10087185,10087185,0
2020-05-18 04:03:32,mainnet,10087194,10087194,0
2020-05-18 04:05:03,mainnet,10087206,10087206,0
2020-05-18 04:06:33,mainnet,10087214,10087214,0
2020-05-18 04:08:01,mainnet,10087223,10087223,0
2020-05-18 04:09:28,mainnet,10087228,10087228,0
2020-05-18 04:10:56,mainnet,10087233,10087233,0
2020-05-18 04:12:23,mainnet,10087242,10087242,0
2020-05-18 04:13:51,mainnet,10087245,10087245,0
2020-05-18 04:15:19,mainnet,10087252,10087252,0
2020-05-18 04:16:54,mainnet,10087257,10087257,0
2020-05-18 04:18:18,mainnet,10087259,10087259,0
2020-05-18 04:19:44,mainnet,10087267,10087267,0
2020-05-18 04:21:08,mainnet,10087271,10087271,0
2020-05-18 04:22:38,mainnet,10087279,10087279,0
2020-05-18 04:24:12,mainnet,10087287,10087287,0
2020-05-18 04:25:47,mainnet,10087295,10087295,0
2020-05-18 04:27:27,mainnet,10087303,10087303,0
2020-05-18 04:29:01,mainnet,10087310,10087310,0
2020-05-18 04:30:40,mainnet,10087319,10087319,0
2020-05-18 04:32:06,mainnet,10087325,10087325,0
2020-05-18 04:33:37,mainnet,10087334,10087334,0
2020-05-18 04:35:06,mainnet,10087339,10087339,0
2020-05-18 04:36:38,mainnet,10087343,10087343,0
2020-05-18 04:38:07,mainnet,10087351,10087351,0
2020-05-18 04:39:33,mainnet,10087359,10087359,0
2020-05-18 04:41:02,mainnet,10087362,10087362,0
2020-05-18 04:42:37,mainnet,10087371,10087371,0
2020-05-18 04:44:01,mainnet,10087375,10087375,0
2020-05-18 04:45:33,mainnet,10087382,10087382,0
2020-05-18 04:47:04,mainnet,10087386,10087386,0
2020-05-18 04:48:29,mainnet,10087394,10087395,-1
2020-05-18 04:49:54,mainnet,10087402,10087403,-1
2020-05-18 04:51:27,mainnet,10087410,10087410,0
2020-05-18 04:53:00,mainnet,10087414,10087414,0
2020-05-18 04:54:31,mainnet,10087420,10087420,0
2020-05-18 04:55:57,mainnet,10087434,10087434,0
2020-05-18 04:57:28,mainnet,10087443,10087443,0
2020-05-18 04:59:01,mainnet,10087451,10087451,0
2020-05-18 05:00:26,mainnet,10087459,10087459,0
2020-05-18 05:02:00,mainnet,10087465,10087466,-1
2020-05-18 05:03:33,mainnet,10087475,10087475,0
2020-05-18 05:04:58,mainnet,10087481,10087481,0
2020-05-18 05:06:31,mainnet,10087484,10087484,0
2020-05-18 05:08:05,mainnet,10087491,10087491,0
2020-05-18 05:09:35,mainnet,10087499,10087499,0
2020-05-18 05:10:59,mainnet,10087503,10087503,0
2020-05-18 05:12:28,mainnet,10087510,10087510,0
2020-05-18 05:14:04,mainnet,10087518,10087518,0
2020-05-18 05:15:35,mainnet,10087521,10087521,0
2020-05-18 05:16:59,mainnet,10087525,10087525,0
2020-05-18 05:18:27,mainnet,10087530,10087530,0
2020-05-18 05:19:50,mainnet,10087534,10087534,0
2020-05-18 05:21:30,mainnet,10087540,10087540,0
2020-05-18 05:23:21,mainnet,10087544,10087544,0
2020-05-18 05:24:49,mainnet,10087551,10087551,0
2020-05-18 05:26:21,mainnet,10087556,10087555,1
2020-05-18 05:28:00,mainnet,10087566,10087565,1
2020-05-18 05:29:30,mainnet,10087573,10087573,0
2020-05-18 05:31:04,mainnet,10087582,10087578,4
2020-05-18 05:32:27,mainnet,10087587,10087587,0
2020-05-18 05:34:05,mainnet,10087596,10087596,0
2020-05-18 05:35:47,mainnet,10087606,10087606,0
2020-05-18 05:37:13,mainnet,10087610,10087610,0
2020-05-18 05:39:01,mainnet,10087619,10087619,0
2020-05-18 05:40:28,mainnet,10087624,10087624,0
2020-05-18 05:41:54,mainnet,10087630,10087630,0
2020-05-18 05:43:21,mainnet,10087635,10087635,0
2020-05-18 05:44:45,mainnet,10087644,10087644,0
2020-05-18 05:46:43,mainnet,10087650,10087650,0
2020-05-18 05:48:06,mainnet,10087655,10087655,0
2020-05-18 05:49:37,mainnet,10087662,10087660,2
2020-05-18 05:51:05,mainnet,10087665,10087664,1
2020-05-18 05:52:33,mainnet,10087672,10087670,2
2020-05-18 05:54:01,mainnet,10087679,10087678,1
2020-05-18 05:55:25,mainnet,10087691,10087691,0
2020-05-18 05:56:50,mainnet,10087694,10087694,0
2020-05-18 05:58:18,mainnet,10087702,10087702,0
2020-05-18 06:00:01,mainnet,10087710,10087710,0
2020-05-18 06:01:52,mainnet,10087716,10087716,0
2020-05-18 06:03:26,mainnet,10087727,10087727,0
2020-05-18 06:05:01,mainnet,10087733,10087733,0
2020-05-18 06:06:38,mainnet,10087745,10087745,0
2020-05-18 06:08:16,mainnet,10087749,10087750,-1
2020-05-18 06:09:50,mainnet,10087758,10087758,0
2020-05-18 06:11:21,mainnet,10087773,10087773,0
2020-05-18 06:12:57,mainnet,10087777,10087777,0
2020-05-18 06:14:34,mainnet,10087786,10087786,0
2020-05-18 06:16:12,mainnet,10087802,10087802,0
2020-05-18 06:17:40,mainnet,10087810,10087810,0
2020-05-18 06:19:35,mainnet,10087821,10087821,0
2020-05-18 06:21:18,mainnet,10087826,10087826,0
2020-05-18 06:22:57,mainnet,10087832,10087832,0
2020-05-18 06:24:27,mainnet,10087841,10087841,0
2020-05-18 06:25:54,mainnet,10087848,10087848,0
2020-05-18 06:27:21,mainnet,10087853,10087853,0
2020-05-18 06:28:48,mainnet,10087857,10087857,0
2020-05-18 06:30:32,mainnet,10087866,10087866,0
2020-05-18 06:31:58,mainnet,10087873,10087873,0
2020-05-18 06:33:26,mainnet,10087878,10087878,0
2020-05-18 06:35:00,mainnet,10087884,10087884,0
2020-05-18 06:36:25,mainnet,10087895,10087895,0
2020-05-18 06:37:51,mainnet,10087898,10087898,0
2020-05-18 06:39:21,mainnet,10087902,10087902,0
2020-05-18 06:40:48,mainnet,10087911,10087911,0
2020-05-18 06:42:17,mainnet,10087917,10087917,0
2020-05-18 06:43:39,mainnet,10087923,10087923,0
2020-05-18 06:45:14,mainnet,10087931,10087931,0
2020-05-18 06:46:48,mainnet,10087938,10087938,0
2020-05-18 06:48:17,mainnet,10087942,10087942,0
2020-05-18 06:49:51,mainnet,10087950,10087950,0
2020-05-18 06:51:14,mainnet,10087958,10087957,1
2020-05-18 06:52:48,mainnet,10087964,10087964,0
2020-05-18 06:54:15,mainnet,10087968,10087969,-1
2020-05-18 06:55:45,mainnet,10087976,10087977,-1
2020-05-18 06:57:18,mainnet,10087985,10087985,0
2020-05-18 06:58:43,mainnet,10087993,10087993,0
2020-05-18 07:00:20,mainnet,10087998,10087998,0
2020-05-18 07:01:45,mainnet,10088003,10088004,-1
2020-05-18 07:03:15,mainnet,10088012,10088012,0
2020-05-18 07:04:53,mainnet,10088022,10088019,3
2020-05-18 07:06:16,mainnet,10088029,10088029,0
2020-05-18 07:07:45,mainnet,10088032,10088032,0
2020-05-18 07:09:16,mainnet,10088041,10088041,0
2020-05-18 07:10:55,mainnet,10088046,10088046,0
2020-05-18 07:12:24,mainnet,10088051,10088051,0
2020-05-18 07:14:02,mainnet,10088059,10088059,0
2020-05-18 07:15:36,mainnet,10088065,10088065,0
2020-05-18 07:17:08,mainnet,10088074,10088074,0
2020-05-18 07:18:39,mainnet,10088078,10088078,0
2020-05-18 07:20:10,mainnet,10088083,10088083,0
2020-05-18 07:21:34,mainnet,10088092,10088092,0
2020-05-18 07:22:59,mainnet,10088100,10088099,1
2020-05-18 07:24:24,mainnet,10088107,10088107,0
2020-05-18 07:25:53,mainnet,10088115,10088115,0
2020-05-18 07:27:17,mainnet,10088122,10088122,0
2020-05-18 07:28:50,mainnet,10088131,10088130,1
2020-05-18 07:30:20,mainnet,10088139,10088139,0
2020-05-18 07:31:43,mainnet,10088147,10088147,0
2020-05-18 07:33:05,mainnet,10088152,10088151,1
2020-05-18 07:34:30,mainnet,10088157,10088157,0
2020-05-18 07:35:53,mainnet,10088162,10088162,0
2020-05-18 07:37:17,mainnet,10088167,10088168,-1
2020-05-18 07:38:41,mainnet,10088175,10088175,0
2020-05-18 07:40:03,mainnet,10088180,10088180,0
2020-05-18 07:41:25,mainnet,10088185,10088185,0
2020-05-18 07:42:53,mainnet,10088192,10088192,0
2020-05-18 07:44:27,mainnet,10088206,10088203,3
2020-05-18 07:45:55,mainnet,10088208,10088208,0
2020-05-18 07:47:22,mainnet,10088216,10088216,0
2020-05-18 07:48:53,mainnet,10088225,10088225,0
2020-05-18 07:50:36,mainnet,10088228,10088228,0
2020-05-18 07:52:02,mainnet,10088233,10088233,0
2020-05-18 07:53:24,mainnet,10088237,10088237,0
2020-05-18 07:54:46,mainnet,10088243,10088242,1
2020-05-18 07:56:22,mainnet,10088250,10088250,0
2020-05-18 07:57:45,mainnet,10088256,10088255,1
2020-05-18 07:59:18,mainnet,10088262,10088256,6
2020-05-18 08:00:41,mainnet,10088272,10088272,0
2020-05-18 08:02:04,mainnet,10088278,10088278,0
2020-05-18 08:03:34,mainnet,10088284,10088282,2
2020-05-18 08:04:57,mainnet,10088289,10088289,0
2020-05-18 08:06:40,mainnet,10088294,10088294,0
2020-05-18 08:08:04,mainnet,10088297,10088297,0
2020-05-18 08:09:38,mainnet,10088304,10088304,0
2020-05-18 08:13:13,mainnet,10088318,10088312,6
2020-05-18 08:14:36,mainnet,10088324,10088324,0
2020-05-18 08:16:00,mainnet,10088328,10088328,0
2020-05-18 08:17:25,mainnet,10088331,10088331,0
2020-05-18 08:18:47,mainnet,10088337,10088337,0
2020-05-18 08:20:10,mainnet,10088346,10088344,2
2020-05-18 08:21:39,mainnet,10088352,10088352,0
2020-05-18 08:23:04,mainnet,10088361,10088356,5
2020-05-18 08:24:39,mainnet,10088369,10088366,3
2020-05-18 08:26:16,mainnet,10088375,10088375,0
2020-05-18 08:27:53,mainnet,10088385,10088385,0
2020-05-18 08:29:24,mainnet,10088391,10088391,0
2020-05-18 08:31:00,mainnet,10088395,10088395,0
2020-05-18 08:32:24,mainnet,10088401,10088401,0
2020-05-18 08:33:51,mainnet,10088407,10088407,0
2020-05-18 08:35:16,mainnet,10088414,10088412,2
2020-05-18 08:36:54,mainnet,10088418,10088416,2
2020-05-18 08:38:29,mainnet,10088424,10088423,1
2020-05-18 08:40:13,mainnet,10088432,10088432,0
2020-05-18 08:41:35,mainnet,10088436,10088433,3
2020-05-18 08:42:57,mainnet,10088439,10088439,0
2020-05-18 08:44:29,mainnet,10088444,10088444,0
2020-05-18 08:46:06,mainnet,10088451,10088451,0
2020-05-18 08:47:51,mainnet,10088457,10088457,0
2020-05-18 08:49:15,mainnet,10088467,10088466,1
2020-05-18 08:50:38,mainnet,10088474,10088474,0
2020-05-18 08:52:02,mainnet,10088478,10088478,0
2020-05-18 08:53:27,mainnet,10088485,10088485,0
2020-05-18 08:54:52,mainnet,10088494,10088491,3
2020-05-18 08:56:18,mainnet,10088501,10088501,0
2020-05-18 08:57:41,mainnet,10088507,10088506,1
2020-05-18 08:59:06,mainnet,10088512,10088512,0
2020-05-18 09:00:55,mainnet,10088525,10088522,3
2020-05-18 09:02:19,mainnet,10088530,10088530,0
2020-05-18 09:03:43,mainnet,10088539,10088534,5
2020-05-18 09:05:05,mainnet,10088547,10088547,0
2020-05-18 09:06:32,mainnet,10088552,10088552,0
2020-05-18 09:08:06,mainnet,10088557,10088553,4
2020-05-18 09:09:27,mainnet,10088568,10088565,3
2020-05-18 09:11:01,mainnet,10088570,10088570,0
2020-05-18 09:12:25,mainnet,10088576,10088576,0
2020-05-18 09:13:47,mainnet,10088580,10088580,0
2020-05-18 09:15:11,mainnet,10088588,10088585,3
2020-05-18 09:16:35,mainnet,10088596,10088596,0
2020-05-18 09:17:58,mainnet,10088605,10088603,2
2020-05-18 09:19:23,mainnet,10088614,10088608,6
2020-05-18 09:20:45,mainnet,10088618,10088618,0
2020-05-18 09:22:11,mainnet,10088623,10088623,0
2020-05-18 09:23:49,mainnet,10088631,10088626,5
2020-05-18 09:25:11,mainnet,10088638,10088637,1
2020-05-18 09:26:34,mainnet,10088643,10088641,2
2020-05-18 09:27:56,mainnet,10088650,10088641,9
2020-05-18 09:29:18,mainnet,10088655,10088655,0
2020-05-18 09:30:41,mainnet,10088664,10088662,2
2020-05-18 09:32:13,mainnet,10088672,10088672,0
2020-05-18 09:33:36,mainnet,10088681,10088681,0
2020-05-18 09:34:59,mainnet,10088682,10088682,0
2020-05-18 09:36:26,mainnet,10088685,10088685,0
2020-05-18 09:37:50,mainnet,10088690,10088690,0
2020-05-18 09:39:15,mainnet,10088698,10088698,0
2020-05-18 09:40:39,mainnet,10088707,10088704,3
2020-05-18 09:42:03,mainnet,10088713,10088710,3
2020-05-18 09:43:35,mainnet,10088718,10088718,0
2020-05-18 09:44:58,mainnet,10088723,10088721,2
2020-05-18 09:46:20,mainnet,10088729,10088726,3
2020-05-18 09:47:45,mainnet,10088731,10088731,0
2020-05-18 09:49:15,mainnet,10088737,10088737,0
2020-05-18 09:50:38,mainnet,10088744,10088742,2
2020-05-18 09:52:10,mainnet,10088756,10088752,4
2020-05-18 09:53:40,mainnet,10088759,10088759,0
2020-05-18 09:55:02,mainnet,10088764,10088764,0
2020-05-18 09:56:26,mainnet,10088769,10088769,0
2020-05-18 09:58:25,mainnet,10088776,10088776,0
2020-05-18 09:59:48,mainnet,10088780,10088780,0
2020-05-18 10:01:11,mainnet,10088786,10088786,0
2020-05-18 10:02:34,mainnet,10088791,10088791,0
2020-05-18 10:03:56,mainnet,10088798,10088799,-1
2020-05-18 10:05:23,mainnet,10088803,10088801,2
2020-05-18 10:06:55,mainnet,10088811,10088808,3
2020-05-18 10:08:28,mainnet,10088816,10088816,0
2020-05-18 10:09:50,mainnet,10088826,10088824,2
2020-05-18 10:11:31,mainnet,10088830,10088830,0
2020-05-18 10:12:55,mainnet,10088842,10088838,4
2020-05-18 10:14:45,mainnet,10088848,10088847,1
2020-05-18 10:16:08,mainnet,10088856,10088856,0
2020-05-18 10:17:34,mainnet,10088865,10088865,0
2020-05-18 10:19:14,mainnet,10088875,10088875,0
2020-05-18 10:20:44,mainnet,10088881,10088880,1
2020-05-18 10:22:49,mainnet,10088886,10088883,3
2020-05-18 10:24:24,mainnet,10088890,10088890,0
2020-05-18 10:25:46,mainnet,10088897,10088893,4
2020-05-18 10:27:08,mainnet,10088904,10088904,0
2020-05-18 10:28:33,mainnet,10088909,10088908,1
2020-05-18 10:30:02,mainnet,10088914,10088914,0
2020-05-18 10:31:28,mainnet,10088917,10088917,0
2020-05-18 10:32:58,mainnet,10088925,10088923,2
2020-05-18 10:34:21,mainnet,10088929,10088929,0
2020-05-18 10:35:49,mainnet,10088932,10088932,0
2020-05-18 10:37:12,mainnet,10088934,10088934,0
2020-05-18 10:38:35,mainnet,10088938,10088939,-1
2020-05-18 10:39:59,mainnet,10088944,10088944,0
2020-05-18 10:41:27,mainnet,10088949,10088949,0
2020-05-18 10:42:51,mainnet,10088957,10088957,0
2020-05-18 10:44:23,mainnet,10088959,10088959,0
2020-05-18 10:45:49,mainnet,10088965,10088966,-1
2020-05-18 10:47:39,mainnet,10088983,10088975,8
2020-05-18 10:49:18,mainnet,10088992,10088991,1
2020-05-18 10:51:03,mainnet,10088998,10088998,0
2020-05-18 10:52:25,mainnet,10089003,10089003,0
2020-05-18 10:53:48,mainnet,10089009,10089009,0
2020-05-18 10:55:27,mainnet,10089020,10089013,7
2020-05-18 10:56:49,mainnet,10089026,10089026,0
2020-05-18 10:58:13,mainnet,10089031,10089031,0
2020-05-18 10:59:37,mainnet,10089038,10089038,0
2020-05-18 11:01:01,mainnet,10089044,10089042,2
2020-05-18 11:02:30,mainnet,10089052,10089052,0
2020-05-18 11:03:56,mainnet,10089055,10089054,1
2020-05-18 11:05:18,mainnet,10089061,10089061,0
2020-05-18 11:06:44,mainnet,10089067,10089067,0
2020-05-18 11:08:26,mainnet,10089074,10089074,0
2020-05-18 11:10:03,mainnet,10089081,10089081,0
2020-05-18 11:11:26,mainnet,10089089,10089089,0
2020-05-18 11:12:49,mainnet,10089094,10089094,0
2020-05-18 11:14:13,mainnet,10089098,10089098,0
2020-05-18 11:15:36,mainnet,10089104,10089103,1
2020-05-18 11:16:58,mainnet,10089109,10089109,0
2020-05-18 11:18:33,mainnet,10089114,10089114,0
2020-05-18 11:19:59,mainnet,10089121,10089118,3
2020-05-18 11:21:21,mainnet,10089126,10089127,-1
2020-05-18 11:22:43,mainnet,10089135,10089131,4
2020-05-18 11:24:34,mainnet,10089143,10089138,5
2020-05-18 11:26:06,mainnet,10089147,10089138,9
2020-05-18 11:27:30,mainnet,10089153,10089153,0
2020-05-18 11:28:54,mainnet,10089159,10089159,0
2020-05-18 11:30:19,mainnet,10089171,10089169,2
2020-05-18 11:32:00,mainnet,10089174,10089174,0
2020-05-18 11:33:35,mainnet,10089177,10089177,0
2020-05-18 11:35:01,mainnet,10089184,10089182,2
2020-05-18 11:36:38,mainnet,10089196,10089194,2
2020-05-18 11:38:18,mainnet,10089207,10089204,3
2020-05-18 11:39:40,mainnet,10089220,10089220,0
2020-05-18 11:41:02,mainnet,10089226,10089226,0
2020-05-18 11:42:30,mainnet,10089233,10089233,0
2020-05-18 11:44:18,mainnet,10089243,10089242,1
2020-05-18 11:45:47,mainnet,10089251,10089249,2
2020-05-18 11:47:21,mainnet,10089258,10089258,0
2020-05-18 11:48:46,mainnet,10089266,10089266,0
2020-05-18 11:50:17,mainnet,10089269,10089269,0
2020-05-18 11:51:39,mainnet,10089275,10089273,2
2020-05-18 11:53:03,mainnet,10089276,10089276,0
2020-05-18 11:54:26,mainnet,10089285,10089280,5
2020-05-18 11:56:01,mainnet,10089294,10089280,14
2020-05-18 11:57:25,mainnet,10089301,10089299,2
2020-05-18 11:58:48,mainnet,10089310,10089310,0
2020-05-18 12:00:15,mainnet,10089319,10089318,1
2020-05-18 12:01:45,mainnet,10089324,10089324,0
2020-05-18 12:03:10,mainnet,10089331,10089331,0
2020-05-18 12:04:45,mainnet,10089336,10089336,0
2020-05-18 12:06:08,mainnet,10089340,10089339,1
2020-05-18 12:07:32,mainnet,10089348,10089344,4
2020-05-18 12:08:54,mainnet,10089352,10089351,1
2020-05-18 12:10:16,mainnet,10089358,10089356,2
2020-05-18 12:11:40,mainnet,10089362,10089360,2
2020-05-18 12:13:02,mainnet,10089368,10089368,0
2020-05-18 12:14:28,mainnet,10089374,10089372,2
2020-05-18 12:15:50,mainnet,10089386,10089379,7
2020-05-18 12:17:12,mainnet,10089393,10089389,4
2020-05-18 12:18:43,mainnet,10089396,10089396,0
2020-05-18 12:20:07,mainnet,10089401,10089401,0
2020-05-18 12:21:31,mainnet,10089407,10089407,0
2020-05-18 12:22:53,mainnet,10089412,10089412,0
2020-05-18 12:24:22,mainnet,10089417,10089414,3
2020-05-18 12:25:44,mainnet,10089420,10089418,2
2020-05-18 12:27:09,mainnet,10089424,10089424,0
2020-05-18 12:28:31,mainnet,10089427,10089427,0
2020-05-18 12:29:59,mainnet,10089434,10089429,5
2020-05-18 12:31:30,mainnet,10089440,10089437,3
2020-05-18 12:32:52,mainnet,10089446,10089440,6
2020-05-18 12:34:21,mainnet,10089451,10089451,0
2020-05-18 12:35:43,mainnet,10089456,10089456,0
2020-05-18 12:37:07,mainnet,10089461,10089461,0
2020-05-18 12:38:29,mainnet,10089465,10089465,0
2020-05-18 12:39:53,mainnet,10089472,10089472,0
2020-05-18 12:41:19,mainnet,10089485,10089483,2
2020-05-18 12:43:03,mainnet,10089496,10089496,0
2020-05-18 12:44:29,mainnet,10089501,10089501,0
2020-05-18 12:45:53,mainnet,10089509,10089507,2
2020-05-18 12:47:15,mainnet,10089514,10089514,0
2020-05-18 12:48:38,mainnet,10089521,10089521,0
2020-05-18 12:50:02,mainnet,10089524,10089525,-1
2020-05-18 12:51:33,mainnet,10089531,10089531,0
2020-05-18 12:52:57,mainnet,10089537,10089537,0
2020-05-18 12:54:35,mainnet,10089548,10089539,9
2020-05-18 12:55:57,mainnet,10089555,10089555,0
2020-05-18 12:57:20,mainnet,10089561,10089561,0
2020-05-18 12:58:45,mainnet,10089569,10089569,0
2020-05-18 13:00:15,mainnet,10089577,10089577,0
2020-05-18 13:01:37,mainnet,10089581,10089581,0
2020-05-18 13:02:59,mainnet,10089585,10089584,1
2020-05-18 13:04:21,mainnet,10089592,10089592,0
2020-05-18 13:05:44,mainnet,10089596,10089595,1
2020-05-18 13:07:07,mainnet,10089603,10089600,3
2020-05-18 13:08:55,mainnet,10089613,10089613,0
2020-05-18 13:10:18,mainnet,10089618,10089618,0
2020-05-18 13:11:42,mainnet,10089625,10089625,0
2020-05-18 13:13:05,mainnet,10089631,10089631,0
2020-05-18 13:14:27,mainnet,10089638,10089638,0
2020-05-18 13:15:55,mainnet,10089643,10089643,0
2020-05-18 13:17:24,mainnet,10089648,10089648,0
2020-05-18 13:18:47,mainnet,10089660,10089660,0
2020-05-18 13:20:17,mainnet,10089669,10089669,0
2020-05-18 13:21:42,mainnet,10089674,10089674,0
2020-05-18 13:23:05,mainnet,10089682,10089682,0
2020-05-18 13:24:49,mainnet,10089688,10089688,0
2020-05-18 13:26:12,mainnet,10089696,10089695,1
2020-05-18 13:27:37,mainnet,10089702,10089700,2
2020-05-18 13:29:01,mainnet,10089714,10089712,2
2020-05-18 13:30:49,mainnet,10089718,10089719,-1
2020-05-18 13:32:12,mainnet,10089724,10089724,0
2020-05-18 13:33:40,mainnet,10089732,10089732,0
2020-05-18 13:35:03,mainnet,10089739,10089732,7
2020-05-18 13:36:25,mainnet,10089749,10089749,0
2020-05-18 13:38:02,mainnet,10089759,10089759,0
2020-05-18 13:39:32,mainnet,10089763,10089763,0
2020-05-18 13:41:02,mainnet,10089766,10089766,0
2020-05-18 13:42:32,mainnet,10089772,10089772,0
2020-05-18 13:44:20,mainnet,10089776,10089776,0
2020-05-18 13:45:44,mainnet,10089781,10089781,0
2020-05-18 13:47:09,mainnet,10089788,10089789,-1
2020-05-18 13:48:36,mainnet,10089796,10089796,0
2020-05-18 13:50:05,mainnet,10089803,10089802,1
2020-05-18 13:51:39,mainnet,10089809,10089809,0
2020-05-18 13:53:11,mainnet,10089817,10089817,0
2020-05-18 13:54:53,mainnet,10089824,10089822,2
2020-05-18 13:56:18,mainnet,10089826,10089825,1
2020-05-18 13:57:40,mainnet,10089832,10089832,0
2020-05-18 13:59:02,mainnet,10089840,10089840,0
2020-05-18 14:00:25,mainnet,10089847,10089844,3
2020-05-18 14:01:48,mainnet,10089850,10089850,0
2020-05-18 14:03:24,mainnet,10089861,10089856,5
2020-05-18 14:04:46,mainnet,10089869,10089869,0
2020-05-18 14:06:08,mainnet,10089873,10089873,0
2020-05-18 14:07:30,mainnet,10089885,10089883,2
2020-05-18 14:08:56,mainnet,10089895,10089894,1
2020-05-18 14:10:50,mainnet,10089905,10089905,0
2020-05-18 14:12:12,mainnet,10089918,10089918,0
2020-05-18 14:14:08,mainnet,10089922,10089922,0
2020-05-18 14:15:55,mainnet,10089930,10089930,0
2020-05-18 14:17:24,mainnet,10089936,10089936,0
2020-05-18 14:18:49,mainnet,10089946,10089944,2
2020-05-18 14:20:20,mainnet,10089952,10089952,0
2020-05-18 14:22:00,mainnet,10089960,10089960,0
2020-05-18 14:23:28,mainnet,10089970,10089970,0
2020-05-18 14:24:51,mainnet,10089976,10089976,0
2020-05-18 14:26:17,mainnet,10089981,10089981,0
2020-05-18 14:27:42,mainnet,10089988,10089986,2
2020-05-18 14:29:05,mainnet,10089992,10089992,0
2020-05-18 14:30:30,mainnet,10089999,10090000,-1
2020-05-18 14:32:04,mainnet,10090003,10090003,0
2020-05-18 14:33:26,mainnet,10090008,10090008,0
2020-05-18 14:34:53,mainnet,10090017,10090017,0
2020-05-18 14:36:18,mainnet,10090030,10090027,3
2020-05-18 14:37:51,mainnet,10090037,10090035,2
2020-05-18 14:39:23,mainnet,10090045,10090045,0
2020-05-18 14:40:45,mainnet,10090053,10090050,3
2020-05-18 14:42:07,mainnet,10090061,10090061,0
2020-05-18 14:43:32,mainnet,10090067,10090067,0
2020-05-18 14:44:58,mainnet,10090069,10090069,0
2020-05-18 14:46:20,mainnet,10090076,10090076,0
2020-05-18 14:47:48,mainnet,10090082,10090081,1
2020-05-18 14:49:10,mainnet,10090089,10090089,0
2020-05-18 14:50:38,mainnet,10090095,10090093,2
2020-05-18 14:52:13,mainnet,10090100,10090099,1
2020-05-18 14:53:35,mainnet,10090106,10090106,0
2020-05-18 14:55:00,mainnet,10090114,10090114,0
2020-05-18 14:56:23,mainnet,10090121,10090118,3
2020-05-18 14:57:46,mainnet,10090126,10090126,0
2020-05-18 14:59:10,mainnet,10090133,10090133,0
2020-05-18 15:00:38,mainnet,10090137,10090138,-1
2020-05-18 15:02:05,mainnet,10090148,10090145,3
2020-05-18 15:03:28,mainnet,10090154,10090154,0
2020-05-18 15:04:58,mainnet,10090158,10090156,2
2020-05-18 15:06:24,mainnet,10090164,10090164,0
2020-05-18 15:07:46,mainnet,10090171,10090171,0
2020-05-18 15:09:10,mainnet,10090176,10090176,0
2020-05-18 15:10:35,mainnet,10090185,10090185,0
2020-05-18 15:12:40,mainnet,10090196,10090185,11
2020-05-18 15:14:03,mainnet,10090202,10090202,0
2020-05-18 15:15:28,mainnet,10090210,10090210,0
2020-05-18 15:16:51,mainnet,10090214,10090214,0
2020-05-18 15:18:14,mainnet,10090215,10090216,-1
2020-05-18 15:19:41,mainnet,10090221,10090221,0
2020-05-18 15:21:04,mainnet,10090226,10090226,0
2020-05-18 15:22:29,mainnet,10090236,10090232,4
2020-05-18 15:23:51,mainnet,10090243,10090242,1
2020-05-18 15:25:34,mainnet,10090251,10090251,0
2020-05-18 15:26:58,mainnet,10090259,10090259,0
2020-05-18 15:28:22,mainnet,10090265,10090265,0
2020-05-18 15:29:45,mainnet,10090273,10090273,0
2020-05-18 15:31:09,mainnet,10090277,10090277,0
2020-05-18 15:32:37,mainnet,10090284,10090284,0
2020-05-18 15:34:16,mainnet,10090291,10090291,0
2020-05-18 15:35:40,mainnet,10090297,10090297,0
2020-05-18 15:37:03,mainnet,10090304,10090304,0
2020-05-18 15:38:30,mainnet,10090307,10090307,0
2020-05-18 15:40:07,mainnet,10090315,10090315,0
2020-05-18 15:42:02,mainnet,10090320,10090320,0
2020-05-18 15:43:26,mainnet,10090325,10090324,1
2020-05-18 15:44:56,mainnet,10090331,10090331,0
2020-05-18 15:46:27,mainnet,10090341,10090337,4
2020-05-18 15:47:50,mainnet,10090345,10090343,2
2020-05-18 15:49:20,mainnet,10090349,10090349,0
2020-05-18 15:50:43,mainnet,10090352,10090352,0
2020-05-18 15:52:09,mainnet,10090358,10090358,0
2020-05-18 15:53:41,mainnet,10090364,10090364,0
2020-05-18 15:55:20,mainnet,10090369,10090369,0
2020-05-18 15:56:55,mainnet,10090378,10090378,0
2020-05-18 15:58:26,mainnet,10090380,10090380,0
2020-05-18 15:59:53,mainnet,10090388,10090388,0
2020-05-18 16:01:17,mainnet,10090393,10090393,0
2020-05-18 16:02:43,mainnet,10090400,10090400,0
2020-05-18 16:04:38,mainnet,10090413,10090413,0
2020-05-18 16:06:01,mainnet,10090422,10090421,1
2020-05-18 16:07:55,mainnet,10090428,10090428,0
2020-05-18 16:09:18,mainnet,10090435,10090435,0
2020-05-18 16:10:51,mainnet,10090442,10090440,2
2020-05-18 16:12:13,mainnet,10090449,10090446,3
2020-05-18 16:13:35,mainnet,10090454,10090454,0
2020-05-18 16:14:57,mainnet,10090465,10090458,7
2020-05-18 16:16:41,mainnet,10090468,10090468,0
2020-05-18 16:18:05,mainnet,10090473,10090473,0
2020-05-18 16:19:40,mainnet,10090478,10090477,1
2020-05-18 16:21:02,mainnet,10090483,10090483,0
2020-05-18 16:22:28,mainnet,10090489,10090485,4
2020-05-18 16:23:54,mainnet,10090496,10090485,11
2020-05-18 16:25:16,mainnet,10090503,10090502,1
2020-05-18 16:26:38,mainnet,10090507,10090507,0
2020-05-18 16:28:12,mainnet,10090512,10090512,0
2020-05-18 16:29:36,mainnet,10090519,10090515,4
2020-05-18 16:31:00,mainnet,10090527,10090526,1
2020-05-18 16:32:22,mainnet,10090536,10090536,0
2020-05-18 16:33:45,mainnet,10090541,10090541,0
2020-05-18 16:35:19,mainnet,10090548,10090548,0
2020-05-18 16:36:58,mainnet,10090552,10090551,1
2020-05-18 16:38:21,mainnet,10090553,10090554,-1
2020-05-18 16:39:44,mainnet,10090560,10090559,1
2020-05-18 16:41:13,mainnet,10090571,10090568,3
2020-05-18 16:42:47,mainnet,10090583,10090574,9
2020-05-18 16:44:09,mainnet,10090589,10090589,0
2020-05-18 16:45:33,mainnet,10090598,10090595,3
2020-05-18 16:46:55,mainnet,10090607,10090606,1
2020-05-18 16:48:25,mainnet,10090611,10090611,0
2020-05-18 16:49:50,mainnet,10090619,10090615,4
2020-05-18 16:51:13,mainnet,10090627,10090624,3
2020-05-18 16:53:01,mainnet,10090631,10090631,0
2020-05-18 16:54:31,mainnet,10090634,10090634,0
2020-05-18 16:55:56,mainnet,10090640,10090640,0
2020-05-18 16:57:20,mainnet,10090646,10090646,0
2020-05-18 16:58:50,mainnet,10090653,10090654,-1
2020-05-18 17:00:12,mainnet,10090660,10090660,0
2020-05-18 17:01:41,mainnet,10090666,10090666,0
2020-05-18 17:03:07,mainnet,10090672,10090672,0
2020-05-18 17:04:29,mainnet,10090675,10090675,0
2020-05-18 17:05:52,mainnet,10090683,10090681,2
2020-05-18 17:07:16,mainnet,10090687,10090687,0
2020-05-18 17:08:43,mainnet,10090694,10090693,1
2020-05-18 17:10:07,mainnet,10090698,10090698,0
2020-05-18 17:11:39,mainnet,10090708,10090708,0
2020-05-18 17:13:02,mainnet,10090717,10090716,1
2020-05-18 17:14:37,mainnet,10090728,10090727,1
2020-05-18 17:15:59,mainnet,10090738,10090738,0
2020-05-18 17:17:21,mainnet,10090742,10090742,0
2020-05-18 17:18:47,mainnet,10090748,10090748,0
2020-05-18 17:20:09,mainnet,10090753,10090753,0
2020-05-18 17:21:35,mainnet,10090769,10090767,2
2020-05-18 17:22:58,mainnet,10090776,10090776,0
2020-05-18 17:24:20,mainnet,10090781,10090781,0
2020-05-18 17:25:48,mainnet,10090784,10090784,0
2020-05-18 17:27:20,mainnet,10090791,10090791,0
2020-05-18 17:28:43,mainnet,10090802,10090801,1
2020-05-18 17:50:37,mainnet,10090887,10090830,57
2020-05-18 17:52:02,mainnet,10090892,10090888,4
2020-05-18 17:53:25,mainnet,10090898,10090898,0
2020-05-18 17:54:50,mainnet,10090906,10090906,0
2020-05-18 17:56:21,mainnet,10090913,10090913,0
2020-05-18 17:57:49,mainnet,10090920,10090920,0
2020-05-18 17:59:17,mainnet,10090930,10090930,0
2020-05-18 18:00:41,mainnet,10090934,10090934,0
2020-05-18 18:02:09,mainnet,10090939,10090939,0
2020-05-18 18:03:35,mainnet,10090951,10090951,0
2020-05-18 18:05:09,mainnet,10090959,10090958,1
2020-05-18 18:06:41,mainnet,10090965,10090965,0
2020-05-18 18:08:23,mainnet,10090971,10090971,0
2020-05-18 18:09:49,mainnet,10090976,10090976,0
2020-05-18 18:11:21,mainnet,10090983,10090983,0
2020-05-18 18:13:04,mainnet,10090989,10090989,0
2020-05-18 18:14:26,mainnet,10090997,10090996,1
2020-05-18 18:15:58,mainnet,10091005,10091005,0
2020-05-18 18:17:36,mainnet,10091013,10091013,0
2020-05-18 18:19:10,mainnet,10091019,10091019,0
2020-05-18 18:20:43,mainnet,10091026,10091026,0
2020-05-18 18:22:08,mainnet,10091032,10091032,0
2020-05-18 18:23:49,mainnet,10091039,10091039,0
2020-05-18 18:25:14,mainnet,10091045,10091045,0
2020-05-18 18:26:39,mainnet,10091052,10091052,0
2020-05-18 18:28:06,mainnet,10091056,10091056,0
2020-05-18 18:29:35,mainnet,10091064,10091064,0
2020-05-18 18:30:59,mainnet,10091070,10091070,0
2020-05-18 18:32:30,mainnet,10091075,10091075,0
2020-05-18 18:33:55,mainnet,10091082,10091082,0
2020-05-18 18:35:22,mainnet,10091089,10091088,1
2020-05-18 18:36:57,mainnet,10091098,10091098,0
2020-05-18 18:38:34,mainnet,10091105,10091106,-1
2020-05-18 18:40:03,mainnet,10091115,10091115,0
2020-05-18 18:41:29,mainnet,10091119,10091119,0
2020-05-18 18:42:58,mainnet,10091124,10091124,0
2020-05-18 18:44:20,mainnet,10091133,10091133,0
2020-05-18 18:45:57,mainnet,10091143,10091143,0
2020-05-18 18:47:29,mainnet,10091147,10091147,0
2020-05-18 18:49:02,mainnet,10091155,10091155,0
2020-05-18 18:50:29,mainnet,10091159,10091159,0
2020-05-18 18:51:53,mainnet,10091167,10091167,0
2020-05-18 18:53:35,mainnet,10091174,10091174,0
2020-05-18 18:55:08,mainnet,10091184,10091184,0
2020-05-18 18:56:31,mainnet,10091190,10091190,0
2020-05-18 18:58:09,mainnet,10091198,10091198,0
2020-05-18 18:59:51,mainnet,10091207,10091207,0
2020-05-18 19:01:14,mainnet,10091216,10091216,0
2020-05-18 19:02:39,mainnet,10091221,10091221,0
2020-05-18 19:04:04,mainnet,10091229,10091229,0
2020-05-18 19:05:33,mainnet,10091237,10091237,0
2020-05-18 19:07:13,mainnet,10091243,10091243,0
2020-05-18 19:08:38,mainnet,10091248,10091248,0
2020-05-18 19:10:06,mainnet,10091253,10091253,0
2020-05-18 19:11:38,mainnet,10091261,10091260,1
2020-05-18 19:13:13,mainnet,10091267,10091267,0
2020-05-18 19:14:41,mainnet,10091273,10091274,-1
2020-05-18 19:16:14,mainnet,10091282,10091282,0
2020-05-18 19:17:37,mainnet,10091288,10091288,0
2020-05-18 19:19:11,mainnet,10091292,10091293,-1
2020-05-18 19:20:47,mainnet,10091299,10091299,0
2020-05-18 19:22:37,mainnet,10091311,10091311,0
2020-05-18 19:24:14,mainnet,10091317,10091317,0
2020-05-18 19:25:56,mainnet,10091324,10091326,-2
2020-05-18 19:27:22,mainnet,10091335,10091336,-1
2020-05-18 19:28:52,mainnet,10091342,10091342,0
2020-05-18 19:30:25,mainnet,10091346,10091346,0
2020-05-18 19:31:53,mainnet,10091351,10091351,0
2020-05-18 19:33:29,mainnet,10091357,10091357,0
2020-05-18 19:34:57,mainnet,10091365,10091365,0
2020-05-18 19:36:31,mainnet,10091375,10091375,0
2020-05-18 19:38:00,mainnet,10091380,10091381,-1
2020-05-18 19:39:25,mainnet,10091387,10091387,0
2020-05-18 19:40:56,mainnet,10091393,10091393,0
2020-05-18 19:42:31,mainnet,10091402,10091402,0
2020-05-18 19:44:05,mainnet,10091406,10091406,0
2020-05-18 19:45:27,mainnet,10091411,10091411,0
2020-05-18 19:47:01,mainnet,10091422,10091422,0
2020-05-18 19:48:30,mainnet,10091428,10091428,0
2020-05-18 19:50:05,mainnet,10091432,10091432,0
2020-05-18 19:51:51,mainnet,10091436,10091436,0
2020-05-18 19:53:20,mainnet,10091448,10091448,0
2020-05-18 19:54:49,mainnet,10091454,10091454,0
2020-05-18 19:56:17,mainnet,10091458,10091458,0
2020-05-18 19:57:43,mainnet,10091466,10091466,0
2020-05-18 19:59:14,mainnet,10091476,10091476,0
2020-05-18 20:00:52,mainnet,10091480,10091481,-1
2020-05-18 20:02:27,mainnet,10091488,10091488,0
2020-05-18 20:04:02,mainnet,10091499,10091499,0
2020-05-18 20:05:25,mainnet,10091505,10091505,0
2020-05-18 20:06:49,mainnet,10091511,10091511,0
2020-05-18 20:08:13,mainnet,10091523,10091522,1
2020-05-18 20:09:40,mainnet,10091529,10091529,0
2020-05-18 20:11:06,mainnet,10091532,10091532,0
2020-05-18 20:12:34,mainnet,10091535,10091536,-1
2020-05-18 20:14:12,mainnet,10091540,10091540,0
2020-05-18 20:15:38,mainnet,10091546,10091546,0
2020-05-18 20:17:06,mainnet,10091549,10091549,0
2020-05-18 20:18:32,mainnet,10091553,10091553,0
2020-05-18 20:20:04,mainnet,10091563,10091563,0
2020-05-18 20:21:32,mainnet,10091568,10091568,0
2020-05-18 20:22:59,mainnet,10091574,10091574,0
2020-05-18 20:24:32,mainnet,10091581,10091581,0
2020-05-18 20:25:55,mainnet,10091589,10091589,0
2020-05-18 20:27:23,mainnet,10091596,10091596,0
2020-05-18 20:28:49,mainnet,10091601,10091601,0
2020-05-18 20:30:13,mainnet,10091607,10091607,0
2020-05-18 20:31:36,mainnet,10091610,10091610,0
2020-05-18 20:32:58,mainnet,10091616,10091616,0
2020-05-18 20:34:31,mainnet,10091620,10091620,0
2020-05-18 20:36:07,mainnet,10091626,10091626,0
2020-05-18 20:37:37,mainnet,10091630,10091630,0
2020-05-18 20:39:02,mainnet,10091635,10091635,0
2020-05-18 20:40:25,mainnet,10091640,10091640,0
2020-05-18 20:41:48,mainnet,10091651,10091651,0
2020-05-18 20:43:13,mainnet,10091652,10091652,0
2020-05-18 20:44:39,mainnet,10091657,10091657,0
2020-05-18 20:46:11,mainnet,10091666,10091666,0
2020-05-18 20:47:33,mainnet,10091672,10091672,0
2020-05-18 20:49:00,mainnet,10091682,10091681,1
2020-05-18 20:50:24,mainnet,10091689,10091689,0
2020-05-18 20:51:49,mainnet,10091691,10091691,0
2020-05-18 20:53:19,mainnet,10091698,10091699,-1
2020-05-18 20:54:41,mainnet,10091703,10091703,0
2020-05-18 20:56:04,mainnet,10091707,10091708,-1
2020-05-18 20:57:33,mainnet,10091715,10091715,0
2020-05-18 20:58:57,mainnet,10091719,10091719,0
2020-05-18 21:00:22,mainnet,10091722,10091722,0
2020-05-18 21:02:03,mainnet,10091729,10091730,-1
2020-05-18 21:03:29,mainnet,10091736,10091737,-1
2020-05-18 21:05:07,mainnet,10091741,10091741,0
2020-05-18 21:06:48,mainnet,10091749,10091749,0
2020-05-18 21:08:10,mainnet,10091752,10091752,0
2020-05-18 21:09:43,mainnet,10091757,10091757,0
2020-05-18 21:11:27,mainnet,10091763,10091763,0
2020-05-18 21:12:52,mainnet,10091768,10091768,0
2020-05-18 21:14:22,mainnet,10091774,10091774,0
2020-05-18 21:15:49,mainnet,10091778,10091778,0
2020-05-18 21:17:18,mainnet,10091788,10091787,1
2020-05-18 21:18:44,mainnet,10091794,10091792,2
2020-05-18 21:20:10,mainnet,10091802,10091801,1
2020-05-18 21:21:44,mainnet,10091811,10091810,1
2020-05-18 21:23:13,mainnet,10091818,10091818,0
2020-05-18 21:24:38,mainnet,10091820,10091820,0
2020-05-18 21:26:17,mainnet,10091826,10091826,0
2020-05-18 21:27:47,mainnet,10091829,10091829,0
2020-05-18 21:29:13,mainnet,10091834,10091834,0
2020-05-18 21:30:46,mainnet,10091838,10091838,0
2020-05-18 21:32:19,mainnet,10091848,10091848,0
2020-05-18 21:33:47,mainnet,10091855,10091855,0
2020-05-18 21:35:20,mainnet,10091861,10091861,0
2020-05-18 21:36:50,mainnet,10091868,10091868,0
2020-05-18 21:38:19,mainnet,10091878,10091876,2
2020-05-18 21:39:43,mainnet,10091883,10091883,0
2020-05-18 21:41:05,mainnet,10091895,10091895,0
2020-05-18 21:42:31,mainnet,10091903,10091903,0
2020-05-18 21:44:06,mainnet,10091912,10091912,0
2020-05-18 21:45:30,mainnet,10091916,10091916,0
2020-05-18 21:47:03,mainnet,10091925,10091925,0
2020-05-18 21:48:27,mainnet,10091930,10091930,0
2020-05-18 21:50:03,mainnet,10091936,10091936,0
2020-05-18 21:51:32,mainnet,10091943,10091943,0
2020-05-18 21:53:00,mainnet,10091947,10091947,0
2020-05-18 21:54:29,mainnet,10091957,10091957,0
2020-05-19 07:49:17,mainnet,10094574,10091994,2580
2020-05-19 07:50:39,mainnet,10094584,10092057,2527
2020-05-19 07:52:01,mainnet,10094588,10092114,2474
2020-05-19 07:53:24,mainnet,10094595,10092163,2432
2020-05-19 07:54:46,mainnet,10094599,10092220,2379
2020-05-19 07:56:08,mainnet,10094612,10092276,2336
2020-05-19 07:57:47,mainnet,10094619,10092331,2288
2020-05-19 07:59:12,mainnet,10094626,10092383,2243
2020-05-19 08:00:40,mainnet,10094633,10092466,2167
2020-05-19 08:02:07,mainnet,10094641,10092594,2047
2020-05-19 08:03:29,mainnet,10094647,10092731,1916
2020-05-19 08:05:05,mainnet,10094652,10092886,1766
2020-05-19 08:06:28,mainnet,10094656,10093021,1635
2020-05-19 08:07:51,mainnet,10094662,10093123,1539
2020-05-19 08:09:27,mainnet,10094666,10093361,1305
2020-05-19 08:11:33,mainnet,10094674,10093532,1142
2020-05-19 08:13:09,mainnet,10094681,10093731,950
2020-05-19 08:14:34,mainnet,10094687,10093928,759
2020-05-19 08:16:05,mainnet,10094697,10094140,557
2020-05-19 08:17:39,mainnet,10094709,10094358,351
2020-05-19 08:19:18,mainnet,10094715,10094538,177
2020-05-19 08:20:48,mainnet,10094718,10094608,110
2020-05-19 08:22:15,mainnet,10094725,10094654,71
2020-05-19 08:23:40,mainnet,10094732,10094702,30
2020-05-19 08:25:06,mainnet,10094744,10094743,1
2020-05-19 08:26:30,mainnet,10094749,10094749,0
2020-05-19 08:27:55,mainnet,10094755,10094755,0
2020-05-19 08:29:20,mainnet,10094761,10094761,0
2020-05-19 08:30:48,mainnet,10094769,10094769,0
2020-05-19 08:32:11,mainnet,10094778,10094778,0
2020-05-19 08:33:35,mainnet,10094785,10094785,0
2020-05-19 08:35:10,mainnet,10094793,10094793,0
2020-05-19 08:36:38,mainnet,10094798,10094798,0
2020-05-19 08:38:11,mainnet,10094805,10094805,0
2020-05-19 08:39:50,mainnet,10094809,10094809,0
2020-05-19 08:41:16,mainnet,10094812,10094812,0
2020-05-19 08:42:42,mainnet,10094819,10094818,1
2020-05-19 08:44:05,mainnet,10094825,10094825,0
2020-05-19 08:45:28,mainnet,10094836,10094836,0
2020-05-19 08:46:51,mainnet,10094838,10094838,0
2020-05-19 08:48:14,mainnet,10094847,10094847,0
2020-05-19 08:49:38,mainnet,10094857,10094857,0
2020-05-19 08:51:01,mainnet,10094861,10094861,0
2020-05-19 08:52:28,mainnet,10094868,10094868,0
2020-05-19 08:53:56,mainnet,10094879,10094879,0
2020-05-19 08:55:22,mainnet,10094884,10094884,0
2020-05-19 08:56:50,mainnet,10094895,10094895,0
2020-05-19 08:58:16,mainnet,10094903,10094903,0
2020-05-19 08:59:40,mainnet,10094908,10094908,0
2020-05-19 09:01:04,mainnet,10094915,10094915,0
2020-05-19 09:02:31,mainnet,10094919,10094919,0
2020-05-19 09:03:57,mainnet,10094927,10094927,0
2020-05-19 09:05:18,mainnet,10094934,10094934,0
2020-05-19 09:06:45,mainnet,10094937,10094937,0
2020-05-19 09:08:08,mainnet,10094943,10094943,0
2020-05-19 09:09:32,mainnet,10094950,10094950,0
2020-05-19 09:11:00,mainnet,10094954,10094954,0
2020-05-19 09:12:26,mainnet,10094956,10094957,-1
2020-05-19 09:13:52,mainnet,10094964,10094964,0
2020-05-19 09:15:20,mainnet,10094974,10094973,1
2020-05-19 09:16:46,mainnet,10094979,10094979,0
2020-05-19 09:18:12,mainnet,10094985,10094985,0
2020-05-19 09:19:38,mainnet,10094993,10094993,0
2020-05-19 09:21:00,mainnet,10095002,10095002,0
2020-05-19 09:22:24,mainnet,10095010,10095010,0
2020-05-19 09:23:50,mainnet,10095012,10095012,0
2020-05-19 09:25:16,mainnet,10095023,10095023,0
2020-05-19 09:26:43,mainnet,10095030,10095030,0
2020-05-19 09:28:09,mainnet,10095034,10095034,0
2020-05-19 09:29:32,mainnet,10095037,10095037,0
2020-05-19 09:30:55,mainnet,10095045,10095045,0
2020-05-19 09:32:18,mainnet,10095048,10095048,0
2020-05-19 09:33:41,mainnet,10095056,10095056,0
2020-05-19 09:35:06,mainnet,10095065,10095065,0
2020-05-19 09:36:29,mainnet,10095072,10095072,0
2020-05-19 09:37:52,mainnet,10095074,10095074,0
2020-05-19 09:39:31,mainnet,10095082,10095082,0
2020-05-19 09:41:07,mainnet,10095088,10095088,0
2020-05-19 09:42:32,mainnet,10095093,10095093,0
2020-05-19 09:44:01,mainnet,10095103,10095103,0
2020-05-19 09:45:24,mainnet,10095105,10095105,0
2020-05-19 09:46:49,mainnet,10095111,10095108,3
2020-05-19 09:48:12,mainnet,10095118,10095117,1
2020-05-19 09:49:36,mainnet,10095128,10095127,1
2020-05-19 09:51:02,mainnet,10095135,10095135,0
2020-05-19 09:52:25,mainnet,10095144,10095144,0
2020-05-19 09:53:51,mainnet,10095154,10095154,0
2020-05-19 09:55:21,mainnet,10095159,10095160,-1
2020-05-19 09:56:44,mainnet,10095166,10095166,0
2020-05-19 09:58:09,mainnet,10095169,10095169,0
2020-05-19 09:59:32,mainnet,10095176,10095176,0
2020-05-19 10:00:55,mainnet,10095181,10095181,0
2020-05-19 10:02:19,mainnet,10095186,10095186,0
2020-05-19 10:03:44,mainnet,10095190,10095190,0
2020-05-19 10:05:07,mainnet,10095194,10095195,-1
2020-05-19 10:06:30,mainnet,10095203,10095202,1
2020-05-19 10:07:56,mainnet,10095211,10095211,0
2020-05-19 10:09:22,mainnet,10095215,10095215,0
2020-05-19 10:10:45,mainnet,10095221,10095221,0
2020-05-19 10:12:09,mainnet,10095235,10095235,0
2020-05-19 10:13:37,mainnet,10095241,10095241,0
2020-05-19 10:15:02,mainnet,10095251,10095251,0
2020-05-19 10:16:29,mainnet,10095259,10095259,0
2020-05-19 10:17:54,mainnet,10095263,10095263,0
2020-05-19 10:19:20,mainnet,10095271,10095271,0
2020-05-19 10:20:46,mainnet,10095275,10095275,0
2020-05-19 10:22:12,mainnet,10095282,10095282,0
2020-05-19 10:23:38,mainnet,10095286,10095286,0
2020-05-19 16:34:16,mainnet,10096913,9361409,735504
2020-05-19 16:37:01,mainnet,10096923,9366208,730715
2020-05-19 16:38:24,mainnet,10096933,9378049,718884
2020-05-19 16:39:46,mainnet,10096937,9397249,699688
2020-05-19 16:41:08,mainnet,10096945,9413633,683312
2020-05-19 16:42:30,mainnet,10096948,9439490,657458
2020-05-19 16:43:53,mainnet,10096951,9496342,600609
2020-05-19 16:45:16,mainnet,10096956,9554599,542357
2020-05-19 16:46:42,mainnet,10096965,9616134,480831
2020-05-19 16:48:12,mainnet,10096970,9678011,418959
2020-05-19 16:49:38,mainnet,10096973,9736824,360149
2020-05-19 16:51:02,mainnet,10096984,9788262,308722
2020-05-19 16:52:25,mainnet,10096988,9845136,251852
2020-05-19 16:53:48,mainnet,10096992,9902113,194879
2020-05-19 16:55:11,mainnet,10096999,9957222,139777
2020-05-19 16:56:34,mainnet,10097002,10011464,85538
2020-05-19 16:57:59,mainnet,10097009,10060536,36473
2020-05-19 16:59:22,mainnet,10097017,10097016,1
2020-05-19 17:00:44,mainnet,10097020,10097020,0
2020-05-19 17:02:06,mainnet,10097022,10097022,0
2020-05-19 17:03:28,mainnet,10097025,10097025,0
2020-05-19 17:04:50,mainnet,10097034,10097034,0
2020-05-19 17:06:12,mainnet,10097038,10097038,0
2020-05-19 17:07:34,mainnet,10097042,10097042,0
2020-05-19 17:08:56,mainnet,10097051,10097050,1
2020-05-19 17:10:18,mainnet,10097056,10097056,0
2020-05-19 17:11:40,mainnet,10097065,10097066,-1
2020-05-19 17:13:02,mainnet,10097070,10097070,0
2020-05-19 17:14:24,mainnet,10097076,10097076,0
2020-05-19 17:15:46,mainnet,10097084,10097084,0
2020-05-19 17:17:08,mainnet,10097093,10097093,0
2020-05-19 17:18:30,mainnet,10097099,10097099,0
2020-05-19 17:19:52,mainnet,10097103,10097103,0
2020-05-19 17:21:14,mainnet,10097106,10097106,0
2020-05-19 17:22:35,mainnet,10097110,10097110,0
2020-05-19 17:23:57,mainnet,10097115,10097115,0
2020-05-19 17:25:19,mainnet,10097121,10097121,0
2020-05-19 17:26:41,mainnet,10097128,10097128,0
2020-05-19 17:28:03,mainnet,10097136,10097136,0
2020-05-19 17:29:25,mainnet,10097140,10097140,0
2020-05-19 17:30:47,mainnet,10097142,10097142,0
2020-05-19 17:32:09,mainnet,10097147,10097147,0
2020-05-19 17:33:31,mainnet,10097153,10097154,-1
2020-05-19 17:34:53,mainnet,10097158,10097158,0
2020-05-19 17:36:15,mainnet,10097165,10097165,0
2020-05-19 17:37:37,mainnet,10097171,10097171,0
2020-05-19 17:38:59,mainnet,10097179,10097179,0
2020-05-19 17:40:21,mainnet,10097185,10097186,-1
2020-05-19 17:41:42,mainnet,10097192,10097193,-1
2020-05-19 17:43:05,mainnet,10097198,10097198,0
2020-05-19 17:44:26,mainnet,10097204,10097204,0
2020-05-19 17:45:48,mainnet,10097212,10097211,1
2020-05-19 17:47:10,mainnet,10097216,10097216,0
2020-05-19 17:48:32,mainnet,10097222,10097222,0
2020-05-19 17:49:54,mainnet,10097231,10097231,0
2020-05-19 17:51:16,mainnet,10097240,10097240,0
2020-05-19 17:52:38,mainnet,10097250,10097250,0
2020-05-19 17:54:00,mainnet,10097261,10097261,0
2020-05-19 17:55:21,mainnet,10097269,10097269,0
2020-05-19 17:56:43,mainnet,10097276,10097276,0
2020-05-19 17:58:05,mainnet,10097279,10097280,-1
2020-05-19 17:59:27,mainnet,10097284,10097284,0
2020-05-19 18:00:49,mainnet,10097287,10097287,0
2020-05-19 18:02:11,mainnet,10097294,10097294,0
2020-05-19 18:03:33,mainnet,10097301,10097301,0
2020-05-19 18:04:55,mainnet,10097303,10097304,-1
2020-05-19 18:06:17,mainnet,10097317,10097317,0
2020-05-19 18:07:39,mainnet,10097328,10097328,0
2020-05-19 18:09:01,mainnet,10097337,10097337,0
2020-05-19 18:10:23,mainnet,10097344,10097345,-1
2020-05-19 18:11:44,mainnet,10097351,10097351,0
2020-05-19 18:13:06,mainnet,10097355,10097355,0
2020-05-19 18:14:28,mainnet,10097364,10097364,0
2020-05-19 18:15:50,mainnet,10097367,10097367,0
2020-05-19 18:17:12,mainnet,10097373,10097373,0
2020-05-19 18:18:35,mainnet,10097380,10097380,0
2020-05-19 18:19:56,mainnet,10097386,10097386,0
2020-05-19 18:21:18,mainnet,10097393,10097393,0
2020-05-19 18:22:41,mainnet,10097398,10097398,0
2020-05-19 18:24:03,mainnet,10097402,10097402,0
2020-05-19 18:25:25,mainnet,10097410,10097410,0
2020-05-19 18:26:47,mainnet,10097417,10097417,0
2020-05-19 18:28:09,mainnet,10097424,10097425,-1
2020-05-19 18:29:31,mainnet,10097426,10097426,0
2020-05-19 18:30:53,mainnet,10097432,10097432,0
2020-05-19 18:32:15,mainnet,10097438,10097438,0
2020-05-19 18:33:37,mainnet,10097441,10097441,0
2020-05-19 18:34:58,mainnet,10097444,10097444,0
2020-05-19 18:36:20,mainnet,10097448,10097448,0
2020-05-19 18:37:42,mainnet,10097453,10097453,0
2020-05-19 18:39:04,mainnet,10097457,10097458,-1
2020-05-19 18:40:26,mainnet,10097466,10097466,0
2020-05-19 18:41:48,mainnet,10097476,10097476,0
2020-05-19 18:43:10,mainnet,10097479,10097479,0
2020-05-19 18:44:32,mainnet,10097487,10097487,0
2020-05-19 18:45:55,mainnet,10097491,10097491,0
2020-05-19 18:47:17,mainnet,10097498,10097498,0
2020-05-19 18:48:39,mainnet,10097506,10097506,0
2020-05-19 18:50:01,mainnet,10097514,10097514,0
2020-05-19 18:51:22,mainnet,10097519,10097519,0
2020-05-19 18:52:44,mainnet,10097524,10097525,-1
2020-05-19 18:54:07,mainnet,10097530,10097530,0
2020-05-19 18:55:29,mainnet,10097536,10097536,0
2020-05-19 18:56:51,mainnet,10097541,10097541,0
2020-05-19 18:58:13,mainnet,10097549,10097549,0
2020-05-19 18:59:34,mainnet,10097556,10097556,0
2020-05-19 19:00:56,mainnet,10097564,10097564,0
2020-05-19 19:02:18,mainnet,10097567,10097567,0
2020-05-19 19:03:40,mainnet,10097574,10097574,0
2020-05-19 19:05:02,mainnet,10097579,10097579,0
2020-05-19 19:06:24,mainnet,10097585,10097585,0
2020-05-19 19:07:46,mainnet,10097592,10097593,-1
2020-05-19 19:09:08,mainnet,10097598,10097598,0
2020-05-19 19:10:30,mainnet,10097602,10097602,0
2020-05-19 19:11:52,mainnet,10097606,10097606,0
2020-05-19 19:13:14,mainnet,10097612,10097612,0
2020-05-19 19:14:36,mainnet,10097620,10097620,0
2020-05-19 19:15:58,mainnet,10097627,10097627,0
2020-05-19 19:17:20,mainnet,10097633,10097634,-1
2020-05-19 19:18:42,mainnet,10097638,10097638,0
2020-05-19 19:20:04,mainnet,10097646,10097646,0
2020-05-19 19:21:25,mainnet,10097657,10097657,0
2020-05-19 19:22:47,mainnet,10097668,10097669,-1
2020-05-19 19:24:10,mainnet,10097677,10097677,0
2020-05-19 19:25:31,mainnet,10097683,10097683,0
2020-05-19 19:26:54,mainnet,10097689,10097690,-1
2020-05-19 19:28:16,mainnet,10097695,10097695,0
2020-05-19 19:29:37,mainnet,10097705,10097705,0
2020-05-19 19:31:00,mainnet,10097716,10097716,0
2020-05-19 19:32:22,mainnet,10097723,10097723,0
2020-05-19 19:33:44,mainnet,10097728,10097728,0
2020-05-19 19:35:06,mainnet,10097733,10097733,0
2020-05-19 19:36:27,mainnet,10097739,10097739,0
2020-05-19 19:37:49,mainnet,10097747,10097747,0
2020-05-19 19:39:11,mainnet,10097748,10097748,0
2020-05-19 19:40:33,mainnet,10097753,10097753,0
2020-05-19 19:41:55,mainnet,10097757,10097757,0
2020-05-19 19:43:17,mainnet,10097763,10097763,0
2020-05-19 19:44:39,mainnet,10097770,10097770,0
2020-05-19 19:46:01,mainnet,10097776,10097776,0
2020-05-19 19:47:23,mainnet,10097784,10097784,0
2020-05-19 19:48:45,mainnet,10097790,10097790,0
2020-05-19 19:50:07,mainnet,10097798,10097798,0
2020-05-19 19:51:29,mainnet,10097804,10097804,0
2020-05-19 19:52:51,mainnet,10097808,10097808,0
2020-05-19 19:54:13,mainnet,10097823,10097822,1
2020-05-19 19:55:35,mainnet,10097830,10097830,0
2020-05-19 19:56:57,mainnet,10097836,10097837,-1
2020-05-19 19:58:19,mainnet,10097842,10097842,0
2020-05-19 19:59:41,mainnet,10097845,10097845,0
2020-05-19 20:01:03,mainnet,10097852,10097853,-1
2020-05-19 20:02:25,mainnet,10097859,10097859,0
2020-05-19 20:03:47,mainnet,10097863,10097863,0
2020-05-19 20:05:09,mainnet,10097864,10097864,0
2020-05-19 20:06:31,mainnet,10097872,10097872,0
2020-05-19 20:07:53,mainnet,10097881,10097881,0
2020-05-19 20:09:15,mainnet,10097886,10097887,-1
2020-05-19 20:10:37,mainnet,10097893,10097893,0
2020-05-19 20:11:59,mainnet,10097901,10097901,0
2020-05-19 20:13:21,mainnet,10097905,10097905,0
2020-05-19 20:14:42,mainnet,10097909,10097911,-2
2020-05-19 20:16:04,mainnet,10097918,10097918,0
2020-05-19 20:17:26,mainnet,10097923,10097923,0
2020-05-19 20:18:48,mainnet,10097929,10097928,1
2020-05-19 20:20:10,mainnet,10097933,10097933,0
2020-05-19 20:21:32,mainnet,10097937,10097937,0
2020-05-19 20:22:54,mainnet,10097942,10097942,0
2020-05-19 20:24:16,mainnet,10097949,10097949,0
2020-05-19 20:25:38,mainnet,10097961,10097961,0
2020-05-19 20:27:00,mainnet,10097970,10097970,0
2020-05-19 20:28:22,mainnet,10097975,10097975,0
2020-05-19 20:29:44,mainnet,10097987,10097987,0
2020-05-19 20:31:06,mainnet,10097992,10097992,0
2020-05-19 20:32:28,mainnet,10098002,10098002,0
2020-05-19 20:33:50,mainnet,10098006,10098006,0
2020-05-19 20:35:12,mainnet,10098016,10098015,1
2020-05-19 20:36:34,mainnet,10098020,10098020,0
2020-05-19 20:37:56,mainnet,10098024,10098024,0
2020-05-19 20:39:17,mainnet,10098030,10098030,0
2020-05-19 20:40:39,mainnet,10098035,10098035,0
2020-05-19 20:42:01,mainnet,10098038,10098038,0
2020-05-19 20:43:23,mainnet,10098043,10098043,0
2020-05-19 20:44:45,mainnet,10098046,10098046,0
2020-05-19 20:46:07,mainnet,10098055,10098055,0
2020-05-19 20:47:29,mainnet,10098068,10098068,0
2020-05-19 20:48:51,mainnet,10098074,10098074,0
2020-05-19 20:50:15,mainnet,10098084,10098084,0
2020-05-19 20:51:37,mainnet,10098088,10098088,0
2020-05-19 20:52:58,mainnet,10098094,10098094,0
2020-05-19 20:54:20,mainnet,10098101,10098101,0
2020-05-19 20:55:42,mainnet,10098109,10098109,0
2020-05-19 20:57:04,mainnet,10098115,10098115,0
2020-05-19 20:58:26,mainnet,10098124,10098124,0
2020-05-19 20:59:48,mainnet,10098129,10098129,0
2020-05-19 21:01:10,mainnet,10098138,10098138,0
2020-05-19 21:02:32,mainnet,10098146,10098146,0
2020-05-19 21:03:54,mainnet,10098148,10098148,0
2020-05-19 21:05:16,mainnet,10098153,10098153,0
2020-05-19 21:06:38,mainnet,10098161,10098161,0
2020-05-19 21:08:00,mainnet,10098164,10098164,0
2020-05-19 21:08:00,kovan,18612758,13465601,5147157
2020-05-19 21:09:22,mainnet,10098170,10098170,0
2020-05-19 21:09:22,kovan,18612775,13465601,5147174
2020-05-19 21:10:44,mainnet,10098181,10098182,-1
2020-05-19 21:10:44,kovan,18612791,13465601,5147190
2020-05-19 21:12:06,mainnet,10098187,10098187,0
2020-05-19 21:12:06,kovan,18612807,13465601,5147206
2020-05-19 21:13:28,mainnet,10098191,10098191,0
2020-05-19 21:13:28,kovan,18612824,13465601,5147223
2020-05-19 21:14:50,mainnet,10098194,10098195,-1
2020-05-19 21:14:50,kovan,18612840,13465601,5147239
2020-05-19 21:16:13,mainnet,10098200,10098200,0
2020-05-19 21:16:13,kovan,18612856,13465601,5147255
2020-05-19 21:17:35,mainnet,10098205,10098205,0
2020-05-19 21:17:35,kovan,18612873,13465601,5147272
2020-05-19 21:18:57,mainnet,10098210,10098210,0
2020-05-19 21:18:57,kovan,18612890,13465601,5147289
2020-05-19 21:20:19,mainnet,10098218,10098218,0
2020-05-19 21:20:19,kovan,18612906,13465601,5147305
2020-05-19 21:21:41,mainnet,10098224,10098226,-2
2020-05-19 21:21:41,kovan,18612923,13465601,5147322
2020-05-19 21:23:03,mainnet,10098231,10098232,-1
2020-05-19 21:23:03,kovan,18612939,13465601,5147338
2020-05-19 21:24:25,mainnet,10098238,10098239,-1
2020-05-19 21:24:25,kovan,18612955,13465601,5147354
2020-05-19 21:25:47,mainnet,10098244,10098244,0
2020-05-19 21:25:47,kovan,18612971,13465601,5147370
2020-05-19 21:27:09,mainnet,10098249,10098249,0
2020-05-19 21:27:09,kovan,18612988,13465601,5147387
2020-05-19 21:28:32,mainnet,10098252,10098252,0
2020-05-19 21:28:32,kovan,18613005,13465601,5147404
2020-05-19 21:29:55,mainnet,10098259,10098259,0
2020-05-19 21:29:55,kovan,18613021,13465601,5147420
2020-05-19 21:31:17,mainnet,10098266,10098266,0
2020-05-19 21:31:17,kovan,18613037,13465601,5147436
2020-05-19 21:32:39,mainnet,10098271,10098271,0
2020-05-19 21:32:39,kovan,18613054,13465601,5147453
2020-05-19 21:34:01,mainnet,10098280,10098280,0
2020-05-19 21:34:01,kovan,18613071,13465601,5147470
2020-05-19 21:35:23,mainnet,10098282,10098282,0
2020-05-19 21:35:23,kovan,18613087,13465601,5147486
2020-05-19 21:36:46,mainnet,10098291,10098292,-1
2020-05-19 21:36:46,kovan,18613103,13465601,5147502
2020-05-19 21:38:09,mainnet,10098301,10098301,0
2020-05-19 21:38:09,kovan,18613120,13465601,5147519
2020-05-19 21:39:32,mainnet,10098307,10098307,0
2020-05-19 21:39:32,kovan,18613137,13465601,5147536
2020-05-19 21:40:54,mainnet,10098317,10098317,0
2020-05-19 21:40:54,kovan,18613153,13465601,5147552
2020-05-19 21:42:16,mainnet,10098328,10098328,0
2020-05-19 21:42:16,kovan,18613170,13465601,5147569
2020-05-19 21:43:40,mainnet,10098338,10098338,0
2020-05-19 21:43:40,kovan,18613186,13465601,5147585
2020-05-19 21:45:02,mainnet,10098346,10098346,0
2020-05-19 21:45:02,kovan,18613203,13465601,5147602
2020-05-19 21:46:24,mainnet,10098355,10098355,0
2020-05-19 21:46:24,kovan,18613219,13465601,5147618
2020-05-19 21:47:46,mainnet,10098360,10098361,-1
2020-05-19 21:47:46,kovan,18613235,13465601,5147634
2020-05-19 21:49:08,mainnet,10098368,10098369,-1
2020-05-19 21:49:08,kovan,18613252,13465601,5147651
2020-05-19 21:50:30,mainnet,10098375,10098375,0
2020-05-19 21:50:30,kovan,18613268,13465601,5147667
2020-05-19 21:51:52,mainnet,10098384,10098383,1
2020-05-19 21:51:52,kovan,18613284,13465601,5147683
2020-05-19 21:53:14,mainnet,10098388,10098388,0
2020-05-19 21:53:14,kovan,18613301,13465601,5147700
2020-05-19 21:54:36,mainnet,10098392,10098392,0
2020-05-19 21:54:36,kovan,18613318,13465601,5147717
2020-05-19 21:55:59,mainnet,10098394,10098394,0
2020-05-19 21:55:59,kovan,18613334,13465601,5147733
2020-05-19 21:57:20,mainnet,10098399,10098398,1
2020-05-19 21:57:20,kovan,18613350,13465601,5147749
2020-05-19 21:58:42,mainnet,10098403,10098403,0
2020-05-19 21:58:42,kovan,18613367,13465601,5147766
2020-05-19 22:00:05,mainnet,10098413,10098412,1
2020-05-19 22:00:05,kovan,18613383,13465601,5147782
2020-05-19 22:01:27,mainnet,10098422,10098422,0
2020-05-19 22:01:27,kovan,18613399,13465601,5147798
2020-05-19 22:02:49,mainnet,10098425,10098425,0
2020-05-19 22:02:49,kovan,18613416,13465601,5147815
2020-05-19 22:04:11,mainnet,10098429,10098429,0
2020-05-19 22:04:11,kovan,18613432,13465601,5147831
2020-05-19 22:05:33,mainnet,10098430,10098430,0
2020-05-19 22:05:33,kovan,18613449,13465601,5147848
2020-05-19 22:06:55,mainnet,10098438,10098438,0
2020-05-19 22:06:55,kovan,18613465,13465601,5147864
2020-05-19 22:08:17,mainnet,10098446,10098446,0
2020-05-19 22:08:17,kovan,18613481,13465601,5147880
2020-05-19 22:09:39,mainnet,10098452,10098452,0
2020-05-19 22:09:39,kovan,18613498,13465601,5147897
2020-05-19 22:11:01,mainnet,10098456,10098456,0
2020-05-19 22:11:01,kovan,18613515,13465601,5147914
2020-05-19 22:12:23,mainnet,10098460,10098460,0
2020-05-19 22:12:23,kovan,18613531,13465601,5147930
2020-05-19 22:13:45,mainnet,10098469,10098469,0
2020-05-19 22:13:45,kovan,18613547,13465601,5147946
2020-05-19 22:15:07,mainnet,10098476,10098476,0
2020-05-19 22:15:07,kovan,18613563,13465601,5147962
2020-05-19 22:16:29,mainnet,10098486,10098486,0
2020-05-19 22:16:29,kovan,18613579,13465601,5147978
2020-05-19 22:17:51,mainnet,10098492,10098492,0
2020-05-19 22:17:51,kovan,18613596,13465601,5147995
2020-05-19 22:19:13,mainnet,10098496,10098496,0
2020-05-19 22:19:13,kovan,18613613,13465601,5148012
2020-05-19 22:20:35,mainnet,10098500,10098500,0
2020-05-19 22:20:35,kovan,18613629,13465601,5148028
2020-05-19 22:21:57,mainnet,10098504,10098504,0
2020-05-19 22:21:57,kovan,18613645,13465601,5148044
2020-05-19 22:23:19,mainnet,10098506,10098506,0
2020-05-19 22:23:19,kovan,18613662,13465601,5148061
2020-05-19 22:24:41,mainnet,10098510,10098510,0
2020-05-19 22:24:41,kovan,18613679,13465601,5148078
2020-05-19 22:26:03,mainnet,10098514,10098514,0
2020-05-19 22:26:03,kovan,18613695,13465601,5148094
2020-05-19 22:27:25,mainnet,10098519,10098519,0
2020-05-19 22:27:25,kovan,18613711,13465601,5148110
2020-05-19 22:28:47,mainnet,10098523,10098523,0
2020-05-19 22:28:47,kovan,18613727,13465601,5148126
2020-05-19 22:30:09,mainnet,10098529,10098529,0
2020-05-19 22:30:09,kovan,18613743,13465601,5148142
2020-05-19 22:31:31,mainnet,10098536,10098536,0
2020-05-19 22:31:31,kovan,18613760,13465601,5148159
2020-05-19 22:32:53,mainnet,10098544,10098544,0
2020-05-19 22:32:53,kovan,18613776,13465601,5148175
2020-05-19 22:34:15,mainnet,10098551,10098551,0
2020-05-19 22:34:15,kovan,18613793,13465601,5148192
2020-05-19 22:35:37,mainnet,10098554,10098554,0
2020-05-19 22:35:37,kovan,18613810,13465601,5148209
2020-05-19 22:36:59,mainnet,10098559,10098559,0
2020-05-19 22:36:59,kovan,18613826,13465601,5148225
2020-05-19 22:38:21,mainnet,10098568,10098569,-1
2020-05-19 22:38:21,kovan,18613843,13465601,5148242
2020-05-19 22:39:43,mainnet,10098574,10098574,0
2020-05-19 22:39:43,kovan,18613859,13465601,5148258
2020-05-19 22:41:05,mainnet,10098581,10098581,0
2020-05-19 22:41:05,kovan,18613875,13465601,5148274
2020-05-19 22:42:28,mainnet,10098588,10098588,0
2020-05-19 22:42:28,kovan,18613891,13465601,5148290
2020-05-19 22:43:50,mainnet,10098592,10098592,0
2020-05-19 22:43:50,kovan,18613908,13465601,5148307
2020-05-19 22:45:12,mainnet,10098595,10098595,0
2020-05-19 22:45:12,kovan,18613925,13465601,5148324
2020-05-19 22:46:34,mainnet,10098598,10098598,0
2020-05-19 22:46:34,kovan,18613941,13465601,5148340
2020-05-19 22:47:56,mainnet,10098605,10098605,0
2020-05-19 22:47:56,kovan,18613958,13465601,5148357
2020-05-19 22:49:18,mainnet,10098607,10098608,-1
2020-05-19 22:49:18,kovan,18613974,13465601,5148373
2020-05-19 22:50:41,mainnet,10098617,10098617,0
2020-05-19 22:50:41,kovan,18613990,13465601,5148389
2020-05-19 22:52:03,mainnet,10098626,10098626,0
2020-05-19 22:52:03,kovan,18614007,13465601,5148406
2020-05-19 22:53:25,mainnet,10098632,10098632,0
2020-05-19 22:53:25,kovan,18614023,13465601,5148422
2020-05-19 22:54:47,mainnet,10098639,10098639,0
2020-05-19 22:54:47,kovan,18614039,13465601,5148438
2020-05-19 22:56:09,mainnet,10098642,10098642,0
2020-05-19 22:56:09,kovan,18614056,13465601,5148455
2020-05-19 22:57:31,mainnet,10098649,10098649,0
2020-05-19 22:57:31,kovan,18614072,13465601,5148471
2020-05-19 22:58:53,mainnet,10098656,10098656,0
2020-05-19 22:58:53,kovan,18614088,13465601,5148487
2020-05-19 23:00:15,mainnet,10098663,10098663,0
2020-05-19 23:00:15,kovan,18614105,13465601,5148504
2020-05-19 23:01:37,mainnet,10098664,10098664,0
2020-05-19 23:01:37,kovan,18614122,13465601,5148521
2020-05-19 23:02:59,mainnet,10098673,10098674,-1
2020-05-19 23:02:59,kovan,18614138,13465601,5148537
2020-05-19 23:04:21,mainnet,10098676,10098677,-1
2020-05-19 23:04:21,kovan,18614155,13465601,5148554
2020-05-19 23:05:43,mainnet,10098686,10098686,0
2020-05-19 23:05:43,kovan,18614171,13465601,5148570
2020-05-19 23:07:05,mainnet,10098694,10098694,0
2020-05-19 23:07:05,kovan,18614187,13465601,5148586
2020-05-19 23:08:27,mainnet,10098703,10098703,0
2020-05-19 23:08:27,kovan,18614203,13465601,5148602
2020-05-19 23:09:49,mainnet,10098707,10098707,0
2020-05-19 23:09:49,kovan,18614220,13465601,5148619
2020-05-19 23:11:11,mainnet,10098717,10098716,1
2020-05-19 23:11:11,kovan,18614237,13465601,5148636
2020-05-19 23:12:33,mainnet,10098722,10098722,0
2020-05-19 23:12:33,kovan,18614253,13465601,5148652
2020-05-19 23:13:56,mainnet,10098729,10098729,0
2020-05-19 23:13:56,kovan,18614269,13465601,5148668
2020-05-19 23:15:18,mainnet,10098735,10098735,0
2020-05-19 23:15:18,kovan,18614286,13465601,5148685
2020-05-19 23:16:40,mainnet,10098741,10098741,0
2020-05-19 23:16:40,kovan,18614302,13465601,5148701
2020-05-19 23:18:02,mainnet,10098747,10098747,0
2020-05-19 23:18:02,kovan,18614319,13465601,5148718
2020-05-19 23:19:24,mainnet,10098755,10098753,2
2020-05-19 23:19:24,kovan,18614335,13465601,5148734
2020-05-19 23:20:46,mainnet,10098757,10098757,0
2020-05-19 23:20:46,kovan,18614351,13465601,5148750
2020-05-19 23:22:08,mainnet,10098764,10098764,0
2020-05-19 23:22:08,kovan,18614367,13465601,5148766
2020-05-19 23:23:30,mainnet,10098769,10098769,0
2020-05-19 23:23:30,kovan,18614384,13465601,5148783
2020-05-19 23:24:52,mainnet,10098774,10098774,0
2020-05-19 23:24:52,kovan,18614401,13465601,5148800
2020-05-19 23:26:14,mainnet,10098781,10098780,1
2020-05-19 23:26:14,kovan,18614417,13465601,5148816
2020-05-19 23:27:36,mainnet,10098788,10098789,-1
2020-05-19 23:27:36,kovan,18614433,13465601,5148832
2020-05-19 23:28:58,mainnet,10098793,10098793,0
2020-05-19 23:28:58,kovan,18614450,13465601,5148849
2020-05-19 23:30:21,mainnet,10098802,10098802,0
2020-05-19 23:30:21,kovan,18614467,13465601,5148866
2020-05-19 23:31:43,mainnet,10098810,10098810,0
2020-05-19 23:31:43,kovan,18614483,13465601,5148882
2020-05-19 23:33:05,mainnet,10098818,10098818,0
2020-05-19 23:33:05,kovan,18614499,13465601,5148898
2020-05-19 23:34:27,mainnet,10098826,10098826,0
2020-05-19 23:34:27,kovan,18614515,13465601,5148914
2020-05-19 23:35:49,mainnet,10098832,10098833,-1
2020-05-19 23:35:49,kovan,18614532,13465601,5148931
2020-05-19 23:37:12,mainnet,10098840,10098840,0
2020-05-19 23:37:12,kovan,18614548,13465601,5148947
2020-05-19 23:38:34,mainnet,10098847,10098847,0
2020-05-19 23:38:34,kovan,18614565,13465601,5148964
2020-05-19 23:39:56,mainnet,10098854,10098854,0
2020-05-19 23:39:56,kovan,18614582,13465601,5148981
2020-05-19 23:41:18,mainnet,10098857,10098858,-1
2020-05-19 23:41:18,kovan,18614598,13465601,5148997
2020-05-19 23:42:40,mainnet,10098868,10098868,0
2020-05-19 23:42:40,kovan,18614614,13465601,5149013
2020-05-19 23:44:02,mainnet,10098874,10098874,0
2020-05-19 23:44:02,kovan,18614631,13465601,5149030
2020-05-19 23:45:24,mainnet,10098879,10098879,0
2020-05-19 23:45:24,kovan,18614647,13465601,5149046
2020-05-19 23:46:46,mainnet,10098882,10098882,0
2020-05-19 23:46:46,kovan,18614663,13465601,5149062
2020-05-19 23:48:08,mainnet,10098888,10098888,0
2020-05-19 23:48:08,kovan,18614680,13465601,5149079
2020-05-19 23:49:30,mainnet,10098893,10098893,0
2020-05-19 23:49:30,kovan,18614696,13465601,5149095
2020-05-19 23:50:52,mainnet,10098903,10098903,0
2020-05-19 23:50:52,kovan,18614713,13465601,5149112
2020-05-19 23:52:14,mainnet,10098914,10098913,1
2020-05-19 23:52:14,kovan,18614729,13465601,5149128
2020-05-19 23:53:36,mainnet,10098919,10098919,0
2020-05-19 23:53:36,kovan,18614745,13465601,5149144
2020-05-19 23:54:58,mainnet,10098926,10098926,0
2020-05-19 23:54:58,kovan,18614762,13465601,5149161
2020-05-19 23:56:20,mainnet,10098928,10098928,0
2020-05-19 23:56:20,kovan,18614779,13465601,5149178
2020-05-19 23:57:42,mainnet,10098940,10098940,0
2020-05-19 23:57:42,kovan,18614795,13465601,5149194
2020-05-19 23:59:05,mainnet,10098946,10098946,0
2020-05-19 23:59:05,kovan,18614811,13465601,5149210
2020-05-20 00:00:27,mainnet,10098951,10098950,1
2020-05-20 00:00:27,kovan,18614827,13465601,5149226
2020-05-20 00:01:49,mainnet,10098959,10098959,0
2020-05-20 00:01:49,kovan,18614844,13465601,5149243
2020-05-20 00:03:11,mainnet,10098967,10098967,0
2020-05-20 00:03:11,kovan,18614860,13465601,5149259
2020-05-20 00:04:33,mainnet,10098972,10098972,0
2020-05-20 00:04:33,kovan,18614877,13465601,5149276
2020-05-20 00:05:55,mainnet,10098979,10098979,0
2020-05-20 00:05:55,kovan,18614893,13465601,5149292
2020-05-20 00:07:17,mainnet,10098984,10098985,-1
2020-05-20 00:07:17,kovan,18614910,13465601,5149309
2020-05-20 00:08:39,mainnet,10098992,10098992,0
2020-05-20 00:08:39,kovan,18614926,13465601,5149325
2020-05-20 00:10:01,mainnet,10098996,10098996,0
2020-05-20 00:10:01,kovan,18614942,13465601,5149341
2020-05-20 00:11:23,mainnet,10099001,10099001,0
2020-05-20 00:11:23,kovan,18614959,13465601,5149358
2020-05-20 00:12:45,mainnet,10099005,10099005,0
2020-05-20 00:12:45,kovan,18614975,13465601,5149374
2020-05-20 00:14:07,mainnet,10099011,10099011,0
2020-05-20 00:14:07,kovan,18614991,13465601,5149390
2020-05-20 00:15:29,mainnet,10099019,10099020,-1
2020-05-20 00:15:29,kovan,18615008,13465601,5149407
2020-05-20 00:16:51,mainnet,10099025,10099025,0
2020-05-20 00:16:51,kovan,18615024,13465601,5149423
2020-05-20 00:18:13,mainnet,10099028,10099028,0
2020-05-20 00:18:13,kovan,18615041,13465601,5149440
2020-05-20 00:19:36,mainnet,10099031,10099031,0
2020-05-20 00:19:36,kovan,18615057,13465601,5149456
2020-05-20 00:20:58,mainnet,10099037,10099037,0
2020-05-20 00:20:58,kovan,18615074,13465601,5149473
2020-05-20 00:22:20,mainnet,10099043,10099044,-1
2020-05-20 00:22:20,kovan,18615090,13465601,5149489
2020-05-20 00:23:42,mainnet,10099049,10099049,0
2020-05-20 00:23:42,kovan,18615107,13465601,5149506
2020-05-20 00:25:04,mainnet,10099055,10099055,0
2020-05-20 00:25:04,kovan,18615123,13465601,5149522
2020-05-20 00:26:26,mainnet,10099062,10099062,0
2020-05-20 00:26:26,kovan,18615139,13465601,5149538
2020-05-20 00:27:48,mainnet,10099067,10099067,0
2020-05-20 00:27:48,kovan,18615155,13465601,5149554
2020-05-20 00:29:10,mainnet,10099076,10099076,0
2020-05-20 00:29:10,kovan,18615172,13465601,5149571
2020-05-20 00:30:32,mainnet,10099084,10099084,0
2020-05-20 00:30:32,kovan,18615188,13465601,5149587
2020-05-20 00:31:54,mainnet,10099091,10099091,0
2020-05-20 00:31:54,kovan,18615205,13465601,5149604
2020-05-20 00:33:17,mainnet,10099098,10099097,1
2020-05-20 00:33:17,kovan,18615222,13465601,5149621
2020-05-20 00:34:39,mainnet,10099103,10099103,0
2020-05-20 00:34:39,kovan,18615237,13465601,5149636
2020-05-20 00:36:01,mainnet,10099109,10099108,1
2020-05-20 00:36:01,kovan,18615253,13465601,5149652
2020-05-20 00:37:23,mainnet,10099116,10099116,0
2020-05-20 00:37:23,kovan,18615270,13465601,5149669
2020-05-20 00:38:45,mainnet,10099117,10099117,0
2020-05-20 00:38:45,kovan,18615286,13465601,5149685
2020-05-20 00:40:07,mainnet,10099119,10099120,-1
2020-05-20 00:40:07,kovan,18615302,13465601,5149701
2020-05-20 00:41:29,mainnet,10099126,10099125,1
2020-05-20 00:41:29,kovan,18615319,13465601,5149718
2020-05-20 00:42:51,mainnet,10099130,10099130,0
2020-05-20 00:42:51,kovan,18615336,13465601,5149735
2020-05-20 00:44:13,mainnet,10099136,10099136,0
2020-05-20 00:44:13,kovan,18615352,13465601,5149751
2020-05-20 00:45:35,mainnet,10099145,10099145,0
2020-05-20 00:45:35,kovan,18615368,13465601,5149767
2020-05-20 00:46:57,mainnet,10099156,10099155,1
2020-05-20 00:46:57,kovan,18615384,13465601,5149783
2020-05-20 00:48:19,mainnet,10099163,10099163,0
2020-05-20 00:48:19,kovan,18615401,13465601,5149800
2020-05-20 00:49:41,mainnet,10099169,10099169,0
2020-05-20 00:49:41,kovan,18615418,13465601,5149817
2020-05-20 00:51:03,mainnet,10099173,10099173,0
2020-05-20 00:51:03,kovan,18615434,13465601,5149833
2020-05-20 00:52:25,mainnet,10099180,10099180,0
2020-05-20 00:52:25,kovan,18615450,13465601,5149849
2020-05-20 00:53:47,mainnet,10099186,10099186,0
2020-05-20 00:53:47,kovan,18615466,13465601,5149865
2020-05-20 00:55:09,mainnet,10099191,10099191,0
2020-05-20 00:55:09,kovan,18615483,13465601,5149882
2020-05-20 00:56:31,mainnet,10099198,10099197,1
2020-05-20 00:56:31,kovan,18615499,13465601,5149898
2020-05-20 00:57:53,mainnet,10099206,10099206,0
2020-05-20 00:57:53,kovan,18615516,13465601,5149915
2020-05-20 00:59:16,mainnet,10099208,10099208,0
2020-05-20 00:59:16,kovan,18615532,13465601,5149931
2020-05-20 01:00:38,mainnet,10099211,10099211,0
2020-05-20 01:00:38,kovan,18615549,13465601,5149948
2020-05-20 01:02:00,mainnet,10099218,10099218,0
2020-05-20 01:02:00,kovan,18615565,13465601,5149964
2020-05-20 01:03:22,mainnet,10099226,10099226,0
2020-05-20 01:03:22,kovan,18615581,13465601,5149980
2020-05-20 01:04:44,mainnet,10099230,10099230,0
2020-05-20 01:04:44,kovan,18615598,13465601,5149997
2020-05-20 01:06:06,mainnet,10099233,10099233,0
2020-05-20 01:06:06,kovan,18615614,13465601,5150013
2020-05-20 01:07:28,mainnet,10099240,10099240,0
2020-05-20 01:07:28,kovan,18615630,13465601,5150029
2020-05-20 01:08:50,mainnet,10099244,10099244,0
2020-05-20 01:08:50,kovan,18615647,13465601,5150046
2020-05-20 01:10:12,mainnet,10099250,10099250,0
2020-05-20 01:10:12,kovan,18615664,13465601,5150063
2020-05-20 01:11:34,mainnet,10099256,10099256,0
2020-05-20 01:11:34,kovan,18615680,13465601,5150079
2020-05-20 01:12:56,mainnet,10099260,10099261,-1
2020-05-20 01:12:56,kovan,18615697,13465601,5150096
2020-05-20 01:14:18,mainnet,10099264,10099264,0
2020-05-20 01:14:18,kovan,18615713,13465601,5150112
2020-05-20 01:15:40,mainnet,10099271,10099272,-1
2020-05-20 01:15:40,kovan,18615729,13465601,5150128
2020-05-20 01:17:02,mainnet,10099278,10099278,0
2020-05-20 01:17:02,kovan,18615746,13465601,5150145
2020-05-20 01:18:24,mainnet,10099284,10099284,0
2020-05-20 01:18:24,kovan,18615762,13465601,5150161
2020-05-20 01:19:46,mainnet,10099287,10099287,0
2020-05-20 01:19:46,kovan,18615778,13465601,5150177
2020-05-20 01:21:08,mainnet,10099294,10099294,0
2020-05-20 01:21:08,kovan,18615795,13465601,5150194
2020-05-20 01:22:30,mainnet,10099299,10099299,0
2020-05-20 01:22:30,kovan,18615811,13465601,5150210
2020-05-20 01:23:52,mainnet,10099302,10099302,0
2020-05-20 01:23:52,kovan,18615827,13465601,5150226
2020-05-20 01:25:14,mainnet,10099308,10099309,-1
2020-05-20 01:25:14,kovan,18615844,13465601,5150243
2020-05-20 01:26:36,mainnet,10099315,10099315,0
2020-05-20 01:26:36,kovan,18615861,13465601,5150260
2020-05-20 01:27:58,mainnet,10099319,10099319,0
2020-05-20 01:27:58,kovan,18615877,13465601,5150276
2020-05-20 01:29:20,mainnet,10099326,10099326,0
2020-05-20 01:29:20,kovan,18615893,13465601,5150292
2020-05-20 01:30:42,mainnet,10099330,10099330,0
2020-05-20 01:30:42,kovan,18615910,13465601,5150309
2020-05-20 01:32:04,mainnet,10099332,10099332,0
2020-05-20 01:32:04,kovan,18615926,13465601,5150325
2020-05-20 01:33:26,mainnet,10099338,10099339,-1
2020-05-20 01:33:26,kovan,18615942,13465601,5150341
2020-05-20 01:34:49,mainnet,10099345,10099346,-1
2020-05-20 01:34:49,kovan,18615959,13465601,5150358
2020-05-20 01:36:11,mainnet,10099351,10099351,0
2020-05-20 01:36:11,kovan,18615975,13465601,5150374
2020-05-20 01:37:33,mainnet,10099358,10099358,0
2020-05-20 01:37:33,kovan,18615991,13465601,5150390
2020-05-20 01:38:55,mainnet,10099364,10099364,0
2020-05-20 01:38:55,kovan,18616008,13465601,5150407
2020-05-20 01:40:17,mainnet,10099370,10099370,0
2020-05-20 01:40:17,kovan,18616025,13465601,5150424
2020-05-20 01:41:39,mainnet,10099376,10099376,0
2020-05-20 01:41:39,kovan,18616040,13465601,5150439
2020-05-20 01:43:01,mainnet,10099379,10099379,0
2020-05-20 01:43:01,kovan,18616056,13465601,5150455
2020-05-20 01:44:23,mainnet,10099384,10099384,0
2020-05-20 01:44:23,kovan,18616073,13465601,5150472
2020-05-20 01:45:45,mainnet,10099391,10099391,0
2020-05-20 01:45:45,kovan,18616089,13465601,5150488
2020-05-20 01:47:07,mainnet,10099396,10099396,0
2020-05-20 01:47:07,kovan,18616105,13465601,5150504
2020-05-20 01:48:29,mainnet,10099400,10099400,0
2020-05-20 01:48:29,kovan,18616122,13465601,5150521
2020-05-20 01:49:51,mainnet,10099403,10099403,0
2020-05-20 01:49:51,kovan,18616138,13465601,5150537
2020-05-20 01:51:13,mainnet,10099406,10099406,0
2020-05-20 01:51:13,kovan,18616154,13465601,5150553
2020-05-20 01:52:35,mainnet,10099412,10099412,0
2020-05-20 01:52:35,kovan,18616171,13465601,5150570
2020-05-20 01:53:57,mainnet,10099426,10099426,0
2020-05-20 01:53:57,kovan,18616187,13465601,5150586
2020-05-20 01:55:19,mainnet,10099434,10099435,-1
2020-05-20 01:55:19,kovan,18616204,13465601,5150603
2020-05-20 01:56:41,mainnet,10099438,10099438,0
2020-05-20 01:56:41,kovan,18616221,13465601,5150620
2020-05-20 01:58:03,mainnet,10099446,10099446,0
2020-05-20 01:58:03,kovan,18616237,13465601,5150636
2020-05-20 01:59:25,mainnet,10099451,10099451,0
2020-05-20 01:59:25,kovan,18616253,13465601,5150652
2020-05-20 02:00:47,mainnet,10099459,10099459,0
2020-05-20 02:00:47,kovan,18616269,13465601,5150668
2020-05-20 02:02:09,mainnet,10099468,10099468,0
2020-05-20 02:02:09,kovan,18616286,13465601,5150685
2020-05-20 02:03:31,mainnet,10099473,10099473,0
2020-05-20 02:03:31,kovan,18616302,13465601,5150701
2020-05-20 02:04:53,mainnet,10099483,10099483,0
2020-05-20 02:04:53,kovan,18616319,13465601,5150718
2020-05-20 02:06:16,mainnet,10099488,10099489,-1
2020-05-20 02:06:16,kovan,18616335,13465601,5150734
2020-05-20 02:07:38,mainnet,10099495,10099495,0
2020-05-20 02:07:38,kovan,18616352,13465601,5150751
2020-05-20 02:09:00,mainnet,10099502,10099502,0
2020-05-20 02:09:00,kovan,18616368,13465601,5150767
2020-05-20 02:10:22,mainnet,10099509,10099509,0
2020-05-20 02:10:22,kovan,18616384,13465601,5150783
2020-05-20 02:11:44,mainnet,10099516,10099516,0
2020-05-20 02:11:44,kovan,18616401,13465601,5150800
2020-05-20 02:13:06,mainnet,10099519,10099519,0
2020-05-20 02:13:06,kovan,18616417,13465601,5150816
2020-05-20 02:14:28,mainnet,10099521,10099521,0
2020-05-20 02:14:28,kovan,18616434,13465601,5150833
2020-05-20 02:15:50,mainnet,10099528,10099528,0
2020-05-20 02:15:50,kovan,18616450,13465601,5150849
2020-05-20 02:17:12,mainnet,10099535,10099536,-1
2020-05-20 02:17:12,kovan,18616466,13465601,5150865
2020-05-20 02:18:34,mainnet,10099543,10099543,0
2020-05-20 02:18:34,kovan,18616483,13465601,5150882
2020-05-20 02:19:56,mainnet,10099552,10099552,0
2020-05-20 02:19:56,kovan,18616500,13465601,5150899
2020-05-20 02:21:18,mainnet,10099558,10099559,-1
2020-05-20 02:21:18,kovan,18616516,13465601,5150915
2020-05-20 02:22:41,mainnet,10099565,10099565,0
2020-05-20 02:22:41,kovan,18616533,13465601,5150932
2020-05-20 02:24:03,mainnet,10099575,10099575,0
2020-05-20 02:24:03,kovan,18616549,13465601,5150948
2020-05-20 02:25:25,mainnet,10099582,10099582,0
2020-05-20 02:25:25,kovan,18616565,13465601,5150964
2020-05-20 02:26:47,mainnet,10099591,10099591,0
2020-05-20 02:26:47,kovan,18616581,13465601,5150980
2020-05-20 02:28:09,mainnet,10099598,10099598,0
2020-05-20 02:28:09,kovan,18616597,13465601,5150996
2020-05-20 02:29:31,mainnet,10099603,10099603,0
2020-05-20 02:29:31,kovan,18616614,13465601,5151013
2020-05-20 02:30:53,mainnet,10099610,10099610,0
2020-05-20 02:30:53,kovan,18616631,13465601,5151030
2020-05-20 02:32:15,mainnet,10099618,10099618,0
2020-05-20 02:32:15,kovan,18616647,13465601,5151046
2020-05-20 02:33:37,mainnet,10099621,10099622,-1
2020-05-20 02:33:37,kovan,18616664,13465601,5151063
2020-05-20 02:34:59,mainnet,10099628,10099628,0
2020-05-20 02:34:59,kovan,18616680,13465601,5151079
2020-05-20 02:36:21,mainnet,10099633,10099633,0
2020-05-20 02:36:21,kovan,18616696,13465601,5151095
2020-05-20 02:37:43,mainnet,10099635,10099635,0
2020-05-20 02:37:43,kovan,18616713,13465601,5151112
2020-05-20 02:39:06,mainnet,10099642,10099642,0
2020-05-20 02:39:06,kovan,18616729,13465601,5151128
2020-05-20 02:40:28,mainnet,10099648,10099648,0
2020-05-20 02:40:28,kovan,18616745,13465601,5151144
2020-05-20 02:41:50,mainnet,10099652,10099652,0
2020-05-20 02:41:50,kovan,18616762,13465601,5151161
2020-05-20 02:43:12,mainnet,10099654,10099654,0
2020-05-20 02:43:12,kovan,18616778,13465601,5151177
2020-05-20 02:44:34,mainnet,10099656,10099656,0
2020-05-20 02:44:34,kovan,18616795,13465601,5151194
2020-05-20 02:45:56,mainnet,10099663,10099663,0
2020-05-20 02:45:56,kovan,18616811,13465601,5151210
2020-05-20 02:47:18,mainnet,10099673,10099673,0
2020-05-20 02:47:18,kovan,18616828,13465601,5151227
2020-05-20 02:48:40,mainnet,10099679,10099679,0
2020-05-20 02:48:40,kovan,18616844,13465601,5151243
2020-05-20 02:50:02,mainnet,10099685,10099685,0
2020-05-20 02:50:02,kovan,18616861,13465601,5151260
2020-05-20 02:51:24,mainnet,10099689,10099689,0
2020-05-20 02:51:24,kovan,18616877,13465601,5151276
2020-05-20 02:52:46,mainnet,10099692,10099692,0
2020-05-20 02:52:46,kovan,18616893,13465601,5151292
2020-05-20 02:54:08,mainnet,10099697,10099697,0
2020-05-20 02:54:08,kovan,18616909,13465601,5151308
2020-05-20 02:55:30,mainnet,10099704,10099704,0
2020-05-20 02:55:30,kovan,18616926,13465601,5151325
2020-05-20 02:56:52,mainnet,10099711,10099711,0
2020-05-20 02:56:52,kovan,18616942,13465601,5151341
2020-05-20 02:58:14,mainnet,10099720,10099720,0
2020-05-20 02:58:14,kovan,18616959,13465601,5151358
2020-05-20 02:59:36,mainnet,10099727,10099727,0
2020-05-20 02:59:36,kovan,18616975,13465601,5151374
2020-05-20 03:00:58,mainnet,10099731,10099731,0
2020-05-20 03:00:58,kovan,18616992,13465601,5151391
2020-05-20 03:02:20,mainnet,10099743,10099745,-2
2020-05-20 03:02:20,kovan,18617009,13465601,5151408
2020-05-20 03:03:42,mainnet,10099753,10099753,0
2020-05-20 03:03:42,kovan,18617024,13465601,5151423
2020-05-20 03:05:04,mainnet,10099761,10099762,-1
2020-05-20 03:05:04,kovan,18617041,13465601,5151440
2020-05-20 03:06:26,mainnet,10099768,10099768,0
2020-05-20 03:06:26,kovan,18617057,13465601,5151456
2020-05-20 03:07:48,mainnet,10099774,10099774,0
2020-05-20 03:07:48,kovan,18617074,13465601,5151473
2020-05-20 03:09:10,mainnet,10099778,10099778,0
2020-05-20 03:09:10,kovan,18617090,13465601,5151489
2020-05-20 03:10:32,mainnet,10099784,10099784,0
2020-05-20 03:10:32,kovan,18617106,13465601,5151505
2020-05-20 03:11:54,mainnet,10099793,10099793,0
2020-05-20 03:11:54,kovan,18617123,13465601,5151522
2020-05-20 03:13:16,mainnet,10099801,10099801,0
2020-05-20 03:13:16,kovan,18617139,13465601,5151538
2020-05-20 03:14:38,mainnet,10099809,10099809,0
2020-05-20 03:14:38,kovan,18617156,13465601,5151555
2020-05-20 03:16:00,mainnet,10099814,10099814,0
2020-05-20 03:16:00,kovan,18617172,13465601,5151571
2020-05-20 03:17:22,mainnet,10099821,10099821,0
2020-05-20 03:17:22,kovan,18617189,13465601,5151588
2020-05-20 03:18:44,mainnet,10099823,10099823,0
2020-05-20 03:18:44,kovan,18617205,13465601,5151604
2020-05-20 03:20:06,mainnet,10099829,10099828,1
2020-05-20 03:20:06,kovan,18617221,13465601,5151620
2020-05-20 03:21:28,mainnet,10099843,10099843,0
2020-05-20 03:21:28,kovan,18617237,13465601,5151636
2020-05-20 03:22:50,mainnet,10099849,10099850,-1
2020-05-20 03:22:50,kovan,18617254,13465601,5151653
2020-05-20 03:24:12,mainnet,10099859,10099859,0
2020-05-20 03:24:12,kovan,18617270,13465601,5151669
2020-05-20 03:25:34,mainnet,10099870,10099870,0
2020-05-20 03:25:34,kovan,18617287,13465601,5151686
2020-05-20 03:26:56,mainnet,10099878,10099878,0
2020-05-20 03:26:56,kovan,18617303,13465601,5151702
2020-05-20 03:28:18,mainnet,10099884,10099884,0
2020-05-20 03:28:18,kovan,18617320,13465601,5151719
2020-05-20 03:29:40,mainnet,10099891,10099891,0
2020-05-20 03:29:40,kovan,18617336,13465601,5151735
2020-05-20 03:31:02,mainnet,10099897,10099897,0
2020-05-20 03:31:02,kovan,18617352,13465601,5151751
2020-05-20 03:32:24,mainnet,10099904,10099904,0
2020-05-20 03:32:24,kovan,18617369,13465601,5151768
2020-05-20 03:33:46,mainnet,10099907,10099907,0
2020-05-20 03:33:46,kovan,18617385,13465601,5151784
2020-05-20 03:35:08,mainnet,10099914,10099914,0
2020-05-20 03:35:08,kovan,18617401,13465601,5151800
2020-05-20 03:36:30,mainnet,10099922,10099922,0
2020-05-20 03:36:30,kovan,18617418,13465601,5151817
2020-05-20 03:37:52,mainnet,10099932,10099932,0
2020-05-20 03:37:52,kovan,18617434,13465601,5151833
2020-05-20 03:39:14,mainnet,10099939,10099939,0
2020-05-20 03:39:14,kovan,18617450,13465601,5151849
2020-05-20 03:40:36,mainnet,10099949,10099949,0
2020-05-20 03:40:36,kovan,18617467,13465601,5151866
2020-05-20 03:41:58,mainnet,10099955,10099955,0
2020-05-20 03:41:58,kovan,18617484,13465601,5151883
2020-05-20 03:43:20,mainnet,10099959,10099959,0
2020-05-20 03:43:20,kovan,18617500,13465601,5151899
2020-05-20 03:44:42,mainnet,10099965,10099966,-1
2020-05-20 03:44:42,kovan,18617517,13465601,5151916
2020-05-20 03:46:04,mainnet,10099973,10099973,0
2020-05-20 03:46:04,kovan,18617533,13465601,5151932
2020-05-20 03:47:26,mainnet,10099980,10099979,1
2020-05-20 03:47:26,kovan,18617549,13465601,5151948
2020-05-20 03:48:48,mainnet,10099986,10099987,-1
2020-05-20 03:48:48,kovan,18617565,13465601,5151964
2020-05-20 03:50:10,mainnet,10099991,10099991,0
2020-05-20 03:50:10,kovan,18617582,13465601,5151981
2020-05-20 03:51:32,mainnet,10099993,10099994,-1
2020-05-20 03:51:32,kovan,18617599,13465601,5151998
2020-05-20 03:52:54,mainnet,10099999,10100000,-1
2020-05-20 03:52:54,kovan,18617615,13465601,5152014
2020-05-20 03:54:16,mainnet,10100008,10100008,0
2020-05-20 03:54:16,kovan,18617631,13465601,5152030
2020-05-20 03:55:38,mainnet,10100016,10100016,0
2020-05-20 03:55:38,kovan,18617648,13465601,5152047
2020-05-20 03:57:00,mainnet,10100023,10100023,0
2020-05-20 03:57:00,kovan,18617664,13465601,5152063
2020-05-20 03:58:22,mainnet,10100031,10100031,0
2020-05-20 03:58:22,kovan,18617681,13465601,5152080
2020-05-20 03:59:44,mainnet,10100038,10100038,0
2020-05-20 03:59:44,kovan,18617697,13465601,5152096
2020-05-20 04:01:06,mainnet,10100046,10100046,0
2020-05-20 04:01:06,kovan,18617713,13465601,5152112
2020-05-20 04:02:28,mainnet,10100057,10100057,0
2020-05-20 04:02:28,kovan,18617729,13465601,5152128
2020-05-20 04:03:50,mainnet,10100065,10100065,0
2020-05-20 04:03:50,kovan,18617746,13465601,5152145
2020-05-20 04:05:12,mainnet,10100075,10100071,4
2020-05-20 04:05:12,kovan,18617785,13465601,5152184
2020-05-20 04:08:30,mainnet,10100084,10100079,5
2020-05-20 04:08:30,kovan,18617805,13465601,5152204
2020-05-20 04:10:04,mainnet,10100088,10100088,0
2020-05-20 04:10:04,kovan,18617821,13465601,5152220
2020-05-20 04:11:26,mainnet,10100095,10100094,1
2020-05-20 04:11:26,kovan,18617837,13465601,5152236
2020-05-20 04:12:48,mainnet,10100101,10100101,0
2020-05-20 04:12:48,kovan,18617854,13465601,5152253
2020-05-20 04:14:10,mainnet,10100103,10100103,0
2020-05-20 04:14:10,kovan,18617871,13465601,5152270
2020-05-20 04:15:34,mainnet,10100107,10100107,0
2020-05-20 04:15:34,kovan,18617887,13465601,5152286
2020-05-20 04:16:57,mainnet,10100114,10100113,1
2020-05-20 04:16:57,kovan,18617903,13465601,5152302
2020-05-20 04:18:19,mainnet,10100116,10100116,0
2020-05-20 04:18:19,kovan,18617920,13465601,5152319
2020-05-20 04:19:41,mainnet,10100122,10100122,0
2020-05-20 04:19:41,kovan,18617937,13465601,5152336
2020-05-20 04:21:03,mainnet,10100125,10100125,0
2020-05-20 04:21:03,kovan,18617953,13465601,5152352
2020-05-20 04:22:25,mainnet,10100128,10100128,0
2020-05-20 04:22:25,kovan,18617969,13465601,5152368
2020-05-20 04:23:47,mainnet,10100133,10100133,0
2020-05-20 04:23:47,kovan,18617985,13465601,5152384
2020-05-20 04:25:09,mainnet,10100141,10100141,0
2020-05-20 04:25:09,kovan,18618001,13465601,5152400
2020-05-20 04:26:31,mainnet,10100149,10100149,0
2020-05-20 04:26:31,kovan,18618018,13465601,5152417
2020-05-20 04:27:53,mainnet,10100156,10100156,0
2020-05-20 04:27:53,kovan,18618035,13465601,5152434
2020-05-20 04:29:15,mainnet,10100165,10100165,0
2020-05-20 04:29:15,kovan,18618051,13465601,5152450
2020-05-20 04:30:37,mainnet,10100172,10100172,0
2020-05-20 04:30:37,kovan,18618068,13465601,5152467
2020-05-20 04:31:59,mainnet,10100181,10100181,0
2020-05-20 04:31:59,kovan,18618084,13465601,5152483
2020-05-20 04:33:21,mainnet,10100184,10100184,0
2020-05-20 04:33:21,kovan,18618101,13465601,5152500
2020-05-20 04:34:43,mainnet,10100188,10100188,0
2020-05-20 04:34:43,kovan,18618117,13465601,5152516
2020-05-20 04:36:05,mainnet,10100194,10100194,0
2020-05-20 04:36:05,kovan,18618133,13465601,5152532
2020-05-20 04:37:28,mainnet,10100204,10100204,0
2020-05-20 04:37:28,kovan,18618149,13465601,5152548
2020-05-20 04:38:50,mainnet,10100211,10100211,0
2020-05-20 04:38:50,kovan,18618166,13465601,5152565
2020-05-20 04:40:12,mainnet,10100215,10100215,0
2020-05-20 04:40:12,kovan,18618183,13465601,5152582
2020-05-20 04:41:34,mainnet,10100217,10100217,0
2020-05-20 04:41:34,kovan,18618199,13465601,5152598
2020-05-20 04:42:56,mainnet,10100225,10100225,0
2020-05-20 04:42:56,kovan,18618216,13465601,5152615
2020-05-20 04:44:20,mainnet,10100228,10100228,0
2020-05-20 04:44:20,kovan,18618233,13465601,5152632
2020-05-20 04:45:42,mainnet,10100231,10100231,0
2020-05-20 04:45:42,kovan,18618249,13465601,5152648
2020-05-20 04:47:04,mainnet,10100235,10100235,0
2020-05-20 04:47:04,kovan,18618265,13465601,5152664
2020-05-20 04:48:26,mainnet,10100240,10100241,-1
2020-05-20 04:48:26,kovan,18618281,13465601,5152680
2020-05-20 04:49:48,mainnet,10100244,10100245,-1
2020-05-20 04:49:48,kovan,18618297,13465601,5152696
2020-05-20 04:51:10,mainnet,10100253,10100253,0
2020-05-20 04:51:10,kovan,18618314,13465601,5152713
2020-05-20 04:52:32,mainnet,10100258,10100258,0
2020-05-20 04:52:32,kovan,18618331,13465601,5152730
2020-05-20 04:53:55,mainnet,10100267,10100267,0
2020-05-20 04:53:55,kovan,18618347,13465601,5152746
2020-05-20 04:55:17,mainnet,10100277,10100277,0
2020-05-20 04:55:17,kovan,18618363,13465601,5152762
2020-05-20 04:56:39,mainnet,10100282,10100282,0
2020-05-20 04:56:39,kovan,18618380,13465601,5152779
2020-05-20 04:58:01,mainnet,10100284,10100284,0
2020-05-20 04:58:01,kovan,18618397,13465601,5152796
2020-05-20 04:59:23,mainnet,10100289,10100289,0
2020-05-20 04:59:23,kovan,18618413,13465601,5152812
2020-05-20 05:00:45,mainnet,10100296,10100296,0
2020-05-20 05:00:45,kovan,18618429,13465601,5152828
2020-05-20 05:02:07,mainnet,10100298,10100298,0
2020-05-20 05:02:07,kovan,18618445,13465601,5152844
2020-05-20 05:03:29,mainnet,10100301,10100301,0
2020-05-20 05:03:29,kovan,18618462,13465601,5152861
2020-05-20 05:04:51,mainnet,10100310,10100310,0
2020-05-20 05:04:51,kovan,18618478,13465601,5152877
2020-05-20 05:06:13,mainnet,10100318,10100318,0
2020-05-20 05:06:13,kovan,18618495,13465601,5152894
2020-05-20 05:07:36,mainnet,10100321,10100322,-1
2020-05-20 05:07:36,kovan,18618512,13465601,5152911
2020-05-20 05:08:58,mainnet,10100331,10100331,0
2020-05-20 05:08:58,kovan,18618528,13465601,5152927
2020-05-20 05:10:20,mainnet,10100336,10100336,0
2020-05-20 05:10:20,kovan,18618544,13465601,5152943
2020-05-20 05:11:42,mainnet,10100340,10100340,0
2020-05-20 05:11:42,kovan,18618561,13465601,5152960
2020-05-20 05:13:04,mainnet,10100343,10100343,0
2020-05-20 05:13:04,kovan,18618577,13465601,5152976
2020-05-20 05:14:26,mainnet,10100348,10100348,0
2020-05-20 05:14:26,kovan,18618593,13465601,5152992
2020-05-20 05:15:48,mainnet,10100356,10100356,0
2020-05-20 05:15:48,kovan,18618610,13465601,5153009
2020-05-20 05:17:10,mainnet,10100360,10100360,0
2020-05-20 05:17:10,kovan,18618625,13465601,5153024
2020-05-20 05:18:32,mainnet,10100365,10100365,0
2020-05-20 05:18:32,kovan,18618642,13465601,5153041
2020-05-20 05:19:54,mainnet,10100370,10100370,0
2020-05-20 05:19:54,kovan,18618659,13465601,5153058
2020-05-20 05:21:16,mainnet,10100378,10100378,0
2020-05-20 05:21:16,kovan,18618676,13465601,5153075
2020-05-20 05:22:38,mainnet,10100383,10100383,0
2020-05-20 05:22:38,kovan,18618692,13465601,5153091
2020-05-20 05:24:00,mainnet,10100392,10100392,0
2020-05-20 05:24:00,kovan,18618708,13465601,5153107
2020-05-20 05:25:22,mainnet,10100397,10100397,0
2020-05-20 05:25:22,kovan,18618725,13465601,5153124
2020-05-20 05:26:44,mainnet,10100399,10100399,0
2020-05-20 05:26:44,kovan,18618741,13465601,5153140
2020-05-20 05:28:06,mainnet,10100403,10100404,-1
2020-05-20 05:28:06,kovan,18618757,13465601,5153156
2020-05-20 05:29:28,mainnet,10100409,10100409,0
2020-05-20 05:29:28,kovan,18618774,13465601,5153173
2020-05-20 05:30:50,mainnet,10100414,10100414,0
2020-05-20 05:30:50,kovan,18618789,13465601,5153188
2020-05-20 05:32:12,mainnet,10100420,10100420,0
2020-05-20 05:32:12,kovan,18618806,13465601,5153205
2020-05-20 05:33:34,mainnet,10100423,10100423,0
2020-05-20 05:33:34,kovan,18618823,13465601,5153222
2020-05-20 05:34:56,mainnet,10100428,10100429,-1
2020-05-20 05:34:56,kovan,18618839,13465601,5153238
2020-05-20 05:36:18,mainnet,10100434,10100435,-1
2020-05-20 05:36:18,kovan,18618856,13465601,5153255
2020-05-20 05:37:40,mainnet,10100444,10100444,0
2020-05-20 05:37:40,kovan,18618873,13465601,5153272
2020-05-20 05:39:02,mainnet,10100453,10100453,0
2020-05-20 05:39:02,kovan,18618889,13465601,5153288
2020-05-20 05:40:24,mainnet,10100459,10100459,0
2020-05-20 05:40:24,kovan,18618905,13465601,5153304
2020-05-20 05:41:46,mainnet,10100467,10100467,0
2020-05-20 05:41:46,kovan,18618921,13465601,5153320
2020-05-20 05:43:08,mainnet,10100472,10100472,0
2020-05-20 05:43:08,kovan,18618938,13465601,5153337
2020-05-20 05:44:30,mainnet,10100479,10100479,0
2020-05-20 05:44:30,kovan,18618954,13465601,5153353
2020-05-20 05:45:52,mainnet,10100484,10100484,0
2020-05-20 05:45:52,kovan,18618971,13465601,5153370
2020-05-20 05:47:14,mainnet,10100491,10100491,0
2020-05-20 05:47:14,kovan,18618987,13465601,5153386
2020-05-20 05:48:36,mainnet,10100493,10100493,0
2020-05-20 05:48:36,kovan,18619003,13465601,5153402
2020-05-20 05:49:58,mainnet,10100498,10100498,0
2020-05-20 05:49:58,kovan,18619020,13465601,5153419
2020-05-20 05:51:20,mainnet,10100501,10100502,-1
2020-05-20 05:51:20,kovan,18619036,13465601,5153435
2020-05-20 05:52:42,mainnet,10100511,10100511,0
2020-05-20 05:52:42,kovan,18619053,13465601,5153452
2020-05-20 05:54:04,mainnet,10100519,10100520,-1
2020-05-20 05:54:04,kovan,18619069,13465601,5153468
2020-05-20 05:55:26,mainnet,10100523,10100524,-1
2020-05-20 05:55:26,kovan,18619085,13465601,5153484
2020-05-20 05:56:48,mainnet,10100531,10100530,1
2020-05-20 05:56:48,kovan,18619101,13465601,5153500
2020-05-20 05:58:10,mainnet,10100537,10100537,0
2020-05-20 05:58:10,kovan,18619118,13465601,5153517
2020-05-20 05:59:32,mainnet,10100541,10100541,0
2020-05-20 05:59:32,kovan,18619135,13465601,5153534
2020-05-20 06:00:54,mainnet,10100549,10100549,0
2020-05-20 06:00:54,kovan,18619151,13465601,5153550
2020-05-20 06:02:16,mainnet,10100558,10100558,0
2020-05-20 06:02:16,kovan,18619167,13465601,5153566
2020-05-20 06:03:38,mainnet,10100564,10100564,0
2020-05-20 06:03:38,kovan,18619184,13465601,5153583
2020-05-20 06:05:00,mainnet,10100567,10100567,0
2020-05-20 06:05:00,kovan,18619200,13465601,5153599
2020-05-20 06:06:22,mainnet,10100568,10100569,-1
2020-05-20 06:06:22,kovan,18619217,13465601,5153616
2020-05-20 06:07:44,mainnet,10100572,10100572,0
2020-05-20 06:07:44,kovan,18619233,13465601,5153632
2020-05-20 06:09:07,mainnet,10100575,10100575,0
2020-05-20 06:09:07,kovan,18619249,13465601,5153648
2020-05-20 06:10:28,mainnet,10100581,10100581,0
2020-05-20 06:10:28,kovan,18619265,13465601,5153664
2020-05-20 06:11:51,mainnet,10100590,10100590,0
2020-05-20 06:11:51,kovan,18619282,13465601,5153681
2020-05-20 06:13:13,mainnet,10100592,10100593,-1
2020-05-20 06:13:13,kovan,18619299,13465601,5153698
2020-05-20 06:14:35,mainnet,10100598,10100599,-1
2020-05-20 06:14:35,kovan,18619315,13465601,5153714
2020-05-20 06:15:57,mainnet,10100603,10100603,0
2020-05-20 06:15:57,kovan,18619332,13465601,5153731
2020-05-20 06:17:19,mainnet,10100608,10100608,0
2020-05-20 06:17:19,kovan,18619348,13465601,5153747
2020-05-20 06:18:41,mainnet,10100613,10100613,0
2020-05-20 06:18:41,kovan,18619364,13465601,5153763
2020-05-20 06:20:03,mainnet,10100618,10100618,0
2020-05-20 06:20:03,kovan,18619381,13465601,5153780
2020-05-20 06:21:25,mainnet,10100623,10100623,0
2020-05-20 06:21:25,kovan,18619397,13465601,5153796
2020-05-20 06:22:47,mainnet,10100631,10100631,0
2020-05-20 06:22:47,kovan,18619413,13465601,5153812
2020-05-20 06:24:09,mainnet,10100640,10100640,0
2020-05-20 06:24:09,kovan,18619430,13465601,5153829
2020-05-20 06:25:31,mainnet,10100646,10100647,-1
2020-05-20 06:25:31,kovan,18619446,13465601,5153845
2020-05-20 06:26:54,mainnet,10100654,10100654,0
2020-05-20 06:26:54,kovan,18619463,13465601,5153862
2020-05-20 06:28:16,mainnet,10100660,10100660,0
2020-05-20 06:28:16,kovan,18619479,13465601,5153878
2020-05-20 06:29:38,mainnet,10100669,10100669,0
2020-05-20 06:29:38,kovan,18619497,13465601,5153896
2020-05-20 06:31:04,mainnet,10100674,10100674,0
2020-05-20 06:31:04,kovan,18619512,13465601,5153911
2020-05-20 06:32:26,mainnet,10100681,10100682,-1
2020-05-20 06:32:26,kovan,18619528,13465601,5153927
2020-05-20 06:33:48,mainnet,10100692,10100692,0
2020-05-20 06:33:48,kovan,18619544,13465601,5153943
2020-05-20 06:35:10,mainnet,10100699,10100699,0
2020-05-20 06:35:10,kovan,18619561,13465601,5153960
2020-05-20 06:36:32,mainnet,10100707,10100707,0
2020-05-20 06:36:32,kovan,18619577,13465601,5153976
2020-05-20 06:37:54,mainnet,10100713,10100713,0
2020-05-20 06:37:54,kovan,18619594,13465601,5153993
2020-05-20 06:39:16,mainnet,10100718,10100718,0
2020-05-20 06:39:16,kovan,18619610,13465601,5154009
2020-05-20 06:40:38,mainnet,10100727,10100728,-1
2020-05-20 06:40:38,kovan,18619627,13465601,5154026
2020-05-20 06:42:00,mainnet,10100737,10100737,0
2020-05-20 06:42:00,kovan,18619643,13465601,5154042
2020-05-20 06:43:22,mainnet,10100744,10100744,0
2020-05-20 06:43:22,kovan,18619660,13465601,5154059
2020-05-20 06:44:44,mainnet,10100748,10100748,0
2020-05-20 06:44:44,kovan,18619676,13465601,5154075
2020-05-20 06:46:06,mainnet,10100754,10100755,-1
2020-05-20 06:46:06,kovan,18619692,13465601,5154091
2020-05-20 06:47:28,mainnet,10100760,10100760,0
2020-05-20 06:47:28,kovan,18619708,13465601,5154107
2020-05-20 06:48:50,mainnet,10100763,10100763,0
2020-05-20 06:48:50,kovan,18619725,13465601,5154124
2020-05-20 06:50:13,mainnet,10100774,10100774,0
2020-05-20 06:50:13,kovan,18619742,13465601,5154141
2020-05-20 06:51:35,mainnet,10100783,10100783,0
2020-05-20 06:51:35,kovan,18619758,13465601,5154157
2020-05-20 06:52:57,mainnet,10100786,10100786,0
2020-05-20 06:52:57,kovan,18619775,13465601,5154174
2020-05-20 06:54:19,mainnet,10100790,10100790,0
2020-05-20 06:54:19,kovan,18619791,13465601,5154190
2020-05-20 06:55:41,mainnet,10100793,10100793,0
2020-05-20 06:55:41,kovan,18619807,13465601,5154206
2020-05-20 06:57:03,mainnet,10100799,10100799,0
2020-05-20 06:57:03,kovan,18619824,13465601,5154223
2020-05-20 06:58:24,mainnet,10100806,10100806,0
2020-05-20 06:58:24,kovan,18619840,13465601,5154239
2020-05-20 06:59:47,mainnet,10100813,10100813,0
2020-05-20 06:59:47,kovan,18619856,13465601,5154255
2020-05-20 07:01:09,mainnet,10100821,10100822,-1
2020-05-20 07:01:09,kovan,18619872,13465601,5154271
2020-05-20 07:02:31,mainnet,10100829,10100829,0
2020-05-20 07:02:31,kovan,18619889,13465601,5154288
2020-05-20 07:03:53,mainnet,10100837,10100837,0
2020-05-20 07:03:53,kovan,18619906,13465601,5154305
2020-05-20 07:05:15,mainnet,10100842,10100842,0
2020-05-20 07:05:15,kovan,18619922,13465601,5154321
2020-05-20 07:06:37,mainnet,10100846,10100846,0
2020-05-20 07:06:37,kovan,18619939,13465601,5154338
2020-05-20 07:07:59,mainnet,10100851,10100851,0
2020-05-20 07:07:59,kovan,18619955,13465601,5154354
2020-05-20 07:09:21,mainnet,10100859,10100859,0
2020-05-20 07:09:21,kovan,18619972,13465601,5154371
2020-05-20 07:10:43,mainnet,10100867,10100867,0
2020-05-20 07:10:43,kovan,18619988,13465601,5154387
2020-05-20 07:12:05,mainnet,10100873,10100873,0
2020-05-20 07:12:05,kovan,18620004,13465601,5154403
2020-05-20 07:13:27,mainnet,10100879,10100880,-1
2020-05-20 07:13:27,kovan,18620020,13465601,5154419
2020-05-20 07:14:49,mainnet,10100888,10100888,0
2020-05-20 07:14:49,kovan,18620037,13465601,5154436
2020-05-20 07:16:11,mainnet,10100893,10100893,0
2020-05-20 07:16:11,kovan,18620053,13465601,5154452
2020-05-20 07:17:33,mainnet,10100898,10100899,-1
2020-05-20 07:17:33,kovan,18620070,13465601,5154469
2020-05-20 07:18:55,mainnet,10100907,10100907,0
2020-05-20 07:18:55,kovan,18620086,13465601,5154485
2020-05-20 07:20:17,mainnet,10100916,10100916,0
2020-05-20 07:20:17,kovan,18620102,13465601,5154501
2020-05-20 07:21:39,mainnet,10100919,10100919,0
2020-05-20 07:21:39,kovan,18620119,13465601,5154518
2020-05-20 07:23:01,mainnet,10100922,10100922,0
2020-05-20 07:23:01,kovan,18620136,13465601,5154535
2020-05-20 07:24:23,mainnet,10100927,10100927,0
2020-05-20 07:24:23,kovan,18620152,13465601,5154551
2020-05-20 07:25:45,mainnet,10100931,10100932,-1
2020-05-20 07:25:45,kovan,18620168,13465601,5154567
2020-05-20 07:27:07,mainnet,10100938,10100938,0
2020-05-20 07:27:07,kovan,18620185,13465601,5154584
2020-05-20 07:28:29,mainnet,10100945,10100945,0
2020-05-20 07:28:29,kovan,18620201,13465601,5154600
2020-05-20 07:29:51,mainnet,10100950,10100950,0
2020-05-20 07:29:51,kovan,18620217,13465601,5154616
2020-05-20 07:31:13,mainnet,10100956,10100957,-1
2020-05-20 07:31:13,kovan,18620234,13465601,5154633
2020-05-20 07:32:35,mainnet,10100962,10100962,0
2020-05-20 07:32:35,kovan,18620250,13465601,5154649
2020-05-20 07:33:57,mainnet,10100969,10100969,0
2020-05-20 07:33:57,kovan,18620267,13465601,5154666
2020-05-20 07:35:19,mainnet,10100974,10100974,0
2020-05-20 07:35:19,kovan,18620283,13465601,5154682
2020-05-20 07:36:42,mainnet,10100980,10100981,-1
2020-05-20 07:36:42,kovan,18620300,13465601,5154699
2020-05-20 07:38:04,mainnet,10100987,10100987,0
2020-05-20 07:38:04,kovan,18620316,13465601,5154715
2020-05-20 07:39:26,mainnet,10100991,10100991,0
2020-05-20 07:39:26,kovan,18620332,13465601,5154731
2020-05-20 07:40:48,mainnet,10100998,10100998,0
2020-05-20 07:40:48,kovan,18620348,13465601,5154747
2020-05-20 07:42:10,mainnet,10101004,10101004,0
2020-05-20 07:42:10,kovan,18620365,13465601,5154764
2020-05-20 07:43:32,mainnet,10101007,10101007,0
2020-05-20 07:43:32,kovan,18620381,13465601,5154780
2020-05-20 07:44:54,mainnet,10101011,10101011,0
2020-05-20 07:44:54,kovan,18620398,13465601,5154797
2020-05-20 07:46:16,mainnet,10101016,10101016,0
2020-05-20 07:46:16,kovan,18620414,13465601,5154813
2020-05-20 07:47:38,mainnet,10101019,10101021,-2
2020-05-20 07:47:38,kovan,18620431,13465601,5154830
2020-05-20 07:49:00,mainnet,10101026,10101026,0
2020-05-20 07:49:00,kovan,18620447,13465601,5154846
2020-05-20 07:50:22,mainnet,10101034,10101034,0
2020-05-20 07:50:22,kovan,18620464,13465601,5154863
2020-05-20 07:51:44,mainnet,10101043,10101043,0
2020-05-20 07:51:44,kovan,18620480,13465601,5154879
2020-05-20 07:53:06,mainnet,10101049,10101049,0
2020-05-20 07:53:06,kovan,18620496,13465601,5154895
2020-05-20 07:54:28,mainnet,10101055,10101055,0
2020-05-20 07:54:28,kovan,18620513,13465601,5154912
2020-05-20 07:55:50,mainnet,10101062,10101062,0
2020-05-20 07:55:50,kovan,18620529,13465601,5154928
2020-05-20 07:57:12,mainnet,10101066,10101066,0
2020-05-20 07:57:12,kovan,18620546,13465601,5154945
2020-05-20 07:58:34,mainnet,10101071,10101071,0
2020-05-20 07:58:34,kovan,18620562,13465601,5154961
2020-05-20 07:59:56,mainnet,10101074,10101074,0
2020-05-20 07:59:56,kovan,18620578,13465601,5154977
2020-05-20 08:01:18,mainnet,10101082,10101082,0
2020-05-20 08:01:18,kovan,18620595,13465601,5154994
2020-05-20 08:02:40,mainnet,10101091,10101092,-1
2020-05-20 08:02:40,kovan,18620611,13465601,5155010
2020-05-20 08:04:02,mainnet,10101097,10101097,0
2020-05-20 08:04:02,kovan,18620628,13465601,5155027
2020-05-20 08:05:24,mainnet,10101105,10101105,0
2020-05-20 08:05:24,kovan,18620644,13465601,5155043
2020-05-20 08:06:46,mainnet,10101110,10101110,0
2020-05-20 08:06:46,kovan,18620660,13465601,5155059
2020-05-20 08:08:08,mainnet,10101117,10101117,0
2020-05-20 08:08:08,kovan,18620677,13465601,5155076
2020-05-20 08:09:30,mainnet,10101122,10101122,0
2020-05-20 08:09:30,kovan,18620693,13465601,5155092
2020-05-20 08:10:52,mainnet,10101128,10101128,0
2020-05-20 08:10:52,kovan,18620709,13465601,5155108
2020-05-20 08:12:14,mainnet,10101133,10101133,0
2020-05-20 08:12:14,kovan,18620726,13465601,5155125
2020-05-20 08:13:36,mainnet,10101138,10101138,0
2020-05-20 08:13:36,kovan,18620742,13465601,5155141
2020-05-20 08:14:58,mainnet,10101144,10101144,0
2020-05-20 08:14:58,kovan,18620759,13465601,5155158
2020-05-20 08:16:20,mainnet,10101149,10101149,0
2020-05-20 08:16:20,kovan,18620776,13465601,5155175
2020-05-20 08:17:42,mainnet,10101155,10101155,0
2020-05-20 08:17:42,kovan,18620792,13465601,5155191
2020-05-20 08:19:04,mainnet,10101163,10101164,-1
2020-05-20 08:19:04,kovan,18620808,13465601,5155207
2020-05-20 08:20:26,mainnet,10101167,10101167,0
2020-05-20 08:20:26,kovan,18620824,13465601,5155223
2020-05-20 08:21:48,mainnet,10101172,10101172,0
2020-05-20 08:21:48,kovan,18620841,13465601,5155240
2020-05-20 08:23:11,mainnet,10101178,10101177,1
2020-05-20 08:23:11,kovan,18620857,13465601,5155256
2020-05-20 08:24:33,mainnet,10101183,10101183,0
2020-05-20 08:24:33,kovan,18620874,13465601,5155273
2020-05-20 08:25:55,mainnet,10101190,10101190,0
2020-05-20 08:25:55,kovan,18620890,13465601,5155289
2020-05-20 08:27:18,mainnet,10101193,10101192,1
2020-05-20 08:27:18,kovan,18620907,13465601,5155306
2020-05-20 08:28:40,mainnet,10101200,10101200,0
2020-05-20 08:28:40,kovan,18620923,13465601,5155322
2020-05-20 08:30:02,mainnet,10101203,10101203,0
2020-05-20 08:30:02,kovan,18620940,13465601,5155339
2020-05-20 08:31:25,mainnet,10101209,10101209,0
2020-05-20 08:31:25,kovan,18620956,13465601,5155355
2020-05-20 08:32:47,mainnet,10101213,10101213,0
2020-05-20 08:32:47,kovan,18620972,13465601,5155371
2020-05-20 08:34:09,mainnet,10101220,10101221,-1
2020-05-20 08:34:09,kovan,18620989,13465601,5155388
2020-05-20 08:35:31,mainnet,10101231,10101231,0
2020-05-20 08:35:31,kovan,18621006,13465601,5155405
2020-05-20 08:36:54,mainnet,10101238,10101238,0
2020-05-20 08:36:54,kovan,18621022,13465601,5155421
2020-05-20 08:38:17,mainnet,10101248,10101248,0
2020-05-20 08:38:17,kovan,18621038,13465601,5155437
2020-05-20 08:39:39,mainnet,10101255,10101255,0
2020-05-20 08:39:39,kovan,18621056,13465601,5155455
2020-05-20 08:41:03,mainnet,10101266,10101266,0
2020-05-20 08:41:03,kovan,18621072,13465601,5155471
2020-05-20 08:42:25,mainnet,10101268,10101268,0
2020-05-20 08:42:25,kovan,18621088,13465601,5155487
2020-05-20 08:43:48,mainnet,10101275,10101276,-1
2020-05-20 08:43:48,kovan,18621104,13465601,5155503
2020-05-20 08:45:11,mainnet,10101278,10101278,0
2020-05-20 08:45:11,kovan,18621121,13465601,5155520
2020-05-20 08:46:34,mainnet,10101285,10101285,0
2020-05-20 08:46:34,kovan,18621138,13465601,5155537
2020-05-20 08:47:57,mainnet,10101294,10101294,0
2020-05-20 08:47:57,kovan,18621155,13465601,5155554
2020-05-20 08:49:19,mainnet,10101303,10101303,0
2020-05-20 08:49:19,kovan,18621171,13465601,5155570
2020-05-20 08:50:41,mainnet,10101308,10101308,0
2020-05-20 08:50:41,kovan,18621188,13465601,5155587
2020-05-20 08:52:04,mainnet,10101314,10101314,0
2020-05-20 08:52:04,kovan,18621204,13465601,5155603
2020-05-20 08:53:26,mainnet,10101316,10101316,0
2020-05-20 08:53:26,kovan,18621220,13465601,5155619
2020-05-20 08:54:49,mainnet,10101322,10101322,0
2020-05-20 08:54:49,kovan,18621236,13465601,5155635
2020-05-20 08:56:11,mainnet,10101325,10101324,1
2020-05-20 08:56:11,kovan,18621253,13465601,5155652
2020-05-20 08:57:34,mainnet,10101329,10101329,0
2020-05-20 08:57:34,kovan,18621270,13465601,5155669
2020-05-20 08:58:56,mainnet,10101335,10101336,-1
2020-05-20 08:58:56,kovan,18621287,13465601,5155686
2020-05-20 09:00:19,mainnet,10101344,10101344,0
2020-05-20 09:00:19,kovan,18621303,13465601,5155702
2020-05-20 09:01:42,mainnet,10101350,10101350,0
2020-05-20 09:01:42,kovan,18621320,13465601,5155719
2020-05-20 09:03:04,mainnet,10101355,10101355,0
2020-05-20 09:03:04,kovan,18621336,13465601,5155735
2020-05-20 09:04:26,mainnet,10101356,10101356,0
2020-05-20 09:04:26,kovan,18621352,13465601,5155751
2020-05-20 09:05:48,mainnet,10101363,10101363,0
2020-05-20 09:05:48,kovan,18621368,13465601,5155767
2020-05-20 09:07:10,mainnet,10101373,10101373,0
2020-05-20 09:07:10,kovan,18621385,13465601,5155784
2020-05-20 09:08:32,mainnet,10101378,10101377,1
2020-05-20 09:08:32,kovan,18621402,13465601,5155801
2020-05-20 09:09:54,mainnet,10101384,10101384,0
2020-05-20 09:09:54,kovan,18621418,13465601,5155817
2020-05-20 09:11:16,mainnet,10101395,10101395,0
2020-05-20 09:11:16,kovan,18621434,13465601,5155833
2020-05-20 09:12:38,mainnet,10101400,10101400,0
2020-05-20 09:12:38,kovan,18621451,13465601,5155850
2020-05-20 09:14:00,mainnet,10101406,10101406,0
2020-05-20 09:14:00,kovan,18621468,13465601,5155867
2020-05-20 09:15:23,mainnet,10101410,10101410,0
2020-05-20 09:15:23,kovan,18621484,13465601,5155883
2020-05-20 09:16:45,mainnet,10101413,10101413,0
2020-05-20 09:16:45,kovan,18621500,13465601,5155899
2020-05-20 09:18:07,mainnet,10101420,10101420,0
2020-05-20 09:18:07,kovan,18621516,13465601,5155915
2020-05-20 09:19:29,mainnet,10101428,10101428,0
2020-05-20 09:19:29,kovan,18621533,13465601,5155932
2020-05-20 09:20:52,mainnet,10101434,10101434,0
2020-05-20 09:20:52,kovan,18621550,13465601,5155949
2020-05-20 09:22:14,mainnet,10101441,10101441,0
2020-05-20 09:22:14,kovan,18621566,13465601,5155965
2020-05-20 09:23:37,mainnet,10101444,10101444,0
2020-05-20 09:23:37,kovan,18621582,13465601,5155981
2020-05-20 09:24:59,mainnet,10101451,10101451,0
2020-05-20 09:24:59,kovan,18621599,13465601,5155998
2020-05-20 09:26:21,mainnet,10101457,10101458,-1
2020-05-20 09:26:21,kovan,18621616,13465601,5156015
2020-05-20 09:27:43,mainnet,10101467,10101467,0
2020-05-20 09:27:43,kovan,18621632,13465601,5156031
2020-05-20 09:29:05,mainnet,10101472,10101472,0
2020-05-20 09:29:05,kovan,18621648,13465601,5156047
2020-05-20 09:30:27,mainnet,10101476,10101476,0
2020-05-20 09:30:27,kovan,18621664,13465601,5156063
2020-05-20 09:31:49,mainnet,10101480,10101480,0
2020-05-20 09:31:49,kovan,18621681,13465601,5156080
2020-05-20 09:33:11,mainnet,10101486,10101486,0
2020-05-20 09:33:11,kovan,18621697,13465601,5156096
2020-05-20 09:34:33,mainnet,10101493,10101493,0
2020-05-20 09:34:33,kovan,18621714,13465601,5156113
2020-05-20 09:35:55,mainnet,10101497,10101497,0
2020-05-20 09:35:55,kovan,18621730,13465601,5156129
2020-05-20 09:37:17,mainnet,10101503,10101503,0
2020-05-20 09:37:17,kovan,18621746,13465601,5156145
2020-05-20 09:38:38,mainnet,10101507,10101507,0
2020-05-20 09:38:38,kovan,18621763,13465601,5156162
2020-05-20 09:40:00,mainnet,10101513,10101512,1
2020-05-20 09:40:00,kovan,18621779,13465601,5156178
2020-05-20 09:41:22,mainnet,10101521,10101512,9
2020-05-20 09:41:22,kovan,18621796,13465601,5156195
2020-05-20 09:42:44,mainnet,10101528,10101512,16
2020-05-20 09:42:44,kovan,18621812,13465601,5156211
2020-05-20 09:44:06,mainnet,10101536,10101512,24
2020-05-20 09:44:06,kovan,18621828,13465601,5156227
2020-05-20 09:45:28,mainnet,10101540,10101512,28
2020-05-20 09:45:28,kovan,18621844,13465601,5156243
2020-05-20 09:46:50,mainnet,10101548,10101512,36
2020-05-20 09:46:50,kovan,18621861,13465601,5156260
2020-05-20 09:48:12,mainnet,10101555,10101512,43
2020-05-20 09:48:12,kovan,18621878,13465601,5156277
2020-05-20 09:49:34,mainnet,10101561,10101512,49
2020-05-20 09:49:34,kovan,18621894,13465601,5156293
2020-05-20 09:50:56,mainnet,10101566,10101512,54
2020-05-20 09:50:56,kovan,18621910,13465601,5156309
2020-05-20 09:52:18,mainnet,10101579,10101512,67
2020-05-20 09:52:18,kovan,18621926,13465601,5156325
2020-05-20 09:53:40,mainnet,10101584,10101512,72
2020-05-20 09:53:40,kovan,18621943,13465601,5156342
2020-05-20 09:55:02,mainnet,10101586,10101512,74
2020-05-20 09:55:02,kovan,18621960,13465601,5156359
2020-05-20 09:56:24,mainnet,10101590,10101512,78
2020-05-20 09:56:24,kovan,18621976,13465601,5156375
2020-05-20 09:57:46,mainnet,10101596,10101512,84
2020-05-20 09:57:46,kovan,18621992,13465601,5156391
2020-05-20 09:59:08,mainnet,10101600,10101512,88
2020-05-20 09:59:08,kovan,18622008,13465601,5156407
2020-05-20 10:00:30,mainnet,10101602,10101512,90
2020-05-20 10:00:30,kovan,18622025,13465601,5156424
2020-05-20 10:01:52,mainnet,10101609,10101512,97
2020-05-20 10:01:52,kovan,18622042,13465601,5156441
2020-05-20 10:03:14,mainnet,10101613,10101512,101
2020-05-20 10:03:14,kovan,18622058,13465601,5156457
2020-05-20 10:04:36,mainnet,10101618,10101512,106
2020-05-20 10:04:36,kovan,18622074,13465601,5156473
2020-05-20 10:05:58,mainnet,10101626,10101512,114
2020-05-20 10:05:58,kovan,18622090,13465601,5156489
2020-05-20 10:07:20,mainnet,10101631,10101512,119
2020-05-20 10:07:20,kovan,18622107,13465601,5156506
2020-05-20 10:08:42,mainnet,10101633,10101512,121
2020-05-20 10:08:42,kovan,18622124,13465601,5156523
2020-05-20 10:10:04,mainnet,10101638,10101512,126
2020-05-20 10:10:04,kovan,18622140,13465601,5156539
2020-05-20 10:11:25,mainnet,10101649,10101512,137
2020-05-20 10:11:25,kovan,18622156,13465601,5156555
2020-05-20 10:12:48,mainnet,10101655,10101512,143
2020-05-20 10:12:48,kovan,18622172,13465601,5156571
2020-05-20 10:14:10,mainnet,10101662,10101512,150
2020-05-20 10:14:10,kovan,18622189,13465601,5156588
2020-05-20 10:15:32,mainnet,10101665,10101512,153
2020-05-20 10:15:32,kovan,18622205,13465601,5156604
2020-05-20 10:16:53,mainnet,10101670,10101512,158
2020-05-20 10:16:53,kovan,18622222,13465601,5156621
2020-05-20 10:18:15,mainnet,10101677,10101512,165
2020-05-20 10:18:15,kovan,18622239,13465601,5156638
2020-05-20 10:19:38,mainnet,10101680,10101512,168
2020-05-20 10:19:38,kovan,18622254,13465601,5156653
2020-05-20 10:20:59,mainnet,10101684,10101512,172
2020-05-20 10:20:59,kovan,18622271,13465601,5156670
2020-05-20 10:22:21,mainnet,10101687,10101512,175
2020-05-20 10:22:21,kovan,18622288,13465601,5156687
2020-05-20 10:23:43,mainnet,10101693,10101512,181
2020-05-20 10:23:43,kovan,18622304,13465601,5156703
2020-05-20 10:25:05,mainnet,10101699,10101512,187
2020-05-20 10:25:05,kovan,18622320,13465601,5156719
2020-05-20 10:26:27,mainnet,10101706,10101512,194
2020-05-20 10:26:27,kovan,18622336,13465601,5156735
2020-05-20 10:27:49,mainnet,10101711,10101512,199
2020-05-20 10:27:49,kovan,18622353,13465601,5156752
2020-05-20 10:29:11,mainnet,10101718,10101512,206
2020-05-20 10:29:11,kovan,18622369,13465601,5156768
2020-05-20 10:30:33,mainnet,10101727,10101512,215
2020-05-20 10:30:33,kovan,18622386,13465601,5156785
2020-05-20 10:31:55,mainnet,10101736,10101512,224
2020-05-20 10:31:55,kovan,18622402,13465601,5156801
2020-05-20 10:33:17,mainnet,10101742,10101512,230
2020-05-20 10:33:17,kovan,18622418,13465601,5156817
2020-05-20 10:34:39,mainnet,10101745,10101512,233
2020-05-20 10:34:39,kovan,18622435,13465601,5156834
2020-05-20 10:36:01,mainnet,10101751,10101512,239
2020-05-20 10:36:01,kovan,18622452,13465601,5156851
2020-05-20 10:37:23,mainnet,10101757,10101512,245
2020-05-20 10:37:23,kovan,18622468,13465601,5156867
2020-05-20 10:38:45,mainnet,10101761,10101512,249
2020-05-20 10:38:45,kovan,18622484,13465601,5156883
2020-05-20 10:40:07,mainnet,10101767,10101512,255
2020-05-20 10:40:07,kovan,18622500,13465601,5156899
2020-05-20 10:41:29,mainnet,10101774,10101512,262
2020-05-20 10:41:29,kovan,18622517,13465601,5156916
2020-05-20 10:42:51,mainnet,10101783,10101512,271
2020-05-20 10:42:51,kovan,18622533,13465601,5156932
2020-05-20 10:44:13,mainnet,10101789,10101512,277
2020-05-20 10:44:13,kovan,18622550,13465601,5156949
2020-05-20 10:45:35,mainnet,10101792,10101512,280
2020-05-20 10:45:35,kovan,18622566,13465601,5156965
2020-05-20 10:46:57,mainnet,10101801,10101512,289
2020-05-20 10:46:57,kovan,18622582,13465601,5156981
2020-05-20 10:48:19,mainnet,10101806,10101512,294
2020-05-20 10:48:19,kovan,18622599,13465601,5156998
2020-05-20 10:49:41,mainnet,10101814,10101512,302
2020-05-20 10:49:41,kovan,18622616,13465601,5157015
2020-05-20 10:51:03,mainnet,10101820,10101512,308
2020-05-20 10:51:03,kovan,18622632,13465601,5157031
2020-05-20 10:52:25,mainnet,10101827,10101512,315
2020-05-20 10:52:25,kovan,18622648,13465601,5157047
2020-05-20 10:53:47,mainnet,10101831,10101512,319
2020-05-20 10:53:47,kovan,18622664,13465601,5157063
2020-05-20 10:55:09,mainnet,10101836,10101512,324
2020-05-20 10:55:09,kovan,18622681,13465601,5157080
2020-05-20 10:56:31,mainnet,10101837,10101512,325
2020-05-20 10:56:31,kovan,18622697,13465601,5157096
2020-05-20 10:57:53,mainnet,10101843,10101512,331
2020-05-20 10:57:53,kovan,18622713,13465601,5157112
2020-05-20 10:59:15,mainnet,10101849,10101512,337
2020-05-20 10:59:15,kovan,18622730,13465601,5157129
2020-05-20 11:00:37,mainnet,10101854,10101512,342
2020-05-20 11:00:37,kovan,18622746,13465601,5157145
2020-05-20 11:01:59,mainnet,10101858,10101512,346
2020-05-20 11:01:59,kovan,18622763,13465601,5157162
2020-05-20 11:03:20,mainnet,10101866,10101512,354
2020-05-20 11:03:20,kovan,18622779,13465601,5157178
2020-05-20 11:04:42,mainnet,10101871,10101512,359
2020-05-20 11:04:42,kovan,18622796,13465601,5157195
2020-05-20 11:06:04,mainnet,10101881,10101512,369
2020-05-20 11:06:04,kovan,18622812,13465601,5157211
2020-05-20 11:07:26,mainnet,10101889,10101512,377
2020-05-20 11:07:26,kovan,18622828,13465601,5157227
2020-05-20 11:08:48,mainnet,10101893,10101512,381
2020-05-20 11:08:48,kovan,18622845,13465601,5157244
2020-05-20 11:10:10,mainnet,10101900,10101512,388
2020-05-20 11:10:10,kovan,18622861,13465601,5157260
2020-05-20 11:11:32,mainnet,10101906,10101512,394
2020-05-20 11:11:32,kovan,18622876,13465601,5157275
2020-05-20 11:12:54,mainnet,10101911,10101512,399
2020-05-20 11:12:54,kovan,18622893,13465601,5157292
2020-05-20 11:14:16,mainnet,10101920,10101512,408
2020-05-20 11:14:16,kovan,18622910,13465601,5157309
2020-05-20 11:15:38,mainnet,10101929,10101512,417
2020-05-20 11:15:38,kovan,18622926,13465601,5157325
2020-05-20 11:17:00,mainnet,10101933,10101512,421
2020-05-20 11:17:00,kovan,18622942,13465601,5157341
2020-05-20 11:18:22,mainnet,10101939,10101512,427
2020-05-20 11:18:22,kovan,18622959,13465601,5157358
2020-05-20 11:19:44,mainnet,10101945,10101512,433
2020-05-20 11:19:44,kovan,18622975,13465601,5157374
2020-05-20 11:21:06,mainnet,10101949,10101512,437
2020-05-20 11:21:06,kovan,18622991,13465601,5157390
2020-05-20 11:22:28,mainnet,10101955,10101512,443
2020-05-20 11:22:28,kovan,18623006,13465601,5157405
2020-05-20 11:23:50,mainnet,10101962,10101512,450
2020-05-20 11:23:50,kovan,18623023,13465601,5157422
2020-05-20 11:25:13,mainnet,10101970,10101512,458
2020-05-20 11:25:13,kovan,18623040,13465601,5157439
2020-05-20 11:26:35,mainnet,10101975,10101512,463
2020-05-20 11:26:35,kovan,18623055,13465601,5157454
2020-05-20 11:27:57,mainnet,10101982,10101512,470
2020-05-20 11:27:57,kovan,18623072,13465601,5157471
2020-05-20 11:29:19,mainnet,10101990,10101512,478
2020-05-20 11:29:19,kovan,18623088,13465601,5157487
2020-05-20 11:30:41,mainnet,10102002,10101512,490
2020-05-20 11:30:41,kovan,18623104,13465601,5157503
2020-05-20 11:32:04,mainnet,10102007,10101512,495
2020-05-20 11:32:04,kovan,18623121,13465601,5157520
2020-05-20 11:33:26,mainnet,10102016,10101512,504
2020-05-20 11:33:26,kovan,18623137,13465601,5157536
2020-05-20 11:34:48,mainnet,10102028,10101512,516
2020-05-20 11:34:48,kovan,18623153,13465601,5157552
2020-05-20 11:36:10,mainnet,10102037,10101512,525
2020-05-20 11:36:10,kovan,18623170,13465601,5157569
2020-05-20 11:37:32,mainnet,10102041,10101512,529
2020-05-20 11:37:32,kovan,18623187,13465601,5157586
2020-05-20 11:38:54,mainnet,10102048,10101512,536
2020-05-20 11:38:54,kovan,18623203,13465601,5157602
2020-05-20 11:40:16,mainnet,10102054,10101512,542
2020-05-20 11:40:16,kovan,18623219,13465601,5157618
2020-05-20 11:41:38,mainnet,10102062,10101512,550
2020-05-20 11:41:38,kovan,18623236,13465601,5157635
2020-05-20 11:43:00,mainnet,10102064,10101512,552
2020-05-20 11:43:00,kovan,18623253,13465601,5157652
2020-05-20 11:44:22,mainnet,10102068,10102068,0
2020-05-20 11:44:22,kovan,18623269,13465601,5157668
2020-05-20 11:45:44,mainnet,10102075,10102073,2
2020-05-20 11:45:44,kovan,18623285,13465601,5157684
2020-05-20 11:47:06,mainnet,10102081,10102081,0
2020-05-20 11:47:06,kovan,18623301,13465601,5157700
2020-05-20 11:48:28,mainnet,10102087,10102087,0
2020-05-20 11:48:28,kovan,18623318,13465601,5157717
2020-05-20 11:49:50,mainnet,10102094,10102094,0
2020-05-20 11:49:50,kovan,18623334,13465601,5157733
2020-05-20 11:51:12,mainnet,10102099,10102099,0
2020-05-20 11:51:12,kovan,18623350,13465601,5157749
2020-05-20 11:52:34,mainnet,10102106,10102106,0
2020-05-20 11:52:34,kovan,18623367,13465601,5157766
2020-05-20 11:53:56,mainnet,10102108,10102108,0
2020-05-20 11:53:56,kovan,18623383,13465601,5157782
2020-05-20 11:55:18,mainnet,10102115,10102115,0
2020-05-20 11:55:18,kovan,18623400,13465601,5157799
2020-05-20 11:56:40,mainnet,10102120,10102120,0
2020-05-20 11:56:40,kovan,18623416,13465601,5157815
2020-05-20 11:58:01,mainnet,10102123,10102123,0
2020-05-20 11:58:01,kovan,18623432,13465601,5157831
2020-05-20 11:59:23,mainnet,10102129,10102129,0
2020-05-20 11:59:23,kovan,18623449,13465601,5157848
2020-05-20 12:00:45,mainnet,10102137,10102137,0
2020-05-20 12:00:45,kovan,18623465,13465601,5157864
2020-05-20 12:02:07,mainnet,10102144,10102144,0
2020-05-20 12:02:07,kovan,18623481,13465601,5157880
2020-05-20 12:03:29,mainnet,10102153,10102153,0
2020-05-20 12:03:29,kovan,18623498,13465601,5157897
2020-05-20 12:04:51,mainnet,10102157,10102157,0
2020-05-20 12:04:51,kovan,18623514,13465601,5157913
2020-05-20 12:06:13,mainnet,10102157,10102157,0
2020-05-20 12:06:13,kovan,18623531,13465601,5157930
2020-05-20 12:07:36,mainnet,10102164,10102164,0
2020-05-20 12:07:36,kovan,18623547,13465601,5157946
2020-05-20 12:08:58,mainnet,10102172,10102171,1
2020-05-20 12:08:58,kovan,18623564,13465601,5157963
2020-05-20 12:10:20,mainnet,10102177,10102177,0
2020-05-20 12:10:20,kovan,18623580,13465601,5157979
2020-05-20 12:11:42,mainnet,10102182,10102182,0
2020-05-20 12:11:42,kovan,18623597,13465601,5157996
2020-05-20 12:13:04,mainnet,10102185,10102185,0
2020-05-20 12:13:04,kovan,18623613,13465601,5158012
2020-05-20 12:14:26,mainnet,10102191,10102191,0
2020-05-20 12:14:26,kovan,18623629,13465601,5158028
2020-05-20 12:15:48,mainnet,10102197,10102197,0
2020-05-20 12:15:48,kovan,18623645,13465601,5158044
2020-05-20 12:17:10,mainnet,10102203,10102203,0
2020-05-20 12:17:10,kovan,18623662,13465601,5158061
2020-05-20 12:18:32,mainnet,10102210,10102209,1
2020-05-20 12:18:32,kovan,18623679,13465601,5158078
2020-05-20 12:19:54,mainnet,10102219,10102219,0
2020-05-20 12:19:54,kovan,18623695,13465601,5158094
2020-05-20 12:21:16,mainnet,10102228,10102229,-1
2020-05-20 12:21:16,kovan,18623711,13465601,5158110
2020-05-20 12:22:38,mainnet,10102236,10102235,1
2020-05-20 12:22:38,kovan,18623728,13465601,5158127
2020-05-20 12:24:00,mainnet,10102247,10102247,0
2020-05-20 12:24:00,kovan,18623744,13465601,5158143
2020-05-20 12:25:22,mainnet,10102255,10102255,0
2020-05-20 12:25:22,kovan,18623761,13465601,5158160
2020-05-20 12:26:44,mainnet,10102258,10102258,0
2020-05-20 12:26:44,kovan,18623777,13465601,5158176
2020-05-20 12:28:06,mainnet,10102267,10102267,0
2020-05-20 12:28:06,kovan,18623793,13465601,5158192
2020-05-20 12:29:28,mainnet,10102276,10102276,0
2020-05-20 12:29:28,kovan,18623809,13465601,5158208
2020-05-20 12:30:50,mainnet,10102283,10102282,1
2020-05-20 12:30:50,kovan,18623826,13465601,5158225
2020-05-20 12:32:12,mainnet,10102291,10102291,0
2020-05-20 12:32:12,kovan,18623843,13465601,5158242
2020-05-20 12:33:34,mainnet,10102296,10102296,0
2020-05-20 12:33:34,kovan,18623859,13465601,5158258
2020-05-20 12:34:56,mainnet,10102302,10102301,1
2020-05-20 12:34:56,kovan,18623875,13465601,5158274
2020-05-20 12:36:18,mainnet,10102315,10102315,0
2020-05-20 12:36:18,kovan,18623892,13465601,5158291
2020-05-20 12:37:40,mainnet,10102326,10102326,0
2020-05-20 12:37:40,kovan,18623909,13465601,5158308
2020-05-20 12:39:01,mainnet,10102330,10102330,0
2020-05-20 12:39:01,kovan,18623925,13465601,5158324
2020-05-20 12:40:23,mainnet,10102333,10102333,0
2020-05-20 12:40:23,kovan,18623941,13465601,5158340
2020-05-20 12:41:45,mainnet,10102337,10102337,0
2020-05-20 12:41:45,kovan,18623957,13465601,5158356
2020-05-20 12:43:08,mainnet,10102344,10102344,0
2020-05-20 12:43:08,kovan,18623973,13465601,5158372
2020-05-20 12:44:29,mainnet,10102353,10102353,0
2020-05-20 12:44:29,kovan,18623990,13465601,5158389
2020-05-20 12:45:51,mainnet,10102360,10102359,1
2020-05-20 12:45:51,kovan,18624006,13465601,5158405
2020-05-20 12:47:13,mainnet,10102365,10102365,0
2020-05-20 12:47:13,kovan,18624022,13465601,5158421
2020-05-20 12:48:36,mainnet,10102369,10102370,-1
2020-05-20 12:48:36,kovan,18624039,13465601,5158438
2020-05-20 12:49:58,mainnet,10102381,10102380,1
2020-05-20 12:49:58,kovan,18624056,13465601,5158455
2020-05-20 12:51:20,mainnet,10102388,10102388,0
2020-05-20 12:51:20,kovan,18624072,13465601,5158471
2020-05-20 12:52:42,mainnet,10102394,10102394,0
2020-05-20 12:52:42,kovan,18624089,13465601,5158488
2020-05-20 12:54:04,mainnet,10102397,10102397,0
2020-05-20 12:54:04,kovan,18624104,13465601,5158503
2020-05-20 12:55:26,mainnet,10102404,10102404,0
2020-05-20 12:55:26,kovan,18624120,13465601,5158519
2020-05-20 12:56:48,mainnet,10102408,10102408,0
2020-05-20 12:56:48,kovan,18624137,13465601,5158536
2020-05-20 12:58:10,mainnet,10102413,10102413,0
2020-05-20 12:58:10,kovan,18624153,13465601,5158552
2020-05-20 12:59:32,mainnet,10102415,10102415,0
2020-05-20 12:59:32,kovan,18624169,13465601,5158568
2020-05-20 13:00:54,mainnet,10102418,10102418,0
2020-05-20 13:00:54,kovan,18624186,13465601,5158585
2020-05-20 13:02:16,mainnet,10102424,10102424,0
2020-05-20 13:02:16,kovan,18624203,13465601,5158602
2020-05-20 13:03:39,mainnet,10102438,10102438,0
2020-05-20 13:03:39,kovan,18624219,13465601,5158618
2020-05-20 13:05:01,mainnet,10102446,10102446,0
2020-05-20 13:05:01,kovan,18624236,13465601,5158635
2020-05-20 13:06:23,mainnet,10102453,10102452,1
2020-05-20 13:06:23,kovan,18624252,13465601,5158651
2020-05-20 13:07:45,mainnet,10102460,10102460,0
2020-05-20 13:07:45,kovan,18624268,13465601,5158667
2020-05-20 13:09:07,mainnet,10102466,10102466,0
2020-05-20 13:09:07,kovan,18624284,13465601,5158683
2020-05-20 13:10:29,mainnet,10102475,10102474,1
2020-05-20 13:10:29,kovan,18624301,13465601,5158700
2020-05-20 13:11:51,mainnet,10102478,10102478,0
2020-05-20 13:11:51,kovan,18624318,13465601,5158717
2020-05-20 13:13:14,mainnet,10102487,10102487,0
2020-05-20 13:13:14,kovan,18624334,13465601,5158733
2020-05-20 13:14:36,mainnet,10102491,10102491,0
2020-05-20 13:14:36,kovan,18624350,13465601,5158749
2020-05-20 13:15:58,mainnet,10102495,10102495,0
2020-05-20 13:15:58,kovan,18624367,13465601,5158766
2020-05-20 13:17:20,mainnet,10102504,10102504,0
2020-05-20 13:17:20,kovan,18624384,13465601,5158783
2020-05-20 13:18:43,mainnet,10102510,10102511,-1
2020-05-20 13:18:43,kovan,18624400,13465601,5158799
2020-05-20 13:20:05,mainnet,10102519,10102519,0
2020-05-20 13:20:05,kovan,18624416,13465601,5158815
2020-05-20 13:21:27,mainnet,10102524,10102524,0
2020-05-20 13:21:27,kovan,18624432,13465601,5158831
2020-05-20 13:22:49,mainnet,10102528,10102528,0
2020-05-20 13:22:49,kovan,18624449,13465601,5158848
2020-05-20 13:24:11,mainnet,10102534,10102534,0
2020-05-20 13:24:11,kovan,18624465,13465601,5158864
2020-05-20 13:25:34,mainnet,10102538,10102538,0
2020-05-20 13:25:34,kovan,18624482,13465601,5158881
2020-05-20 13:26:56,mainnet,10102542,10102542,0
2020-05-20 13:26:56,kovan,18624499,13465601,5158898
2020-05-20 13:28:18,mainnet,10102549,10102549,0
2020-05-20 13:28:18,kovan,18624515,13465601,5158914
2020-05-20 13:29:40,mainnet,10102556,10102557,-1
2020-05-20 13:29:40,kovan,18624531,13465601,5158930
2020-05-20 13:31:02,mainnet,10102562,10102562,0
2020-05-20 13:31:02,kovan,18624548,13465601,5158947
2020-05-20 13:32:24,mainnet,10102567,10102567,0
2020-05-20 13:32:24,kovan,18624564,13465601,5158963
2020-05-20 13:33:46,mainnet,10102572,10102572,0
2020-05-20 13:33:46,kovan,18624581,13465601,5158980
2020-05-20 13:35:14,mainnet,10102583,10102583,0
2020-05-20 13:35:14,kovan,18624598,13465601,5158997
2020-05-20 13:36:36,mainnet,10102588,10102588,0
2020-05-20 13:36:36,kovan,18624615,13465601,5159014
2020-05-20 13:38:03,mainnet,10102592,10102592,0
2020-05-20 13:38:03,kovan,18624631,13465601,5159030
2020-05-20 13:39:25,mainnet,10102600,10102600,0
2020-05-20 13:39:25,kovan,18624647,13465601,5159046
2020-05-20 13:40:47,mainnet,10102605,10102605,0
2020-05-20 13:40:47,kovan,18624663,13465601,5159062
2020-05-20 13:42:09,mainnet,10102612,10102612,0
2020-05-20 13:42:09,kovan,18624680,13465601,5159079
2020-05-20 13:43:31,mainnet,10102617,10102617,0
2020-05-20 13:43:31,kovan,18624696,13465601,5159095
2020-05-20 13:44:53,mainnet,10102625,10102625,0
2020-05-20 13:44:53,kovan,18624713,13465601,5159112
2020-05-20 13:46:15,mainnet,10102627,10102627,0
2020-05-20 13:46:15,kovan,18624729,13465601,5159128
2020-05-20 13:47:37,mainnet,10102632,10102632,0
2020-05-20 13:47:37,kovan,18624745,13465601,5159144
2020-05-20 13:48:59,mainnet,10102637,10102637,0
2020-05-20 13:48:59,kovan,18624762,13465601,5159161
2020-05-20 13:50:21,mainnet,10102645,10102645,0
2020-05-20 13:50:21,kovan,18624779,13465601,5159178
2020-05-20 13:51:43,mainnet,10102650,10102649,1
2020-05-20 13:51:43,kovan,18624795,13465601,5159194
2020-05-20 13:53:05,mainnet,10102661,10102661,0
2020-05-20 13:53:05,kovan,18624811,13465601,5159210
2020-05-20 13:54:27,mainnet,10102669,10102669,0
2020-05-20 13:54:27,kovan,18624827,13465601,5159226
2020-05-20 13:55:49,mainnet,10102677,10102677,0
2020-05-20 13:55:49,kovan,18624844,13465601,5159243
2020-05-20 13:57:11,mainnet,10102679,10102679,0
2020-05-20 13:57:11,kovan,18624860,13465601,5159259
2020-05-20 13:58:33,mainnet,10102687,10102687,0
2020-05-20 13:58:33,kovan,18624877,13465601,5159276
2020-05-20 13:59:55,mainnet,10102692,10102692,0
2020-05-20 13:59:55,kovan,18624894,13465601,5159293
2020-05-20 14:01:17,mainnet,10102700,10102700,0
2020-05-20 14:01:17,kovan,18624910,13465601,5159309
2020-05-20 14:02:39,mainnet,10102706,10102706,0
2020-05-20 14:02:39,kovan,18624926,13465601,5159325
2020-05-20 14:04:01,mainnet,10102712,10102712,0
2020-05-20 14:04:01,kovan,18624943,13465601,5159342
2020-05-20 14:05:23,mainnet,10102718,10102718,0
2020-05-20 14:05:23,kovan,18624959,13465601,5159358
2020-05-20 14:06:45,mainnet,10102730,10102730,0
2020-05-20 14:06:45,kovan,18624975,13465601,5159374
2020-05-20 14:08:08,mainnet,10102735,10102735,0
2020-05-20 14:08:08,kovan,18624991,13465601,5159390
2020-05-20 14:09:30,mainnet,10102739,10102739,0
2020-05-20 14:09:30,kovan,18625008,13465601,5159407
2020-05-20 14:10:51,mainnet,10102745,10102745,0
2020-05-20 14:10:51,kovan,18625024,13465601,5159423
2020-05-20 14:12:13,mainnet,10102750,10102750,0
2020-05-20 14:12:13,kovan,18625041,13465601,5159440
2020-05-20 14:13:35,mainnet,10102762,10102762,0
2020-05-20 14:13:35,kovan,18625057,13465601,5159456
2020-05-20 14:14:57,mainnet,10102764,10102764,0
2020-05-20 14:14:57,kovan,18625074,13465601,5159473
2020-05-20 14:16:19,mainnet,10102767,10102767,0
2020-05-20 14:16:19,kovan,18625090,13465601,5159489
2020-05-20 14:17:41,mainnet,10102771,10102771,0
2020-05-20 14:17:41,kovan,18625107,13465601,5159506
2020-05-20 14:19:03,mainnet,10102776,10102776,0
2020-05-20 14:19:03,kovan,18625123,13465601,5159522
2020-05-20 14:20:25,mainnet,10102782,10102782,0
2020-05-20 14:20:25,kovan,18625139,13465601,5159538
2020-05-20 14:21:47,mainnet,10102793,10102793,0
2020-05-20 14:21:47,kovan,18625155,13465601,5159554
2020-05-20 14:23:09,mainnet,10102798,10102798,0
2020-05-20 14:23:09,kovan,18625171,13465601,5159570
2020-05-20 14:24:31,mainnet,10102800,10102801,-1
2020-05-20 14:24:31,kovan,18625188,13465601,5159587
2020-05-20 14:25:53,mainnet,10102803,10102803,0
2020-05-20 14:25:53,kovan,18625205,13465601,5159604
2020-05-20 14:27:15,mainnet,10102806,10102806,0
2020-05-20 14:27:15,kovan,18625222,13465601,5159621
2020-05-20 14:28:37,mainnet,10102814,10102814,0
2020-05-20 14:28:37,kovan,18625237,13465601,5159636
2020-05-20 14:29:59,mainnet,10102822,10102822,0
2020-05-20 14:29:59,kovan,18625254,13465601,5159653
2020-05-20 14:31:21,mainnet,10102827,10102827,0
2020-05-20 14:31:21,kovan,18625270,13465601,5159669
2020-05-20 14:32:43,mainnet,10102831,10102831,0
2020-05-20 14:32:43,kovan,18625287,13465601,5159686
2020-05-20 14:34:05,mainnet,10102840,10102840,0
2020-05-20 14:34:05,kovan,18625303,13465601,5159702
2020-05-20 14:35:28,mainnet,10102847,10102847,0
2020-05-20 14:35:28,kovan,18625319,13465601,5159718
2020-05-20 14:36:50,mainnet,10102854,10102854,0
2020-05-20 14:36:50,kovan,18625336,13465601,5159735
2020-05-20 14:38:12,mainnet,10102861,10102861,0
2020-05-20 14:38:12,kovan,18625353,13465601,5159752
2020-05-20 14:39:34,mainnet,10102870,10102870,0
2020-05-20 14:39:34,kovan,18625369,13465601,5159768
2020-05-20 14:40:56,mainnet,10102874,10102874,0
2020-05-20 14:40:56,kovan,18625386,13465601,5159785
2020-05-20 14:42:18,mainnet,10102881,10102881,0
2020-05-20 14:42:18,kovan,18625402,13465601,5159801
2020-05-20 14:43:40,mainnet,10102888,10102888,0
2020-05-20 14:43:40,kovan,18625418,13465601,5159817
2020-05-20 14:45:02,mainnet,10102893,10102893,0
2020-05-20 14:45:02,kovan,18625435,13465601,5159834
2020-05-20 14:46:24,mainnet,10102896,10102896,0
2020-05-20 14:46:24,kovan,18625451,13465601,5159850
2020-05-20 14:47:46,mainnet,10102902,10102903,-1
2020-05-20 14:47:46,kovan,18625467,13465601,5159866
2020-05-20 14:49:08,mainnet,10102912,10102912,0
2020-05-20 14:49:08,kovan,18625483,13465601,5159882
2020-05-20 14:50:30,mainnet,10102913,10102913,0
2020-05-20 14:50:30,kovan,18625500,13465601,5159899
2020-05-20 14:51:52,mainnet,10102921,10102921,0
2020-05-20 14:51:52,kovan,18625516,13465601,5159915
2020-05-20 14:53:14,mainnet,10102926,10102926,0
2020-05-20 14:53:14,kovan,18625533,13465601,5159932
2020-05-20 14:54:36,mainnet,10102937,10102937,0
2020-05-20 14:54:36,kovan,18625549,13465601,5159948
2020-05-20 14:55:58,mainnet,10102940,10102940,0
2020-05-20 14:55:58,kovan,18625566,13465601,5159965
2020-05-20 14:57:20,mainnet,10102945,10102945,0
2020-05-20 14:57:20,kovan,18625583,13465601,5159982
2020-05-20 14:58:42,mainnet,10102953,10102953,0
2020-05-20 14:58:42,kovan,18625599,13465601,5159998
2020-05-20 15:00:04,mainnet,10102958,10102958,0
2020-05-20 15:00:04,kovan,18625615,13465601,5160014
2020-05-20 15:01:26,mainnet,10102960,10102960,0
2020-05-20 15:01:26,kovan,18625631,13465601,5160030
2020-05-20 15:02:48,mainnet,10102967,10102967,0
2020-05-20 15:02:48,kovan,18625647,13465601,5160046
2020-05-20 15:04:10,mainnet,10102976,10102977,-1
2020-05-20 15:04:10,kovan,18625664,13465601,5160063
2020-05-20 15:05:32,mainnet,10102985,10102986,-1
2020-05-20 15:05:32,kovan,18625681,13465601,5160080
2020-05-20 15:06:54,mainnet,10102992,10102992,0
2020-05-20 15:06:54,kovan,18625697,13465601,5160096
2020-05-20 15:08:16,mainnet,10102997,10102997,0
2020-05-20 15:08:16,kovan,18625713,13465601,5160112
2020-05-20 15:09:38,mainnet,10103003,10103003,0
2020-05-20 15:09:38,kovan,18625730,13465601,5160129
2020-05-20 15:11:00,mainnet,10103008,10103008,0
2020-05-20 15:11:00,kovan,18625746,13465601,5160145
2020-05-20 15:12:22,mainnet,10103010,10103010,0
2020-05-20 15:12:22,kovan,18625763,13465601,5160162
2020-05-20 15:13:44,mainnet,10103017,10103017,0
2020-05-20 15:13:44,kovan,18625779,13465601,5160178
2020-05-20 15:15:06,mainnet,10103020,10103020,0
2020-05-20 15:15:06,kovan,18625795,13465601,5160194
2020-05-20 15:16:28,mainnet,10103024,10103024,0
2020-05-20 15:16:28,kovan,18625811,13465601,5160210
2020-05-20 15:17:50,mainnet,10103032,10103032,0
2020-05-20 15:17:50,kovan,18625828,13465601,5160227
2020-05-20 15:19:12,mainnet,10103036,10103036,0
2020-05-20 15:19:12,kovan,18625845,13465601,5160244
2020-05-20 15:20:35,mainnet,10103045,10103045,0
2020-05-20 15:20:35,kovan,18625861,13465601,5160260
2020-05-20 15:21:57,mainnet,10103050,10103050,0
2020-05-20 15:21:57,kovan,18625878,13465601,5160277
2020-05-20 15:23:18,mainnet,10103055,10103055,0
2020-05-20 15:23:18,kovan,18625894,13465601,5160293
2020-05-20 15:24:40,mainnet,10103061,10103061,0
2020-05-20 15:24:40,kovan,18625910,13465601,5160309
2020-05-20 15:26:02,mainnet,10103066,10103066,0
2020-05-20 15:26:02,kovan,18625927,13465601,5160326
2020-05-20 15:27:24,mainnet,10103070,10103070,0
2020-05-20 15:27:24,kovan,18625943,13465601,5160342
2020-05-20 15:28:46,mainnet,10103076,10103075,1
2020-05-20 15:28:46,kovan,18625959,13465601,5160358
2020-05-20 15:30:08,mainnet,10103086,10103086,0
2020-05-20 15:30:08,kovan,18625975,13465601,5160374
2020-05-20 15:31:30,mainnet,10103089,10103089,0
2020-05-20 15:31:30,kovan,18625992,13465601,5160391
2020-05-20 15:32:52,mainnet,10103097,10103097,0
2020-05-20 15:32:52,kovan,18626008,13465601,5160407
2020-05-20 15:34:14,mainnet,10103100,10103100,0
2020-05-20 15:34:14,kovan,18626025,13465601,5160424
2020-05-20 15:35:36,mainnet,10103103,10103103,0
2020-05-20 15:35:36,kovan,18626042,13465601,5160441
2020-05-20 15:36:58,mainnet,10103107,10103107,0
2020-05-20 15:36:58,kovan,18626058,13465601,5160457
2020-05-20 15:38:20,mainnet,10103115,10103115,0
2020-05-20 15:38:20,kovan,18626074,13465601,5160473
2020-05-20 15:39:42,mainnet,10103123,10103124,-1
2020-05-20 15:39:42,kovan,18626091,13465601,5160490
2020-05-20 15:41:04,mainnet,10103129,10103129,0
2020-05-20 15:41:04,kovan,18626106,13465601,5160505
2020-05-20 15:42:26,mainnet,10103138,10103138,0
2020-05-20 15:42:26,kovan,18626122,13465601,5160521
2020-05-20 15:43:50,mainnet,10103141,10103141,0
2020-05-20 15:43:50,kovan,18626139,13465601,5160538
2020-05-20 15:45:12,mainnet,10103144,10103144,0
2020-05-20 15:45:12,kovan,18626155,13465601,5160554
2020-05-20 15:46:34,mainnet,10103153,10103153,0
2020-05-20 15:46:34,kovan,18626170,13465601,5160569
2020-05-20 15:47:56,mainnet,10103159,10103159,0
2020-05-20 15:47:56,kovan,18626187,13465601,5160586
2020-05-20 15:49:18,mainnet,10103172,10103173,-1
2020-05-20 15:49:18,kovan,18626203,13465601,5160602
2020-05-20 15:50:40,mainnet,10103181,10103181,0
2020-05-20 15:50:40,kovan,18626219,13465601,5160618
2020-05-20 15:52:02,mainnet,10103192,10103192,0
2020-05-20 15:52:02,kovan,18626236,13465601,5160635
2020-05-20 15:53:25,mainnet,10103196,10103196,0
2020-05-20 15:53:25,kovan,18626252,13465601,5160651
2020-05-20 15:54:47,mainnet,10103197,10103197,0
2020-05-20 15:54:47,kovan,18626269,13465601,5160668
2020-05-20 15:56:09,mainnet,10103199,10103199,0
2020-05-20 15:56:09,kovan,18626284,13465601,5160683
2020-05-20 15:57:31,mainnet,10103204,10103206,-2
2020-05-20 15:57:31,kovan,18626301,13465601,5160700
2020-05-20 15:58:54,mainnet,10103214,10103214,0
2020-05-20 15:58:54,kovan,18626318,13465601,5160717
2020-05-20 16:00:16,mainnet,10103219,10103219,0
2020-05-20 16:00:16,kovan,18626335,13465601,5160734
2020-05-20 16:01:38,mainnet,10103225,10103226,-1
2020-05-20 16:01:38,kovan,18626351,13465601,5160750
2020-05-20 16:03:00,mainnet,10103234,10103234,0
2020-05-20 16:03:00,kovan,18626367,13465601,5160766
2020-05-20 16:04:22,mainnet,10103240,10103240,0
2020-05-20 16:04:22,kovan,18626384,13465601,5160783
2020-05-20 16:05:44,mainnet,10103248,10103248,0
2020-05-20 16:05:44,kovan,18626400,13465601,5160799
2020-05-20 16:07:07,mainnet,10103249,10103249,0
2020-05-20 16:07:07,kovan,18626416,13465601,5160815
2020-05-20 16:08:29,mainnet,10103252,10103252,0
2020-05-20 16:08:29,kovan,18626433,13465601,5160832
2020-05-20 16:09:52,mainnet,10103256,10103256,0
2020-05-20 16:09:52,kovan,18626450,13465601,5160849
2020-05-20 16:11:15,mainnet,10103261,10103261,0
2020-05-20 16:11:15,kovan,18626466,13465601,5160865
2020-05-20 16:12:39,mainnet,10103266,10103266,0
2020-05-20 16:12:39,kovan,18626482,13465601,5160881
2020-05-20 16:14:01,mainnet,10103272,10103272,0
2020-05-20 16:14:01,kovan,18626500,13465601,5160899
2020-05-20 16:15:33,mainnet,10103280,10103280,0
2020-05-20 16:15:33,kovan,18626517,13465601,5160916
2020-05-20 16:16:55,mainnet,10103284,10103284,0
2020-05-20 16:16:55,kovan,18626533,13465601,5160932
2020-05-20 16:18:17,mainnet,10103288,10103288,0
2020-05-20 16:18:17,kovan,18626550,13465601,5160949
2020-05-20 16:19:39,mainnet,10103292,10103292,0
2020-05-20 16:19:39,kovan,18626566,13465601,5160965
2020-05-20 16:21:01,mainnet,10103296,10103296,0
2020-05-20 16:21:01,kovan,18626582,13465601,5160981
2020-05-20 16:22:23,mainnet,10103300,10103300,0
2020-05-20 16:22:23,kovan,18626599,13465601,5160998
2020-05-20 16:23:45,mainnet,10103307,10103307,0
2020-05-20 16:23:45,kovan,18626615,13465601,5161014
2020-05-20 16:25:07,mainnet,10103311,10103311,0
2020-05-20 16:25:07,kovan,18626631,13465601,5161030
2020-05-20 16:26:29,mainnet,10103316,10103316,0
2020-05-20 16:26:29,kovan,18626647,13465601,5161046
2020-05-20 16:27:51,mainnet,10103320,10103320,0
2020-05-20 16:27:51,kovan,18626664,13465601,5161063
2020-05-20 16:29:13,mainnet,10103326,10103325,1
2020-05-20 16:29:13,kovan,18626681,13465601,5161080
2020-05-20 16:30:35,mainnet,10103332,10103332,0
2020-05-20 16:30:35,kovan,18626697,13465601,5161096
2020-05-20 16:31:57,mainnet,10103339,10103339,0
2020-05-20 16:31:57,kovan,18626714,13465601,5161113
2020-05-20 16:33:19,mainnet,10103348,10103348,0
2020-05-20 16:33:19,kovan,18626730,13465601,5161129
2020-05-20 16:34:41,mainnet,10103357,10103357,0
2020-05-20 16:34:41,kovan,18626746,13465601,5161145
2020-05-20 16:36:03,mainnet,10103364,10103366,-2
2020-05-20 16:36:03,kovan,18626763,13465601,5161162
2020-05-20 16:37:25,mainnet,10103372,10103372,0
2020-05-20 16:37:25,kovan,18626779,13465601,5161178
2020-05-20 16:38:47,mainnet,10103375,10103375,0
2020-05-20 16:38:47,kovan,18626795,13465601,5161194
2020-05-20 16:40:09,mainnet,10103379,10103379,0
2020-05-20 16:40:09,kovan,18626811,13465601,5161210
2020-05-20 16:41:31,mainnet,10103386,10103386,0
2020-05-20 16:41:31,kovan,18626828,13465601,5161227
2020-05-20 16:42:53,mainnet,10103390,10103390,0
2020-05-20 16:42:53,kovan,18626845,13465601,5161244
2020-05-20 16:44:15,mainnet,10103395,10103395,0
2020-05-20 16:44:15,kovan,18626861,13465601,5161260
2020-05-20 16:45:37,mainnet,10103402,10103402,0
2020-05-20 16:45:37,kovan,18626878,13465601,5161277
2020-05-20 16:46:59,mainnet,10103407,10103407,0
2020-05-20 16:46:59,kovan,18626894,13465601,5161293
2020-05-20 16:48:21,mainnet,10103418,10103418,0
2020-05-20 16:48:21,kovan,18626910,13465601,5161309
2020-05-20 16:49:43,mainnet,10103421,10103421,0
2020-05-20 16:49:43,kovan,18626927,13465601,5161326
2020-05-20 16:51:05,mainnet,10103426,10103426,0
2020-05-20 16:51:05,kovan,18626943,13465601,5161342
2020-05-20 16:52:26,mainnet,10103434,10103434,0
2020-05-20 16:52:26,kovan,18626959,13465601,5161358
2020-05-20 16:53:49,mainnet,10103445,10103445,0
2020-05-20 16:53:49,kovan,18626976,13465601,5161375
2020-05-20 16:55:10,mainnet,10103453,10103453,0
2020-05-20 16:55:10,kovan,18626992,13465601,5161391
2020-05-20 16:56:32,mainnet,10103459,10103459,0
2020-05-20 16:56:32,kovan,18627008,13465601,5161407
2020-05-20 16:57:55,mainnet,10103462,10103462,0
2020-05-20 16:57:55,kovan,18627025,13465601,5161424
2020-05-20 16:59:17,mainnet,10103465,10103465,0
2020-05-20 16:59:17,kovan,18627042,13465601,5161441
2020-05-20 17:00:39,mainnet,10103467,10103467,0
2020-05-20 17:00:39,kovan,18627058,13465601,5161457
2020-05-20 17:02:01,mainnet,10103478,10103478,0
2020-05-20 17:02:01,kovan,18627075,13465601,5161474
2020-05-20 17:03:23,mainnet,10103484,10103484,0
2020-05-20 17:03:23,kovan,18627091,13465601,5161490
2020-05-20 17:04:45,mainnet,10103493,10103493,0
2020-05-20 17:04:45,kovan,18627107,13465601,5161506
2020-05-20 17:06:07,mainnet,10103498,10103498,0
2020-05-20 17:06:07,kovan,18627123,13465601,5161522
2020-05-20 17:07:29,mainnet,10103503,10103503,0
2020-05-20 17:07:29,kovan,18627139,13465601,5161538
2020-05-20 17:08:51,mainnet,10103514,10103514,0
2020-05-20 17:08:51,kovan,18627156,13465601,5161555
2020-05-20 17:10:13,mainnet,10103519,10103519,0
2020-05-20 17:10:13,kovan,18627173,13465601,5161572
2020-05-20 17:11:35,mainnet,10103524,10103524,0
2020-05-20 17:11:35,kovan,18627189,13465601,5161588
2020-05-20 17:12:58,mainnet,10103532,10103532,0
2020-05-20 17:12:58,kovan,18627206,13465601,5161605
2020-05-20 17:14:20,mainnet,10103541,10103541,0
2020-05-20 17:14:20,kovan,18627222,13465601,5161621
2020-05-20 17:15:42,mainnet,10103546,10103546,0
2020-05-20 17:15:42,kovan,18627239,13465601,5161638
2020-05-20 17:17:04,mainnet,10103552,10103553,-1
2020-05-20 17:17:04,kovan,18627255,13465601,5161654
2020-05-20 17:18:26,mainnet,10103558,10103558,0
2020-05-20 17:18:26,kovan,18627271,13465601,5161670
2020-05-20 17:19:48,mainnet,10103564,10103564,0
2020-05-20 17:19:48,kovan,18627287,13465601,5161686
2020-05-20 17:21:10,mainnet,10103565,10103565,0
2020-05-20 17:21:10,kovan,18627304,13465601,5161703
2020-05-20 17:22:32,mainnet,10103570,10103570,0
2020-05-20 17:22:32,kovan,18627320,13465601,5161719
2020-05-20 17:23:54,mainnet,10103575,10103575,0
2020-05-20 17:23:54,kovan,18627337,13465601,5161736
2020-05-20 17:25:16,mainnet,10103579,10103579,0
2020-05-20 17:25:16,kovan,18627354,13465601,5161753
2020-05-20 17:26:38,mainnet,10103585,10103585,0
2020-05-20 17:26:38,kovan,18627370,13465601,5161769
2020-05-20 17:28:00,mainnet,10103591,10103591,0
2020-05-20 17:28:00,kovan,18627386,13465601,5161785
2020-05-20 17:29:22,mainnet,10103595,10103595,0
2020-05-20 17:29:22,kovan,18627403,13465601,5161802
2020-05-20 17:30:45,mainnet,10103599,10103599,0
2020-05-20 17:30:45,kovan,18627419,13465601,5161818
2020-05-20 17:32:08,mainnet,10103604,10103604,0
2020-05-20 17:32:08,kovan,18627435,13465601,5161834
2020-05-20 17:33:30,mainnet,10103608,10103608,0
2020-05-20 17:33:30,kovan,18627452,13465601,5161851
2020-05-20 17:34:53,mainnet,10103612,10103612,0
2020-05-20 17:34:53,kovan,18627469,13465601,5161868
2020-05-20 17:36:15,mainnet,10103616,10103616,0
2020-05-20 17:36:15,kovan,18627486,13465601,5161885
2020-05-20 17:37:38,mainnet,10103620,10103620,0
2020-05-20 17:37:38,kovan,18627501,13465601,5161900
2020-05-20 17:39:00,mainnet,10103630,10103630,0
2020-05-20 17:39:00,kovan,18627518,13465601,5161917
2020-05-20 17:40:25,mainnet,10103637,10103637,0
2020-05-20 17:40:25,kovan,18627534,13465601,5161933
2020-05-20 17:41:48,mainnet,10103646,10103646,0
2020-05-20 17:41:48,kovan,18627551,13465601,5161950
2020-05-20 17:43:12,mainnet,10103655,10103655,0
2020-05-20 17:43:12,kovan,18627567,13465601,5161966
2020-05-20 17:44:34,mainnet,10103659,10103659,0
2020-05-20 17:44:34,kovan,18627584,13465601,5161983
2020-05-20 17:45:56,mainnet,10103665,10103665,0
2020-05-20 17:45:56,kovan,18627600,13465601,5161999
2020-05-20 17:47:18,mainnet,10103677,10103677,0
2020-05-20 17:47:18,kovan,18627617,13465601,5162016
2020-05-20 17:48:41,mainnet,10103682,10103682,0
2020-05-20 17:48:41,kovan,18627634,13465601,5162033
2020-05-20 17:50:03,mainnet,10103688,10103688,0
2020-05-20 17:50:03,kovan,18627650,13465601,5162049
2020-05-20 17:51:26,mainnet,10103693,10103693,0
2020-05-20 17:51:26,kovan,18627666,13465601,5162065
2020-05-20 17:52:48,mainnet,10103703,10103703,0
2020-05-20 17:52:48,kovan,18627683,13465601,5162082
2020-05-20 17:54:11,mainnet,10103708,10103708,0
2020-05-20 17:54:11,kovan,18627700,13465601,5162099
2020-05-20 17:55:33,mainnet,10103711,10103711,0
2020-05-20 17:55:33,kovan,18627716,13465601,5162115
2020-05-20 17:56:56,mainnet,10103715,10103716,-1
2020-05-20 17:56:56,kovan,18627732,13465601,5162131
2020-05-20 17:58:18,mainnet,10103720,10103720,0
2020-05-20 17:58:18,kovan,18627749,13465601,5162148
2020-05-20 17:59:40,mainnet,10103726,10103726,0
2020-05-20 17:59:40,kovan,18627766,13465601,5162165
2020-05-20 18:01:02,mainnet,10103730,10103730,0
2020-05-20 18:01:02,kovan,18627782,13465601,5162181
2020-05-20 18:02:24,mainnet,10103735,10103735,0
2020-05-20 18:02:24,kovan,18627798,13465601,5162197
2020-05-20 18:03:47,mainnet,10103741,10103741,0
2020-05-20 18:03:47,kovan,18627814,13465601,5162213
2020-05-20 18:05:09,mainnet,10103745,10103745,0
2020-05-20 18:05:09,kovan,18627831,13465601,5162230
2020-05-20 18:06:33,mainnet,10103751,10103751,0
2020-05-20 18:06:33,kovan,18627848,13465601,5162247
2020-05-20 18:07:55,mainnet,10103765,10103765,0
2020-05-20 18:07:55,kovan,18627864,13465601,5162263
2020-05-20 18:09:18,mainnet,10103769,10103769,0
2020-05-20 18:09:18,kovan,18627881,13465601,5162280
2020-05-20 18:10:43,mainnet,10103773,10103773,0
2020-05-20 18:10:43,kovan,18627898,13465601,5162297
2020-05-20 18:12:06,mainnet,10103780,10103780,0
2020-05-20 18:12:06,kovan,18627914,13465601,5162313
2020-05-20 18:13:28,mainnet,10103787,10103787,0
2020-05-20 18:13:28,kovan,18627930,13465601,5162329
2020-05-20 18:14:51,mainnet,10103795,10103795,0
2020-05-20 18:14:51,kovan,18627948,13465601,5162347
2020-05-20 18:16:14,mainnet,10103801,10103801,0
2020-05-20 18:16:14,kovan,18627964,13465601,5162363
2020-05-20 18:17:36,mainnet,10103806,10103806,0
2020-05-20 18:17:36,kovan,18627980,13465601,5162379
2020-05-20 18:18:58,mainnet,10103810,10103812,-2
2020-05-20 18:18:58,kovan,18627997,13465601,5162396
2020-05-20 18:20:22,mainnet,10103818,10103818,0
2020-05-20 18:20:22,kovan,18628014,13465601,5162413
2020-05-20 18:21:45,mainnet,10103824,10103824,0
2020-05-20 18:21:45,kovan,18628030,13465601,5162429
2020-05-20 18:23:08,mainnet,10103832,10103832,0
2020-05-20 18:23:08,kovan,18628046,13465601,5162445
2020-05-20 18:24:30,mainnet,10103838,10103838,0
2020-05-20 18:24:30,kovan,18628063,13465601,5162462
2020-05-20 18:25:53,mainnet,10103847,10103847,0
2020-05-20 18:25:53,kovan,18628080,13465601,5162479
2020-05-20 18:27:15,mainnet,10103851,10103851,0
2020-05-20 18:27:15,kovan,18628096,13465601,5162495
2020-05-20 18:28:37,mainnet,10103856,10103856,0
2020-05-20 18:28:37,kovan,18628113,13465601,5162512
2020-05-20 18:30:00,mainnet,10103862,10103862,0
2020-05-20 18:30:00,kovan,18628129,13465601,5162528
2020-05-20 18:31:22,mainnet,10103865,10103865,0
2020-05-20 18:31:22,kovan,18628146,13465601,5162545
2020-05-20 18:32:44,mainnet,10103875,10103875,0
2020-05-20 18:32:44,kovan,18628162,13465601,5162561
2020-05-20 18:34:07,mainnet,10103882,10103882,0
2020-05-20 18:34:07,kovan,18628178,13465601,5162577
2020-05-20 18:35:29,mainnet,10103887,10103887,0
2020-05-20 18:35:29,kovan,18628194,13465601,5162593
2020-05-20 18:36:52,mainnet,10103896,10103895,1
2020-05-20 18:36:52,kovan,18628213,13465601,5162612
2020-05-20 18:38:19,mainnet,10103899,10103899,0
2020-05-20 18:38:19,kovan,18628229,13465601,5162628
2020-05-20 18:39:41,mainnet,10103905,10103905,0
2020-05-20 18:39:41,kovan,18628245,13465601,5162644
2020-05-20 18:41:03,mainnet,10103908,10103908,0
2020-05-20 18:41:03,kovan,18628262,13465601,5162661
2020-05-20 18:42:26,mainnet,10103915,10103915,0
2020-05-20 18:42:26,kovan,18628277,13465601,5162676
2020-05-20 18:43:48,mainnet,10103927,10103927,0
2020-05-20 18:43:48,kovan,18628294,13465601,5162693
2020-05-20 18:45:11,mainnet,10103930,10103930,0
2020-05-20 18:45:11,kovan,18628310,13465601,5162709
2020-05-20 18:46:35,mainnet,10103936,10103936,0
2020-05-20 18:46:35,kovan,18628327,13465601,5162726
2020-05-20 18:47:57,mainnet,10103945,10103945,0
2020-05-20 18:47:57,kovan,18628344,13465601,5162743
2020-05-20 18:49:19,mainnet,10103952,10103952,0
2020-05-20 18:49:19,kovan,18628360,13465601,5162759
2020-05-20 18:50:43,mainnet,10103957,10103957,0
2020-05-20 18:50:43,kovan,18628377,13465601,5162776
2020-05-20 18:52:06,mainnet,10103964,10103964,0
2020-05-20 18:52:06,kovan,18628393,13465601,5162792
2020-05-20 18:53:28,mainnet,10103969,10103969,0
2020-05-20 18:53:28,kovan,18628410,13465601,5162809
2020-05-20 18:54:51,mainnet,10103975,10103975,0
2020-05-20 18:54:51,kovan,18628426,13465601,5162825
2020-05-20 18:56:13,mainnet,10103983,10103983,0
2020-05-20 18:56:13,kovan,18628443,13465601,5162842
2020-05-20 18:57:36,mainnet,10103988,10103988,0
2020-05-20 18:57:36,kovan,18628459,13465601,5162858
2020-05-20 18:58:58,mainnet,10103993,10103993,0
2020-05-20 18:58:58,kovan,18628477,13465601,5162876
2020-05-20 19:00:21,mainnet,10103999,10103999,0
2020-05-20 19:00:21,kovan,18628492,13465601,5162891
2020-05-20 19:01:44,mainnet,10104007,10104006,1
2020-05-20 19:01:44,kovan,18628509,13465601,5162908
2020-05-20 19:03:07,mainnet,10104013,10104013,0
2020-05-20 19:03:07,kovan,18628525,13465601,5162924
2020-05-20 19:04:30,mainnet,10104020,10104020,0
2020-05-20 19:04:30,kovan,18628543,13465601,5162942
2020-05-20 19:05:55,mainnet,10104026,10104026,0
2020-05-20 19:05:55,kovan,18628559,13465601,5162958
2020-05-20 19:07:18,mainnet,10104035,10104035,0
2020-05-20 19:07:18,kovan,18628576,13465601,5162975
2020-05-20 19:08:40,mainnet,10104040,10104040,0
2020-05-20 19:08:40,kovan,18628593,13465601,5162992
2020-05-20 19:10:02,mainnet,10104050,10104050,0
2020-05-20 19:10:02,kovan,18628609,13465601,5163008
2020-05-20 19:11:25,mainnet,10104053,10104053,0
2020-05-20 19:11:25,kovan,18628625,13465601,5163024
2020-05-20 19:12:47,mainnet,10104061,10104061,0
2020-05-20 19:12:47,kovan,18628641,13465601,5163040
2020-05-20 19:14:10,mainnet,10104066,10104066,0
2020-05-20 19:14:10,kovan,18628658,13465601,5163057
2020-05-20 19:15:33,mainnet,10104073,10104073,0
2020-05-20 19:15:33,kovan,18628675,13465601,5163074
2020-05-20 19:16:56,mainnet,10104080,10104080,0
2020-05-20 19:16:56,kovan,18628691,13465601,5163090
2020-05-20 19:18:19,mainnet,10104085,10104085,0
2020-05-20 19:18:19,kovan,18628709,13465601,5163108
2020-05-20 19:19:43,mainnet,10104096,10104096,0
2020-05-20 19:19:43,kovan,18628725,13465601,5163124
2020-05-20 19:21:06,mainnet,10104105,10104105,0
2020-05-20 19:21:06,kovan,18628741,13465601,5163140
2020-05-20 19:22:29,mainnet,10104112,10104112,0
2020-05-20 19:22:29,kovan,18628758,13465601,5163157
2020-05-20 19:23:52,mainnet,10104114,10104114,0
2020-05-20 19:23:52,kovan,18628775,13465601,5163174
2020-05-20 19:25:15,mainnet,10104125,10104125,0
2020-05-20 19:25:15,kovan,18628792,13465601,5163191
2020-05-20 19:26:39,mainnet,10104132,10104132,0
2020-05-20 19:26:39,kovan,18628808,13465601,5163207
2020-05-20 19:28:02,mainnet,10104140,10104140,0
2020-05-20 19:28:02,kovan,18628825,13465601,5163224
2020-05-20 19:29:25,mainnet,10104145,10104146,-1
2020-05-20 19:29:25,kovan,18628841,13465601,5163240
2020-05-20 19:30:49,mainnet,10104155,10104153,2
2020-05-20 19:30:49,kovan,18628857,13465601,5163256
2020-05-20 19:32:11,mainnet,10104159,10104159,0
2020-05-20 19:32:11,kovan,18628874,13465601,5163273
2020-05-20 19:33:34,mainnet,10104167,10104167,0
2020-05-20 19:33:34,kovan,18628891,13465601,5163290
2020-05-20 19:34:56,mainnet,10104170,10104170,0
2020-05-20 19:34:56,kovan,18628908,13465601,5163307
2020-05-20 19:36:19,mainnet,10104173,10104173,0
2020-05-20 19:36:19,kovan,18628924,13465601,5163323
2020-05-20 19:37:41,mainnet,10104177,10104177,0
2020-05-20 19:37:41,kovan,18628941,13465601,5163340
2020-05-20 19:39:05,mainnet,10104185,10104185,0
2020-05-20 19:39:05,kovan,18628957,13465601,5163356
2020-05-20 19:40:27,mainnet,10104190,10104190,0
2020-05-20 19:40:27,kovan,18628973,13465601,5163372
2020-05-20 19:41:50,mainnet,10104196,10104196,0
2020-05-20 19:41:50,kovan,18628991,13465601,5163390
2020-05-20 19:43:14,mainnet,10104200,10104200,0
2020-05-20 19:43:14,kovan,18629007,13465601,5163406
2020-05-20 19:44:38,mainnet,10104206,10104206,0
2020-05-20 19:44:38,kovan,18629024,13465601,5163423
2020-05-20 19:46:02,mainnet,10104214,10104214,0
2020-05-20 19:46:02,kovan,18629040,13465601,5163439
2020-05-20 19:47:24,mainnet,10104216,10104216,0
2020-05-20 19:47:24,kovan,18629056,13465601,5163455
2020-05-20 19:48:47,mainnet,10104225,10104225,0
2020-05-20 19:48:47,kovan,18629072,13465601,5163471
2020-05-20 19:50:10,mainnet,10104230,10104230,0
2020-05-20 19:50:10,kovan,18629089,13465601,5163488
2020-05-20 19:51:34,mainnet,10104238,10104237,1
2020-05-20 19:51:34,kovan,18629106,13465601,5163505
2020-05-20 19:52:57,mainnet,10104242,10104242,0
2020-05-20 19:52:57,kovan,18629122,13465601,5163521
2020-05-20 19:54:19,mainnet,10104248,10104248,0
2020-05-20 19:54:19,kovan,18629139,13465601,5163538
2020-05-20 19:55:42,mainnet,10104256,10104256,0
2020-05-20 19:55:42,kovan,18629156,13465601,5163555
2020-05-20 19:57:04,mainnet,10104266,10104266,0
2020-05-20 19:57:04,kovan,18629172,13465601,5163571
2020-05-20 19:58:27,mainnet,10104274,10104275,-1
2020-05-20 19:58:27,kovan,18629189,13465601,5163588
2020-05-20 19:59:50,mainnet,10104287,10104287,0
2020-05-20 19:59:50,kovan,18629205,13465601,5163604
2020-05-20 20:01:13,mainnet,10104295,10104295,0
2020-05-20 20:01:13,kovan,18629222,13465601,5163621
2020-05-20 20:02:36,mainnet,10104303,10104303,0
2020-05-20 20:02:36,kovan,18629239,13465601,5163638
2020-05-20 20:03:59,mainnet,10104309,10104309,0
2020-05-20 20:03:59,kovan,18629256,13465601,5163655
2020-05-20 20:05:24,mainnet,10104314,10104314,0
2020-05-20 20:05:24,kovan,18629272,13465601,5163671
2020-05-20 20:06:46,mainnet,10104319,10104319,0
2020-05-20 20:06:46,kovan,18629288,13465601,5163687
2020-05-20 20:08:08,mainnet,10104325,10104325,0
2020-05-20 20:08:08,kovan,18629304,13465601,5163703
2020-05-20 20:09:31,mainnet,10104332,10104332,0
2020-05-20 20:09:31,kovan,18629321,13465601,5163720
2020-05-20 20:10:54,mainnet,10104339,10104339,0
2020-05-20 20:10:54,kovan,18629338,13465601,5163737
2020-05-20 20:12:16,mainnet,10104347,10104347,0
2020-05-20 20:12:16,kovan,18629354,13465601,5163753
2020-05-20 20:13:39,mainnet,10104354,10104354,0
2020-05-20 20:13:39,kovan,18629371,13465601,5163770
2020-05-20 20:15:01,mainnet,10104356,10104356,0
2020-05-20 20:15:01,kovan,18629388,13465601,5163787
2020-05-20 20:16:24,mainnet,10104361,10104361,0
2020-05-20 20:16:24,kovan,18629404,13465601,5163803
2020-05-20 20:17:46,mainnet,10104367,10104367,0
2020-05-20 20:17:46,kovan,18629420,13465601,5163819
2020-05-20 20:19:08,mainnet,10104372,10104372,0
2020-05-20 20:19:08,kovan,18629436,13465601,5163835
2020-05-20 20:20:31,mainnet,10104382,10104382,0
2020-05-20 20:20:31,kovan,18629453,13465601,5163852
2020-05-20 20:21:55,mainnet,10104391,10104390,1
2020-05-20 20:21:55,kovan,18629470,13465601,5163869
2020-05-20 20:23:17,mainnet,10104397,10104397,0
2020-05-20 20:23:17,kovan,18629487,13465601,5163886
2020-05-20 20:24:40,mainnet,10104404,10104404,0
2020-05-20 20:24:40,kovan,18629503,13465601,5163902
2020-05-20 20:26:03,mainnet,10104413,10104413,0
2020-05-20 20:26:03,kovan,18629520,13465601,5163919
2020-05-20 20:27:25,mainnet,10104420,10104420,0
2020-05-20 20:27:25,kovan,18629536,13465601,5163935
2020-05-20 20:28:47,mainnet,10104427,10104427,0
2020-05-20 20:28:47,kovan,18629552,13465601,5163951
2020-05-20 20:30:09,mainnet,10104432,10104432,0
2020-05-20 20:30:09,kovan,18629569,13465601,5163968
2020-05-20 20:31:32,mainnet,10104437,10104437,0
2020-05-20 20:31:32,kovan,18629585,13465601,5163984
2020-05-20 20:32:54,mainnet,10104441,10104441,0
2020-05-20 20:32:54,kovan,18629602,13465601,5164001
2020-05-20 20:34:17,mainnet,10104445,10104445,0
2020-05-20 20:34:17,kovan,18629619,13465601,5164018
2020-05-20 20:35:39,mainnet,10104450,10104450,0
2020-05-20 20:35:39,kovan,18629635,13465601,5164034
2020-05-20 20:37:02,mainnet,10104452,10104452,0
2020-05-20 20:37:02,kovan,18629652,13465601,5164051
2020-05-20 20:38:24,mainnet,10104457,10104457,0
2020-05-20 20:38:24,kovan,18629668,13465601,5164067
2020-05-20 20:39:47,mainnet,10104462,10104462,0
2020-05-20 20:39:47,kovan,18629684,13465601,5164083
2020-05-20 20:41:10,mainnet,10104470,10104470,0
2020-05-20 20:41:10,kovan,18629701,13465601,5164100
2020-05-20 20:42:32,mainnet,10104474,10104474,0
2020-05-20 20:42:32,kovan,18629717,13465601,5164116
2020-05-20 20:43:55,mainnet,10104480,10104480,0
2020-05-20 20:43:55,kovan,18629734,13465601,5164133
2020-05-20 20:45:17,mainnet,10104484,10104484,0
2020-05-20 20:45:17,kovan,18629751,13465601,5164150
2020-05-20 20:46:39,mainnet,10104490,10104490,0
2020-05-20 20:46:39,kovan,18629767,13465601,5164166
2020-05-20 20:48:02,mainnet,10104499,10104499,0
2020-05-20 20:48:02,kovan,18629784,13465601,5164183
2020-05-20 20:49:24,mainnet,10104502,10104502,0
2020-05-20 20:49:24,kovan,18629800,13465601,5164199
2020-05-20 20:50:47,mainnet,10104507,10104507,0
2020-05-20 20:50:47,kovan,18629817,13465601,5164216
2020-05-20 20:52:09,mainnet,10104513,10104513,0
2020-05-20 20:52:09,kovan,18629832,13465601,5164231
2020-05-20 20:53:32,mainnet,10104519,10104519,0
2020-05-20 20:53:32,kovan,18629849,13465601,5164248
2020-05-20 20:54:54,mainnet,10104528,10104528,0
2020-05-20 20:54:54,kovan,18629866,13465601,5164265
2020-05-20 20:56:17,mainnet,10104536,10104536,0
2020-05-20 20:56:17,kovan,18629882,13465601,5164281
2020-05-20 20:57:39,mainnet,10104538,10104538,0
2020-05-20 20:57:39,kovan,18629899,13465601,5164298
2020-05-20 20:59:01,mainnet,10104548,10104548,0
2020-05-20 20:59:01,kovan,18629916,13465601,5164315
2020-05-20 21:00:24,mainnet,10104552,10104552,0
2020-05-20 21:00:24,kovan,18629932,13465601,5164331
2020-05-20 21:01:46,mainnet,10104558,10104558,0
2020-05-20 21:01:46,kovan,18629948,13465601,5164347
2020-05-20 21:03:09,mainnet,10104565,10104565,0
2020-05-20 21:03:09,kovan,18629965,13465601,5164364
2020-05-20 21:04:32,mainnet,10104568,10104568,0
2020-05-20 21:04:32,kovan,18629982,13465601,5164381
2020-05-20 21:05:54,mainnet,10104572,10104572,0
2020-05-20 21:05:54,kovan,18629998,13465601,5164397
2020-05-20 21:07:16,mainnet,10104581,10104581,0
2020-05-20 21:07:16,kovan,18630014,13465601,5164413
2020-05-20 21:08:38,mainnet,10104587,10104587,0
2020-05-20 21:08:38,kovan,18630031,13465601,5164430
2020-05-20 21:10:00,mainnet,10104593,10104593,0
2020-05-20 21:10:00,kovan,18630048,13465601,5164447
2020-05-20 21:11:23,mainnet,10104596,10104596,0
2020-05-20 21:11:23,kovan,18630064,13465601,5164463
2020-05-20 21:12:45,mainnet,10104602,10104602,0
2020-05-20 21:12:45,kovan,18630080,13465601,5164479
2020-05-20 21:14:07,mainnet,10104611,10104611,0
2020-05-20 21:14:07,kovan,18630096,13465601,5164495
2020-05-20 21:15:30,mainnet,10104618,10104618,0
2020-05-20 21:15:30,kovan,18630113,13465601,5164512
2020-05-20 21:16:53,mainnet,10104622,10104622,0
2020-05-20 21:16:53,kovan,18630130,13465601,5164529
2020-05-20 21:18:15,mainnet,10104626,10104626,0
2020-05-20 21:18:15,kovan,18630146,13465601,5164545
2020-05-20 21:19:37,mainnet,10104635,10104635,0
2020-05-20 21:19:37,kovan,18630162,13465601,5164561
2020-05-20 21:20:59,mainnet,10104645,10104647,-2
2020-05-20 21:20:59,kovan,18630179,13465601,5164578
2020-05-20 21:22:22,mainnet,10104650,10104651,-1
2020-05-20 21:22:22,kovan,18630196,13465601,5164595
2020-05-20 21:23:44,mainnet,10104656,10104656,0
2020-05-20 21:23:44,kovan,18630212,13465601,5164611
2020-05-20 21:25:06,mainnet,10104666,10104666,0
2020-05-20 21:25:06,kovan,18630228,13465601,5164627
2020-05-20 21:26:28,mainnet,10104675,10104675,0
2020-05-20 21:26:28,kovan,18630244,13465601,5164643
2020-05-20 21:27:50,mainnet,10104682,10104682,0
2020-05-20 21:27:50,kovan,18630261,13465601,5164660
2020-05-20 21:29:13,mainnet,10104686,10104686,0
2020-05-20 21:29:13,kovan,18630278,13465601,5164677
2020-05-20 21:30:37,mainnet,10104694,10104694,0
2020-05-20 21:30:37,kovan,18630295,13465601,5164694
2020-05-20 21:31:59,mainnet,10104697,10104697,0
2020-05-20 21:31:59,kovan,18630311,13465601,5164710
2020-05-20 21:33:21,mainnet,10104707,10104707,0
2020-05-20 21:33:21,kovan,18630327,13465601,5164726
2020-05-20 21:34:43,mainnet,10104716,10104716,0
2020-05-20 21:34:43,kovan,18630344,13465601,5164743
2020-05-20 21:36:06,mainnet,10104724,10104724,0
2020-05-20 21:36:06,kovan,18630360,13465601,5164759
2020-05-20 21:37:28,mainnet,10104729,10104729,0
2020-05-20 21:37:28,kovan,18630377,13465601,5164776
2020-05-20 21:38:51,mainnet,10104737,10104737,0
2020-05-20 21:38:51,kovan,18630393,13465601,5164792
2020-05-20 21:40:13,mainnet,10104741,10104741,0
2020-05-20 21:40:13,kovan,18630410,13465601,5164809
2020-05-20 21:41:35,mainnet,10104746,10104746,0
2020-05-20 21:41:35,kovan,18630427,13465601,5164826
2020-05-20 21:42:58,mainnet,10104752,10104752,0
2020-05-20 21:42:58,kovan,18630443,13465601,5164842
2020-05-20 21:44:20,mainnet,10104757,10104756,1
2020-05-20 21:44:20,kovan,18630459,13465601,5164858
2020-05-20 21:45:42,mainnet,10104761,10104761,0
2020-05-20 21:45:42,kovan,18630476,13465601,5164875
2020-05-20 21:47:05,mainnet,10104768,10104768,0
2020-05-20 21:47:05,kovan,18630492,13465601,5164891
2020-05-20 21:48:27,mainnet,10104775,10104775,0
2020-05-20 21:48:27,kovan,18630508,13465601,5164907
2020-05-20 21:49:49,mainnet,10104785,10104785,0
2020-05-20 21:49:49,kovan,18630524,13465601,5164923
2020-05-20 21:51:12,mainnet,10104795,10104796,-1
2020-05-20 21:51:12,kovan,18630541,13465601,5164940
2020-05-20 21:52:34,mainnet,10104801,10104801,0
2020-05-20 21:52:34,kovan,18630558,13465601,5164957
2020-05-20 21:53:56,mainnet,10104807,10104807,0
2020-05-20 21:53:56,kovan,18630575,13465601,5164974
2020-05-20 21:55:18,mainnet,10104818,10104818,0
2020-05-20 21:55:18,kovan,18630591,13465601,5164990
2020-05-20 21:56:41,mainnet,10104823,10104823,0
2020-05-20 21:56:41,kovan,18630607,13465601,5165006
2020-05-20 21:58:03,mainnet,10104827,10104827,0
2020-05-20 21:58:03,kovan,18630624,13465601,5165023
2020-05-20 21:59:26,mainnet,10104831,10104831,0
2020-05-20 21:59:26,kovan,18630640,13465601,5165039
2020-05-20 22:00:49,mainnet,10104835,10104835,0
2020-05-20 22:00:49,kovan,18630657,13465601,5165056
2020-05-20 22:02:11,mainnet,10104841,10104841,0
2020-05-20 22:02:11,kovan,18630673,13465601,5165072
2020-05-20 22:03:33,mainnet,10104850,10104850,0
2020-05-20 22:03:33,kovan,18630689,13465601,5165088
2020-05-20 22:04:56,mainnet,10104861,10104862,-1
2020-05-20 22:04:56,kovan,18630707,13465601,5165106
2020-05-20 22:06:18,mainnet,10104868,10104869,-1
2020-05-20 22:06:18,kovan,18630723,13465601,5165122
2020-05-20 22:07:41,mainnet,10104874,10104874,0
2020-05-20 22:07:41,kovan,18630739,13465601,5165138
2020-05-20 22:09:03,mainnet,10104880,10104880,0
2020-05-20 22:09:03,kovan,18630756,13465601,5165155
2020-05-20 22:10:26,mainnet,10104888,10104888,0
2020-05-20 22:10:26,kovan,18630772,13465601,5165171
2020-05-20 22:11:48,mainnet,10104894,10104894,0
2020-05-20 22:11:48,kovan,18630789,13465601,5165188
2020-05-20 22:13:10,mainnet,10104897,10104897,0
2020-05-20 22:13:10,kovan,18630805,13465601,5165204
2020-05-20 22:14:32,mainnet,10104906,10104906,0
2020-05-20 22:14:32,kovan,18630821,13465601,5165220
2020-05-20 22:15:55,mainnet,10104910,10104911,-1
2020-05-20 22:15:55,kovan,18630838,13465601,5165237
2020-05-20 22:17:18,mainnet,10104917,10104917,0
2020-05-20 22:17:18,kovan,18630855,13465601,5165254
2020-05-20 22:18:40,mainnet,10104920,10104920,0
2020-05-20 22:18:40,kovan,18630872,13465601,5165271
2020-05-20 22:20:02,mainnet,10104929,10104929,0
2020-05-20 22:20:02,kovan,18630888,13465601,5165287
2020-05-20 22:21:25,mainnet,10104935,10104935,0
2020-05-20 22:21:25,kovan,18630904,13465601,5165303
2020-05-20 22:22:48,mainnet,10104940,10104940,0
2020-05-20 22:22:48,kovan,18630920,13465601,5165319
2020-05-20 22:24:10,mainnet,10104949,10104949,0
2020-05-20 22:24:10,kovan,18630937,13465601,5165336
2020-05-20 22:25:32,mainnet,10104951,10104951,0
2020-05-20 22:25:32,kovan,18630953,13465601,5165352
2020-05-20 22:26:54,mainnet,10104955,10104955,0
2020-05-20 22:26:54,kovan,18630970,13465601,5165369
2020-05-20 22:28:17,mainnet,10104962,10104962,0
2020-05-20 22:28:17,kovan,18630987,13465601,5165386
2020-05-20 22:29:39,mainnet,10104967,10104967,0
2020-05-20 22:29:39,kovan,18631003,13465601,5165402
2020-05-20 22:31:01,mainnet,10104977,10104977,0
2020-05-20 22:31:01,kovan,18631019,13465601,5165418
2020-05-20 22:32:23,mainnet,10104986,10104985,1
2020-05-20 22:32:23,kovan,18631036,13465601,5165435
2020-05-20 22:33:45,mainnet,10104994,10104994,0
2020-05-20 22:33:45,kovan,18631052,13465601,5165451
2020-05-20 22:35:08,mainnet,10105002,10105002,0
2020-05-20 22:35:08,kovan,18631068,13465601,5165467
2020-05-20 22:36:30,mainnet,10105005,10105006,-1
2020-05-20 22:36:30,kovan,18631085,13465601,5165484
2020-05-20 22:37:52,mainnet,10105009,10105009,0
2020-05-20 22:37:52,kovan,18631101,13465601,5165500
2020-05-20 22:39:15,mainnet,10105015,10105015,0
2020-05-20 22:39:15,kovan,18631118,13465601,5165517
2020-05-20 22:40:38,mainnet,10105019,10105019,0
2020-05-20 22:40:38,kovan,18631135,13465601,5165534
2020-05-20 22:42:00,mainnet,10105024,10105024,0
2020-05-20 22:42:00,kovan,18631152,13465601,5165551
2020-05-20 22:43:22,mainnet,10105027,10105027,0
2020-05-20 22:43:22,kovan,18631168,13465601,5165567
2020-05-20 22:44:44,mainnet,10105032,10105032,0
2020-05-20 22:44:44,kovan,18631184,13465601,5165583
2020-05-20 22:46:07,mainnet,10105040,10105040,0
2020-05-20 22:46:07,kovan,18631200,13465601,5165599
2020-05-20 22:47:29,mainnet,10105047,10105047,0
2020-05-20 22:47:29,kovan,18631217,13465601,5165616
2020-05-20 22:48:52,mainnet,10105057,10105057,0
2020-05-20 22:48:52,kovan,18631233,13465601,5165632
2020-05-20 22:50:14,mainnet,10105066,10105066,0
2020-05-20 22:50:14,kovan,18631250,13465601,5165649
2020-05-20 22:51:36,mainnet,10105071,10105071,0
2020-05-20 22:51:36,kovan,18631265,13465601,5165664
2020-05-20 22:52:58,mainnet,10105077,10105077,0
2020-05-20 22:52:58,kovan,18631282,13465601,5165681
2020-05-20 22:54:20,mainnet,10105079,10105079,0
2020-05-20 22:54:20,kovan,18631298,13465601,5165697
2020-05-20 22:55:43,mainnet,10105085,10105085,0
2020-05-20 22:55:43,kovan,18631315,13465601,5165714
2020-05-20 22:57:05,mainnet,10105088,10105088,0
2020-05-20 22:57:05,kovan,18631331,13465601,5165730
2020-05-20 22:58:27,mainnet,10105093,10105093,0
2020-05-20 22:58:27,kovan,18631347,13465601,5165746
2020-05-20 22:59:49,mainnet,10105097,10105098,-1
2020-05-20 22:59:49,kovan,18631364,13465601,5165763
2020-05-20 23:01:11,mainnet,10105102,10105102,0
2020-05-20 23:01:11,kovan,18631381,13465601,5165780
2020-05-20 23:02:35,mainnet,10105107,10105107,0
2020-05-20 23:02:35,kovan,18631397,13465601,5165796
2020-05-20 23:03:57,mainnet,10105113,10105113,0
2020-05-20 23:03:57,kovan,18631414,13465601,5165813
2020-05-20 23:05:19,mainnet,10105116,10105116,0
2020-05-20 23:05:19,kovan,18631430,13465601,5165829
2020-05-20 23:06:41,mainnet,10105122,10105122,0
2020-05-20 23:06:41,kovan,18631447,13465601,5165846
2020-05-20 23:08:03,mainnet,10105128,10105128,0
2020-05-20 23:08:03,kovan,18631463,13465601,5165862
2020-05-20 23:09:25,mainnet,10105136,10105136,0
2020-05-20 23:09:25,kovan,18631479,13465601,5165878
2020-05-20 23:10:48,mainnet,10105141,10105141,0
2020-05-20 23:10:48,kovan,18631495,13465601,5165894
2020-05-20 23:12:10,mainnet,10105145,10105145,0
2020-05-20 23:12:10,kovan,18631512,13465601,5165911
2020-05-20 23:13:32,mainnet,10105150,10105150,0
2020-05-20 23:13:32,kovan,18631529,13465601,5165928
2020-05-20 23:14:54,mainnet,10105152,10105152,0
2020-05-20 23:14:54,kovan,18631545,13465601,5165944
2020-05-20 23:16:17,mainnet,10105157,10105157,0
2020-05-20 23:16:17,kovan,18631562,13465601,5165961
2020-05-20 23:17:39,mainnet,10105165,10105165,0
2020-05-20 23:17:39,kovan,18631578,13465601,5165977
2020-05-20 23:19:02,mainnet,10105168,10105168,0
2020-05-20 23:19:02,kovan,18631595,13465601,5165994
2020-05-20 23:20:24,mainnet,10105174,10105174,0
2020-05-20 23:20:24,kovan,18631611,13465601,5166010
2020-05-20 23:21:46,mainnet,10105180,10105180,0
2020-05-20 23:21:46,kovan,18631627,13465601,5166026
2020-05-20 23:23:09,mainnet,10105185,10105185,0
2020-05-20 23:23:09,kovan,18631643,13465601,5166042
2020-05-20 23:24:31,mainnet,10105190,10105189,1
2020-05-20 23:24:31,kovan,18631660,13465601,5166059
2020-05-20 23:25:54,mainnet,10105196,10105196,0
2020-05-20 23:25:54,kovan,18631677,13465601,5166076
2020-05-20 23:27:16,mainnet,10105202,10105202,0
2020-05-20 23:27:16,kovan,18631694,13465601,5166093
2020-05-20 23:28:38,mainnet,10105207,10105207,0
2020-05-20 23:28:38,kovan,18631710,13465601,5166109
2020-05-20 23:30:01,mainnet,10105214,10105214,0
2020-05-20 23:30:01,kovan,18631726,13465601,5166125
2020-05-20 23:31:23,mainnet,10105220,10105220,0
2020-05-20 23:31:23,kovan,18631743,13465601,5166142
2020-05-20 23:32:45,mainnet,10105225,10105225,0
2020-05-20 23:32:45,kovan,18631759,13465601,5166158
2020-05-20 23:34:07,mainnet,10105231,10105231,0
2020-05-20 23:34:07,kovan,18631775,13465601,5166174
2020-05-20 23:35:30,mainnet,10105239,10105239,0
2020-05-20 23:35:30,kovan,18631792,13465601,5166191
2020-05-20 23:36:52,mainnet,10105245,10105245,0
2020-05-20 23:36:52,kovan,18631808,13465601,5166207
2020-05-20 23:38:14,mainnet,10105248,10105248,0
2020-05-20 23:38:14,kovan,18631825,13465601,5166224
2020-05-20 23:39:37,mainnet,10105259,10105259,0
2020-05-20 23:39:37,kovan,18631842,13465601,5166241
2020-05-20 23:41:01,mainnet,10105263,10105263,0
2020-05-20 23:41:01,kovan,18631858,13465601,5166257
2020-05-20 23:42:23,mainnet,10105266,10105266,0
2020-05-20 23:42:23,kovan,18631875,13465601,5166274
2020-05-20 23:43:45,mainnet,10105274,10105274,0
2020-05-20 23:43:45,kovan,18631891,13465601,5166290
2020-05-20 23:45:07,mainnet,10105279,10105279,0
2020-05-20 23:45:07,kovan,18631907,13465601,5166306
2020-05-20 23:46:29,mainnet,10105286,10105286,0
2020-05-20 23:46:29,kovan,18631924,13465601,5166323
2020-05-20 23:47:51,mainnet,10105296,10105296,0
2020-05-20 23:47:51,kovan,18631940,13465601,5166339
2020-05-20 23:49:13,mainnet,10105302,10105302,0
2020-05-20 23:49:13,kovan,18631957,13465601,5166356
2020-05-20 23:50:36,mainnet,10105307,10105307,0
2020-05-20 23:50:36,kovan,18631974,13465601,5166373
2020-05-20 23:51:58,mainnet,10105310,10105310,0
2020-05-20 23:51:58,kovan,18631990,13465601,5166389
2020-05-20 23:53:21,mainnet,10105319,10105319,0
2020-05-20 23:53:21,kovan,18632006,13465601,5166405
2020-05-20 23:54:43,mainnet,10105331,10105331,0
2020-05-20 23:54:43,kovan,18632023,13465601,5166422
2020-05-20 23:56:06,mainnet,10105343,10105343,0
2020-05-20 23:56:06,kovan,18632039,13465601,5166438
2020-05-20 23:57:28,mainnet,10105353,10105353,0
2020-05-20 23:57:28,kovan,18632056,13465601,5166455
2020-05-20 23:58:50,mainnet,10105360,10105361,-1
2020-05-20 23:58:50,kovan,18632072,13465601,5166471
2020-05-21 00:00:12,mainnet,10105367,10105367,0
2020-05-21 00:00:12,kovan,18632088,13465601,5166487
2020-05-21 00:01:35,mainnet,10105369,10105369,0
2020-05-21 00:01:35,kovan,18632105,13465601,5166504
2020-05-21 00:02:57,mainnet,10105376,10105375,1
2020-05-21 00:02:57,kovan,18632122,13465601,5166521
2020-05-21 00:04:19,mainnet,10105384,10105384,0
2020-05-21 00:04:19,kovan,18632139,13465601,5166538
2020-05-21 00:05:42,mainnet,10105390,10105390,0
2020-05-21 00:05:42,kovan,18632155,13465601,5166554
2020-05-21 00:07:05,mainnet,10105398,10105399,-1
2020-05-21 00:07:05,kovan,18632171,13465601,5166570
2020-05-21 00:08:27,mainnet,10105405,10105406,-1
2020-05-21 00:08:27,kovan,18632187,13465601,5166586
2020-05-21 00:09:49,mainnet,10105413,10105413,0
2020-05-21 00:09:49,kovan,18632203,13465601,5166602
2020-05-21 00:11:11,mainnet,10105420,10105419,1
2020-05-21 00:11:11,kovan,18632220,13465601,5166619
2020-05-21 00:12:33,mainnet,10105425,10105425,0
2020-05-21 00:12:33,kovan,18632237,13465601,5166636
2020-05-21 00:13:55,mainnet,10105434,10105434,0
2020-05-21 00:13:55,kovan,18632254,13465601,5166653
2020-05-21 00:15:17,mainnet,10105441,10105441,0
2020-05-21 00:15:17,kovan,18632270,13465601,5166669
2020-05-21 00:16:40,mainnet,10105449,10105449,0
2020-05-21 00:16:40,kovan,18632286,13465601,5166685
2020-05-21 00:18:02,mainnet,10105456,10105456,0
2020-05-21 00:18:02,kovan,18632303,13465601,5166702
2020-05-21 00:19:24,mainnet,10105462,10105462,0
2020-05-21 00:19:24,kovan,18632319,13465601,5166718
2020-05-21 00:20:48,mainnet,10105471,10105471,0
2020-05-21 00:20:48,kovan,18632335,13465601,5166734
2020-05-21 00:22:10,mainnet,10105478,10105478,0
2020-05-21 00:22:10,kovan,18632352,13465601,5166751
2020-05-21 00:23:33,mainnet,10105484,10105484,0
2020-05-21 00:23:33,kovan,18632369,13465601,5166768
2020-05-21 00:24:55,mainnet,10105489,10105489,0
2020-05-21 00:24:55,kovan,18632386,13465601,5166785
2020-05-21 00:26:18,mainnet,10105494,10105494,0
2020-05-21 00:26:18,kovan,18632401,13465601,5166800
2020-05-21 00:27:40,mainnet,10105499,10105499,0
2020-05-21 00:27:40,kovan,18632418,13465601,5166817
2020-05-21 00:29:02,mainnet,10105506,10105506,0
2020-05-21 00:29:02,kovan,18632435,13465601,5166834
2020-05-21 00:30:25,mainnet,10105515,10105515,0
2020-05-21 00:30:25,kovan,18632451,13465601,5166850
2020-05-21 00:31:47,mainnet,10105521,10105521,0
2020-05-21 00:31:47,kovan,18632467,13465601,5166866
2020-05-21 00:33:09,mainnet,10105526,10105527,-1
2020-05-21 00:33:09,kovan,18632484,13465601,5166883
2020-05-21 00:34:31,mainnet,10105533,10105533,0
2020-05-21 00:34:31,kovan,18632501,13465601,5166900
2020-05-21 00:35:54,mainnet,10105537,10105537,0
2020-05-21 00:35:54,kovan,18632517,13465601,5166916
2020-05-21 00:37:16,mainnet,10105541,10105541,0
2020-05-21 00:37:16,kovan,18632533,13465601,5166932
2020-05-21 00:38:39,mainnet,10105549,10105549,0
2020-05-21 00:38:39,kovan,18632550,13465601,5166949
2020-05-21 00:40:01,mainnet,10105557,10105557,0
2020-05-21 00:40:01,kovan,18632567,13465601,5166966
2020-05-21 00:41:23,mainnet,10105564,10105564,0
2020-05-21 00:41:23,kovan,18632583,13465601,5166982
2020-05-21 00:42:45,mainnet,10105570,10105570,0
2020-05-21 00:42:45,kovan,18632599,13465601,5166998
2020-05-21 00:44:07,mainnet,10105576,10105576,0
2020-05-21 00:44:07,kovan,18632615,13465601,5167014
2020-05-21 00:45:30,mainnet,10105583,10105583,0
2020-05-21 00:45:30,kovan,18632632,13465601,5167031
2020-05-21 00:46:52,mainnet,10105585,10105585,0
2020-05-21 00:46:52,kovan,18632649,13465601,5167048
2020-05-21 00:48:15,mainnet,10105590,10105590,0
2020-05-21 00:48:15,kovan,18632665,13465601,5167064
2020-05-21 00:49:37,mainnet,10105595,10105595,0
2020-05-21 00:49:37,kovan,18632681,13465601,5167080
2020-05-21 00:50:59,mainnet,10105602,10105602,0
2020-05-21 00:50:59,kovan,18632698,13465601,5167097
2020-05-21 00:52:21,mainnet,10105605,10105605,0
2020-05-21 00:52:21,kovan,18632715,13465601,5167114
2020-05-21 00:53:44,mainnet,10105612,10105612,0
2020-05-21 00:53:44,kovan,18632731,13465601,5167130
2020-05-21 00:55:06,mainnet,10105620,10105620,0
2020-05-21 00:55:06,kovan,18632747,13465601,5167146
2020-05-21 00:56:29,mainnet,10105626,10105626,0
2020-05-21 00:56:29,kovan,18632764,13465601,5167163
2020-05-21 00:57:52,mainnet,10105628,10105628,0
2020-05-21 00:57:52,kovan,18632781,13465601,5167180
2020-05-21 00:59:14,mainnet,10105638,10105638,0
2020-05-21 00:59:14,kovan,18632797,13465601,5167196
2020-05-21 01:00:36,mainnet,10105643,10105644,-1
2020-05-21 01:00:36,kovan,18632813,13465601,5167212
2020-05-21 01:01:58,mainnet,10105647,10105647,0
2020-05-21 01:01:58,kovan,18632830,13465601,5167229
2020-05-21 01:03:20,mainnet,10105655,10105655,0
2020-05-21 01:03:20,kovan,18632847,13465601,5167246
2020-05-21 01:04:43,mainnet,10105664,10105664,0
2020-05-21 01:04:43,kovan,18632863,13465601,5167262
2020-05-21 01:06:06,mainnet,10105672,10105671,1
2020-05-21 01:06:06,kovan,18632879,13465601,5167278
2020-05-21 01:07:28,mainnet,10105677,10105677,0
2020-05-21 01:07:28,kovan,18632896,13465601,5167295
2020-05-21 01:08:50,mainnet,10105681,10105681,0
2020-05-21 01:08:50,kovan,18632912,13465601,5167311
2020-05-21 01:10:12,mainnet,10105686,10105686,0
2020-05-21 01:10:12,kovan,18632928,13465601,5167327
2020-05-21 01:11:35,mainnet,10105690,10105690,0
2020-05-21 01:11:35,kovan,18632945,13465601,5167344
2020-05-21 01:12:57,mainnet,10105697,10105697,0
2020-05-21 01:12:57,kovan,18632961,13465601,5167360
2020-05-21 01:14:19,mainnet,10105708,10105708,0
2020-05-21 01:14:19,kovan,18632978,13465601,5167377
2020-05-21 01:15:41,mainnet,10105714,10105714,0
2020-05-21 01:15:41,kovan,18632995,13465601,5167394
2020-05-21 01:17:03,mainnet,10105719,10105720,-1
2020-05-21 01:17:03,kovan,18633011,13465601,5167410
2020-05-21 01:18:25,mainnet,10105724,10105723,1
2020-05-21 01:18:25,kovan,18633027,13465601,5167426
2020-05-21 01:19:47,mainnet,10105731,10105731,0
2020-05-21 01:19:47,kovan,18633043,13465601,5167442
2020-05-21 01:21:10,mainnet,10105735,10105735,0
2020-05-21 01:21:10,kovan,18633060,13465601,5167459
2020-05-21 01:22:32,mainnet,10105739,10105739,0
2020-05-21 01:22:32,kovan,18633077,13465601,5167476
2020-05-21 01:23:54,mainnet,10105742,10105742,0
2020-05-21 01:23:54,kovan,18633093,13465601,5167492
2020-05-21 01:25:16,mainnet,10105746,10105746,0
2020-05-21 01:25:16,kovan,18633110,13465601,5167509
2020-05-21 01:26:38,mainnet,10105751,10105751,0
2020-05-21 01:26:38,kovan,18633126,13465601,5167525
2020-05-21 01:28:00,mainnet,10105760,10105760,0
2020-05-21 01:28:00,kovan,18633143,13465601,5167542
2020-05-21 01:29:23,mainnet,10105764,10105765,-1
2020-05-21 01:29:23,kovan,18633159,13465601,5167558
2020-05-21 01:30:45,mainnet,10105768,10105768,0
2020-05-21 01:30:45,kovan,18633175,13465601,5167574
2020-05-21 01:32:07,mainnet,10105775,10105775,0
2020-05-21 01:32:07,kovan,18633191,13465601,5167590
2020-05-21 01:33:30,mainnet,10105783,10105782,1
2020-05-21 01:33:30,kovan,18633208,13465601,5167607
2020-05-21 01:34:52,mainnet,10105788,10105788,0
2020-05-21 01:34:52,kovan,18633225,13465601,5167624
2020-05-21 01:36:15,mainnet,10105794,10105794,0
2020-05-21 01:36:15,kovan,18633242,13465601,5167641
2020-05-21 01:37:38,mainnet,10105805,10105805,0
2020-05-21 01:37:38,kovan,18633258,13465601,5167657
2020-05-21 01:39:00,mainnet,10105815,10105815,0
2020-05-21 01:39:00,kovan,18633275,13465601,5167674
2020-05-21 01:40:24,mainnet,10105819,10105819,0
2020-05-21 01:40:24,kovan,18633291,13465601,5167690
2020-05-21 01:41:46,mainnet,10105825,10105825,0
2020-05-21 01:41:46,kovan,18633307,13465601,5167706
2020-05-21 01:43:08,mainnet,10105834,10105834,0
2020-05-21 01:43:08,kovan,18633322,13465601,5167721
2020-05-21 01:44:30,mainnet,10105836,10105836,0
2020-05-21 01:44:30,kovan,18633339,13465601,5167738
2020-05-21 01:45:52,mainnet,10105844,10105844,0
2020-05-21 01:45:52,kovan,18633355,13465601,5167754
2020-05-21 01:47:14,mainnet,10105852,10105852,0
2020-05-21 01:47:14,kovan,18633372,13465601,5167771
2020-05-21 01:48:36,mainnet,10105860,10105860,0
2020-05-21 01:48:36,kovan,18633389,13465601,5167788
2020-05-21 01:49:58,mainnet,10105864,10105864,0
2020-05-21 01:49:58,kovan,18633404,13465601,5167803
2020-05-21 01:51:20,mainnet,10105870,10105870,0
2020-05-21 01:51:20,kovan,18633421,13465601,5167820
2020-05-21 01:52:42,mainnet,10105878,10105878,0
2020-05-21 01:52:42,kovan,18633438,13465601,5167837
2020-05-21 01:54:04,mainnet,10105885,10105885,0
2020-05-21 01:54:04,kovan,18633454,13465601,5167853
2020-05-21 01:55:27,mainnet,10105891,10105891,0
2020-05-21 01:55:27,kovan,18633470,13465601,5167869
2020-05-21 01:56:48,mainnet,10105897,10105897,0
2020-05-21 01:56:48,kovan,18633487,13465601,5167886
2020-05-21 01:58:10,mainnet,10105902,10105902,0
2020-05-21 01:58:10,kovan,18633503,13465601,5167902
2020-05-21 01:59:33,mainnet,10105907,10105907,0
2020-05-21 01:59:33,kovan,18633519,13465601,5167918
2020-05-21 02:00:55,mainnet,10105916,10105916,0
2020-05-21 02:00:55,kovan,18633536,13465601,5167935
2020-05-21 02:02:17,mainnet,10105923,10105923,0
2020-05-21 02:02:17,kovan,18633551,13465601,5167950
2020-05-21 02:03:39,mainnet,10105929,10105929,0
2020-05-21 02:03:39,kovan,18633564,13465601,5167963
2020-05-21 02:05:00,mainnet,10105935,10105936,-1
2020-05-21 02:05:00,kovan,18633580,13465601,5167979
2020-05-21 02:06:23,mainnet,10105945,10105945,0
2020-05-21 02:06:23,kovan,18633597,13465601,5167996
2020-05-21 02:07:45,mainnet,10105953,10105954,-1
2020-05-21 02:07:45,kovan,18633613,13465601,5168012
2020-05-21 02:09:06,mainnet,10105960,10105960,0
2020-05-21 02:09:06,kovan,18633629,13465601,5168028
2020-05-21 02:10:29,mainnet,10105967,10105967,0
2020-05-21 02:10:29,kovan,18633646,13465601,5168045
2020-05-21 02:11:51,mainnet,10105969,10105969,0
2020-05-21 02:11:51,kovan,18633662,13465601,5168061
2020-05-21 02:13:13,mainnet,10105979,10105979,0
2020-05-21 02:13:13,kovan,18633678,13465601,5168077
2020-05-21 02:14:35,mainnet,10105979,10105979,0
2020-05-21 02:14:35,kovan,18633695,13465601,5168094
2020-05-21 02:15:57,mainnet,10105986,10105986,0
2020-05-21 02:15:57,kovan,18633712,13465601,5168111
2020-05-21 02:17:19,mainnet,10105994,10105994,0
2020-05-21 02:17:19,kovan,18633728,13465601,5168127
2020-05-21 02:18:41,mainnet,10105999,10105999,0
2020-05-21 02:18:41,kovan,18633745,13465601,5168144
2020-05-21 02:20:03,mainnet,10106004,10106004,0
2020-05-21 02:20:03,kovan,18633761,13465601,5168160
2020-05-21 02:21:25,mainnet,10106012,10106012,0
2020-05-21 02:21:25,kovan,18633777,13465601,5168176
2020-05-21 02:22:48,mainnet,10106018,10106018,0
2020-05-21 02:22:48,kovan,18633793,13465601,5168192
2020-05-21 02:24:10,mainnet,10106027,10106027,0
2020-05-21 02:24:10,kovan,18633810,13465601,5168209
2020-05-21 02:25:32,mainnet,10106033,10106034,-1
2020-05-21 02:25:32,kovan,18633827,13465601,5168226
2020-05-21 02:26:54,mainnet,10106035,10106035,0
2020-05-21 02:26:54,kovan,18633843,13465601,5168242
2020-05-21 02:28:16,mainnet,10106038,10106038,0
2020-05-21 02:28:16,kovan,18633859,13465601,5168258
2020-05-21 02:29:38,mainnet,10106042,10106042,0
2020-05-21 02:29:38,kovan,18633876,13465601,5168275
2020-05-21 02:31:00,mainnet,10106048,10106048,0
2020-05-21 02:31:00,kovan,18633892,13465601,5168291
2020-05-21 02:32:22,mainnet,10106052,10106052,0
2020-05-21 02:32:22,kovan,18633909,13465601,5168308
2020-05-21 02:33:44,mainnet,10106058,10106058,0
2020-05-21 02:33:44,kovan,18633925,13465601,5168324
2020-05-21 02:35:06,mainnet,10106065,10106065,0
2020-05-21 02:35:06,kovan,18633941,13465601,5168340
2020-05-21 02:36:28,mainnet,10106069,10106069,0
2020-05-21 02:36:28,kovan,18633957,13465601,5168356
2020-05-21 02:37:50,mainnet,10106076,10106076,0
2020-05-21 02:37:50,kovan,18633974,13465601,5168373
2020-05-21 02:39:12,mainnet,10106081,10106081,0
2020-05-21 02:39:12,kovan,18633991,13465601,5168390
2020-05-21 02:40:34,mainnet,10106085,10106085,0
2020-05-21 02:40:34,kovan,18634007,13465601,5168406
2020-05-21 02:41:56,mainnet,10106086,10106087,-1
2020-05-21 02:41:56,kovan,18634023,13465601,5168422
2020-05-21 02:43:18,mainnet,10106094,10106095,-1
2020-05-21 02:43:18,kovan,18634040,13465601,5168439
2020-05-21 02:44:40,mainnet,10106099,10106099,0
2020-05-21 02:44:40,kovan,18634057,13465601,5168456
2020-05-21 02:46:03,mainnet,10106103,10106104,-1
2020-05-21 02:46:03,kovan,18634073,13465601,5168472
2020-05-21 02:47:25,mainnet,10106110,10106110,0
2020-05-21 02:47:25,kovan,18634089,13465601,5168488
2020-05-21 02:48:47,mainnet,10106118,10106118,0
2020-05-21 02:48:47,kovan,18634105,13465601,5168504
2020-05-21 02:50:09,mainnet,10106126,10106125,1
2020-05-21 02:50:09,kovan,18634121,13465601,5168520
2020-05-21 02:51:31,mainnet,10106130,10106130,0
2020-05-21 02:51:31,kovan,18634138,13465601,5168537
2020-05-21 02:52:53,mainnet,10106141,10106141,0
2020-05-21 02:52:53,kovan,18634155,13465601,5168554
2020-05-21 02:54:15,mainnet,10106145,10106145,0
2020-05-21 02:54:15,kovan,18634171,13465601,5168570
2020-05-21 02:55:37,mainnet,10106149,10106150,-1
2020-05-21 02:55:37,kovan,18634187,13465601,5168586
2020-05-21 02:56:59,mainnet,10106156,10106156,0
2020-05-21 02:56:59,kovan,18634204,13465601,5168603
2020-05-21 02:58:21,mainnet,10106161,10106161,0
2020-05-21 02:58:21,kovan,18634220,13465601,5168619
2020-05-21 02:59:43,mainnet,10106165,10106165,0
2020-05-21 02:59:43,kovan,18634237,13465601,5168636
2020-05-21 03:01:05,mainnet,10106171,10106171,0
2020-05-21 03:01:05,kovan,18634253,13465601,5168652
2020-05-21 03:02:27,mainnet,10106180,10106180,0
2020-05-21 03:02:27,kovan,18634269,13465601,5168668
2020-05-21 03:03:50,mainnet,10106191,10106191,0
2020-05-21 03:03:50,kovan,18634285,13465601,5168684
2020-05-21 03:05:11,mainnet,10106201,10106201,0
2020-05-21 03:05:11,kovan,18634302,13465601,5168701
2020-05-21 03:06:33,mainnet,10106210,10106210,0
2020-05-21 03:06:33,kovan,18634319,13465601,5168718
2020-05-21 03:07:56,mainnet,10106214,10106214,0
2020-05-21 03:07:56,kovan,18634335,13465601,5168734
2020-05-21 03:09:17,mainnet,10106218,10106218,0
2020-05-21 03:09:17,kovan,18634351,13465601,5168750
2020-05-21 03:10:39,mainnet,10106222,10106222,0
2020-05-21 03:10:39,kovan,18634368,13465601,5168767
2020-05-21 03:12:01,mainnet,10106233,10106233,0
2020-05-21 03:12:01,kovan,18634385,13465601,5168784
2020-05-21 03:13:23,mainnet,10106237,10106237,0
2020-05-21 03:13:23,kovan,18634401,13465601,5168800
2020-05-21 03:14:45,mainnet,10106245,10106245,0
2020-05-21 03:14:45,kovan,18634417,13465601,5168816
2020-05-21 03:16:08,mainnet,10106251,10106251,0
2020-05-21 03:16:08,kovan,18634433,13465601,5168832
2020-05-21 03:17:30,mainnet,10106253,10106253,0
2020-05-21 03:17:30,kovan,18634450,13465601,5168849
2020-05-21 03:18:52,mainnet,10106259,10106260,-1
2020-05-21 03:18:52,kovan,18634466,13465601,5168865
2020-05-21 03:20:14,mainnet,10106265,10106265,0
2020-05-21 03:20:14,kovan,18634483,13465601,5168882
2020-05-21 03:21:37,mainnet,10106270,10106270,0
2020-05-21 03:21:37,kovan,18634500,13465601,5168899
2020-05-21 03:22:59,mainnet,10106276,10106276,0
2020-05-21 03:22:59,kovan,18634516,13465601,5168915
2020-05-21 03:24:21,mainnet,10106285,10106285,0
2020-05-21 03:24:21,kovan,18634532,13465601,5168931
2020-05-21 03:25:43,mainnet,10106287,10106287,0
2020-05-21 03:25:43,kovan,18634549,13465601,5168948
2020-05-21 03:27:05,mainnet,10106290,10106290,0
2020-05-21 03:27:05,kovan,18634565,13465601,5168964
2020-05-21 03:28:27,mainnet,10106293,10106293,0
2020-05-21 03:28:27,kovan,18634581,13465601,5168980
2020-05-21 03:29:49,mainnet,10106301,10106301,0
2020-05-21 03:29:49,kovan,18634598,13465601,5168997
2020-05-21 03:31:11,mainnet,10106306,10106306,0
2020-05-21 03:31:11,kovan,18634615,13465601,5169014
2020-05-21 03:32:33,mainnet,10106313,10106313,0
2020-05-21 03:32:33,kovan,18634631,13465601,5169030
2020-05-21 03:33:55,mainnet,10106323,10106323,0
2020-05-21 03:33:55,kovan,18634647,13465601,5169046
2020-05-21 03:35:18,mainnet,10106330,10106330,0
2020-05-21 03:35:18,kovan,18634664,13465601,5169063
2020-05-21 03:36:40,mainnet,10106334,10106334,0
2020-05-21 03:36:40,kovan,18634680,13465601,5169079
2020-05-21 03:38:01,mainnet,10106340,10106340,0
2020-05-21 03:38:01,kovan,18634697,13465601,5169096
2020-05-21 03:39:24,mainnet,10106346,10106346,0
2020-05-21 03:39:24,kovan,18634713,13465601,5169112
2020-05-21 03:40:46,mainnet,10106352,10106353,-1
2020-05-21 03:40:46,kovan,18634729,13465601,5169128
2020-05-21 03:42:08,mainnet,10106359,10106359,0
2020-05-21 03:42:08,kovan,18634745,13465601,5169144
2020-05-21 03:43:30,mainnet,10106361,10106361,0
2020-05-21 03:43:30,kovan,18634762,13465601,5169161
2020-05-21 03:44:52,mainnet,10106364,10106364,0
2020-05-21 03:44:52,kovan,18634779,13465601,5169178
2020-05-21 03:46:14,mainnet,10106374,10106374,0
2020-05-21 03:46:14,kovan,18634794,13465601,5169193
2020-05-21 03:47:35,mainnet,10106382,10106383,-1
2020-05-21 03:47:35,kovan,18634811,13465601,5169210
2020-05-21 03:48:58,mainnet,10106391,10106391,0
2020-05-21 03:48:58,kovan,18634828,13465601,5169227
2020-05-21 03:50:20,mainnet,10106398,10106399,-1
2020-05-21 03:50:20,kovan,18634844,13465601,5169243
2020-05-21 03:51:42,mainnet,10106403,10106404,-1
2020-05-21 03:51:42,kovan,18634861,13465601,5169260
2020-05-21 03:53:04,mainnet,10106408,10106408,0
2020-05-21 03:53:04,kovan,18634877,13465601,5169276
2020-05-21 03:54:26,mainnet,10106414,10106414,0
2020-05-21 03:54:26,kovan,18634893,13465601,5169292
2020-05-21 03:55:48,mainnet,10106421,10106421,0
2020-05-21 03:55:48,kovan,18634909,13465601,5169308
2020-05-21 03:57:10,mainnet,10106423,10106423,0
2020-05-21 03:57:10,kovan,18634926,13465601,5169325
2020-05-21 03:58:32,mainnet,10106432,10106432,0
2020-05-21 03:58:32,kovan,18634942,13465601,5169341
2020-05-21 03:59:54,mainnet,10106435,10106435,0
2020-05-21 03:59:54,kovan,18634959,13465601,5169358
2020-05-21 04:01:16,mainnet,10106441,10106441,0
2020-05-21 04:01:16,kovan,18634975,13465601,5169374
2020-05-21 04:02:38,mainnet,10106447,10106448,-1
2020-05-21 04:02:38,kovan,18634992,13465601,5169391
2020-05-21 04:04:00,mainnet,10106452,10106452,0
2020-05-21 04:04:00,kovan,18635008,13465601,5169407
2020-05-21 04:05:23,mainnet,10106458,10106458,0
2020-05-21 04:05:23,kovan,18635025,13465601,5169424
2020-05-21 04:06:45,mainnet,10106468,10106468,0
2020-05-21 04:06:45,kovan,18635041,13465601,5169440
2020-05-21 04:08:07,mainnet,10106474,10106473,1
2020-05-21 04:08:07,kovan,18635057,13465601,5169456
2020-05-21 04:09:29,mainnet,10106478,10106478,0
2020-05-21 04:09:29,kovan,18635074,13465601,5169473
2020-05-21 04:10:51,mainnet,10106490,10106491,-1
2020-05-21 04:10:51,kovan,18635090,13465601,5169489
2020-05-21 04:12:13,mainnet,10106494,10106494,0
2020-05-21 04:12:13,kovan,18635106,13465601,5169505
2020-05-21 04:13:35,mainnet,10106499,10106499,0
2020-05-21 04:13:35,kovan,18635123,13465601,5169522
2020-05-21 04:14:57,mainnet,10106506,10106506,0
2020-05-21 04:14:57,kovan,18635140,13465601,5169539
2020-05-21 04:16:19,mainnet,10106512,10106513,-1
2020-05-21 04:16:19,kovan,18635156,13465601,5169555
2020-05-21 04:17:41,mainnet,10106517,10106517,0
2020-05-21 04:17:41,kovan,18635172,13465601,5169571
2020-05-21 04:19:03,mainnet,10106523,10106524,-1
2020-05-21 04:19:03,kovan,18635189,13465601,5169588
2020-05-21 04:20:25,mainnet,10106534,10106534,0
2020-05-21 04:20:25,kovan,18635205,13465601,5169604
2020-05-21 04:21:47,mainnet,10106538,10106538,0
2020-05-21 04:21:47,kovan,18635221,13465601,5169620
2020-05-21 04:23:09,mainnet,10106542,10106542,0
2020-05-21 04:23:09,kovan,18635238,13465601,5169637
2020-05-21 04:24:31,mainnet,10106544,10106544,0
2020-05-21 04:24:31,kovan,18635255,13465601,5169654
2020-05-21 04:25:54,mainnet,10106554,10106554,0
2020-05-21 04:25:54,kovan,18635271,13465601,5169670
2020-05-21 04:27:16,mainnet,10106562,10106562,0
2020-05-21 04:27:16,kovan,18635287,13465601,5169686
2020-05-21 04:28:38,mainnet,10106568,10106568,0
2020-05-21 04:28:38,kovan,18635304,13465601,5169703
2020-05-21 04:30:00,mainnet,10106573,10106573,0
2020-05-21 04:30:00,kovan,18635320,13465601,5169719
2020-05-21 04:31:23,mainnet,10106582,10106582,0
2020-05-21 04:31:23,kovan,18635337,13465601,5169736
2020-05-21 04:32:45,mainnet,10106585,10106585,0
2020-05-21 04:32:45,kovan,18635353,13465601,5169752
2020-05-21 04:34:08,mainnet,10106590,10106590,0
2020-05-21 04:34:08,kovan,18635369,13465601,5169768
2020-05-21 04:35:29,mainnet,10106597,10106600,-3
2020-05-21 04:35:29,kovan,18635386,13465601,5169785
2020-05-21 04:36:51,mainnet,10106608,10106608,0
2020-05-21 04:36:51,kovan,18635402,13465601,5169801
2020-05-21 04:38:14,mainnet,10106616,10106616,0
2020-05-21 04:38:14,kovan,18635419,13465601,5169818
2020-05-21 04:39:35,mainnet,10106624,10106624,0
2020-05-21 04:39:35,kovan,18635436,13465601,5169835
2020-05-21 04:40:57,mainnet,10106632,10106632,0
2020-05-21 04:40:57,kovan,18635452,13465601,5169851
2020-05-21 04:42:20,mainnet,10106637,10106637,0
2020-05-21 04:42:20,kovan,18635468,13465601,5169867
2020-05-21 04:43:42,mainnet,10106641,10106641,0
2020-05-21 04:43:42,kovan,18635485,13465601,5169884
2020-05-21 04:45:04,mainnet,10106646,10106646,0
2020-05-21 04:45:04,kovan,18635501,13465601,5169900
2020-05-21 04:46:26,mainnet,10106651,10106651,0
2020-05-21 04:46:26,kovan,18635517,13465601,5169916
2020-05-21 04:47:48,mainnet,10106653,10106653,0
2020-05-21 04:47:48,kovan,18635533,13465601,5169932
2020-05-21 04:49:10,mainnet,10106660,10106660,0
2020-05-21 04:49:10,kovan,18635550,13465601,5169949
2020-05-21 04:50:32,mainnet,10106665,10106665,0
2020-05-21 04:50:32,kovan,18635566,13465601,5169965
2020-05-21 04:51:54,mainnet,10106670,10106670,0
2020-05-21 04:51:54,kovan,18635583,13465601,5169982
2020-05-21 04:53:16,mainnet,10106675,10106675,0
2020-05-21 04:53:16,kovan,18635600,13465601,5169999
2020-05-21 04:54:38,mainnet,10106681,10106681,0
2020-05-21 04:54:38,kovan,18635616,13465601,5170015
2020-05-21 04:56:00,mainnet,10106686,10106686,0
2020-05-21 04:56:00,kovan,18635632,13465601,5170031
2020-05-21 04:57:22,mainnet,10106692,10106692,0
2020-05-21 04:57:22,kovan,18635649,13465601,5170048
2020-05-21 04:58:44,mainnet,10106699,10106699,0
2020-05-21 04:58:44,kovan,18635665,13465601,5170064
2020-05-21 05:00:06,mainnet,10106704,10106704,0
2020-05-21 05:00:06,kovan,18635681,13465601,5170080
2020-05-21 05:01:28,mainnet,10106710,10106710,0
2020-05-21 05:01:28,kovan,18635697,13465601,5170096
2020-05-21 05:02:50,mainnet,10106715,10106715,0
2020-05-21 05:02:50,kovan,18635714,13465601,5170113
2020-05-21 05:04:12,mainnet,10106719,10106719,0
2020-05-21 05:04:12,kovan,18635731,13465601,5170130
2020-05-21 05:05:34,mainnet,10106724,10106724,0
2020-05-21 05:05:34,kovan,18635747,13465601,5170146
2020-05-21 05:06:56,mainnet,10106733,10106733,0
2020-05-21 05:06:56,kovan,18635763,13465601,5170162
2020-05-21 05:08:18,mainnet,10106739,10106739,0
2020-05-21 05:08:18,kovan,18635780,13465601,5170179
2020-05-21 05:09:40,mainnet,10106745,10106745,0
2020-05-21 05:09:40,kovan,18635797,13465601,5170196
2020-05-21 05:11:02,mainnet,10106749,10106749,0
2020-05-21 05:11:02,kovan,18635813,13465601,5170212
2020-05-21 05:12:24,mainnet,10106758,10106758,0
2020-05-21 05:12:24,kovan,18635829,13465601,5170228
2020-05-21 05:13:46,mainnet,10106761,10106761,0
2020-05-21 05:13:46,kovan,18635845,13465601,5170244
2020-05-21 05:15:08,mainnet,10106765,10106765,0
2020-05-21 05:15:08,kovan,18635861,13465601,5170260
2020-05-21 05:16:30,mainnet,10106768,10106768,0
2020-05-21 05:16:30,kovan,18635878,13465601,5170277
2020-05-21 05:17:52,mainnet,10106772,10106772,0
2020-05-21 05:17:52,kovan,18635895,13465601,5170294
2020-05-21 05:19:14,mainnet,10106778,10106778,0
2020-05-21 05:19:14,kovan,18635911,13465601,5170310
2020-05-21 05:20:36,mainnet,10106783,10106783,0
2020-05-21 05:20:36,kovan,18635927,13465601,5170326
2020-05-21 05:21:58,mainnet,10106787,10106787,0
2020-05-21 05:21:58,kovan,18635944,13465601,5170343
2020-05-21 05:23:20,mainnet,10106792,10106792,0
2020-05-21 05:23:20,kovan,18635960,13465601,5170359
2020-05-21 05:24:42,mainnet,10106795,10106795,0
2020-05-21 05:24:42,kovan,18635977,13465601,5170376
2020-05-21 05:26:04,mainnet,10106800,10106800,0
2020-05-21 05:26:04,kovan,18635993,13465601,5170392
2020-05-21 05:27:26,mainnet,10106807,10106807,0
2020-05-21 05:27:26,kovan,18636009,13465601,5170408
2020-05-21 05:28:48,mainnet,10106812,10106812,0
2020-05-21 05:28:48,kovan,18636025,13465601,5170424
2020-05-21 05:30:10,mainnet,10106817,10106817,0
2020-05-21 05:30:10,kovan,18636042,13465601,5170441
2020-05-21 05:31:32,mainnet,10106823,10106823,0
2020-05-21 05:31:32,kovan,18636059,13465601,5170458
2020-05-21 05:32:54,mainnet,10106827,10106827,0
2020-05-21 05:32:54,kovan,18636075,13465601,5170474
2020-05-21 05:34:16,mainnet,10106832,10106832,0
2020-05-21 05:34:16,kovan,18636091,13465601,5170490
2020-05-21 05:35:38,mainnet,10106839,10106839,0
2020-05-21 05:35:38,kovan,18636108,13465601,5170507
2020-05-21 05:37:00,mainnet,10106843,10106843,0
2020-05-21 05:37:00,kovan,18636124,13465601,5170523
2020-05-21 05:38:22,mainnet,10106850,10106850,0
2020-05-21 05:38:22,kovan,18636140,13465601,5170539
2020-05-21 05:39:44,mainnet,10106852,10106853,-1
2020-05-21 05:39:44,kovan,18636157,13465601,5170556
2020-05-21 05:41:06,mainnet,10106860,10106860,0
2020-05-21 05:41:06,kovan,18636173,13465601,5170572
2020-05-21 05:42:28,mainnet,10106867,10106867,0
2020-05-21 05:42:28,kovan,18636189,13465601,5170588
2020-05-21 05:43:50,mainnet,10106874,10106874,0
2020-05-21 05:43:50,kovan,18636206,13465601,5170605
2020-05-21 05:45:12,mainnet,10106880,10106880,0
2020-05-21 05:45:12,kovan,18636223,13465601,5170622
2020-05-21 05:46:34,mainnet,10106887,10106887,0
2020-05-21 05:46:34,kovan,18636239,13465601,5170638
2020-05-21 05:47:56,mainnet,10106890,10106890,0
2020-05-21 05:47:56,kovan,18636255,13465601,5170654
2020-05-21 05:49:18,mainnet,10106896,10106896,0
2020-05-21 05:49:18,kovan,18636272,13465601,5170671
2020-05-21 05:50:40,mainnet,10106901,10106901,0
2020-05-21 05:50:40,kovan,18636288,13465601,5170687
2020-05-21 05:52:02,mainnet,10106909,10106909,0
2020-05-21 05:52:02,kovan,18636304,13465601,5170703
2020-05-21 05:53:24,mainnet,10106922,10106922,0
2020-05-21 05:53:24,kovan,18636321,13465601,5170720
2020-05-21 05:54:46,mainnet,10106929,10106930,-1
2020-05-21 05:54:46,kovan,18636337,13465601,5170736
2020-05-21 05:56:08,mainnet,10106939,10106940,-1
2020-05-21 05:56:08,kovan,18636353,13465601,5170752
2020-05-21 05:57:30,mainnet,10106946,10106946,0
2020-05-21 05:57:30,kovan,18636370,13465601,5170769
2020-05-21 05:58:52,mainnet,10106952,10106952,0
2020-05-21 05:58:52,kovan,18636386,13465601,5170785
2020-05-21 06:00:14,mainnet,10106955,10106956,-1
2020-05-21 06:00:14,kovan,18636403,13465601,5170802
2020-05-21 06:01:36,mainnet,10106961,10106960,1
2020-05-21 06:01:36,kovan,18636420,13465601,5170819
2020-05-21 06:02:58,mainnet,10106967,10106967,0
2020-05-21 06:02:58,kovan,18636436,13465601,5170835
2020-05-21 06:04:20,mainnet,10106974,10106974,0
2020-05-21 06:04:20,kovan,18636452,13465601,5170851
2020-05-21 06:05:42,mainnet,10106981,10106981,0
2020-05-21 06:05:42,kovan,18636469,13465601,5170868
2020-05-21 06:07:04,mainnet,10106984,10106984,0
2020-05-21 06:07:04,kovan,18636485,13465601,5170884
2020-05-21 06:08:26,mainnet,10106990,10106990,0
2020-05-21 06:08:26,kovan,18636501,13465601,5170900
2020-05-21 06:09:48,mainnet,10106996,10106996,0
2020-05-21 06:09:48,kovan,18636518,13465601,5170917
2020-05-21 06:11:10,mainnet,10107002,10107002,0
2020-05-21 06:11:10,kovan,18636534,13465601,5170933
2020-05-21 06:12:32,mainnet,10107006,10107006,0
2020-05-21 06:12:32,kovan,18636551,13465601,5170950
2020-05-21 06:13:54,mainnet,10107013,10107013,0
2020-05-21 06:13:54,kovan,18636567,13465601,5170966
2020-05-21 06:15:16,mainnet,10107017,10107017,0
2020-05-21 06:15:16,kovan,18636583,13465601,5170982
2020-05-21 06:16:39,mainnet,10107021,10107021,0
2020-05-21 06:16:39,kovan,18636600,13465601,5170999
2020-05-21 06:18:00,mainnet,10107028,10107028,0
2020-05-21 06:18:00,kovan,18636617,13465601,5171016
2020-05-21 06:19:22,mainnet,10107034,10107034,0
2020-05-21 06:19:22,kovan,18636633,13465601,5171032
2020-05-21 06:20:44,mainnet,10107038,10107038,0
2020-05-21 06:20:44,kovan,18636649,13465601,5171048
2020-05-21 06:22:07,mainnet,10107041,10107041,0
2020-05-21 06:22:07,kovan,18636665,13465601,5171064
2020-05-21 06:23:29,mainnet,10107046,10107046,0
2020-05-21 06:23:29,kovan,18636682,13465601,5171081
2020-05-21 06:24:51,mainnet,10107048,10107048,0
2020-05-21 06:24:51,kovan,18636698,13465601,5171097
2020-05-21 06:26:13,mainnet,10107057,10107057,0
2020-05-21 06:26:13,kovan,18636714,13465601,5171113
2020-05-21 06:27:35,mainnet,10107062,10107062,0
2020-05-21 06:27:35,kovan,18636731,13465601,5171130
2020-05-21 06:28:57,mainnet,10107070,10107070,0
2020-05-21 06:28:57,kovan,18636748,13465601,5171147
2020-05-21 06:30:19,mainnet,10107077,10107077,0
2020-05-21 06:30:19,kovan,18636764,13465601,5171163
2020-05-21 06:31:41,mainnet,10107089,10107089,0
2020-05-21 06:31:41,kovan,18636780,13465601,5171179
2020-05-21 06:33:03,mainnet,10107096,10107096,0
2020-05-21 06:33:03,kovan,18636797,13465601,5171196
2020-05-21 06:34:25,mainnet,10107104,10107105,-1
2020-05-21 06:34:25,kovan,18636813,13465601,5171212
2020-05-21 06:35:47,mainnet,10107109,10107110,-1
2020-05-21 06:35:47,kovan,18636829,13465601,5171228
2020-05-21 06:37:09,mainnet,10107116,10107116,0
2020-05-21 06:37:09,kovan,18636846,13465601,5171245
2020-05-21 06:38:31,mainnet,10107120,10107120,0
2020-05-21 06:38:31,kovan,18636863,13465601,5171262
2020-05-21 06:39:53,mainnet,10107123,10107123,0
2020-05-21 06:39:53,kovan,18636878,13465601,5171277
2020-05-21 06:41:15,mainnet,10107127,10107127,0
2020-05-21 06:41:15,kovan,18636895,13465601,5171294
2020-05-21 06:42:37,mainnet,10107130,10107130,0
2020-05-21 06:42:37,kovan,18636912,13465601,5171311
2020-05-21 06:43:59,mainnet,10107132,10107132,0
2020-05-21 06:43:59,kovan,18636928,13465601,5171327
2020-05-21 06:45:21,mainnet,10107138,10107138,0
2020-05-21 06:45:21,kovan,18636945,13465601,5171344
2020-05-21 06:46:43,mainnet,10107143,10107143,0
2020-05-21 06:46:43,kovan,18636961,13465601,5171360
2020-05-21 06:48:05,mainnet,10107150,10107150,0
2020-05-21 06:48:05,kovan,18636977,13465601,5171376
2020-05-21 06:49:27,mainnet,10107157,10107157,0
2020-05-21 06:49:27,kovan,18636993,13465601,5171392
2020-05-21 06:50:49,mainnet,10107162,10107162,0
2020-05-21 06:50:49,kovan,18637010,13465601,5171409
2020-05-21 06:52:11,mainnet,10107172,10107172,0
2020-05-21 06:52:11,kovan,18637026,13465601,5171425
2020-05-21 06:53:33,mainnet,10107179,10107180,-1
2020-05-21 06:53:33,kovan,18637042,13465601,5171441
2020-05-21 06:54:55,mainnet,10107189,10107189,0
2020-05-21 06:54:55,kovan,18637059,13465601,5171458
2020-05-21 06:56:17,mainnet,10107194,10107195,-1
2020-05-21 06:56:17,kovan,18637076,13465601,5171475
2020-05-21 06:57:39,mainnet,10107199,10107199,0
2020-05-21 06:57:39,kovan,18637092,13465601,5171491
2020-05-21 06:59:01,mainnet,10107204,10107205,-1
2020-05-21 06:59:01,kovan,18637108,13465601,5171507
2020-05-21 07:00:23,mainnet,10107207,10107207,0
2020-05-21 07:00:23,kovan,18637125,13465601,5171524
2020-05-21 07:01:45,mainnet,10107217,10107217,0
2020-05-21 07:01:45,kovan,18637141,13465601,5171540
2020-05-21 07:03:07,mainnet,10107226,10107226,0
2020-05-21 07:03:07,kovan,18637157,13465601,5171556
2020-05-21 07:04:29,mainnet,10107235,10107235,0
2020-05-21 07:04:29,kovan,18637174,13465601,5171573
2020-05-21 07:05:51,mainnet,10107238,10107238,0
2020-05-21 07:05:51,kovan,18637190,13465601,5171589
2020-05-21 07:07:13,mainnet,10107248,10107248,0
2020-05-21 07:07:13,kovan,18637206,13465601,5171605
2020-05-21 07:08:35,mainnet,10107252,10107252,0
2020-05-21 07:08:35,kovan,18637223,13465601,5171622
2020-05-21 07:09:57,mainnet,10107259,10107259,0
2020-05-21 07:09:57,kovan,18637240,13465601,5171639
2020-05-21 07:11:19,mainnet,10107267,10107267,0
2020-05-21 07:11:19,kovan,18637256,13465601,5171655
2020-05-21 07:12:41,mainnet,10107269,10107269,0
2020-05-21 07:12:41,kovan,18637272,13465601,5171671
2020-05-21 07:14:03,mainnet,10107276,10107277,-1
2020-05-21 07:14:03,kovan,18637289,13465601,5171688
2020-05-21 07:15:25,mainnet,10107286,10107287,-1
2020-05-21 07:15:25,kovan,18637305,13465601,5171704
2020-05-21 07:16:47,mainnet,10107291,10107291,0
2020-05-21 07:16:47,kovan,18637321,13465601,5171720
2020-05-21 07:18:09,mainnet,10107295,10107295,0
2020-05-21 07:18:09,kovan,18637337,13465601,5171736
2020-05-21 07:19:31,mainnet,10107300,10107300,0
2020-05-21 07:19:31,kovan,18637354,13465601,5171753
2020-05-21 07:20:53,mainnet,10107308,10107308,0
2020-05-21 07:20:53,kovan,18637371,13465601,5171770
2020-05-21 07:22:15,mainnet,10107314,10107314,0
2020-05-21 07:22:15,kovan,18637387,13465601,5171786
2020-05-21 07:23:37,mainnet,10107321,10107321,0
2020-05-21 07:23:37,kovan,18637404,13465601,5171803
2020-05-21 07:24:59,mainnet,10107330,10107330,0
2020-05-21 07:24:59,kovan,18637420,13465601,5171819
2020-05-21 07:26:21,mainnet,10107336,10107336,0
2020-05-21 07:26:21,kovan,18637437,13465601,5171836
2020-05-21 07:27:43,mainnet,10107343,10107343,0
2020-05-21 07:27:43,kovan,18637453,13465601,5171852
2020-05-21 07:29:05,mainnet,10107351,10107352,-1
2020-05-21 07:29:05,kovan,18637469,13465601,5171868
2020-05-21 07:30:27,mainnet,10107356,10107356,0
2020-05-21 07:30:27,kovan,18637485,13465601,5171884
2020-05-21 07:31:49,mainnet,10107362,10107362,0
2020-05-21 07:31:49,kovan,18637502,13465601,5171901
2020-05-21 07:33:11,mainnet,10107369,10107369,0
2020-05-21 07:33:11,kovan,18637518,13465601,5171917
2020-05-21 07:34:33,mainnet,10107377,10107377,0
2020-05-21 07:34:33,kovan,18637535,13465601,5171934
2020-05-21 07:35:55,mainnet,10107380,10107380,0
2020-05-21 07:35:55,kovan,18637551,13465601,5171950
2020-05-21 07:37:17,mainnet,10107388,10107388,0
2020-05-21 07:37:17,kovan,18637568,13465601,5171967
2020-05-21 07:38:39,mainnet,10107390,10107390,0
2020-05-21 07:38:39,kovan,18637584,13465601,5171983
2020-05-21 07:40:01,mainnet,10107395,10107395,0
2020-05-21 07:40:01,kovan,18637601,13465601,5172000
2020-05-21 07:41:23,mainnet,10107401,10107401,0
2020-05-21 07:41:23,kovan,18637617,13465601,5172016
2020-05-21 07:42:45,mainnet,10107409,10107409,0
2020-05-21 07:42:45,kovan,18637633,13465601,5172032
2020-05-21 07:44:07,mainnet,10107415,10107415,0
2020-05-21 07:44:07,kovan,18637649,13465601,5172048
2020-05-21 07:45:29,mainnet,10107417,10107417,0
2020-05-21 07:45:29,kovan,18637666,13465601,5172065
2020-05-21 07:46:51,mainnet,10107421,10107421,0
2020-05-21 07:46:51,kovan,18637682,13465601,5172081
2020-05-21 07:48:13,mainnet,10107432,10107432,0
2020-05-21 07:48:13,kovan,18637699,13465601,5172098
2020-05-21 07:49:35,mainnet,10107432,10107433,-1
2020-05-21 07:49:35,kovan,18637715,13465601,5172114
2020-05-21 07:50:57,mainnet,10107440,10107440,0
2020-05-21 07:50:57,kovan,18637731,13465601,5172130
2020-05-21 07:52:19,mainnet,10107450,10107450,0
2020-05-21 07:52:19,kovan,18637748,13465601,5172147
2020-05-21 07:53:41,mainnet,10107456,10107456,0
2020-05-21 07:53:41,kovan,18637765,13465601,5172164
2020-05-21 07:55:03,mainnet,10107460,10107462,-2
2020-05-21 07:55:03,kovan,18637781,13465601,5172180
2020-05-21 07:56:25,mainnet,10107469,10107469,0
2020-05-21 07:56:25,kovan,18637797,13465601,5172196
2020-05-21 07:57:47,mainnet,10107471,10107471,0
2020-05-21 07:57:47,kovan,18637813,13465601,5172212
2020-05-21 07:59:09,mainnet,10107477,10107477,0
2020-05-21 07:59:09,kovan,18637830,13465601,5172229
2020-05-21 08:00:31,mainnet,10107485,10107485,0
2020-05-21 08:00:31,kovan,18637846,13465601,5172245
2020-05-21 08:01:53,mainnet,10107497,10107497,0
2020-05-21 08:01:53,kovan,18637863,13465601,5172262
2020-05-21 08:03:15,mainnet,10107499,10107499,0
2020-05-21 08:03:15,kovan,18637879,13465601,5172278
2020-05-21 08:04:37,mainnet,10107503,10107503,0
2020-05-21 08:04:37,kovan,18637895,13465601,5172294
2020-05-21 08:06:00,mainnet,10107513,10107514,-1
2020-05-21 08:06:00,kovan,18637912,13465601,5172311
2020-05-21 08:07:21,mainnet,10107518,10107519,-1
2020-05-21 08:07:21,kovan,18637929,13465601,5172328
2020-05-21 08:08:43,mainnet,10107528,10107528,0
2020-05-21 08:08:43,kovan,18637945,13465601,5172344
2020-05-21 08:10:05,mainnet,10107538,10107538,0
2020-05-21 08:10:05,kovan,18637961,13465601,5172360
2020-05-21 08:11:27,mainnet,10107542,10107542,0
2020-05-21 08:11:27,kovan,18637977,13465601,5172376
2020-05-21 08:12:49,mainnet,10107545,10107546,-1
2020-05-21 08:12:49,kovan,18637993,13465601,5172392
2020-05-21 08:14:11,mainnet,10107552,10107552,0
2020-05-21 08:14:11,kovan,18638010,13465601,5172409
2020-05-21 08:15:33,mainnet,10107560,10107560,0
2020-05-21 08:15:33,kovan,18638027,13465601,5172426
2020-05-21 08:16:55,mainnet,10107566,10107567,-1
2020-05-21 08:16:55,kovan,18638043,13465601,5172442
2020-05-21 08:18:17,mainnet,10107579,10107579,0
2020-05-21 08:18:17,kovan,18638060,13465601,5172459
2020-05-21 08:19:39,mainnet,10107586,10107586,0
2020-05-21 08:19:39,kovan,18638076,13465601,5172475
2020-05-21 08:21:01,mainnet,10107591,10107591,0
2020-05-21 08:21:01,kovan,18638093,13465601,5172492
2020-05-21 08:22:23,mainnet,10107595,10107595,0
2020-05-21 08:22:23,kovan,18638109,13465601,5172508
2020-05-21 08:23:45,mainnet,10107605,10107605,0
2020-05-21 08:23:45,kovan,18638125,13465601,5172524
2020-05-21 08:25:08,mainnet,10107609,10107609,0
2020-05-21 08:25:08,kovan,18638141,13465601,5172540
2020-05-21 08:26:30,mainnet,10107618,10107618,0
2020-05-21 08:26:30,kovan,18638158,13465601,5172557
2020-05-21 08:27:52,mainnet,10107629,10107629,0
2020-05-21 08:27:52,kovan,18638174,13465601,5172573
2020-05-21 08:29:14,mainnet,10107634,10107635,-1
2020-05-21 08:29:14,kovan,18638191,13465601,5172590
2020-05-21 08:30:36,mainnet,10107642,10107642,0
2020-05-21 08:30:36,kovan,18638207,13465601,5172606
2020-05-21 08:31:58,mainnet,10107648,10107648,0
2020-05-21 08:31:58,kovan,18638224,13465601,5172623
2020-05-21 08:33:20,mainnet,10107655,10107655,0
2020-05-21 08:33:20,kovan,18638241,13465601,5172640
2020-05-21 08:34:42,mainnet,10107661,10107661,0
2020-05-21 08:34:42,kovan,18638257,13465601,5172656
2020-05-21 08:36:04,mainnet,10107666,10107666,0
2020-05-21 08:36:04,kovan,18638273,13465601,5172672
2020-05-21 08:37:26,mainnet,10107670,10107670,0
2020-05-21 08:37:26,kovan,18638289,13465601,5172688
2020-05-21 08:38:48,mainnet,10107673,10107673,0
2020-05-21 08:38:48,kovan,18638305,13465601,5172704
2020-05-21 08:40:10,mainnet,10107676,10107676,0
2020-05-21 08:40:10,kovan,18638322,13465601,5172721
2020-05-21 08:41:32,mainnet,10107685,10107686,-1
2020-05-21 08:41:32,kovan,18638339,13465601,5172738
2020-05-21 08:42:54,mainnet,10107690,10107690,0
2020-05-21 08:42:54,kovan,18638355,13465601,5172754
2020-05-21 08:44:16,mainnet,10107694,10107694,0
2020-05-21 08:44:16,kovan,18638371,13465601,5172770
2020-05-21 08:45:38,mainnet,10107700,10107700,0
2020-05-21 08:45:38,kovan,18638388,13465601,5172787
2020-05-21 08:47:00,mainnet,10107707,10107707,0
2020-05-21 08:47:00,kovan,18638404,13465601,5172803
2020-05-21 08:48:22,mainnet,10107709,10107710,-1
2020-05-21 08:48:22,kovan,18638421,13465601,5172820
2020-05-21 08:49:44,mainnet,10107716,10107716,0
2020-05-21 08:49:44,kovan,18638437,13465601,5172836
2020-05-21 08:51:06,mainnet,10107727,10107727,0
2020-05-21 08:51:06,kovan,18638453,13465601,5172852
2020-05-21 08:52:27,mainnet,10107734,10107734,0
2020-05-21 08:52:27,kovan,18638469,13465601,5172868
2020-05-21 08:53:49,mainnet,10107743,10107743,0
2020-05-21 08:53:49,kovan,18638486,13465601,5172885
2020-05-21 08:55:11,mainnet,10107747,10107747,0
2020-05-21 08:55:11,kovan,18638502,13465601,5172901
2020-05-21 08:56:33,mainnet,10107754,10107754,0
2020-05-21 08:56:33,kovan,18638519,13465601,5172918
2020-05-21 08:57:55,mainnet,10107760,10107760,0
2020-05-21 08:57:55,kovan,18638535,13465601,5172934
2020-05-21 08:59:17,mainnet,10107766,10107766,0
2020-05-21 08:59:17,kovan,18638551,13465601,5172950
2020-05-21 09:00:39,mainnet,10107772,10107772,0
2020-05-21 09:00:39,kovan,18638567,13465601,5172966
2020-05-21 09:02:01,mainnet,10107779,10107779,0
2020-05-21 09:02:01,kovan,18638584,13465601,5172983
2020-05-21 09:03:23,mainnet,10107780,10107780,0
2020-05-21 09:03:23,kovan,18638600,13465601,5172999
2020-05-21 09:04:45,mainnet,10107786,10107786,0
2020-05-21 09:04:45,kovan,18638616,13465601,5173015
2020-05-21 09:06:07,mainnet,10107788,10107788,0
2020-05-21 09:06:07,kovan,18638632,13465601,5173031
2020-05-21 09:07:29,mainnet,10107795,10107795,0
2020-05-21 09:07:29,kovan,18638649,13465601,5173048
2020-05-21 09:08:52,mainnet,10107798,10107798,0
2020-05-21 09:08:52,kovan,18638666,13465601,5173065
2020-05-21 09:10:15,mainnet,10107803,10107803,0
2020-05-21 09:10:15,kovan,18638682,13465601,5173081
2020-05-21 09:11:37,mainnet,10107810,10107810,0
2020-05-21 09:11:37,kovan,18638698,13465601,5173097
2020-05-21 09:12:59,mainnet,10107815,10107815,0
2020-05-21 09:12:59,kovan,18638715,13465601,5173114
2020-05-21 09:14:21,mainnet,10107817,10107817,0
2020-05-21 09:14:21,kovan,18638732,13465601,5173131
2020-05-21 09:15:43,mainnet,10107821,10107821,0
2020-05-21 09:15:43,kovan,18638748,13465601,5173147
2020-05-21 09:17:05,mainnet,10107829,10107829,0
2020-05-21 09:17:05,kovan,18638764,13465601,5173163
2020-05-21 09:18:27,mainnet,10107836,10107837,-1
2020-05-21 09:18:27,kovan,18638780,13465601,5173179
2020-05-21 09:19:49,mainnet,10107843,10107844,-1
2020-05-21 09:19:49,kovan,18638796,13465601,5173195
2020-05-21 09:21:11,mainnet,10107849,10107849,0
2020-05-21 09:21:11,kovan,18638813,13465601,5173212
2020-05-21 09:22:33,mainnet,10107852,10107852,0
2020-05-21 09:22:33,kovan,18638830,13465601,5173229
2020-05-21 09:23:55,mainnet,10107858,10107858,0
2020-05-21 09:23:55,kovan,18638846,13465601,5173245
2020-05-21 09:25:17,mainnet,10107870,10107870,0
2020-05-21 09:25:17,kovan,18638863,13465601,5173262
2020-05-21 09:26:39,mainnet,10107878,10107878,0
2020-05-21 09:26:39,kovan,18638879,13465601,5173278
2020-05-21 09:28:01,mainnet,10107883,10107883,0
2020-05-21 09:28:01,kovan,18638896,13465601,5173295
2020-05-21 09:29:23,mainnet,10107887,10107887,0
2020-05-21 09:29:23,kovan,18638912,13465601,5173311
2020-05-21 09:30:45,mainnet,10107894,10107894,0
2020-05-21 09:30:45,kovan,18638928,13465601,5173327
2020-05-21 09:32:07,mainnet,10107901,10107901,0
2020-05-21 09:32:07,kovan,18638944,13465601,5173343
2020-05-21 09:33:29,mainnet,10107909,10107910,-1
2020-05-21 09:33:29,kovan,18638961,13465601,5173360
2020-05-21 09:34:51,mainnet,10107914,10107914,0
2020-05-21 09:34:51,kovan,18638977,13465601,5173376
2020-05-21 09:36:13,mainnet,10107921,10107921,0
2020-05-21 09:36:13,kovan,18638994,13465601,5173393
2020-05-21 09:37:35,mainnet,10107932,10107931,1
2020-05-21 09:37:35,kovan,18639010,13465601,5173409
2020-05-21 09:38:57,mainnet,10107936,10107936,0
2020-05-21 09:38:57,kovan,18639027,13465601,5173426
2020-05-21 09:40:19,mainnet,10107942,10107942,0
2020-05-21 09:40:19,kovan,18639043,13465601,5173442
2020-05-21 09:41:42,mainnet,10107945,10107946,-1
2020-05-21 09:41:42,kovan,18639060,13465601,5173459
2020-05-21 09:43:04,mainnet,10107950,10107950,0
2020-05-21 09:43:04,kovan,18639076,13465601,5173475
2020-05-21 09:44:26,mainnet,10107959,10107959,0
2020-05-21 09:44:26,kovan,18639092,13465601,5173491
2020-05-21 09:45:48,mainnet,10107964,10107964,0
2020-05-21 09:45:48,kovan,18639109,13465601,5173508
2020-05-21 09:47:10,mainnet,10107969,10107969,0
2020-05-21 09:47:10,kovan,18639124,13465601,5173523
2020-05-21 09:48:32,mainnet,10107976,10107976,0
2020-05-21 09:48:32,kovan,18639141,13465601,5173540
2020-05-21 09:49:54,mainnet,10107978,10107978,0
2020-05-21 09:49:54,kovan,18639158,13465601,5173557
2020-05-21 09:51:16,mainnet,10107985,10107985,0
2020-05-21 09:51:16,kovan,18639175,13465601,5173574
2020-05-21 09:52:38,mainnet,10107992,10107992,0
2020-05-21 09:52:38,kovan,18639191,13465601,5173590
2020-05-21 09:54:00,mainnet,10107998,10107997,1
2020-05-21 09:54:00,kovan,18639207,13465601,5173606
2020-05-21 09:55:22,mainnet,10108003,10108003,0
2020-05-21 09:55:22,kovan,18639224,13465601,5173623
2020-05-21 09:56:44,mainnet,10108004,10108005,-1
2020-05-21 09:56:44,kovan,18639240,13465601,5173639
2020-05-21 09:58:06,mainnet,10108011,10108011,0
2020-05-21 09:58:06,kovan,18639256,13465601,5173655
2020-05-21 09:59:28,mainnet,10108018,10108018,0
2020-05-21 09:59:28,kovan,18639272,13465601,5173671
2020-05-21 10:00:50,mainnet,10108022,10108022,0
2020-05-21 10:00:50,kovan,18639289,13465601,5173688
2020-05-21 10:02:12,mainnet,10108026,10108026,0
2020-05-21 10:02:12,kovan,18639305,13465601,5173704
2020-05-21 10:03:34,mainnet,10108032,10108032,0
2020-05-21 10:03:34,kovan,18639322,13465601,5173721
2020-05-21 10:04:55,mainnet,10108036,10108036,0
2020-05-21 10:04:55,kovan,18639338,13465601,5173737
2020-05-21 10:06:17,mainnet,10108045,10108044,1
2020-05-21 10:06:17,kovan,18639355,13465601,5173754
2020-05-21 10:07:39,mainnet,10108057,10108059,-2
2020-05-21 10:07:39,kovan,18639371,13465601,5173770
2020-05-21 10:09:01,mainnet,10108063,10108063,0
2020-05-21 10:09:01,kovan,18639388,13465601,5173787
2020-05-21 10:10:23,mainnet,10108071,10108071,0
2020-05-21 10:10:23,kovan,18639404,13465601,5173803
2020-05-21 10:11:45,mainnet,10108078,10108078,0
2020-05-21 10:11:45,kovan,18639420,13465601,5173819
2020-05-21 10:13:07,mainnet,10108080,10108080,0
2020-05-21 10:13:07,kovan,18639436,13465601,5173835
2020-05-21 10:14:29,mainnet,10108086,10108086,0
2020-05-21 10:14:29,kovan,18639453,13465601,5173852
2020-05-21 10:15:51,mainnet,10108090,10108090,0
2020-05-21 10:15:51,kovan,18639469,13465601,5173868
2020-05-21 10:17:13,mainnet,10108101,10108101,0
2020-05-21 10:17:13,kovan,18639486,13465601,5173885
2020-05-21 10:18:35,mainnet,10108109,10108109,0
2020-05-21 10:18:35,kovan,18639502,13465601,5173901
2020-05-21 10:19:57,mainnet,10108114,10108114,0
2020-05-21 10:19:57,kovan,18639518,13465601,5173917
2020-05-21 10:21:19,mainnet,10108121,10108121,0
2020-05-21 10:21:19,kovan,18639535,13465601,5173934
2020-05-21 10:22:42,mainnet,10108126,10108127,-1
2020-05-21 10:22:42,kovan,18639552,13465601,5173951
2020-05-21 10:24:04,mainnet,10108130,10108130,0
2020-05-21 10:24:04,kovan,18639568,13465601,5173967
2020-05-21 10:25:26,mainnet,10108135,10108136,-1
2020-05-21 10:25:26,kovan,18639584,13465601,5173983
2020-05-21 10:26:48,mainnet,10108140,10108140,0
2020-05-21 10:26:48,kovan,18639600,13465601,5173999
2020-05-21 10:28:10,mainnet,10108144,10108144,0
2020-05-21 10:28:10,kovan,18639617,13465601,5174016
2020-05-21 10:29:32,mainnet,10108146,10108146,0
2020-05-21 10:29:32,kovan,18639633,13465601,5174032
2020-05-21 10:30:54,mainnet,10108149,10108149,0
2020-05-21 10:30:54,kovan,18639650,13465601,5174049
2020-05-21 10:32:16,mainnet,10108152,10108152,0
2020-05-21 10:32:16,kovan,18639667,13465601,5174066
2020-05-21 10:33:38,mainnet,10108161,10108161,0
2020-05-21 10:33:38,kovan,18639683,13465601,5174082
2020-05-21 10:34:59,mainnet,10108166,10108166,0
2020-05-21 10:34:59,kovan,18639699,13465601,5174098
2020-05-21 10:36:21,mainnet,10108172,10108172,0
2020-05-21 10:36:21,kovan,18639716,13465601,5174115
2020-05-21 10:37:43,mainnet,10108178,10108178,0
2020-05-21 10:37:43,kovan,18639732,13465601,5174131
2020-05-21 10:39:05,mainnet,10108182,10108182,0
2020-05-21 10:39:05,kovan,18639748,13465601,5174147
2020-05-21 10:40:27,mainnet,10108187,10108188,-1
2020-05-21 10:40:27,kovan,18639764,13465601,5174163
2020-05-21 10:41:49,mainnet,10108193,10108193,0
2020-05-21 10:41:49,kovan,18639781,13465601,5174180
2020-05-21 10:43:11,mainnet,10108199,10108199,0
2020-05-21 10:43:11,kovan,18639797,13465601,5174196
2020-05-21 10:44:33,mainnet,10108206,10108206,0
2020-05-21 10:44:33,kovan,18639814,13465601,5174213
2020-05-21 10:45:55,mainnet,10108211,10108211,0
2020-05-21 10:45:55,kovan,18639831,13465601,5174230
2020-05-21 10:47:17,mainnet,10108217,10108219,-2
2020-05-21 10:47:17,kovan,18639846,13465601,5174245
2020-05-21 10:48:39,mainnet,10108227,10108227,0
2020-05-21 10:48:39,kovan,18639863,13465601,5174262
2020-05-21 10:50:01,mainnet,10108233,10108234,-1
2020-05-21 10:50:01,kovan,18639880,13465601,5174279
2020-05-21 10:51:23,mainnet,10108241,10108242,-1
2020-05-21 10:51:23,kovan,18639896,13465601,5174295
2020-05-21 10:52:45,mainnet,10108246,10108246,0
2020-05-21 10:52:45,kovan,18639912,13465601,5174311
2020-05-21 10:54:07,mainnet,10108253,10108253,0
2020-05-21 10:54:07,kovan,18639928,13465601,5174327
2020-05-21 10:55:29,mainnet,10108261,10108261,0
2020-05-21 10:55:29,kovan,18639945,13465601,5174344
2020-05-21 10:56:51,mainnet,10108266,10108266,0
2020-05-21 10:56:51,kovan,18639962,13465601,5174361
2020-05-21 10:58:13,mainnet,10108273,10108275,-2
2020-05-21 10:58:13,kovan,18639977,13465601,5174376
2020-05-21 10:59:35,mainnet,10108277,10108277,0
2020-05-21 10:59:35,kovan,18639994,13465601,5174393
2020-05-21 11:00:58,mainnet,10108286,10108286,0
2020-05-21 11:00:58,kovan,18640011,13465601,5174410
2020-05-21 11:02:20,mainnet,10108291,10108291,0
2020-05-21 11:02:20,kovan,18640027,13465601,5174426
2020-05-21 11:03:44,mainnet,10108295,10108295,0
2020-05-21 11:03:44,kovan,18640044,13465601,5174443
2020-05-21 11:05:05,mainnet,10108302,10108302,0
2020-05-21 11:05:05,kovan,18640060,13465601,5174459
2020-05-21 11:06:27,mainnet,10108307,10108307,0
2020-05-21 11:06:27,kovan,18640076,13465601,5174475
2020-05-21 11:07:49,mainnet,10108314,10108316,-2
2020-05-21 11:07:49,kovan,18640093,13465601,5174492
2020-05-21 11:09:11,mainnet,10108323,10108323,0
2020-05-21 11:09:11,kovan,18640109,13465601,5174508
2020-05-21 11:10:33,mainnet,10108328,10108328,0
2020-05-21 11:10:33,kovan,18640126,13465601,5174525
2020-05-21 11:11:55,mainnet,10108334,10108335,-1
2020-05-21 11:11:55,kovan,18640142,13465601,5174541
2020-05-21 11:13:17,mainnet,10108338,10108338,0
2020-05-21 11:13:17,kovan,18640159,13465601,5174558
2020-05-21 11:14:40,mainnet,10108344,10108344,0
2020-05-21 11:14:40,kovan,18640175,13465601,5174574
2020-05-21 11:16:01,mainnet,10108349,10108349,0
2020-05-21 11:16:01,kovan,18640192,13465601,5174591
2020-05-21 11:17:23,mainnet,10108354,10108354,0
2020-05-21 11:17:23,kovan,18640208,13465601,5174607
2020-05-21 11:18:45,mainnet,10108358,10108358,0
2020-05-21 11:18:45,kovan,18640224,13465601,5174623
2020-05-21 11:20:07,mainnet,10108366,10108366,0
2020-05-21 11:20:07,kovan,18640241,13465601,5174640
2020-05-21 11:21:29,mainnet,10108370,10108370,0
2020-05-21 11:21:29,kovan,18640257,13465601,5174656
2020-05-21 11:22:51,mainnet,10108377,10108377,0
2020-05-21 11:22:51,kovan,18640273,13465601,5174672
2020-05-21 11:24:13,mainnet,10108385,10108385,0
2020-05-21 11:24:13,kovan,18640290,13465601,5174689
2020-05-21 11:25:35,mainnet,10108396,10108397,-1
2020-05-21 11:25:35,kovan,18640307,13465601,5174706
2020-05-21 11:26:57,mainnet,10108399,10108399,0
2020-05-21 11:26:57,kovan,18640323,13465601,5174722
2020-05-21 11:28:19,mainnet,10108407,10108407,0
2020-05-21 11:28:19,kovan,18640339,13465601,5174738
2020-05-21 11:29:41,mainnet,10108416,10108416,0
2020-05-21 11:29:41,kovan,18640356,13465601,5174755
2020-05-21 11:31:03,mainnet,10108424,10108424,0
2020-05-21 11:31:03,kovan,18640372,13465601,5174771
2020-05-21 11:32:25,mainnet,10108434,10108435,-1
2020-05-21 11:32:25,kovan,18640388,13465601,5174787
2020-05-21 11:33:47,mainnet,10108439,10108439,0
2020-05-21 11:33:47,kovan,18640404,13465601,5174803
2020-05-21 11:35:09,mainnet,10108441,10108441,0
2020-05-21 11:35:09,kovan,18640421,13465601,5174820
2020-05-21 11:36:31,mainnet,10108447,10108447,0
2020-05-21 11:36:31,kovan,18640437,13465601,5174836
2020-05-21 11:37:53,mainnet,10108453,10108453,0
2020-05-21 11:37:53,kovan,18640454,13465601,5174853
2020-05-21 11:39:15,mainnet,10108462,10108462,0
2020-05-21 11:39:15,kovan,18640470,13465601,5174869
2020-05-21 11:40:37,mainnet,10108470,10108470,0
2020-05-21 11:40:37,kovan,18640486,13465601,5174885
2020-05-21 11:41:59,mainnet,10108475,10108475,0
2020-05-21 11:41:59,kovan,18640503,13465601,5174902
2020-05-21 11:43:21,mainnet,10108483,10108484,-1
2020-05-21 11:43:21,kovan,18640520,13465601,5174919
2020-05-21 11:44:43,mainnet,10108490,10108490,0
2020-05-21 11:44:43,kovan,18640536,13465601,5174935
2020-05-21 11:46:06,mainnet,10108496,10108496,0
2020-05-21 11:46:06,kovan,18640552,13465601,5174951
2020-05-21 11:47:28,mainnet,10108504,10108504,0
2020-05-21 11:47:28,kovan,18640568,13465601,5174967
2020-05-21 11:48:50,mainnet,10108510,10108510,0
2020-05-21 11:48:50,kovan,18640585,13465601,5174984
2020-05-21 11:50:12,mainnet,10108519,10108519,0
2020-05-21 11:50:12,kovan,18640601,13465601,5175000
2020-05-21 11:51:34,mainnet,10108524,10108524,0
2020-05-21 11:51:34,kovan,18640618,13465601,5175017
2020-05-21 11:52:56,mainnet,10108528,10108528,0
2020-05-21 11:52:56,kovan,18640634,13465601,5175033
2020-05-21 11:54:18,mainnet,10108535,10108535,0
2020-05-21 11:54:18,kovan,18640651,13465601,5175050
2020-05-21 11:55:40,mainnet,10108541,10108542,-1
2020-05-21 11:55:40,kovan,18640668,13465601,5175067
2020-05-21 11:57:02,mainnet,10108550,10108550,0
2020-05-21 11:57:02,kovan,18640683,13465601,5175082
2020-05-21 11:58:24,mainnet,10108555,10108555,0
2020-05-21 11:58:24,kovan,18640700,13465601,5175099
2020-05-21 11:59:46,mainnet,10108561,10108561,0
2020-05-21 11:59:46,kovan,18640716,13465601,5175115
2020-05-21 12:01:08,mainnet,10108564,10108564,0
2020-05-21 12:01:08,kovan,18640733,13465601,5175132
2020-05-21 12:02:29,mainnet,10108570,10108570,0
2020-05-21 12:02:29,kovan,18640748,13465601,5175147
2020-05-21 12:03:51,mainnet,10108575,10108575,0
2020-05-21 12:03:51,kovan,18640765,13465601,5175164
2020-05-21 12:05:13,mainnet,10108583,10108583,0
2020-05-21 12:05:13,kovan,18640782,13465601,5175181
2020-05-21 12:06:36,mainnet,10108592,10108592,0
2020-05-21 12:06:36,kovan,18640799,13465601,5175198
2020-05-21 12:07:58,mainnet,10108597,10108597,0
2020-05-21 12:07:58,kovan,18640815,13465601,5175214
2020-05-21 12:09:20,mainnet,10108607,10108607,0
2020-05-21 12:09:20,kovan,18640831,13465601,5175230
2020-05-21 12:10:42,mainnet,10108616,10108616,0
2020-05-21 12:10:42,kovan,18640848,13465601,5175247
2020-05-21 12:12:04,mainnet,10108619,10108619,0
2020-05-21 12:12:04,kovan,18640864,13465601,5175263
2020-05-21 12:13:26,mainnet,10108628,10108628,0
2020-05-21 12:13:26,kovan,18640880,13465601,5175279
2020-05-21 12:14:48,mainnet,10108632,10108632,0
2020-05-21 12:14:48,kovan,18640897,13465601,5175296
2020-05-21 12:16:10,mainnet,10108637,10108637,0
2020-05-21 12:16:10,kovan,18640913,13465601,5175312
2020-05-21 12:17:32,mainnet,10108647,10108647,0
2020-05-21 12:17:32,kovan,18640929,13465601,5175328
2020-05-21 12:18:54,mainnet,10108657,10108657,0
2020-05-21 12:18:54,kovan,18640946,13465601,5175345
2020-05-21 12:20:16,mainnet,10108665,10108665,0
2020-05-21 12:20:16,kovan,18640963,13465601,5175362
2020-05-21 12:21:38,mainnet,10108673,10108673,0
2020-05-21 12:21:38,kovan,18640979,13465601,5175378
2020-05-21 12:23:00,mainnet,10108678,10108678,0
2020-05-21 12:23:00,kovan,18640995,13465601,5175394
2020-05-21 12:24:22,mainnet,10108689,10108689,0
2020-05-21 12:24:22,kovan,18641012,13465601,5175411
2020-05-21 12:25:45,mainnet,10108696,10108696,0
2020-05-21 12:25:45,kovan,18641028,13465601,5175427
2020-05-21 12:27:06,mainnet,10108705,10108705,0
2020-05-21 12:27:06,kovan,18641044,13465601,5175443
2020-05-21 12:28:28,mainnet,10108709,10108709,0
2020-05-21 12:28:28,kovan,18641061,13465601,5175460
2020-05-21 12:29:50,mainnet,10108713,10108713,0
2020-05-21 12:29:50,kovan,18641077,13465601,5175476
2020-05-21 12:31:12,mainnet,10108716,10108717,-1
2020-05-21 12:31:12,kovan,18641093,13465601,5175492
2020-05-21 12:32:34,mainnet,10108722,10108722,0
2020-05-21 12:32:34,kovan,18641110,13465601,5175509
2020-05-21 12:33:56,mainnet,10108724,10108724,0
2020-05-21 12:33:56,kovan,18641127,13465601,5175526
2020-05-21 12:35:19,mainnet,10108731,10108731,0
2020-05-21 12:35:19,kovan,18641144,13465601,5175543
2020-05-21 12:36:44,mainnet,10108737,10108737,0
2020-05-21 12:36:44,kovan,18641160,13465601,5175559
2020-05-21 12:38:06,mainnet,10108739,10108739,0
2020-05-21 12:38:06,kovan,18641176,13465601,5175575
2020-05-21 12:39:28,mainnet,10108748,10108748,0
2020-05-21 12:39:28,kovan,18641192,13465601,5175591
2020-05-21 12:40:50,mainnet,10108760,10108760,0
2020-05-21 12:40:50,kovan,18641209,13465601,5175608
2020-05-21 12:42:12,mainnet,10108765,10108765,0
2020-05-21 12:42:12,kovan,18641226,13465601,5175625
2020-05-21 12:43:34,mainnet,10108771,10108771,0
2020-05-21 12:43:34,kovan,18641242,13465601,5175641
2020-05-21 12:44:56,mainnet,10108779,10108779,0
2020-05-21 12:44:56,kovan,18641258,13465601,5175657
2020-05-21 12:46:18,mainnet,10108787,10108787,0
2020-05-21 12:46:18,kovan,18641275,13465601,5175674
2020-05-21 12:47:41,mainnet,10108793,10108793,0
2020-05-21 12:47:41,kovan,18641291,13465601,5175690
2020-05-21 12:49:03,mainnet,10108801,10108801,0
2020-05-21 12:49:03,kovan,18641308,13465601,5175707
2020-05-21 12:50:25,mainnet,10108809,10108809,0
2020-05-21 12:50:25,kovan,18641324,13465601,5175723
2020-05-21 12:51:47,mainnet,10108811,10108811,0
2020-05-21 12:51:47,kovan,18641340,13465601,5175739
2020-05-21 12:53:09,mainnet,10108821,10108821,0
2020-05-21 12:53:09,kovan,18641356,13465601,5175755
2020-05-21 12:54:31,mainnet,10108826,10108826,0
2020-05-21 12:54:31,kovan,18641373,13465601,5175772
2020-05-21 12:55:53,mainnet,10108831,10108831,0
2020-05-21 12:55:53,kovan,18641390,13465601,5175789
2020-05-21 12:57:15,mainnet,10108840,10108841,-1
2020-05-21 12:57:15,kovan,18641406,13465601,5175805
2020-05-21 12:58:37,mainnet,10108846,10108847,-1
2020-05-21 12:58:37,kovan,18641423,13465601,5175822
2020-05-21 12:59:59,mainnet,10108852,10108852,0
2020-05-21 12:59:59,kovan,18641439,13465601,5175838
2020-05-21 13:01:22,mainnet,10108856,10108856,0
2020-05-21 13:01:22,kovan,18641455,13465601,5175854
2020-05-21 13:02:44,mainnet,10108863,10108863,0
2020-05-21 13:02:44,kovan,18641472,13465601,5175871
2020-05-21 13:04:06,mainnet,10108868,10108868,0
2020-05-21 13:04:06,kovan,18641488,13465601,5175887
2020-05-21 13:05:28,mainnet,10108875,10108876,-1
2020-05-21 13:05:28,kovan,18641504,13465601,5175903
2020-05-21 13:06:50,mainnet,10108882,10108882,0
2020-05-21 13:06:50,kovan,18641521,13465601,5175920
2020-05-21 13:08:12,mainnet,10108887,10108888,-1
2020-05-21 13:08:12,kovan,18641537,13465601,5175936
2020-05-21 13:09:34,mainnet,10108892,10108892,0
2020-05-21 13:09:34,kovan,18641554,13465601,5175953
2020-05-21 13:10:57,mainnet,10108898,10108898,0
2020-05-21 13:10:57,kovan,18641571,13465601,5175970
2020-05-21 13:12:19,mainnet,10108902,10108903,-1
2020-05-21 13:12:19,kovan,18641587,13465601,5175986
2020-05-21 13:13:41,mainnet,10108908,10108908,0
2020-05-21 13:13:41,kovan,18641603,13465601,5176002
2020-05-21 13:15:03,mainnet,10108913,10108913,0
2020-05-21 13:15:03,kovan,18641620,13465601,5176019
2020-05-21 13:16:25,mainnet,10108919,10108919,0
2020-05-21 13:16:25,kovan,18641636,13465601,5176035
2020-05-21 13:17:47,mainnet,10108923,10108924,-1
2020-05-21 13:17:47,kovan,18641652,13465601,5176051
2020-05-21 13:19:09,mainnet,10108931,10108931,0
2020-05-21 13:19:09,kovan,18641669,13465601,5176068
2020-05-21 13:20:30,mainnet,10108939,10108939,0
2020-05-21 13:20:30,kovan,18641685,13465601,5176084
2020-05-21 13:21:53,mainnet,10108946,10108946,0
2020-05-21 13:21:53,kovan,18641701,13465601,5176100
2020-05-21 13:23:15,mainnet,10108950,10108950,0
2020-05-21 13:23:15,kovan,18641718,13465601,5176117
2020-05-21 13:24:37,mainnet,10108958,10108958,0
2020-05-21 13:24:37,kovan,18641735,13465601,5176134
2020-05-21 13:26:00,mainnet,10108966,10108966,0
2020-05-21 13:26:00,kovan,18641751,13465601,5176150
2020-05-21 13:27:22,mainnet,10108972,10108972,0
2020-05-21 13:27:22,kovan,18641768,13465601,5176167
2020-05-21 13:28:44,mainnet,10108976,10108976,0
2020-05-21 13:28:44,kovan,18641784,13465601,5176183
2020-05-21 13:30:06,mainnet,10108981,10108981,0
2020-05-21 13:30:06,kovan,18641800,13465601,5176199
2020-05-21 13:31:28,mainnet,10108987,10108987,0
2020-05-21 13:31:28,kovan,18641816,13465601,5176215
2020-05-21 13:32:50,mainnet,10108995,10108995,0
2020-05-21 13:32:50,kovan,18641833,13465601,5176232
2020-05-21 13:34:12,mainnet,10109001,10109001,0
2020-05-21 13:34:12,kovan,18641849,13465601,5176248
2020-05-21 13:35:34,mainnet,10109010,10109010,0
2020-05-21 13:35:34,kovan,18641866,13465601,5176265
2020-05-21 13:36:56,mainnet,10109013,10109013,0
2020-05-21 13:36:56,kovan,18641883,13465601,5176282
2020-05-21 13:38:18,mainnet,10109020,10109020,0
2020-05-21 13:38:18,kovan,18641898,13465601,5176297
2020-05-21 13:39:40,mainnet,10109021,10109021,0
2020-05-21 13:39:40,kovan,18641915,13465601,5176314
2020-05-21 13:41:02,mainnet,10109027,10109027,0
2020-05-21 13:41:02,kovan,18641932,13465601,5176331
2020-05-21 13:42:24,mainnet,10109037,10109038,-1
2020-05-21 13:42:24,kovan,18641948,13465601,5176347
2020-05-21 13:43:46,mainnet,10109044,10109044,0
2020-05-21 13:43:46,kovan,18641964,13465601,5176363
2020-05-21 13:45:08,mainnet,10109046,10109046,0
2020-05-21 13:45:08,kovan,18641980,13465601,5176379
2020-05-21 13:46:30,mainnet,10109051,10109051,0
2020-05-21 13:46:30,kovan,18641997,13465601,5176396
2020-05-21 13:47:52,mainnet,10109059,10109059,0
2020-05-21 13:47:52,kovan,18642013,13465601,5176412
2020-05-21 13:49:14,mainnet,10109063,10109063,0
2020-05-21 13:49:14,kovan,18642030,13465601,5176429
2020-05-21 13:50:36,mainnet,10109073,10109074,-1
2020-05-21 13:50:36,kovan,18642047,13465601,5176446
2020-05-21 13:51:58,mainnet,10109076,10109076,0
2020-05-21 13:51:58,kovan,18642063,13465601,5176462
2020-05-21 13:53:20,mainnet,10109082,10109083,-1
2020-05-21 13:53:20,kovan,18642079,13465601,5176478
2020-05-21 13:54:42,mainnet,10109088,10109088,0
2020-05-21 13:54:42,kovan,18642096,13465601,5176495
2020-05-21 13:56:04,mainnet,10109094,10109094,0
2020-05-21 13:56:04,kovan,18642112,13465601,5176511
2020-05-21 13:57:26,mainnet,10109101,10109101,0
2020-05-21 13:57:26,kovan,18642128,13465601,5176527
2020-05-21 13:58:48,mainnet,10109108,10109108,0
2020-05-21 13:58:48,kovan,18642144,13465601,5176543
2020-05-21 14:00:10,mainnet,10109111,10109111,0
2020-05-21 14:00:10,kovan,18642161,13465601,5176560
2020-05-21 14:01:32,mainnet,10109116,10109116,0
2020-05-21 14:01:32,kovan,18642178,13465601,5176577
2020-05-21 14:02:53,mainnet,10109122,10109122,0
2020-05-21 14:02:53,kovan,18642194,13465601,5176593
2020-05-21 14:04:15,mainnet,10109125,10109125,0
2020-05-21 14:04:15,kovan,18642210,13465601,5176609
2020-05-21 14:05:37,mainnet,10109130,10109130,0
2020-05-21 14:05:37,kovan,18642227,13465601,5176626
2020-05-21 14:07:00,mainnet,10109138,10109138,0
2020-05-21 14:07:00,kovan,18642243,13465601,5176642
2020-05-21 14:08:21,mainnet,10109146,10109146,0
2020-05-21 14:08:21,kovan,18642259,13465601,5176658
2020-05-21 14:09:43,mainnet,10109156,10109156,0
2020-05-21 14:09:43,kovan,18642276,13465601,5176675
2020-05-21 14:11:05,mainnet,10109161,10109161,0
2020-05-21 14:11:05,kovan,18642292,13465601,5176691
2020-05-21 14:12:27,mainnet,10109167,10109167,0
2020-05-21 14:12:27,kovan,18642308,13465601,5176707
2020-05-21 14:13:49,mainnet,10109175,10109175,0
2020-05-21 14:13:49,kovan,18642325,13465601,5176724
2020-05-21 14:15:11,mainnet,10109181,10109181,0
2020-05-21 14:15:11,kovan,18642341,13465601,5176740
2020-05-21 14:16:33,mainnet,10109188,10109188,0
2020-05-21 14:16:33,kovan,18642358,13465601,5176757
2020-05-21 14:17:55,mainnet,10109192,10109192,0
2020-05-21 14:17:55,kovan,18642374,13465601,5176773
2020-05-21 14:19:17,mainnet,10109199,10109199,0
2020-05-21 14:19:17,kovan,18642391,13465601,5176790
2020-05-21 14:20:39,mainnet,10109202,10109202,0
2020-05-21 14:20:39,kovan,18642407,13465601,5176806
2020-05-21 14:22:01,mainnet,10109209,10109209,0
2020-05-21 14:22:01,kovan,18642424,13465601,5176823
2020-05-21 14:23:23,mainnet,10109214,10109213,1
2020-05-21 14:23:23,kovan,18642440,13465601,5176839
2020-05-21 14:24:45,mainnet,10109217,10109217,0
2020-05-21 14:24:45,kovan,18642456,13465601,5176855
2020-05-21 14:26:07,mainnet,10109225,10109225,0
2020-05-21 14:26:07,kovan,18642472,13465601,5176871
2020-05-21 14:27:29,mainnet,10109231,10109232,-1
2020-05-21 14:27:29,kovan,18642489,13465601,5176888
2020-05-21 14:28:51,mainnet,10109236,10109237,-1
2020-05-21 14:28:51,kovan,18642505,13465601,5176904
2020-05-21 14:30:13,mainnet,10109241,10109242,-1
2020-05-21 14:30:13,kovan,18642522,13465601,5176921
2020-05-21 14:31:35,mainnet,10109250,10109250,0
2020-05-21 14:31:35,kovan,18642539,13465601,5176938
2020-05-21 14:32:57,mainnet,10109257,10109257,0
2020-05-21 14:32:57,kovan,18642554,13465601,5176953
2020-05-21 14:34:19,mainnet,10109259,10109259,0
2020-05-21 14:34:19,kovan,18642571,13465601,5176970
2020-05-21 14:35:41,mainnet,10109267,10109267,0
2020-05-21 14:35:41,kovan,18642588,13465601,5176987
2020-05-21 14:37:03,mainnet,10109274,10109274,0
2020-05-21 14:37:03,kovan,18642604,13465601,5177003
2020-05-21 14:38:25,mainnet,10109282,10109282,0
2020-05-21 14:38:25,kovan,18642620,13465601,5177019
2020-05-21 14:39:47,mainnet,10109292,10109292,0
2020-05-21 14:39:47,kovan,18642636,13465601,5177035
2020-05-21 14:41:09,mainnet,10109292,10109292,0
2020-05-21 14:41:09,kovan,18642653,13465601,5177052
2020-05-21 14:42:31,mainnet,10109296,10109296,0
2020-05-21 14:42:31,kovan,18642669,13465601,5177068
2020-05-21 14:43:53,mainnet,10109300,10109300,0
2020-05-21 14:43:53,kovan,18642686,13465601,5177085
2020-05-21 14:45:15,mainnet,10109311,10109311,0
2020-05-21 14:45:15,kovan,18642703,13465601,5177102
2020-05-21 14:46:37,mainnet,10109316,10109317,-1
2020-05-21 14:46:37,kovan,18642719,13465601,5177118
2020-05-21 14:47:59,mainnet,10109320,10109320,0
2020-05-21 14:47:59,kovan,18642735,13465601,5177134
2020-05-21 14:49:21,mainnet,10109324,10109324,0
2020-05-21 14:49:21,kovan,18642751,13465601,5177150
2020-05-21 14:50:43,mainnet,10109328,10109328,0
2020-05-21 14:50:43,kovan,18642768,13465601,5177167
2020-05-21 14:52:05,mainnet,10109337,10109337,0
2020-05-21 14:52:05,kovan,18642784,13465601,5177183
2020-05-21 14:53:28,mainnet,10109344,10109344,0
2020-05-21 14:53:28,kovan,18642801,13465601,5177200
2020-05-21 14:54:50,mainnet,10109347,10109347,0
2020-05-21 14:54:50,kovan,18642816,13465601,5177215
2020-05-21 14:56:12,mainnet,10109354,10109354,0
2020-05-21 14:56:12,kovan,18642833,13465601,5177232
2020-05-21 14:57:34,mainnet,10109357,10109357,0
2020-05-21 14:57:34,kovan,18642850,13465601,5177249
2020-05-21 14:58:56,mainnet,10109363,10109364,-1
2020-05-21 14:58:56,kovan,18642866,13465601,5177265
2020-05-21 15:00:17,mainnet,10109367,10109369,-2
2020-05-21 15:00:17,kovan,18642882,13465601,5177281
2020-05-21 15:01:39,mainnet,10109372,10109372,0
2020-05-21 15:01:39,kovan,18642899,13465601,5177298
2020-05-21 15:03:01,mainnet,10109374,10109374,0
2020-05-21 15:03:01,kovan,18642916,13465601,5177315
2020-05-21 15:04:23,mainnet,10109381,10109381,0
2020-05-21 15:04:23,kovan,18642932,13465601,5177331
2020-05-21 15:05:45,mainnet,10109386,10109386,0
2020-05-21 15:05:45,kovan,18642948,13465601,5177347
2020-05-21 15:07:07,mainnet,10109398,10109398,0
2020-05-21 15:07:07,kovan,18642964,13465601,5177363
2020-05-21 15:08:29,mainnet,10109402,10109402,0
2020-05-21 15:08:29,kovan,18642981,13465601,5177380
2020-05-21 15:09:51,mainnet,10109410,10109410,0
2020-05-21 15:09:51,kovan,18642997,13465601,5177396
2020-05-21 15:11:13,mainnet,10109414,10109414,0
2020-05-21 15:11:13,kovan,18643014,13465601,5177413
2020-05-21 15:12:35,mainnet,10109417,10109417,0
2020-05-21 15:12:35,kovan,18643030,13465601,5177429
2020-05-21 15:13:57,mainnet,10109429,10109429,0
2020-05-21 15:13:57,kovan,18643047,13465601,5177446
2020-05-21 15:15:19,mainnet,10109437,10109437,0
2020-05-21 15:15:19,kovan,18643063,13465601,5177462
2020-05-21 15:16:41,mainnet,10109443,10109443,0
2020-05-21 15:16:41,kovan,18643080,13465601,5177479
2020-05-21 15:18:03,mainnet,10109449,10109449,0
2020-05-21 15:18:03,kovan,18643096,13465601,5177495
2020-05-21 15:19:25,mainnet,10109459,10109459,0
2020-05-21 15:19:25,kovan,18643112,13465601,5177511
2020-05-21 15:20:47,mainnet,10109463,10109463,0
2020-05-21 15:20:47,kovan,18643128,13465601,5177527
2020-05-21 15:22:10,mainnet,10109470,10109470,0
2020-05-21 15:22:10,kovan,18643144,13465601,5177543
2020-05-21 15:23:31,mainnet,10109477,10109477,0
2020-05-21 15:23:31,kovan,18643161,13465601,5177560
2020-05-21 15:24:54,mainnet,10109488,10109488,0
2020-05-21 15:24:54,kovan,18643178,13465601,5177577
2020-05-21 15:26:16,mainnet,10109496,10109496,0
2020-05-21 15:26:16,kovan,18643195,13465601,5177594
2020-05-21 15:27:38,mainnet,10109501,10109501,0
2020-05-21 15:27:38,kovan,18643211,13465601,5177610
2020-05-21 15:29:00,mainnet,10109506,10109506,0
2020-05-21 15:29:00,kovan,18643227,13465601,5177626
2020-05-21 15:30:22,mainnet,10109512,10109512,0
2020-05-21 15:30:22,kovan,18643244,13465601,5177643
2020-05-21 15:31:44,mainnet,10109517,10109517,0
2020-05-21 15:31:44,kovan,18643260,13465601,5177659
2020-05-21 15:33:06,mainnet,10109522,10109522,0
2020-05-21 15:33:06,kovan,18643276,13465601,5177675
2020-05-21 15:34:28,mainnet,10109532,10109532,0
2020-05-21 15:34:28,kovan,18643292,13465601,5177691
2020-05-21 15:35:50,mainnet,10109538,10109538,0
2020-05-21 15:35:50,kovan,18643309,13465601,5177708
2020-05-21 15:37:12,mainnet,10109541,10109543,-2
2020-05-21 15:37:12,kovan,18643325,13465601,5177724
2020-05-21 15:38:34,mainnet,10109551,10109552,-1
2020-05-21 15:38:34,kovan,18643342,13465601,5177741
2020-05-21 15:39:56,mainnet,10109556,10109556,0
2020-05-21 15:39:56,kovan,18643358,13465601,5177757
2020-05-21 15:41:18,mainnet,10109567,10109567,0
2020-05-21 15:41:18,kovan,18643375,13465601,5177774
2020-05-21 15:42:40,mainnet,10109577,10109577,0
2020-05-21 15:42:40,kovan,18643391,13465601,5177790
2020-05-21 15:44:02,mainnet,10109584,10109584,0
2020-05-21 15:44:02,kovan,18643408,13465601,5177807
2020-05-21 15:45:24,mainnet,10109590,10109591,-1
2020-05-21 15:45:24,kovan,18643424,13465601,5177823
2020-05-21 15:46:46,mainnet,10109599,10109599,0
2020-05-21 15:46:46,kovan,18643440,13465601,5177839
2020-05-21 15:48:08,mainnet,10109604,10109604,0
2020-05-21 15:48:08,kovan,18643456,13465601,5177855
2020-05-21 15:49:30,mainnet,10109610,10109610,0
2020-05-21 15:49:30,kovan,18643473,13465601,5177872
2020-05-21 15:50:52,mainnet,10109613,10109614,-1
2020-05-21 15:50:52,kovan,18643489,13465601,5177888
2020-05-21 15:52:14,mainnet,10109619,10109620,-1
2020-05-21 15:52:14,kovan,18643506,13465601,5177905
2020-05-21 15:53:36,mainnet,10109628,10109628,0
2020-05-21 15:53:36,kovan,18643523,13465601,5177922
2020-05-21 15:54:58,mainnet,10109634,10109634,0
2020-05-21 15:54:58,kovan,18643539,13465601,5177938
2020-05-21 15:56:20,mainnet,10109638,10109638,0
2020-05-21 15:56:20,kovan,18643555,13465601,5177954
2020-05-21 15:57:42,mainnet,10109644,10109644,0
2020-05-21 15:57:42,kovan,18643572,13465601,5177971
2020-05-21 15:59:04,mainnet,10109650,10109650,0
2020-05-21 15:59:04,kovan,18643588,13465601,5177987
2020-05-21 16:00:26,mainnet,10109657,10109657,0
2020-05-21 16:00:26,kovan,18643604,13465601,5178003
2020-05-21 16:01:48,mainnet,10109664,10109663,1
2020-05-21 16:01:48,kovan,18643620,13465601,5178019
2020-05-21 16:03:10,mainnet,10109665,10109665,0
2020-05-21 16:03:10,kovan,18643637,13465601,5178036
2020-05-21 16:04:32,mainnet,10109672,10109672,0
2020-05-21 16:04:32,kovan,18643653,13465601,5178052
2020-05-21 16:05:54,mainnet,10109678,10109678,0
2020-05-21 16:05:54,kovan,18643670,13465601,5178069
2020-05-21 16:07:16,mainnet,10109684,10109684,0
2020-05-21 16:07:16,kovan,18643686,13465601,5178085
2020-05-21 16:08:38,mainnet,10109693,10109693,0
2020-05-21 16:08:38,kovan,18643703,13465601,5178102
2020-05-21 16:10:00,mainnet,10109698,10109699,-1
2020-05-21 16:10:00,kovan,18643719,13465601,5178118
2020-05-21 16:11:22,mainnet,10109704,10109704,0
2020-05-21 16:11:22,kovan,18643736,13465601,5178135
2020-05-21 16:12:44,mainnet,10109710,10109710,0
2020-05-21 16:12:44,kovan,18643752,13465601,5178151
2020-05-21 16:14:06,mainnet,10109717,10109717,0
2020-05-21 16:14:06,kovan,18643768,13465601,5178167
2020-05-21 16:15:28,mainnet,10109721,10109721,0
2020-05-21 16:15:28,kovan,18643784,13465601,5178183
2020-05-21 16:16:50,mainnet,10109726,10109726,0
2020-05-21 16:16:50,kovan,18643801,13465601,5178200
2020-05-21 16:18:12,mainnet,10109734,10109734,0
2020-05-21 16:18:12,kovan,18643818,13465601,5178217
2020-05-21 16:19:34,mainnet,10109739,10109739,0
2020-05-21 16:19:34,kovan,18643834,13465601,5178233
2020-05-21 16:20:56,mainnet,10109746,10109746,0
2020-05-21 16:20:56,kovan,18643850,13465601,5178249
2020-05-21 16:22:18,mainnet,10109750,10109750,0
2020-05-21 16:22:18,kovan,18643867,13465601,5178266
2020-05-21 16:23:40,mainnet,10109760,10109760,0
2020-05-21 16:23:40,kovan,18643883,13465601,5178282
2020-05-21 16:25:02,mainnet,10109766,10109766,0
2020-05-21 16:25:02,kovan,18643900,13465601,5178299
2020-05-21 16:26:24,mainnet,10109773,10109773,0
2020-05-21 16:26:24,kovan,18643916,13465601,5178315
2020-05-21 16:27:46,mainnet,10109780,10109779,1
2020-05-21 16:27:46,kovan,18643932,13465601,5178331
2020-05-21 16:29:08,mainnet,10109788,10109788,0
2020-05-21 16:29:08,kovan,18643948,13465601,5178347
2020-05-21 16:30:30,mainnet,10109791,10109791,0
2020-05-21 16:30:30,kovan,18643965,13465601,5178364
2020-05-21 16:31:53,mainnet,10109799,10109799,0
2020-05-21 16:31:53,kovan,18643982,13465601,5178381
2020-05-21 16:33:15,mainnet,10109804,10109804,0
2020-05-21 16:33:15,kovan,18643998,13465601,5178397
2020-05-21 16:34:37,mainnet,10109810,10109810,0
2020-05-21 16:34:37,kovan,18644015,13465601,5178414
2020-05-21 16:35:59,mainnet,10109814,10109814,0
2020-05-21 16:35:59,kovan,18644031,13465601,5178430
2020-05-21 16:37:20,mainnet,10109823,10109823,0
2020-05-21 16:37:20,kovan,18644047,13465601,5178446
2020-05-21 16:38:42,mainnet,10109827,10109827,0
2020-05-21 16:38:42,kovan,18644064,13465601,5178463
2020-05-21 16:40:04,mainnet,10109833,10109833,0
2020-05-21 16:40:04,kovan,18644080,13465601,5178479
2020-05-21 16:41:26,mainnet,10109844,10109844,0
2020-05-21 16:41:26,kovan,18644096,13465601,5178495
2020-05-21 16:42:48,mainnet,10109844,10109844,0
2020-05-21 16:42:48,kovan,18644113,13465601,5178512
2020-05-21 16:44:11,mainnet,10109849,10109849,0
2020-05-21 16:44:11,kovan,18644129,13465601,5178528
2020-05-21 16:45:32,mainnet,10109855,10109855,0
2020-05-21 16:45:32,kovan,18644145,13465601,5178544
2020-05-21 16:46:55,mainnet,10109860,10109860,0
2020-05-21 16:46:55,kovan,18644162,13465601,5178561
2020-05-21 16:48:17,mainnet,10109862,10109862,0
2020-05-21 16:48:17,kovan,18644179,13465601,5178578
2020-05-21 16:49:39,mainnet,10109868,10109868,0
2020-05-21 16:49:39,kovan,18644195,13465601,5178594
2020-05-21 16:51:01,mainnet,10109877,10109877,0
2020-05-21 16:51:01,kovan,18644211,13465601,5178610
2020-05-21 16:52:23,mainnet,10109881,10109881,0
2020-05-21 16:52:23,kovan,18644228,13465601,5178627
2020-05-21 16:53:45,mainnet,10109887,10109887,0
2020-05-21 16:53:45,kovan,18644244,13465601,5178643
2020-05-21 16:55:07,mainnet,10109890,10109890,0
2020-05-21 16:55:07,kovan,18644260,13465601,5178659
2020-05-21 16:56:30,mainnet,10109895,10109895,0
2020-05-21 16:56:30,kovan,18644277,13465601,5178676
2020-05-21 16:57:52,mainnet,10109901,10109901,0
2020-05-21 16:57:52,kovan,18644294,13465601,5178693
2020-05-21 16:59:14,mainnet,10109903,10109903,0
2020-05-21 16:59:14,kovan,18644310,13465601,5178709
2020-05-21 17:00:36,mainnet,10109907,10109907,0
2020-05-21 17:00:36,kovan,18644326,13465601,5178725
2020-05-21 17:01:58,mainnet,10109910,10109910,0
2020-05-21 17:01:58,kovan,18644343,13465601,5178742
2020-05-21 17:03:20,mainnet,10109917,10109917,0
2020-05-21 17:03:20,kovan,18644359,13465601,5178758
2020-05-21 17:04:42,mainnet,10109921,10109921,0
2020-05-21 17:04:42,kovan,18644376,13465601,5178775
2020-05-21 17:06:04,mainnet,10109928,10109928,0
2020-05-21 17:06:04,kovan,18644392,13465601,5178791
2020-05-21 17:07:26,mainnet,10109935,10109935,0
2020-05-21 17:07:26,kovan,18644408,13465601,5178807
2020-05-21 17:08:48,mainnet,10109940,10109940,0
2020-05-21 17:08:48,kovan,18644424,13465601,5178823
2020-05-21 17:10:10,mainnet,10109947,10109947,0
2020-05-21 17:10:10,kovan,18644441,13465601,5178840
2020-05-21 17:11:33,mainnet,10109955,10109955,0
2020-05-21 17:11:33,kovan,18644458,13465601,5178857
2020-05-21 17:12:55,mainnet,10109959,10109960,-1
2020-05-21 17:12:55,kovan,18644475,13465601,5178874
2020-05-21 17:14:17,mainnet,10109965,10109965,0
2020-05-21 17:14:17,kovan,18644491,13465601,5178890
2020-05-21 17:15:39,mainnet,10109973,10109973,0
2020-05-21 17:15:39,kovan,18644507,13465601,5178906
2020-05-21 17:17:01,mainnet,10109979,10109979,0
2020-05-21 17:17:01,kovan,18644523,13465601,5178922
2020-05-21 17:18:23,mainnet,10109987,10109987,0
2020-05-21 17:18:23,kovan,18644540,13465601,5178939
2020-05-21 17:19:45,mainnet,10109997,10109997,0
2020-05-21 17:19:45,kovan,18644556,13465601,5178955
2020-05-21 17:21:07,mainnet,10109999,10109999,0
2020-05-21 17:21:07,kovan,18644572,13465601,5178971
2020-05-21 17:22:29,mainnet,10110005,10110005,0
2020-05-21 17:22:29,kovan,18644589,13465601,5178988
2020-05-21 17:23:51,mainnet,10110010,10110010,0
2020-05-21 17:23:51,kovan,18644605,13465601,5179004
2020-05-21 17:25:13,mainnet,10110018,10110018,0
2020-05-21 17:25:13,kovan,18644622,13465601,5179021
2020-05-21 17:26:36,mainnet,10110026,10110026,0
2020-05-21 17:26:36,kovan,18644638,13465601,5179037
2020-05-21 17:27:58,mainnet,10110029,10110028,1
2020-05-21 17:27:58,kovan,18644655,13465601,5179054
2020-05-21 17:29:19,mainnet,10110038,10110038,0
2020-05-21 17:29:19,kovan,18644671,13465601,5179070
2020-05-21 17:30:42,mainnet,10110045,10110046,-1
2020-05-21 17:30:42,kovan,18644688,13465601,5179087
2020-05-21 17:32:04,mainnet,10110049,10110049,0
2020-05-21 17:32:04,kovan,18644704,13465601,5179103
2020-05-21 17:33:26,mainnet,10110057,10110057,0
2020-05-21 17:33:26,kovan,18644720,13465601,5179119
2020-05-21 17:34:48,mainnet,10110062,10110062,0
2020-05-21 17:34:48,kovan,18644737,13465601,5179136
2020-05-21 17:36:10,mainnet,10110070,10110070,0
2020-05-21 17:36:10,kovan,18644753,13465601,5179152
2020-05-21 17:37:32,mainnet,10110074,10110074,0
2020-05-21 17:37:32,kovan,18644769,13465601,5179168
2020-05-21 17:38:54,mainnet,10110082,10110082,0
2020-05-21 17:38:54,kovan,18644786,13465601,5179185
2020-05-21 17:40:16,mainnet,10110087,10110087,0
2020-05-21 17:40:16,kovan,18644803,13465601,5179202
2020-05-21 17:41:37,mainnet,10110093,10110093,0
2020-05-21 17:41:37,kovan,18644819,13465601,5179218
2020-05-21 17:42:59,mainnet,10110102,10110102,0
2020-05-21 17:42:59,kovan,18644835,13465601,5179234
2020-05-21 17:44:22,mainnet,10110110,10110110,0
2020-05-21 17:44:22,kovan,18644852,13465601,5179251
2020-05-21 17:45:44,mainnet,10110117,10110117,0
2020-05-21 17:45:44,kovan,18644868,13465601,5179267
2020-05-21 17:47:06,mainnet,10110126,10110126,0
2020-05-21 17:47:06,kovan,18644884,13465601,5179283
2020-05-21 17:48:28,mainnet,10110131,10110131,0
2020-05-21 17:48:28,kovan,18644900,13465601,5179299
2020-05-21 17:49:50,mainnet,10110137,10110137,0
2020-05-21 17:49:50,kovan,18644917,13465601,5179316
2020-05-21 17:51:12,mainnet,10110141,10110141,0
2020-05-21 17:51:12,kovan,18644934,13465601,5179333
2020-05-21 17:52:34,mainnet,10110147,10110146,1
2020-05-21 17:52:34,kovan,18644950,13465601,5179349
2020-05-21 17:53:56,mainnet,10110153,10110153,0
2020-05-21 17:53:56,kovan,18644967,13465601,5179366
2020-05-21 17:55:18,mainnet,10110160,10110160,0
2020-05-21 17:55:18,kovan,18644983,13465601,5179382
2020-05-21 17:56:40,mainnet,10110166,10110166,0
2020-05-21 17:56:40,kovan,18644999,13465601,5179398
2020-05-21 17:58:02,mainnet,10110173,10110174,-1
2020-05-21 17:58:02,kovan,18645016,13465601,5179415
2020-05-21 17:59:24,mainnet,10110179,10110179,0
2020-05-21 17:59:24,kovan,18645032,13465601,5179431
2020-05-21 18:00:46,mainnet,10110189,10110190,-1
2020-05-21 18:00:46,kovan,18645048,13465601,5179447
2020-05-21 18:02:08,mainnet,10110195,10110195,0
2020-05-21 18:02:08,kovan,18645064,13465601,5179463
2020-05-21 18:03:30,mainnet,10110203,10110205,-2
2020-05-21 18:03:30,kovan,18645081,13465601,5179480
2020-05-21 18:04:52,mainnet,10110209,10110209,0
2020-05-21 18:04:52,kovan,18645097,13465601,5179496
2020-05-21 18:06:14,mainnet,10110213,10110213,0
2020-05-21 18:06:14,kovan,18645114,13465601,5179513
2020-05-21 18:07:36,mainnet,10110218,10110218,0
2020-05-21 18:07:36,kovan,18645130,13465601,5179529
2020-05-21 18:08:58,mainnet,10110224,10110224,0
2020-05-21 18:08:58,kovan,18645147,13465601,5179546
2020-05-21 18:10:20,mainnet,10110232,10110232,0
2020-05-21 18:10:20,kovan,18645163,13465601,5179562
2020-05-21 18:11:41,mainnet,10110240,10110240,0
2020-05-21 18:11:41,kovan,18645180,13465601,5179579
2020-05-21 18:13:03,mainnet,10110246,10110246,0
2020-05-21 18:13:03,kovan,18645196,13465601,5179595
2020-05-21 18:14:25,mainnet,10110249,10110249,0
2020-05-21 18:14:25,kovan,18645212,13465601,5179611
2020-05-21 18:15:47,mainnet,10110255,10110255,0
2020-05-21 18:15:47,kovan,18645228,13465601,5179627
2020-05-21 18:17:09,mainnet,10110261,10110261,0
2020-05-21 18:17:09,kovan,18645245,13465601,5179644
2020-05-21 18:18:31,mainnet,10110265,10110265,0
2020-05-21 18:18:31,kovan,18645261,13465601,5179660
2020-05-21 18:19:53,mainnet,10110269,10110269,0
2020-05-21 18:19:53,kovan,18645278,13465601,5179677
2020-05-21 18:21:15,mainnet,10110277,10110277,0
2020-05-21 18:21:15,kovan,18645294,13465601,5179693
2020-05-21 18:22:37,mainnet,10110284,10110284,0
2020-05-21 18:22:37,kovan,18645311,13465601,5179710
2020-05-21 18:23:59,mainnet,10110289,10110289,0
2020-05-21 18:23:59,kovan,18645327,13465601,5179726
2020-05-21 18:25:21,mainnet,10110298,10110298,0
2020-05-21 18:25:21,kovan,18645343,13465601,5179742
2020-05-21 18:26:43,mainnet,10110303,10110303,0
2020-05-21 18:26:43,kovan,18645360,13465601,5179759
2020-05-21 18:28:05,mainnet,10110312,10110312,0
2020-05-21 18:28:05,kovan,18645376,13465601,5179775
2020-05-21 18:29:27,mainnet,10110317,10110317,0
2020-05-21 18:29:27,kovan,18645392,13465601,5179791
2020-05-21 18:30:49,mainnet,10110321,10110321,0
2020-05-21 18:30:49,kovan,18645409,13465601,5179808
2020-05-21 18:32:11,mainnet,10110326,10110327,-1
2020-05-21 18:32:11,kovan,18645425,13465601,5179824
2020-05-21 18:33:33,mainnet,10110330,10110330,0
2020-05-21 18:33:33,kovan,18645442,13465601,5179841
2020-05-21 18:34:55,mainnet,10110335,10110335,0
2020-05-21 18:34:55,kovan,18645458,13465601,5179857
2020-05-21 18:36:17,mainnet,10110342,10110342,0
2020-05-21 18:36:17,kovan,18645475,13465601,5179874
2020-05-21 18:37:39,mainnet,10110350,10110350,0
2020-05-21 18:37:39,kovan,18645491,13465601,5179890
2020-05-21 18:39:01,mainnet,10110359,10110359,0
2020-05-21 18:39:01,kovan,18645507,13465601,5179906
2020-05-21 18:40:23,mainnet,10110363,10110364,-1
2020-05-21 18:40:23,kovan,18645524,13465601,5179923
2020-05-21 18:41:45,mainnet,10110370,10110370,0
2020-05-21 18:41:45,kovan,18645540,13465601,5179939
2020-05-21 18:43:07,mainnet,10110376,10110376,0
2020-05-21 18:43:07,kovan,18645556,13465601,5179955
2020-05-21 18:44:28,mainnet,10110377,10110377,0
2020-05-21 18:44:28,kovan,18645573,13465601,5179972
2020-05-21 18:45:50,mainnet,10110382,10110382,0
2020-05-21 18:45:50,kovan,18645589,13465601,5179988
2020-05-21 18:47:12,mainnet,10110389,10110389,0
2020-05-21 18:47:12,kovan,18645606,13465601,5180005
2020-05-21 18:48:34,mainnet,10110393,10110393,0
2020-05-21 18:48:34,kovan,18645622,13465601,5180021
2020-05-21 18:49:56,mainnet,10110400,10110400,0
2020-05-21 18:49:56,kovan,18645638,13465601,5180037
2020-05-21 18:51:18,mainnet,10110405,10110405,0
2020-05-21 18:51:18,kovan,18645655,13465601,5180054
2020-05-21 18:52:41,mainnet,10110412,10110412,0
2020-05-21 18:52:41,kovan,18645671,13465601,5180070
2020-05-21 18:54:03,mainnet,10110418,10110418,0
2020-05-21 18:54:03,kovan,18645688,13465601,5180087
2020-05-21 18:55:25,mainnet,10110426,10110426,0
2020-05-21 18:55:25,kovan,18645704,13465601,5180103
2020-05-21 18:56:47,mainnet,10110430,10110430,0
2020-05-21 18:56:47,kovan,18645721,13465601,5180120
2020-05-21 18:58:09,mainnet,10110436,10110436,0
2020-05-21 18:58:09,kovan,18645737,13465601,5180136
2020-05-21 18:59:31,mainnet,10110442,10110444,-2
2020-05-21 18:59:31,kovan,18645753,13465601,5180152
2020-05-21 19:00:53,mainnet,10110452,10110452,0
2020-05-21 19:00:53,kovan,18645770,13465601,5180169
2020-05-21 19:02:15,mainnet,10110455,10110455,0
2020-05-21 19:02:15,kovan,18645787,13465601,5180186
2020-05-21 19:03:37,mainnet,10110460,10110460,0
2020-05-21 19:03:37,kovan,18645803,13465601,5180202
2020-05-21 19:05:00,mainnet,10110463,10110463,0
2020-05-21 19:05:00,kovan,18645819,13465601,5180218
2020-05-21 19:06:22,mainnet,10110471,10110471,0
2020-05-21 19:06:22,kovan,18645836,13465601,5180235
2020-05-21 19:07:44,mainnet,10110472,10110472,0
2020-05-21 19:07:44,kovan,18645852,13465601,5180251
2020-05-21 19:09:06,mainnet,10110475,10110475,0
2020-05-21 19:09:06,kovan,18645868,13465601,5180267
2020-05-21 19:10:28,mainnet,10110480,10110480,0
2020-05-21 19:10:28,kovan,18645884,13465601,5180283
2020-05-21 19:11:50,mainnet,10110484,10110484,0
2020-05-21 19:11:50,kovan,18645901,13465601,5180300
2020-05-21 19:13:12,mainnet,10110491,10110491,0
2020-05-21 19:13:12,kovan,18645917,13465601,5180316
2020-05-21 19:14:34,mainnet,10110499,10110499,0
2020-05-21 19:14:34,kovan,18645934,13465601,5180333
2020-05-21 19:15:56,mainnet,10110503,10110503,0
2020-05-21 19:15:56,kovan,18645951,13465601,5180350
2020-05-21 19:17:18,mainnet,10110513,10110513,0
2020-05-21 19:17:18,kovan,18645967,13465601,5180366
2020-05-21 19:18:40,mainnet,10110524,10110524,0
2020-05-21 19:18:40,kovan,18645983,13465601,5180382
2020-05-21 19:20:02,mainnet,10110531,10110531,0
2020-05-21 19:20:02,kovan,18646000,13465601,5180399
2020-05-21 19:21:24,mainnet,10110536,10110536,0
2020-05-21 19:21:24,kovan,18646016,13465601,5180415
2020-05-21 19:22:46,mainnet,10110546,10110545,1
2020-05-21 19:22:46,kovan,18646032,13465601,5180431
2020-05-21 19:24:08,mainnet,10110558,10110545,13
2020-05-21 19:24:08,kovan,18646048,13465601,5180447
2020-05-21 19:25:30,mainnet,10110566,10110545,21
2020-05-21 19:25:30,kovan,18646065,13465601,5180464
2020-05-21 19:26:53,mainnet,10110571,10110545,26
2020-05-21 19:26:53,kovan,18646082,13465601,5180481
2020-05-21 19:28:15,mainnet,10110576,10110545,31
2020-05-21 19:28:15,kovan,18646098,13465601,5180497
2020-05-21 19:29:37,mainnet,10110585,10110545,40
2020-05-21 19:29:37,kovan,18646115,13465601,5180514
2020-05-21 19:30:59,mainnet,10110594,10110545,49
2020-05-21 19:30:59,kovan,18646131,13465601,5180530
2020-05-21 19:32:21,mainnet,10110605,10110545,60
2020-05-21 19:32:21,kovan,18646147,13465601,5180546
2020-05-21 19:33:43,mainnet,10110609,10110545,64
2020-05-21 19:33:43,kovan,18646164,13465601,5180563
2020-05-21 19:35:05,mainnet,10110612,10110545,67
2020-05-21 19:35:05,kovan,18646180,13465601,5180579
2020-05-21 19:36:27,mainnet,10110622,10110545,77
2020-05-21 19:36:27,kovan,18646196,13465601,5180595
2020-05-21 19:37:49,mainnet,10110629,10110545,84
2020-05-21 19:37:49,kovan,18646212,13465601,5180611
2020-05-21 19:39:11,mainnet,10110635,10110545,90
2020-05-21 19:39:11,kovan,18646229,13465601,5180628
2020-05-21 19:40:33,mainnet,10110643,10110545,98
2020-05-21 19:40:33,kovan,18646246,13465601,5180645
2020-05-21 19:41:55,mainnet,10110649,10110545,104
2020-05-21 19:41:55,kovan,18646263,13465601,5180662
2020-05-21 19:43:18,mainnet,10110657,10110545,112
2020-05-21 19:43:18,kovan,18646279,13465601,5180678
2020-05-21 19:44:40,mainnet,10110662,10110545,117
2020-05-21 19:44:40,kovan,18646295,13465601,5180694
2020-05-21 19:46:01,mainnet,10110670,10110545,125
2020-05-21 19:46:01,kovan,18646312,13465601,5180711
2020-05-21 19:47:23,mainnet,10110675,10110545,130
2020-05-21 19:47:23,kovan,18646328,13465601,5180727
2020-05-21 19:48:45,mainnet,10110681,10110545,136
2020-05-21 19:48:45,kovan,18646344,13465601,5180743
2020-05-21 19:50:07,mainnet,10110684,10110545,139
2020-05-21 19:50:07,kovan,18646360,13465601,5180759
2020-05-21 19:51:29,mainnet,10110692,10110545,147
2020-05-21 19:51:29,kovan,18646377,13465601,5180776
2020-05-21 19:52:51,mainnet,10110702,10110545,157
2020-05-21 19:52:51,kovan,18646393,13465601,5180792
2020-05-21 19:54:13,mainnet,10110710,10110545,165
2020-05-21 19:54:13,kovan,18646409,13465601,5180808
2020-05-21 19:55:36,mainnet,10110717,10110545,172
2020-05-21 19:55:36,kovan,18646427,13465601,5180826
2020-05-21 19:56:58,mainnet,10110724,10110545,179
2020-05-21 19:56:58,kovan,18646443,13465601,5180842
2020-05-21 19:58:20,mainnet,10110730,10110545,185
2020-05-21 19:58:20,kovan,18646459,13465601,5180858
2020-05-21 19:59:42,mainnet,10110734,10110545,189
2020-05-21 19:59:42,kovan,18646476,13465601,5180875
2020-05-21 20:01:04,mainnet,10110745,10110545,200
2020-05-21 20:01:04,kovan,18646492,13465601,5180891
2020-05-21 20:02:26,mainnet,10110750,10110545,205
2020-05-21 20:02:26,kovan,18646508,13465601,5180907
2020-05-21 20:03:48,mainnet,10110755,10110545,210
2020-05-21 20:03:48,kovan,18646525,13465601,5180924
2020-05-21 20:05:10,mainnet,10110760,10110545,215
2020-05-21 20:05:10,kovan,18646541,13465601,5180940
2020-05-21 20:06:32,mainnet,10110766,10110545,221
2020-05-21 20:06:32,kovan,18646557,13465601,5180956
2020-05-21 20:07:54,mainnet,10110773,10110545,228
2020-05-21 20:07:54,kovan,18646574,13465601,5180973
2020-05-21 20:09:16,mainnet,10110782,10110545,237
2020-05-21 20:09:16,kovan,18646591,13465601,5180990
2020-05-21 20:10:38,mainnet,10110791,10110545,246
2020-05-21 20:10:38,kovan,18646607,13465601,5181006
2020-05-21 20:12:00,mainnet,10110794,10110545,249
2020-05-21 20:12:00,kovan,18646623,13465601,5181022
2020-05-21 20:13:22,mainnet,10110801,10110545,256
2020-05-21 20:13:22,kovan,18646639,13465601,5181038
2020-05-21 20:14:44,mainnet,10110803,10110545,258
2020-05-21 20:14:44,kovan,18646656,13465601,5181055
2020-05-21 20:16:06,mainnet,10110805,10110545,260
2020-05-21 20:16:06,kovan,18646672,13465601,5181071
2020-05-21 20:17:28,mainnet,10110812,10110545,267
2020-05-21 20:17:28,kovan,18646688,13465601,5181087
2020-05-21 20:18:50,mainnet,10110817,10110545,272
2020-05-21 20:18:50,kovan,18646705,13465601,5181104
2020-05-21 20:20:12,mainnet,10110821,10110545,276
2020-05-21 20:20:12,kovan,18646722,13465601,5181121
2020-05-21 20:21:34,mainnet,10110832,10110545,287
2020-05-21 20:21:34,kovan,18646738,13465601,5181137
2020-05-21 20:22:56,mainnet,10110837,10110545,292
2020-05-21 20:22:56,kovan,18646754,13465601,5181153
2020-05-21 20:24:18,mainnet,10110842,10110545,297
2020-05-21 20:24:18,kovan,18646771,13465601,5181170
2020-05-21 20:25:40,mainnet,10110845,10110545,300
2020-05-21 20:25:40,kovan,18646788,13465601,5181187
2020-05-21 20:27:02,mainnet,10110854,10110545,309
2020-05-21 20:27:02,kovan,18646803,13465601,5181202
2020-05-21 20:28:24,mainnet,10110858,10110545,313
2020-05-21 20:28:24,kovan,18646820,13465601,5181219
2020-05-21 20:29:46,mainnet,10110865,10110545,320
2020-05-21 20:29:46,kovan,18646836,13465601,5181235
2020-05-21 20:31:08,mainnet,10110869,10110545,324
2020-05-21 20:31:08,kovan,18646852,13465601,5181251
2020-05-21 20:32:30,mainnet,10110873,10110545,328
2020-05-21 20:32:30,kovan,18646869,13465601,5181268
2020-05-21 20:33:52,mainnet,10110885,10110545,340
2020-05-21 20:33:52,kovan,18646885,13465601,5181284
2020-05-21 20:35:14,mainnet,10110889,10110889,0
2020-05-21 20:35:14,kovan,18646902,13465601,5181301
2020-05-21 20:36:36,mainnet,10110895,10110895,0
2020-05-21 20:36:36,kovan,18646919,13465601,5181318
2020-05-21 20:37:58,mainnet,10110900,10110900,0
2020-05-21 20:37:58,kovan,18646935,13465601,5181334
2020-05-21 20:39:20,mainnet,10110905,10110905,0
2020-05-21 20:39:20,kovan,18646951,13465601,5181350
2020-05-21 20:40:42,mainnet,10110912,10110912,0
2020-05-21 20:40:42,kovan,18646968,13465601,5181367
2020-05-21 20:42:04,mainnet,10110923,10110923,0
2020-05-21 20:42:04,kovan,18646984,13465601,5181383
2020-05-21 20:43:26,mainnet,10110928,10110928,0
2020-05-21 20:43:26,kovan,18647000,13465601,5181399
2020-05-21 20:44:48,mainnet,10110936,10110937,-1
2020-05-21 20:44:48,kovan,18647016,13465601,5181415
2020-05-21 20:46:10,mainnet,10110946,10110945,1
2020-05-21 20:46:10,kovan,18647033,13465601,5181432
2020-05-21 20:47:32,mainnet,10110949,10110949,0
2020-05-21 20:47:32,kovan,18647049,13465601,5181448
2020-05-21 20:48:54,mainnet,10110955,10110955,0
2020-05-21 20:48:54,kovan,18647066,13465601,5181465
2020-05-21 20:50:16,mainnet,10110964,10110964,0
2020-05-21 20:50:16,kovan,18647082,13465601,5181481
2020-05-21 20:51:38,mainnet,10110970,10110970,0
2020-05-21 20:51:38,kovan,18647099,13465601,5181498
2020-05-21 20:53:00,mainnet,10110977,10110977,0
2020-05-21 20:53:00,kovan,18647115,13465601,5181514
2020-05-21 20:54:22,mainnet,10110984,10110984,0
2020-05-21 20:54:22,kovan,18647131,13465601,5181530
2020-05-21 20:55:44,mainnet,10110990,10110990,0
2020-05-21 20:55:44,kovan,18647148,13465601,5181547
2020-05-21 20:57:06,mainnet,10110995,10110995,0
2020-05-21 20:57:06,kovan,18647164,13465601,5181563
2020-05-21 20:58:28,mainnet,10111001,10111001,0
2020-05-21 20:58:28,kovan,18647180,13465601,5181579
2020-05-21 20:59:50,mainnet,10111005,10111005,0
2020-05-21 20:59:50,kovan,18647197,13465601,5181596
2020-05-21 21:01:12,mainnet,10111012,10111012,0
2020-05-21 21:01:12,kovan,18647213,13465601,5181612
2020-05-21 21:02:34,mainnet,10111019,10111019,0
2020-05-21 21:02:34,kovan,18647230,13465601,5181629
2020-05-21 21:03:56,mainnet,10111026,10111026,0
2020-05-21 21:03:56,kovan,18647246,13465601,5181645
2020-05-21 21:05:18,mainnet,10111033,10111033,0
2020-05-21 21:05:18,kovan,18647263,13465601,5181662
2020-05-21 21:06:40,mainnet,10111041,10111041,0
2020-05-21 21:06:40,kovan,18647280,13465601,5181679
2020-05-21 21:08:03,mainnet,10111049,10111049,0
2020-05-21 21:08:03,kovan,18647296,13465601,5181695
2020-05-21 21:09:25,mainnet,10111051,10111051,0
2020-05-21 21:09:25,kovan,18647312,13465601,5181711
2020-05-21 21:10:47,mainnet,10111061,10111061,0
2020-05-21 21:10:47,kovan,18647328,13465601,5181727
2020-05-21 21:12:09,mainnet,10111068,10111068,0
2020-05-21 21:12:09,kovan,18647344,13465601,5181743
2020-05-21 21:13:31,mainnet,10111075,10111075,0
2020-05-21 21:13:31,kovan,18647361,13465601,5181760
2020-05-21 21:14:52,mainnet,10111079,10111079,0
2020-05-21 21:14:52,kovan,18647378,13465601,5181777
2020-05-21 21:16:15,mainnet,10111084,10111085,-1
2020-05-21 21:16:15,kovan,18647394,13465601,5181793
2020-05-21 21:17:37,mainnet,10111092,10111093,-1
2020-05-21 21:17:37,kovan,18647410,13465601,5181809
2020-05-21 21:18:59,mainnet,10111103,10111103,0
2020-05-21 21:18:59,kovan,18647427,13465601,5181826
2020-05-21 21:20:21,mainnet,10111110,10111110,0
2020-05-21 21:20:21,kovan,18647444,13465601,5181843
2020-05-21 21:21:44,mainnet,10111115,10111115,0
2020-05-21 21:21:44,kovan,18647460,13465601,5181859
2020-05-21 21:23:06,mainnet,10111119,10111120,-1
2020-05-21 21:23:06,kovan,18647476,13465601,5181875
2020-05-21 21:24:28,mainnet,10111126,10111126,0
2020-05-21 21:24:28,kovan,18647492,13465601,5181891
2020-05-21 21:25:50,mainnet,10111130,10111130,0
2020-05-21 21:25:50,kovan,18647509,13465601,5181908
2020-05-21 21:27:13,mainnet,10111137,10111137,0
2020-05-21 21:27:13,kovan,18647527,13465601,5181926
2020-05-21 21:28:38,mainnet,10111140,10111140,0
2020-05-21 21:28:38,kovan,18647542,13465601,5181941
2020-05-21 21:29:59,mainnet,10111146,10111146,0
2020-05-21 21:29:59,kovan,18647559,13465601,5181958
2020-05-21 21:31:21,mainnet,10111154,10111154,0
2020-05-21 21:31:21,kovan,18647576,13465601,5181975
2020-05-21 21:32:44,mainnet,10111159,10111159,0
2020-05-21 21:32:44,kovan,18647592,13465601,5181991
2020-05-21 21:34:05,mainnet,10111165,10111166,-1
2020-05-21 21:34:05,kovan,18647608,13465601,5182007
2020-05-21 21:35:28,mainnet,10111169,10111169,0
2020-05-21 21:35:28,kovan,18647624,13465601,5182023
2020-05-21 21:36:49,mainnet,10111174,10111174,0
2020-05-21 21:36:49,kovan,18647641,13465601,5182040
2020-05-21 21:38:11,mainnet,10111175,10111175,0
2020-05-21 21:38:11,kovan,18647658,13465601,5182057
2020-05-21 21:39:33,mainnet,10111181,10111181,0
2020-05-21 21:39:33,kovan,18647674,13465601,5182073
2020-05-21 21:40:55,mainnet,10111187,10111187,0
2020-05-21 21:40:55,kovan,18647690,13465601,5182089
2020-05-21 21:42:17,mainnet,10111193,10111194,-1
2020-05-21 21:42:17,kovan,18647707,13465601,5182106
2020-05-21 21:43:39,mainnet,10111198,10111198,0
2020-05-21 21:43:39,kovan,18647722,13465601,5182121
2020-05-21 21:45:01,mainnet,10111210,10111210,0
2020-05-21 21:45:01,kovan,18647738,13465601,5182137
2020-05-21 21:46:23,mainnet,10111214,10111214,0
2020-05-21 21:46:23,kovan,18647755,13465601,5182154
2020-05-21 21:47:45,mainnet,10111217,10111217,0
2020-05-21 21:47:45,kovan,18647771,13465601,5182170
2020-05-21 21:49:07,mainnet,10111221,10111221,0
2020-05-21 21:49:07,kovan,18647787,13465601,5182186
2020-05-21 21:50:29,mainnet,10111228,10111228,0
2020-05-21 21:50:29,kovan,18647803,13465601,5182202
2020-05-21 21:51:52,mainnet,10111232,10111232,0
2020-05-21 21:51:52,kovan,18647819,13465601,5182218
2020-05-21 21:53:14,mainnet,10111238,10111238,0
2020-05-21 21:53:14,kovan,18647836,13465601,5182235
2020-05-21 21:54:36,mainnet,10111246,10111247,-1
2020-05-21 21:54:36,kovan,18647853,13465601,5182252
2020-05-21 21:55:58,mainnet,10111255,10111256,-1
2020-05-21 21:55:58,kovan,18647869,13465601,5182268
2020-05-21 21:57:20,mainnet,10111262,10111262,0
2020-05-21 21:57:20,kovan,18647885,13465601,5182284
2020-05-21 21:58:42,mainnet,10111263,10111263,0
2020-05-21 21:58:42,kovan,18647902,13465601,5182301
2020-05-21 22:00:04,mainnet,10111268,10111268,0
2020-05-21 22:00:04,kovan,18647918,13465601,5182317
2020-05-21 22:01:26,mainnet,10111272,10111272,0
2020-05-21 22:01:26,kovan,18647934,13465601,5182333
2020-05-21 22:02:48,mainnet,10111278,10111279,-1
2020-05-21 22:02:48,kovan,18647950,13465601,5182349
2020-05-21 22:04:10,mainnet,10111284,10111284,0
2020-05-21 22:04:10,kovan,18647967,13465601,5182366
2020-05-21 22:05:32,mainnet,10111290,10111290,0
2020-05-21 22:05:32,kovan,18647983,13465601,5182382
2020-05-21 22:06:54,mainnet,10111294,10111294,0
2020-05-21 22:06:54,kovan,18648000,13465601,5182399
2020-05-21 22:08:16,mainnet,10111302,10111302,0
2020-05-21 22:08:16,kovan,18648016,13465601,5182415
2020-05-21 22:09:38,mainnet,10111310,10111311,-1
2020-05-21 22:09:38,kovan,18648033,13465601,5182432
2020-05-21 22:11:00,mainnet,10111321,10111321,0
2020-05-21 22:11:00,kovan,18648049,13465601,5182448
2020-05-21 22:12:22,mainnet,10111325,10111325,0
2020-05-21 22:12:22,kovan,18648066,13465601,5182465
2020-05-21 22:13:44,mainnet,10111334,10111334,0
2020-05-21 22:13:44,kovan,18648082,13465601,5182481
2020-05-21 22:15:06,mainnet,10111339,10111339,0
2020-05-21 22:15:06,kovan,18648098,13465601,5182497
2020-05-21 22:16:29,mainnet,10111346,10111346,0
2020-05-21 22:16:29,kovan,18648115,13465601,5182514
2020-05-21 22:17:51,mainnet,10111349,10111349,0
2020-05-21 22:17:51,kovan,18648131,13465601,5182530
2020-05-21 22:19:12,mainnet,10111351,10111351,0
2020-05-21 22:19:12,kovan,18648147,13465601,5182546
2020-05-21 22:20:34,mainnet,10111357,10111357,0
2020-05-21 22:20:34,kovan,18648164,13465601,5182563
2020-05-21 22:21:56,mainnet,10111362,10111362,0
2020-05-21 22:21:56,kovan,18648180,13465601,5182579
2020-05-21 22:23:18,mainnet,10111370,10111370,0
2020-05-21 22:23:18,kovan,18648197,13465601,5182596
2020-05-21 22:24:40,mainnet,10111375,10111375,0
2020-05-21 22:24:40,kovan,18648213,13465601,5182612
2020-05-21 22:26:02,mainnet,10111380,10111381,-1
2020-05-21 22:26:02,kovan,18648230,13465601,5182629
2020-05-21 22:27:24,mainnet,10111386,10111386,0
2020-05-21 22:27:24,kovan,18648246,13465601,5182645
2020-05-21 22:28:46,mainnet,10111390,10111390,0
2020-05-21 22:28:46,kovan,18648262,13465601,5182661
2020-05-21 22:30:08,mainnet,10111394,10111394,0
2020-05-21 22:30:08,kovan,18648279,13465601,5182678
2020-05-21 22:31:30,mainnet,10111397,10111397,0
2020-05-21 22:31:30,kovan,18648295,13465601,5182694
2020-05-21 22:32:53,mainnet,10111403,10111403,0
2020-05-21 22:32:53,kovan,18648312,13465601,5182711
2020-05-21 22:34:15,mainnet,10111406,10111406,0
2020-05-21 22:34:15,kovan,18648328,13465601,5182727
2020-05-21 22:35:37,mainnet,10111412,10111412,0
2020-05-21 22:35:37,kovan,18648344,13465601,5182743
2020-05-21 22:36:59,mainnet,10111416,10111416,0
2020-05-21 22:36:59,kovan,18648361,13465601,5182760
2020-05-21 22:38:21,mainnet,10111421,10111421,0
2020-05-21 22:38:21,kovan,18648378,13465601,5182777
2020-05-21 22:39:44,mainnet,10111430,10111430,0
2020-05-21 22:39:44,kovan,18648394,13465601,5182793
2020-05-21 22:41:07,mainnet,10111432,10111432,0
2020-05-21 22:41:07,kovan,18648414,13465601,5182813
2020-05-21 22:42:43,mainnet,10111438,10111439,-1
2020-05-21 22:42:43,kovan,18648430,13465601,5182829
2020-05-21 22:44:05,mainnet,10111447,10111447,0
2020-05-21 22:44:05,kovan,18648446,13465601,5182845
2020-05-21 22:45:28,mainnet,10111448,10111448,0
2020-05-21 22:45:28,kovan,18648463,13465601,5182862
2020-05-21 22:46:51,mainnet,10111454,10111455,-1
2020-05-21 22:46:51,kovan,18648480,13465601,5182879
2020-05-21 22:48:17,mainnet,10111461,10111461,0
2020-05-21 22:48:17,kovan,18648497,13465601,5182896
2020-05-21 22:49:40,mainnet,10111469,10111468,1
2020-05-21 22:49:40,kovan,18648514,13465601,5182913
2020-05-21 22:51:08,mainnet,10111473,10111473,0
2020-05-21 22:51:08,kovan,18648531,13465601,5182930
2020-05-21 22:52:35,mainnet,10111481,10111480,1
2020-05-21 22:52:35,kovan,18648550,13465601,5182949
2020-05-21 22:54:09,mainnet,10111486,10111486,0
2020-05-21 22:54:09,kovan,18648567,13465601,5182966
2020-05-21 22:55:33,mainnet,10111494,10111494,0
2020-05-21 22:55:33,kovan,18648584,13465601,5182983
2020-05-21 22:56:57,mainnet,10111502,10111502,0
2020-05-21 22:56:57,kovan,18648601,13465601,5183000
2020-05-21 22:58:21,mainnet,10111510,10111510,0
2020-05-21 22:58:21,kovan,18648618,13465601,5183017
2020-05-21 22:59:45,mainnet,10111515,10111515,0
2020-05-21 22:59:45,kovan,18648634,13465601,5183033
2020-05-21 23:01:09,mainnet,10111518,10111519,-1
2020-05-21 23:01:09,kovan,18648651,13465601,5183050
2020-05-21 23:02:33,mainnet,10111525,10111524,1
2020-05-21 23:02:33,kovan,18648668,13465601,5183067
2020-05-21 23:03:57,mainnet,10111530,10111530,0
2020-05-21 23:03:57,kovan,18648685,13465601,5183084
2020-05-21 23:05:20,mainnet,10111540,10111539,1
2020-05-21 23:05:20,kovan,18648702,13465601,5183101
2020-05-21 23:06:46,mainnet,10111545,10111545,0
2020-05-21 23:06:46,kovan,18648719,13465601,5183118
2020-05-21 23:08:11,mainnet,10111552,10111552,0
2020-05-21 23:08:11,kovan,18648735,13465601,5183134
2020-05-21 23:09:34,mainnet,10111559,10111559,0
2020-05-21 23:09:34,kovan,18648752,13465601,5183151
2020-05-21 23:10:57,mainnet,10111564,10111564,0
2020-05-21 23:10:57,kovan,18648769,13465601,5183168
2020-05-21 23:12:21,mainnet,10111570,10111570,0
2020-05-21 23:12:21,kovan,18648786,13465601,5183185
2020-05-21 23:13:46,mainnet,10111573,10111573,0
2020-05-21 23:13:46,kovan,18648802,13465601,5183201
2020-05-21 23:15:09,mainnet,10111576,10111577,-1
2020-05-21 23:15:09,kovan,18648819,13465601,5183218
2020-05-21 23:16:32,mainnet,10111585,10111584,1
2020-05-21 23:16:32,kovan,18648836,13465601,5183235
2020-05-21 23:17:56,mainnet,10111593,10111593,0
2020-05-21 23:17:56,kovan,18648853,13465601,5183252
2020-05-21 23:19:21,mainnet,10111599,10111599,0
2020-05-21 23:19:21,kovan,18648870,13465601,5183269
2020-05-21 23:20:47,mainnet,10111600,10111600,0
2020-05-21 23:20:47,kovan,18648887,13465601,5183286
2020-05-21 23:22:10,mainnet,10111606,10111606,0
2020-05-21 23:22:10,kovan,18648903,13465601,5183302
2020-05-21 23:23:35,mainnet,10111611,10111611,0
2020-05-21 23:23:35,kovan,18648922,13465601,5183321
2020-05-21 23:25:02,mainnet,10111618,10111617,1
2020-05-21 23:25:02,kovan,18648938,13465601,5183337
2020-05-21 23:26:25,mainnet,10111626,10111626,0
2020-05-21 23:26:25,kovan,18648954,13465601,5183353
2020-05-21 23:27:48,mainnet,10111633,10111632,1
2020-05-21 23:27:48,kovan,18648970,13465601,5183369
2020-05-21 23:29:11,mainnet,10111642,10111642,0
2020-05-21 23:29:11,kovan,18648988,13465601,5183387
2020-05-21 23:30:35,mainnet,10111650,10111651,-1
2020-05-21 23:30:35,kovan,18649003,13465601,5183402
2020-05-21 23:31:58,mainnet,10111657,10111657,0
2020-05-21 23:31:58,kovan,18649021,13465601,5183420
2020-05-21 23:33:23,mainnet,10111670,10111668,2
2020-05-21 23:33:23,kovan,18649039,13465601,5183438
2020-05-21 23:34:56,mainnet,10111675,10111675,0
2020-05-21 23:34:56,kovan,18649057,13465601,5183456
2020-05-21 23:36:22,mainnet,10111685,10111685,0
2020-05-21 23:36:22,kovan,18649073,13465601,5183472
2020-05-21 23:37:45,mainnet,10111696,10111695,1
2020-05-21 23:37:45,kovan,18649090,13465601,5183489
2020-05-21 23:39:12,mainnet,10111706,10111706,0
2020-05-21 23:39:12,kovan,18649108,13465601,5183507
2020-05-21 23:40:41,mainnet,10111712,10111712,0
2020-05-21 23:40:41,kovan,18649125,13465601,5183524
2020-05-21 23:42:05,mainnet,10111716,10111717,-1
2020-05-21 23:42:05,kovan,18649142,13465601,5183541
2020-05-21 23:43:30,mainnet,10111724,10111724,0
2020-05-21 23:43:30,kovan,18649158,13465601,5183557
2020-05-21 23:44:54,mainnet,10111730,10111729,1
2020-05-21 23:44:54,kovan,18649175,13465601,5183574
2020-05-21 23:46:17,mainnet,10111733,10111733,0
2020-05-21 23:46:17,kovan,18649191,13465601,5183590
2020-05-21 23:47:39,mainnet,10111741,10111741,0
2020-05-21 23:47:39,kovan,18649208,13465601,5183607
2020-05-21 23:49:03,mainnet,10111745,10111745,0
2020-05-21 23:49:03,kovan,18649225,13465601,5183624
2020-05-21 23:50:26,mainnet,10111751,10111751,0
2020-05-21 23:50:26,kovan,18649241,13465601,5183640
2020-05-21 23:51:50,mainnet,10111757,10111757,0
2020-05-21 23:51:50,kovan,18649258,13465601,5183657
2020-05-21 23:53:14,mainnet,10111763,10111763,0
2020-05-21 23:53:14,kovan,18649275,13465601,5183674
2020-05-21 23:54:36,mainnet,10111769,10111769,0
2020-05-21 23:54:36,kovan,18649292,13465601,5183691
2020-05-21 23:55:59,mainnet,10111774,10111773,1
2020-05-21 23:55:59,kovan,18649309,13465601,5183708
2020-05-21 23:57:25,mainnet,10111784,10111784,0
2020-05-21 23:57:25,kovan,18649326,13465601,5183725
2020-05-21 23:58:53,mainnet,10111789,10111789,0
2020-05-21 23:58:53,kovan,18649343,13465601,5183742
2020-05-22 00:00:15,mainnet,10111794,10111794,0
2020-05-22 00:00:15,kovan,18649360,13465601,5183759
2020-05-22 00:01:38,mainnet,10111804,10111803,1
2020-05-22 00:01:38,kovan,18649376,13465601,5183775
2020-05-22 00:03:00,mainnet,10111810,10111810,0
2020-05-22 00:03:00,kovan,18649392,13465601,5183791
2020-05-22 00:04:23,mainnet,10111816,10111816,0
2020-05-22 00:04:23,kovan,18649409,13465601,5183808
2020-05-22 00:05:46,mainnet,10111821,10111821,0
2020-05-22 00:05:46,kovan,18649426,13465601,5183825
2020-05-22 00:07:11,mainnet,10111829,10111828,1
2020-05-22 00:07:11,kovan,18649442,13465601,5183841
2020-05-22 00:08:34,mainnet,10111837,10111836,1
2020-05-22 00:08:34,kovan,18649459,13465601,5183858
2020-05-22 00:09:57,mainnet,10111842,10111842,0
2020-05-22 00:09:57,kovan,18649476,13465601,5183875
2020-05-22 00:11:19,mainnet,10111849,10111849,0
2020-05-22 00:11:19,kovan,18649492,13465601,5183891
2020-05-22 00:12:42,mainnet,10111858,10111851,7
2020-05-22 00:12:42,kovan,18649509,13465601,5183908
2020-05-22 00:14:06,mainnet,10111865,10111865,0
2020-05-22 00:14:06,kovan,18649525,13465601,5183924
2020-05-22 00:15:29,mainnet,10111873,10111873,0
2020-05-22 00:15:29,kovan,18649542,13465601,5183941
2020-05-22 00:16:52,mainnet,10111879,10111879,0
2020-05-22 00:16:52,kovan,18649558,13465601,5183957
2020-05-22 00:18:14,mainnet,10111884,10111884,0
2020-05-22 00:18:14,kovan,18649575,13465601,5183974
2020-05-22 00:19:37,mainnet,10111891,10111888,3
2020-05-22 00:19:37,kovan,18649592,13465601,5183991
2020-05-22 00:20:59,mainnet,10111898,10111898,0
2020-05-22 00:20:59,kovan,18649608,13465601,5184007
2020-05-22 00:22:21,mainnet,10111906,10111904,2
2020-05-22 00:22:21,kovan,18649625,13465601,5184024
2020-05-22 00:23:46,mainnet,10111915,10111913,2
2020-05-22 00:23:46,kovan,18649642,13465601,5184041
2020-05-22 00:25:10,mainnet,10111920,10111920,0
2020-05-22 00:25:10,kovan,18649658,13465601,5184057
2020-05-22 00:26:33,mainnet,10111923,10111923,0
2020-05-22 00:26:33,kovan,18649674,13465601,5184073
2020-05-22 00:27:55,mainnet,10111928,10111928,0
2020-05-22 00:27:55,kovan,18649691,13465601,5184090
2020-05-22 00:29:18,mainnet,10111932,10111932,0
2020-05-22 00:29:18,kovan,18649708,13465601,5184107
2020-05-22 00:30:41,mainnet,10111937,10111937,0
2020-05-22 00:30:41,kovan,18649725,13465601,5184124
2020-05-22 00:32:05,mainnet,10111944,10111942,2
2020-05-22 00:32:05,kovan,18649741,13465601,5184140
2020-05-22 00:33:29,mainnet,10111950,10111949,1
2020-05-22 00:33:29,kovan,18649758,13465601,5184157
2020-05-22 00:34:51,mainnet,10111957,10111957,0
2020-05-22 00:34:51,kovan,18649775,13465601,5184174
2020-05-22 00:36:17,mainnet,10111968,10111968,0
2020-05-22 00:36:17,kovan,18649791,13465601,5184190
2020-05-22 00:37:39,mainnet,10111978,10111973,5
2020-05-22 00:37:39,kovan,18649809,13465601,5184208
2020-05-22 00:39:04,mainnet,10111985,10111976,9
2020-05-22 00:39:04,kovan,18649825,13465601,5184224
2020-05-22 00:40:26,mainnet,10111991,10111989,2
2020-05-22 00:40:26,kovan,18649841,13465601,5184240
2020-05-22 00:41:49,mainnet,10111996,10111994,2
2020-05-22 00:41:49,kovan,18649858,13465601,5184257
2020-05-22 00:43:13,mainnet,10112002,10112000,2
2020-05-22 00:43:13,kovan,18649875,13465601,5184274
2020-05-22 00:44:35,mainnet,10112007,10112004,3
2020-05-22 00:44:35,kovan,18649891,13465601,5184290
2020-05-22 00:45:58,mainnet,10112017,10112010,7
2020-05-22 00:45:58,kovan,18649908,13465601,5184307
2020-05-22 00:47:21,mainnet,10112026,10112025,1
2020-05-22 00:47:21,kovan,18649925,13465601,5184324
2020-05-22 00:48:44,mainnet,10112035,10112033,2
2020-05-22 00:48:44,kovan,18649941,13465601,5184340
2020-05-22 00:50:07,mainnet,10112046,10112033,13
2020-05-22 00:50:07,kovan,18649959,13465601,5184358
2020-05-22 00:51:42,mainnet,10112050,10112050,0
2020-05-22 00:51:42,kovan,18649976,13465601,5184375
2020-05-22 00:53:05,mainnet,10112057,10112055,2
2020-05-22 00:53:05,kovan,18649992,13465601,5184391
2020-05-22 00:54:28,mainnet,10112066,10112059,7
2020-05-22 00:54:28,kovan,18650009,13465601,5184408
2020-05-22 00:55:52,mainnet,10112072,10112059,13
2020-05-22 00:55:52,kovan,18650026,13465601,5184425
2020-05-22 00:57:14,mainnet,10112078,10112078,0
2020-05-22 00:57:14,kovan,18650042,13465601,5184441
2020-05-22 00:58:38,mainnet,10112086,10112086,0
2020-05-22 00:58:38,kovan,18650059,13465601,5184458
2020-05-22 01:00:02,mainnet,10112097,10112096,1
2020-05-22 01:00:02,kovan,18650076,13465601,5184475
2020-05-22 01:01:25,mainnet,10112104,10112101,3
2020-05-22 01:01:25,kovan,18650092,13465601,5184491
2020-05-22 01:02:49,mainnet,10112113,10112107,6
2020-05-22 01:02:49,kovan,18650109,13465601,5184508
2020-05-22 01:04:14,mainnet,10112122,10112122,0
2020-05-22 01:04:14,kovan,18650126,13465601,5184525
2020-05-22 01:05:37,mainnet,10112126,10112126,0
2020-05-22 01:05:37,kovan,18650143,13465601,5184542
2020-05-22 01:06:59,mainnet,10112130,10112130,0
2020-05-22 01:06:59,kovan,18650160,13465601,5184559
2020-05-22 01:08:22,mainnet,10112136,10112136,0
2020-05-22 01:08:22,kovan,18650176,13465601,5184575
2020-05-22 01:09:45,mainnet,10112137,10112137,0
2020-05-22 01:09:45,kovan,18650192,13465601,5184591
2020-05-22 01:11:07,mainnet,10112146,10112146,0
2020-05-22 01:11:07,kovan,18650208,13465601,5184607
2020-05-22 01:12:30,mainnet,10112151,10112151,0
2020-05-22 01:12:30,kovan,18650225,13465601,5184624
2020-05-22 01:13:52,mainnet,10112155,10112155,0
2020-05-22 01:13:52,kovan,18650241,13465601,5184640
2020-05-22 01:15:15,mainnet,10112162,10112162,0
2020-05-22 01:15:15,kovan,18650258,13465601,5184657
2020-05-22 01:16:37,mainnet,10112166,10112166,0
2020-05-22 01:16:37,kovan,18650275,13465601,5184674
2020-05-22 01:17:59,mainnet,10112170,10112169,1
2020-05-22 01:17:59,kovan,18650292,13465601,5184691
2020-05-22 01:19:21,mainnet,10112177,10112177,0
2020-05-22 01:19:21,kovan,18650307,13465601,5184706
2020-05-22 01:20:44,mainnet,10112182,10112180,2
2020-05-22 01:20:44,kovan,18650324,13465601,5184723
2020-05-22 01:22:06,mainnet,10112193,10112191,2
2020-05-22 01:22:06,kovan,18650339,13465601,5184738
2020-05-22 01:23:29,mainnet,10112199,10112199,0
2020-05-22 01:23:29,kovan,18650356,13465601,5184755
2020-05-22 01:24:51,mainnet,10112204,10112204,0
2020-05-22 01:24:51,kovan,18650371,13465601,5184770
2020-05-22 01:26:13,mainnet,10112209,10112208,1
2020-05-22 01:26:13,kovan,18650388,13465601,5184787
2020-05-22 01:27:39,mainnet,10112210,10112210,0
2020-05-22 01:27:39,kovan,18650405,13465601,5184804
2020-05-22 01:29:01,mainnet,10112217,10112217,0
2020-05-22 01:29:01,kovan,18650422,13465601,5184821
2020-05-22 01:30:24,mainnet,10112225,10112220,5
2020-05-22 01:30:24,kovan,18650438,13465601,5184837
2020-05-22 01:31:47,mainnet,10112230,10112230,0
2020-05-22 01:31:47,kovan,18650454,13465601,5184853
2020-05-22 01:33:09,mainnet,10112237,10112235,2
2020-05-22 01:33:09,kovan,18650471,13465601,5184870
2020-05-22 01:34:31,mainnet,10112243,10112241,2
2020-05-22 01:34:31,kovan,18650488,13465601,5184887
2020-05-22 01:35:54,mainnet,10112247,10112246,1
2020-05-22 01:35:54,kovan,18650504,13465601,5184903
2020-05-22 01:37:16,mainnet,10112251,10112250,1
2020-05-22 01:37:16,kovan,18650519,13465601,5184918
2020-05-22 01:38:39,mainnet,10112256,10112255,1
2020-05-22 01:38:39,kovan,18650536,13465601,5184935
2020-05-22 01:40:02,mainnet,10112264,10112264,0
2020-05-22 01:40:02,kovan,18650553,13465601,5184952
2020-05-22 01:41:24,mainnet,10112270,10112270,0
2020-05-22 01:41:24,kovan,18650569,13465601,5184968
2020-05-22 01:42:46,mainnet,10112278,10112278,0
2020-05-22 01:42:46,kovan,18650585,13465601,5184984
2020-05-22 01:44:09,mainnet,10112285,10112285,0
2020-05-22 01:44:09,kovan,18650601,13465601,5185000
2020-05-22 01:45:31,mainnet,10112292,10112290,2
2020-05-22 01:45:31,kovan,18650618,13465601,5185017
2020-05-22 01:46:55,mainnet,10112295,10112295,0
2020-05-22 01:46:55,kovan,18650635,13465601,5185034
2020-05-22 01:48:18,mainnet,10112306,10112305,1
2020-05-22 01:48:18,kovan,18650652,13465601,5185051
2020-05-22 01:49:41,mainnet,10112317,10112307,10
2020-05-22 01:49:41,kovan,18650669,13465601,5185068
2020-05-22 01:51:04,mainnet,10112326,10112307,19
2020-05-22 01:51:04,kovan,18650685,13465601,5185084
2020-05-22 01:52:26,mainnet,10112336,10112334,2
2020-05-22 01:52:26,kovan,18650701,13465601,5185100
2020-05-22 01:53:49,mainnet,10112338,10112338,0
2020-05-22 01:53:49,kovan,18650718,13465601,5185117
2020-05-22 01:55:12,mainnet,10112345,10112344,1
2020-05-22 01:55:12,kovan,18650737,13465601,5185136
2020-05-22 01:56:45,mainnet,10112349,10112349,0
2020-05-22 01:56:45,kovan,18650753,13465601,5185152
2020-05-22 01:58:08,mainnet,10112356,10112356,0
2020-05-22 01:58:08,kovan,18650770,13465601,5185169
2020-05-22 01:59:33,mainnet,10112364,10112360,4
2020-05-22 01:59:33,kovan,18650787,13465601,5185186
2020-05-22 02:00:59,mainnet,10112371,10112371,0
2020-05-22 02:00:59,kovan,18650805,13465601,5185204
2020-05-22 02:02:24,mainnet,10112382,10112382,0
2020-05-22 02:02:24,kovan,18650821,13465601,5185220
2020-05-22 02:03:52,mainnet,10112388,10112387,1
2020-05-22 02:03:52,kovan,18650840,13465601,5185239
2020-05-22 02:05:20,mainnet,10112392,10112392,0
2020-05-22 02:05:20,kovan,18650856,13465601,5185255
2020-05-22 02:06:43,mainnet,10112404,10112401,3
2020-05-22 02:06:43,kovan,18650873,13465601,5185272
2020-05-22 02:08:07,mainnet,10112413,10112401,12
2020-05-22 02:08:07,kovan,18650890,13465601,5185289
2020-05-22 02:09:31,mainnet,10112421,10112420,1
2020-05-22 02:09:31,kovan,18650906,13465601,5185305
2020-05-22 02:10:55,mainnet,10112427,10112427,0
2020-05-22 02:10:55,kovan,18650923,13465601,5185322
2020-05-22 02:12:19,mainnet,10112436,10112433,3
2020-05-22 02:12:19,kovan,18650941,13465601,5185340
2020-05-22 02:13:44,mainnet,10112443,10112440,3
2020-05-22 02:13:44,kovan,18650957,13465601,5185356
2020-05-22 02:15:06,mainnet,10112449,10112448,1
2020-05-22 02:15:06,kovan,18650973,13465601,5185372
2020-05-22 02:16:28,mainnet,10112460,10112459,1
2020-05-22 02:16:28,kovan,18650989,13465601,5185388
2020-05-22 02:17:50,mainnet,10112464,10112464,0
2020-05-22 02:17:50,kovan,18651007,13465601,5185406
2020-05-22 02:19:15,mainnet,10112471,10112471,0
2020-05-22 02:19:15,kovan,18651024,13465601,5185423
2020-05-22 02:20:37,mainnet,10112481,10112481,0
2020-05-22 02:20:37,kovan,18651040,13465601,5185439
2020-05-22 02:22:03,mainnet,10112489,10112488,1
2020-05-22 02:22:03,kovan,18651058,13465601,5185457
2020-05-22 02:23:36,mainnet,10112493,10112493,0
2020-05-22 02:23:36,kovan,18651076,13465601,5185475
2020-05-22 02:24:59,mainnet,10112500,10112500,0
2020-05-22 02:24:59,kovan,18651092,13465601,5185491
2020-05-22 02:26:22,mainnet,10112508,10112505,3
2020-05-22 02:26:22,kovan,18651109,13465601,5185508
2020-05-22 02:27:45,mainnet,10112518,10112516,2
2020-05-22 02:27:45,kovan,18651125,13465601,5185524
2020-05-22 02:29:11,mainnet,10112522,10112522,0
2020-05-22 02:29:11,kovan,18651142,13465601,5185541
2020-05-22 02:30:33,mainnet,10112528,10112528,0
2020-05-22 02:30:33,kovan,18651159,13465601,5185558
2020-05-22 02:31:56,mainnet,10112532,10112532,0
2020-05-22 02:31:56,kovan,18651176,13465601,5185575
2020-05-22 02:33:20,mainnet,10112542,10112540,2
2020-05-22 02:33:20,kovan,18651193,13465601,5185592
2020-05-22 02:34:44,mainnet,10112545,10112545,0
2020-05-22 02:34:44,kovan,18651209,13465601,5185608
2020-05-22 02:36:08,mainnet,10112552,10112552,0
2020-05-22 02:36:08,kovan,18651226,13465601,5185625
2020-05-22 02:37:31,mainnet,10112558,10112558,0
2020-05-22 02:37:31,kovan,18651243,13465601,5185642
2020-05-22 02:38:55,mainnet,10112569,10112568,1
2020-05-22 02:38:55,kovan,18651263,13465601,5185662
2020-05-22 02:40:38,mainnet,10112570,10112568,2
2020-05-22 02:40:38,kovan,18651282,13465601,5185681
2020-05-22 02:42:13,mainnet,10112572,10112570,2
2020-05-22 02:42:13,kovan,18651302,13465601,5185701
2020-05-22 02:43:51,mainnet,10112577,10112577,0
2020-05-22 02:43:51,kovan,18651318,13465601,5185717
2020-05-22 02:45:14,mainnet,10112583,10112583,0
2020-05-22 02:45:14,kovan,18651334,13465601,5185733
2020-05-22 02:46:37,mainnet,10112592,10112592,0
2020-05-22 02:46:37,kovan,18651350,13465601,5185749
2020-05-22 02:47:59,mainnet,10112600,10112600,0
2020-05-22 02:47:59,kovan,18651367,13465601,5185766
2020-05-22 02:49:23,mainnet,10112607,10112607,0
2020-05-22 02:49:23,kovan,18651384,13465601,5185783
2020-05-22 02:50:45,mainnet,10112619,10112613,6
2020-05-22 02:50:45,kovan,18651406,13465601,5185805
2020-05-22 02:52:37,mainnet,10112625,10112625,0
2020-05-22 02:52:37,kovan,18651423,13465601,5185822
2020-05-22 02:54:00,mainnet,10112628,10112628,0
2020-05-22 02:54:00,kovan,18651440,13465601,5185839
2020-05-22 02:55:23,mainnet,10112633,10112633,0
2020-05-22 02:55:23,kovan,18651456,13465601,5185855
2020-05-22 02:56:47,mainnet,10112637,10112636,1
2020-05-22 02:56:47,kovan,18651472,13465601,5185871
2020-05-22 02:58:10,mainnet,10112644,10112643,1
2020-05-22 02:58:10,kovan,18651489,13465601,5185888
2020-05-22 02:59:32,mainnet,10112650,10112650,0
2020-05-22 02:59:32,kovan,18651506,13465601,5185905
2020-05-22 03:00:55,mainnet,10112652,10112652,0
2020-05-22 03:00:55,kovan,18651523,13465601,5185922
2020-05-22 03:02:17,mainnet,10112658,10112658,0
2020-05-22 03:02:17,kovan,18651539,13465601,5185938
2020-05-22 03:03:41,mainnet,10112660,10112660,0
2020-05-22 03:03:41,kovan,18651556,13465601,5185955
2020-05-22 03:05:04,mainnet,10112671,10112671,0
2020-05-22 03:05:04,kovan,18651572,13465601,5185971
2020-05-22 03:06:27,mainnet,10112680,10112679,1
2020-05-22 03:06:27,kovan,18651588,13465601,5185987
2020-05-22 03:07:50,mainnet,10112685,10112684,1
2020-05-22 03:07:50,kovan,18651605,13465601,5186004
2020-05-22 03:09:13,mainnet,10112690,10112690,0
2020-05-22 03:09:13,kovan,18651622,13465601,5186021
2020-05-22 03:10:35,mainnet,10112695,10112695,0
2020-05-22 03:10:35,kovan,18651638,13465601,5186037
2020-05-22 03:11:57,mainnet,10112702,10112701,1
2020-05-22 03:11:57,kovan,18651655,13465601,5186054
2020-05-22 03:13:20,mainnet,10112712,10112712,0
2020-05-22 03:13:20,kovan,18651671,13465601,5186070
2020-05-22 03:14:42,mainnet,10112714,10112714,0
2020-05-22 03:14:42,kovan,18651688,13465601,5186087
2020-05-22 03:16:04,mainnet,10112720,10112720,0
2020-05-22 03:16:04,kovan,18651704,13465601,5186103
2020-05-22 03:17:26,mainnet,10112732,10112729,3
2020-05-22 03:17:26,kovan,18651720,13465601,5186119
2020-05-22 03:18:48,mainnet,10112736,10112736,0
2020-05-22 03:18:48,kovan,18651737,13465601,5186136
2020-05-22 03:20:11,mainnet,10112742,10112742,0
2020-05-22 03:20:11,kovan,18651753,13465601,5186152
2020-05-22 03:21:33,mainnet,10112748,10112748,0
2020-05-22 03:21:33,kovan,18651770,13465601,5186169
2020-05-22 03:22:55,mainnet,10112753,10112753,0
2020-05-22 03:22:55,kovan,18651786,13465601,5186185
2020-05-22 03:24:19,mainnet,10112758,10112758,0
2020-05-22 03:24:19,kovan,18651803,13465601,5186202
2020-05-22 03:25:42,mainnet,10112763,10112763,0
2020-05-22 03:25:42,kovan,18651820,13465601,5186219
2020-05-22 03:27:05,mainnet,10112770,10112770,0
2020-05-22 03:27:05,kovan,18651836,13465601,5186235
2020-05-22 03:28:28,mainnet,10112776,10112776,0
2020-05-22 03:28:28,kovan,18651853,13465601,5186252
2020-05-22 03:29:52,mainnet,10112779,10112778,1
2020-05-22 03:29:52,kovan,18651870,13465601,5186269
2020-05-22 03:31:15,mainnet,10112784,10112784,0
2020-05-22 03:31:15,kovan,18651885,13465601,5186284
2020-05-22 03:32:37,mainnet,10112788,10112788,0
2020-05-22 03:32:37,kovan,18651902,13465601,5186301
2020-05-22 03:34:00,mainnet,10112793,10112793,0
2020-05-22 03:34:00,kovan,18651918,13465601,5186317
2020-05-22 03:35:22,mainnet,10112797,10112797,0
2020-05-22 03:35:22,kovan,18651935,13465601,5186334
2020-05-22 03:36:45,mainnet,10112803,10112800,3
2020-05-22 03:36:45,kovan,18651951,13465601,5186350
2020-05-22 03:38:08,mainnet,10112810,10112810,0
2020-05-22 03:38:08,kovan,18651968,13465601,5186367
2020-05-22 03:39:30,mainnet,10112817,10112817,0
2020-05-22 03:39:30,kovan,18651984,13465601,5186383
2020-05-22 03:40:52,mainnet,10112821,10112820,1
2020-05-22 03:40:52,kovan,18652000,13465601,5186399
2020-05-22 03:42:15,mainnet,10112828,10112828,0
2020-05-22 03:42:15,kovan,18652018,13465601,5186417
2020-05-22 03:43:41,mainnet,10112834,10112834,0
2020-05-22 03:43:41,kovan,18652035,13465601,5186434
2020-05-22 03:45:07,mainnet,10112837,10112837,0
2020-05-22 03:45:07,kovan,18652052,13465601,5186451
2020-05-22 03:46:30,mainnet,10112844,10112844,0
2020-05-22 03:46:30,kovan,18652069,13465601,5186468
2020-05-22 03:48:02,mainnet,10112846,10112846,0
2020-05-22 03:48:02,kovan,18652085,13465601,5186484
2020-05-22 03:49:24,mainnet,10112850,10112850,0
2020-05-22 03:49:24,kovan,18652101,13465601,5186500
2020-05-22 03:50:47,mainnet,10112857,10112857,0
2020-05-22 03:50:47,kovan,18652117,13465601,5186516
2020-05-22 03:52:10,mainnet,10112859,10112859,0
2020-05-22 03:52:10,kovan,18652134,13465601,5186533
2020-05-22 03:53:32,mainnet,10112865,10112865,0
2020-05-22 03:53:32,kovan,18652151,13465601,5186550
2020-05-22 03:54:55,mainnet,10112872,10112872,0
2020-05-22 03:54:55,kovan,18652167,13465601,5186566
2020-05-22 03:56:17,mainnet,10112879,10112879,0
2020-05-22 03:56:17,kovan,18652183,13465601,5186582
2020-05-22 03:57:39,mainnet,10112885,10112885,0
2020-05-22 03:57:39,kovan,18652200,13465601,5186599
2020-05-22 03:59:02,mainnet,10112894,10112894,0
2020-05-22 03:59:02,kovan,18652217,13465601,5186616
2020-05-22 04:00:24,mainnet,10112897,10112897,0
2020-05-22 04:00:24,kovan,18652233,13465601,5186632
2020-05-22 04:01:47,mainnet,10112908,10112907,1
2020-05-22 04:01:47,kovan,18652249,13465601,5186648
2020-05-22 04:03:10,mainnet,10112915,10112912,3
2020-05-22 04:03:10,kovan,18652266,13465601,5186665
2020-05-22 04:04:33,mainnet,10112921,10112921,0
2020-05-22 04:04:33,kovan,18652283,13465601,5186682
2020-05-22 04:05:56,mainnet,10112929,10112929,0
2020-05-22 04:05:56,kovan,18652300,13465601,5186699
2020-05-22 04:07:20,mainnet,10112937,10112937,0
2020-05-22 04:07:20,kovan,18652317,13465601,5186716
2020-05-22 04:08:43,mainnet,10112944,10112944,0
2020-05-22 04:08:43,kovan,18652333,13465601,5186732
2020-05-22 04:10:06,mainnet,10112952,10112952,0
2020-05-22 04:10:06,kovan,18652350,13465601,5186749
2020-05-22 04:11:30,mainnet,10112959,10112959,0
2020-05-22 04:11:30,kovan,18652366,13465601,5186765
2020-05-22 04:12:53,mainnet,10112963,10112962,1
2020-05-22 04:12:53,kovan,18652383,13465601,5186782
2020-05-22 04:14:15,mainnet,10112973,10112971,2
2020-05-22 04:14:15,kovan,18652399,13465601,5186798
2020-05-22 04:15:39,mainnet,10112978,10112977,1
2020-05-22 04:15:39,kovan,18652416,13465601,5186815
2020-05-22 04:17:02,mainnet,10112984,10112984,0
2020-05-22 04:17:02,kovan,18652433,13465601,5186832
2020-05-22 04:18:25,mainnet,10112993,10112984,9
2020-05-22 04:18:25,kovan,18652449,13465601,5186848
2020-05-22 04:19:47,mainnet,10113000,10112988,12
2020-05-22 04:19:47,kovan,18652465,13465601,5186864
2020-05-22 04:21:10,mainnet,10113005,10112988,17
2020-05-22 04:21:10,kovan,18652482,13465601,5186881
2020-05-22 04:22:33,mainnet,10113010,10113008,2
2020-05-22 04:22:33,kovan,18652500,13465601,5186899
2020-05-22 04:23:57,mainnet,10113018,10113010,8
2020-05-22 04:23:57,kovan,18652516,13465601,5186915
2020-05-22 04:25:20,mainnet,10113023,10113010,13
2020-05-22 04:25:20,kovan,18652533,13465601,5186932
2020-05-22 04:26:43,mainnet,10113031,10113010,21
2020-05-22 04:26:43,kovan,18652549,13465601,5186948
2020-05-22 04:28:05,mainnet,10113038,10113035,3
2020-05-22 04:28:05,kovan,18652565,13465601,5186964
2020-05-22 04:29:27,mainnet,10113042,10113042,0
2020-05-22 04:29:27,kovan,18652581,13465601,5186980
2020-05-22 04:30:50,mainnet,10113053,10113042,11
2020-05-22 04:30:50,kovan,18652598,13465601,5186997
2020-05-22 04:32:12,mainnet,10113058,10113042,16
2020-05-22 04:32:12,kovan,18652615,13465601,5187014
2020-05-22 04:33:34,mainnet,10113063,10113060,3
2020-05-22 04:33:34,kovan,18652631,13465601,5187030
2020-05-22 04:34:58,mainnet,10113068,10113065,3
2020-05-22 04:34:58,kovan,18652648,13465601,5187047
2020-05-22 04:36:21,mainnet,10113076,10113075,1
2020-05-22 04:36:21,kovan,18652665,13465601,5187064
2020-05-22 04:37:43,mainnet,10113082,10113081,1
2020-05-22 04:37:43,kovan,18652681,13465601,5187080
2020-05-22 04:39:06,mainnet,10113091,10113091,0
2020-05-22 04:39:06,kovan,18652697,13465601,5187096
2020-05-22 04:40:30,mainnet,10113095,10113095,0
2020-05-22 04:40:30,kovan,18652714,13465601,5187113
2020-05-22 04:41:52,mainnet,10113101,10113101,0
2020-05-22 04:41:52,kovan,18652732,13465601,5187131
2020-05-22 04:43:20,mainnet,10113107,10113107,0
2020-05-22 04:43:20,kovan,18652749,13465601,5187148
2020-05-22 04:44:43,mainnet,10113112,10113112,0
2020-05-22 04:44:43,kovan,18652765,13465601,5187164
2020-05-22 04:46:05,mainnet,10113119,10113119,0
2020-05-22 04:46:05,kovan,18652781,13465601,5187180
2020-05-22 04:47:30,mainnet,10113123,10113123,0
2020-05-22 04:47:30,kovan,18652798,13465601,5187197
2020-05-22 04:48:54,mainnet,10113130,10113130,0
2020-05-22 04:48:54,kovan,18652815,13465601,5187214
2020-05-22 04:50:16,mainnet,10113135,10113135,0
2020-05-22 04:50:16,kovan,18652831,13465601,5187230
2020-05-22 04:51:39,mainnet,10113144,10113144,0
2020-05-22 04:51:39,kovan,18652847,13465601,5187246
2020-05-22 04:53:01,mainnet,10113148,10113148,0
2020-05-22 04:53:01,kovan,18652864,13465601,5187263
2020-05-22 04:54:24,mainnet,10113155,10113155,0
2020-05-22 04:54:24,kovan,18652880,13465601,5187279
2020-05-22 04:55:47,mainnet,10113160,10113160,0
2020-05-22 04:55:47,kovan,18652896,13465601,5187295
2020-05-22 04:57:10,mainnet,10113166,10113165,1
2020-05-22 04:57:10,kovan,18652913,13465601,5187312
2020-05-22 04:58:33,mainnet,10113170,10113170,0
2020-05-22 04:58:33,kovan,18652930,13465601,5187329
2020-05-22 04:59:55,mainnet,10113174,10113174,0
2020-05-22 04:59:55,kovan,18652946,13465601,5187345
2020-05-22 05:01:18,mainnet,10113182,10113181,1
2020-05-22 05:01:18,kovan,18652963,13465601,5187362
2020-05-22 05:02:40,mainnet,10113195,10113195,0
2020-05-22 05:02:40,kovan,18652980,13465601,5187379
2020-05-22 05:04:04,mainnet,10113201,10113201,0
2020-05-22 05:04:04,kovan,18652996,13465601,5187395
2020-05-22 05:05:26,mainnet,10113207,10113206,1
2020-05-22 05:05:26,kovan,18653012,13465601,5187411
2020-05-22 05:06:50,mainnet,10113211,10113210,1
2020-05-22 05:06:50,kovan,18653029,13465601,5187428
2020-05-22 05:08:13,mainnet,10113220,10113219,1
2020-05-22 05:08:13,kovan,18653046,13465601,5187445
2020-05-22 05:09:36,mainnet,10113226,10113226,0
2020-05-22 05:09:36,kovan,18653062,13465601,5187461
2020-05-22 05:10:58,mainnet,10113232,10113232,0
2020-05-22 05:10:58,kovan,18653079,13465601,5187478
2020-05-22 05:12:21,mainnet,10113238,10113237,1
2020-05-22 05:12:21,kovan,18653096,13465601,5187495
2020-05-22 05:13:45,mainnet,10113245,10113245,0
2020-05-22 05:13:45,kovan,18653112,13465601,5187511
2020-05-22 05:15:10,mainnet,10113252,10113251,1
2020-05-22 05:15:10,kovan,18653129,13465601,5187528
2020-05-22 05:16:32,mainnet,10113259,10113257,2
2020-05-22 05:16:32,kovan,18653146,13465601,5187545
2020-05-22 05:17:57,mainnet,10113269,10113269,0
2020-05-22 05:17:57,kovan,18653164,13465601,5187563
2020-05-22 05:19:25,mainnet,10113275,10113274,1
2020-05-22 05:19:25,kovan,18653180,13465601,5187579
2020-05-22 05:20:48,mainnet,10113283,10113283,0
2020-05-22 05:20:48,kovan,18653197,13465601,5187596
2020-05-22 05:22:12,mainnet,10113287,10113287,0
2020-05-22 05:22:12,kovan,18653214,13465601,5187613
2020-05-22 05:23:39,mainnet,10113290,10113290,0
2020-05-22 05:23:39,kovan,18653232,13465601,5187631
2020-05-22 05:25:03,mainnet,10113296,10113293,3
2020-05-22 05:25:03,kovan,18653248,13465601,5187647
2020-05-22 05:26:28,mainnet,10113299,10113299,0
2020-05-22 05:26:28,kovan,18653264,13465601,5187663
2020-05-22 05:27:51,mainnet,10113305,10113305,0
2020-05-22 05:27:51,kovan,18653282,13465601,5187681
2020-05-22 05:29:17,mainnet,10113311,10113311,0
2020-05-22 05:29:17,kovan,18653299,13465601,5187698
2020-05-22 05:30:40,mainnet,10113316,10113316,0
2020-05-22 05:30:40,kovan,18653316,13465601,5187715
2020-05-22 05:32:05,mainnet,10113324,10113319,5
2020-05-22 05:32:05,kovan,18653333,13465601,5187732
2020-05-22 05:33:30,mainnet,10113336,10113319,17
2020-05-22 05:33:30,kovan,18653349,13465601,5187748
2020-05-22 05:34:53,mainnet,10113342,10113319,23
2020-05-22 05:34:53,kovan,18653366,13465601,5187765
2020-05-22 05:36:16,mainnet,10113349,10113344,5
2020-05-22 05:36:16,kovan,18653383,13465601,5187782
2020-05-22 05:37:39,mainnet,10113359,10113359,0
2020-05-22 05:37:39,kovan,18653400,13465601,5187799
2020-05-22 05:39:03,mainnet,10113366,10113366,0
2020-05-22 05:39:03,kovan,18653416,13465601,5187815
2020-05-22 05:40:25,mainnet,10113377,10113369,8
2020-05-22 05:40:25,kovan,18653432,13465601,5187831
2020-05-22 05:41:49,mainnet,10113383,10113369,14
2020-05-22 05:41:49,kovan,18653447,13465601,5187846
2020-05-22 05:43:12,mainnet,10113388,10113369,19
2020-05-22 05:43:12,kovan,18653464,13465601,5187863
2020-05-22 05:44:35,mainnet,10113397,10113397,0
2020-05-22 05:44:35,kovan,18653480,13465601,5187879
2020-05-22 05:45:57,mainnet,10113405,10113403,2
2020-05-22 05:45:57,kovan,18653498,13465601,5187897
2020-05-22 05:47:30,mainnet,10113411,10113403,8
2020-05-22 05:47:30,kovan,18653516,13465601,5187915
2020-05-22 05:48:56,mainnet,10113417,10113403,14
2020-05-22 05:48:56,kovan,18653533,13465601,5187932
2020-05-22 05:50:21,mainnet,10113423,10113423,0
2020-05-22 05:50:21,kovan,18653549,13465601,5187948
2020-05-22 05:51:44,mainnet,10113424,10113424,0
2020-05-22 05:51:44,kovan,18653566,13465601,5187965
2020-05-22 05:53:08,mainnet,10113433,10113431,2
2020-05-22 05:53:08,kovan,18653584,13465601,5187983
2020-05-22 05:54:37,mainnet,10113437,10113437,0
2020-05-22 05:54:37,kovan,18653601,13465601,5188000
2020-05-22 05:56:00,mainnet,10113441,10113441,0
2020-05-22 05:56:00,kovan,18653618,13465601,5188017
2020-05-22 05:57:24,mainnet,10113450,10113448,2
2020-05-22 05:57:24,kovan,18653635,13465601,5188034
2020-05-22 05:58:52,mainnet,10113453,10113453,0
2020-05-22 05:58:52,kovan,18653651,13465601,5188050
2020-05-22 06:00:15,mainnet,10113456,10113456,0
2020-05-22 06:00:15,kovan,18653669,13465601,5188068
2020-05-22 06:01:44,mainnet,10113460,10113460,0
2020-05-22 06:01:44,kovan,18653685,13465601,5188084
2020-05-22 06:03:10,mainnet,10113465,10113465,0
2020-05-22 06:03:10,kovan,18653702,13465601,5188101
2020-05-22 06:04:33,mainnet,10113480,10113478,2
2020-05-22 06:04:33,kovan,18653719,13465601,5188118
2020-05-22 06:05:56,mainnet,10113487,10113486,1
2020-05-22 06:05:56,kovan,18653736,13465601,5188135
2020-05-22 06:07:21,mainnet,10113490,10113490,0
2020-05-22 06:07:21,kovan,18653753,13465601,5188152
2020-05-22 06:08:45,mainnet,10113501,10113500,1
2020-05-22 06:08:45,kovan,18653770,13465601,5188169
2020-05-22 06:10:10,mainnet,10113505,10113505,0
2020-05-22 06:10:10,kovan,18653786,13465601,5188185
2020-05-22 06:11:33,mainnet,10113512,10113512,0
2020-05-22 06:11:33,kovan,18653806,13465601,5188205
2020-05-22 06:13:12,mainnet,10113517,10113517,0
2020-05-22 06:13:12,kovan,18653823,13465601,5188222
2020-05-22 06:14:35,mainnet,10113520,10113520,0
2020-05-22 06:14:35,kovan,18653839,13465601,5188238
2020-05-22 06:15:57,mainnet,10113528,10113528,0
2020-05-22 06:15:57,kovan,18653856,13465601,5188255
2020-05-22 06:17:21,mainnet,10113533,10113533,0
2020-05-22 06:17:21,kovan,18653873,13465601,5188272
2020-05-22 06:18:45,mainnet,10113542,10113542,0
2020-05-22 06:18:45,kovan,18653889,13465601,5188288
2020-05-22 06:20:10,mainnet,10113549,10113549,0
2020-05-22 06:20:10,kovan,18653906,13465601,5188305
2020-05-22 06:21:32,mainnet,10113558,10113558,0
2020-05-22 06:21:32,kovan,18653923,13465601,5188322
2020-05-22 06:22:56,mainnet,10113567,10113567,0
2020-05-22 06:22:56,kovan,18653940,13465601,5188339
2020-05-22 06:24:19,mainnet,10113575,10113575,0
2020-05-22 06:24:19,kovan,18653956,13465601,5188355
2020-05-22 06:25:42,mainnet,10113583,10113583,0
2020-05-22 06:25:42,kovan,18653973,13465601,5188372
2020-05-22 06:27:05,mainnet,10113593,10113593,0
2020-05-22 06:27:05,kovan,18653989,13465601,5188388
2020-05-22 06:28:29,mainnet,10113598,10113598,0
2020-05-22 06:28:29,kovan,18654006,13465601,5188405
2020-05-22 06:29:53,mainnet,10113602,10113602,0
2020-05-22 06:29:53,kovan,18654023,13465601,5188422
2020-05-22 06:31:16,mainnet,10113604,10113604,0
2020-05-22 06:31:16,kovan,18654040,13465601,5188439
2020-05-22 06:32:40,mainnet,10113609,10113609,0
2020-05-22 06:32:40,kovan,18654057,13465601,5188456
2020-05-22 06:34:03,mainnet,10113615,10113615,0
2020-05-22 06:34:03,kovan,18654073,13465601,5188472
2020-05-22 06:35:27,mainnet,10113621,10113621,0
2020-05-22 06:35:27,kovan,18654090,13465601,5188489
2020-05-22 06:36:51,mainnet,10113629,10113629,0
2020-05-22 06:36:51,kovan,18654107,13465601,5188506
2020-05-22 06:38:15,mainnet,10113634,10113634,0
2020-05-22 06:38:15,kovan,18654124,13465601,5188523
2020-05-22 06:39:38,mainnet,10113644,10113644,0
2020-05-22 06:39:38,kovan,18654140,13465601,5188539
2020-05-22 06:41:01,mainnet,10113648,10113648,0
2020-05-22 06:41:01,kovan,18654157,13465601,5188556
2020-05-22 06:42:23,mainnet,10113652,10113652,0
2020-05-22 06:42:23,kovan,18654173,13465601,5188572
2020-05-22 06:43:47,mainnet,10113659,10113659,0
2020-05-22 06:43:47,kovan,18654188,13465601,5188587
2020-05-22 06:45:10,mainnet,10113664,10113664,0
2020-05-22 06:45:10,kovan,18654205,13465601,5188604
2020-05-22 06:46:34,mainnet,10113671,10113671,0
2020-05-22 06:46:34,kovan,18654221,13465601,5188620
2020-05-22 06:47:57,mainnet,10113678,10113678,0
2020-05-22 06:47:57,kovan,18654238,13465601,5188637
2020-05-22 06:49:22,mainnet,10113682,10113682,0
2020-05-22 06:49:22,kovan,18654255,13465601,5188654
2020-05-22 06:50:45,mainnet,10113689,10113690,-1
2020-05-22 06:50:45,kovan,18654271,13465601,5188670
2020-05-22 06:52:09,mainnet,10113692,10113692,0
2020-05-22 06:52:09,kovan,18654289,13465601,5188688
2020-05-22 06:53:39,mainnet,10113701,10113701,0
2020-05-22 06:53:39,kovan,18654306,13465601,5188705
2020-05-22 06:55:03,mainnet,10113707,10113707,0
2020-05-22 06:55:03,kovan,18654323,13465601,5188722
2020-05-22 06:56:26,mainnet,10113710,10113710,0
2020-05-22 06:56:26,kovan,18654339,13465601,5188738
2020-05-22 06:57:49,mainnet,10113720,10113721,-1
2020-05-22 06:57:49,kovan,18654356,13465601,5188755
2020-05-22 06:59:13,mainnet,10113726,10113726,0
2020-05-22 06:59:13,kovan,18654373,13465601,5188772
2020-05-22 07:00:36,mainnet,10113731,10113731,0
2020-05-22 07:00:36,kovan,18654389,13465601,5188788
2020-05-22 07:01:58,mainnet,10113736,10113736,0
2020-05-22 07:01:58,kovan,18654407,13465601,5188806
2020-05-22 07:03:23,mainnet,10113739,10113739,0
2020-05-22 07:03:23,kovan,18654423,13465601,5188822
2020-05-22 07:04:46,mainnet,10113744,10113744,0
2020-05-22 07:04:46,kovan,18654439,13465601,5188838
2020-05-22 07:06:10,mainnet,10113749,10113749,0
2020-05-22 07:06:10,kovan,18654456,13465601,5188855
2020-05-22 07:07:33,mainnet,10113754,10113754,0
2020-05-22 07:07:33,kovan,18654473,13465601,5188872
2020-05-22 07:08:58,mainnet,10113756,10113756,0
2020-05-22 07:08:58,kovan,18654490,13465601,5188889
2020-05-22 07:10:21,mainnet,10113763,10113763,0
2020-05-22 07:10:21,kovan,18654506,13465601,5188905
2020-05-22 07:11:44,mainnet,10113769,10113769,0
2020-05-22 07:11:44,kovan,18654521,13465601,5188920
2020-05-22 07:13:07,mainnet,10113777,10113777,0
2020-05-22 07:13:07,kovan,18654537,13465601,5188936
2020-05-22 07:14:29,mainnet,10113783,10113783,0
2020-05-22 07:14:29,kovan,18654554,13465601,5188953
2020-05-22 07:15:51,mainnet,10113787,10113788,-1
2020-05-22 07:15:51,kovan,18654571,13465601,5188970
2020-05-22 07:17:14,mainnet,10113796,10113796,0
2020-05-22 07:17:14,kovan,18654587,13465601,5188986
2020-05-22 07:18:38,mainnet,10113802,10113802,0
2020-05-22 07:18:38,kovan,18654604,13465601,5189003
2020-05-22 07:20:02,mainnet,10113808,10113808,0
2020-05-22 07:20:02,kovan,18654621,13465601,5189020
2020-05-22 07:21:25,mainnet,10113811,10113811,0
2020-05-22 07:21:25,kovan,18654637,13465601,5189036
2020-05-22 07:22:47,mainnet,10113817,10113817,0
2020-05-22 07:22:47,kovan,18654653,13465601,5189052
2020-05-22 07:24:10,mainnet,10113821,10113822,-1
2020-05-22 07:24:10,kovan,18654670,13465601,5189069
2020-05-22 07:25:33,mainnet,10113825,10113826,-1
2020-05-22 07:25:33,kovan,18654687,13465601,5189086
2020-05-22 07:26:56,mainnet,10113829,10113829,0
2020-05-22 07:26:56,kovan,18654703,13465601,5189102
2020-05-22 07:28:18,mainnet,10113836,10113836,0
2020-05-22 07:28:18,kovan,18654719,13465601,5189118
2020-05-22 07:29:40,mainnet,10113843,10113844,-1
2020-05-22 07:29:40,kovan,18654735,13465601,5189134
2020-05-22 07:31:02,mainnet,10113845,10113845,0
2020-05-22 07:31:02,kovan,18654752,13465601,5189151
2020-05-22 07:32:25,mainnet,10113851,10113851,0
2020-05-22 07:32:25,kovan,18654768,13465601,5189167
2020-05-22 07:33:48,mainnet,10113855,10113855,0
2020-05-22 07:33:48,kovan,18654785,13465601,5189184
2020-05-22 07:35:11,mainnet,10113860,10113860,0
2020-05-22 07:35:11,kovan,18654801,13465601,5189200
2020-05-22 07:36:34,mainnet,10113863,10113863,0
2020-05-22 07:36:34,kovan,18654818,13465601,5189217
2020-05-22 07:37:56,mainnet,10113869,10113869,0
2020-05-22 07:37:56,kovan,18654835,13465601,5189234
2020-05-22 07:39:20,mainnet,10113871,10113871,0
2020-05-22 07:39:20,kovan,18654852,13465601,5189251
2020-05-22 07:40:42,mainnet,10113873,10113873,0
2020-05-22 07:40:42,kovan,18654866,13465601,5189265
2020-05-22 07:42:04,mainnet,10113878,10113878,0
2020-05-22 07:42:04,kovan,18654883,13465601,5189282
2020-05-22 07:43:26,mainnet,10113885,10113885,0
2020-05-22 07:43:26,kovan,18654899,13465601,5189298
2020-05-22 07:44:49,mainnet,10113897,10113897,0
2020-05-22 07:44:49,kovan,18654916,13465601,5189315
2020-05-22 07:46:15,mainnet,10113903,10113904,-1
2020-05-22 07:46:15,kovan,18654933,13465601,5189332
2020-05-22 07:47:37,mainnet,10113908,10113908,0
2020-05-22 07:47:37,kovan,18654950,13465601,5189349
2020-05-22 07:49:02,mainnet,10113914,10113914,0
2020-05-22 07:49:02,kovan,18654967,13465601,5189366
2020-05-22 07:50:24,mainnet,10113922,10113922,0
2020-05-22 07:50:24,kovan,18654983,13465601,5189382
2020-05-22 07:51:47,mainnet,10113926,10113926,0
2020-05-22 07:51:47,kovan,18654999,13465601,5189398
2020-05-22 07:53:10,mainnet,10113928,10113928,0
2020-05-22 07:53:10,kovan,18655016,13465601,5189415
2020-05-22 07:54:33,mainnet,10113934,10113934,0
2020-05-22 07:54:33,kovan,18655033,13465601,5189432
2020-05-22 07:55:56,mainnet,10113941,10113941,0
2020-05-22 07:55:56,kovan,18655050,13465601,5189449
2020-05-22 07:57:18,mainnet,10113949,10113949,0
2020-05-22 07:57:18,kovan,18655066,13465601,5189465
2020-05-22 07:58:41,mainnet,10113953,10113953,0
2020-05-22 07:58:41,kovan,18655083,13465601,5189482
2020-05-22 08:00:04,mainnet,10113955,10113956,-1
2020-05-22 08:00:04,kovan,18655099,13465601,5189498
2020-05-22 08:01:27,mainnet,10113961,10113961,0
2020-05-22 08:01:27,kovan,18655115,13465601,5189514
2020-05-22 08:02:52,mainnet,10113964,10113964,0
2020-05-22 08:02:52,kovan,18655132,13465601,5189531
2020-05-22 08:04:14,mainnet,10113967,10113967,0
2020-05-22 08:04:14,kovan,18655149,13465601,5189548
2020-05-22 08:05:37,mainnet,10113973,10113973,0
2020-05-22 08:05:37,kovan,18655166,13465601,5189565
2020-05-22 08:06:59,mainnet,10113979,10113979,0
2020-05-22 08:06:59,kovan,18655183,13465601,5189582
2020-05-22 08:08:24,mainnet,10113991,10113991,0
2020-05-22 08:08:24,kovan,18655199,13465601,5189598
2020-05-22 08:09:47,mainnet,10113993,10113993,0
2020-05-22 08:09:47,kovan,18655215,13465601,5189614
2020-05-22 08:11:09,mainnet,10114000,10114000,0
2020-05-22 08:11:09,kovan,18655232,13465601,5189631
2020-05-22 08:12:33,mainnet,10114011,10114011,0
2020-05-22 08:12:33,kovan,18655249,13465601,5189648
2020-05-22 08:13:56,mainnet,10114016,10114016,0
2020-05-22 08:13:56,kovan,18655266,13465601,5189665
2020-05-22 08:15:20,mainnet,10114023,10114023,0
2020-05-22 08:15:20,kovan,18655283,13465601,5189682
2020-05-22 08:16:44,mainnet,10114028,10114028,0
2020-05-22 08:16:44,kovan,18655299,13465601,5189698
2020-05-22 08:18:06,mainnet,10114035,10114035,0
2020-05-22 08:18:06,kovan,18655315,13465601,5189714
2020-05-22 08:19:29,mainnet,10114037,10114037,0
2020-05-22 08:19:29,kovan,18655332,13465601,5189731
2020-05-22 08:20:52,mainnet,10114046,10114046,0
2020-05-22 08:20:52,kovan,18655349,13465601,5189748
2020-05-22 08:22:15,mainnet,10114056,10114056,0
2020-05-22 08:22:15,kovan,18655366,13465601,5189765
2020-05-22 08:23:40,mainnet,10114064,10114064,0
2020-05-22 08:23:40,kovan,18655382,13465601,5189781
2020-05-22 08:25:02,mainnet,10114066,10114066,0
2020-05-22 08:25:02,kovan,18655399,13465601,5189798
2020-05-22 08:26:25,mainnet,10114070,10114070,0
2020-05-22 08:26:25,kovan,18655415,13465601,5189814
2020-05-22 08:27:48,mainnet,10114077,10114076,1
2020-05-22 08:27:48,kovan,18655432,13465601,5189831
2020-05-22 08:29:12,mainnet,10114085,10114085,0
2020-05-22 08:29:12,kovan,18655449,13465601,5189848
2020-05-22 08:30:37,mainnet,10114089,10114089,0
2020-05-22 08:30:37,kovan,18655465,13465601,5189864
2020-05-22 08:32:01,mainnet,10114091,10114091,0
2020-05-22 08:32:01,kovan,18655481,13465601,5189880
2020-05-22 08:33:25,mainnet,10114096,10114096,0
2020-05-22 08:33:25,kovan,18655497,13465601,5189896
2020-05-22 08:34:48,mainnet,10114107,10114107,0
2020-05-22 08:34:48,kovan,18655514,13465601,5189913
2020-05-22 08:36:11,mainnet,10114116,10114117,-1
2020-05-22 08:36:11,kovan,18655531,13465601,5189930
2020-05-22 08:37:34,mainnet,10114121,10114121,0
2020-05-22 08:37:34,kovan,18655547,13465601,5189946
2020-05-22 08:38:59,mainnet,10114129,10114129,0
2020-05-22 08:38:59,kovan,18655565,13465601,5189964
2020-05-22 08:40:22,mainnet,10114139,10114140,-1
2020-05-22 08:40:22,kovan,18655581,13465601,5189980
2020-05-22 08:41:45,mainnet,10114147,10114147,0
2020-05-22 08:41:45,kovan,18655597,13465601,5189996
2020-05-22 08:43:08,mainnet,10114152,10114152,0
2020-05-22 08:43:08,kovan,18655613,13465601,5190012
2020-05-22 08:44:31,mainnet,10114155,10114155,0
2020-05-22 08:44:31,kovan,18655630,13465601,5190029
2020-05-22 08:45:54,mainnet,10114158,10114158,0
2020-05-22 08:45:54,kovan,18655647,13465601,5190046
2020-05-22 08:47:16,mainnet,10114171,10114167,4
2020-05-22 08:47:16,kovan,18655669,13465601,5190068
2020-05-22 08:49:09,mainnet,10114181,10114181,0
2020-05-22 08:49:09,kovan,18655686,13465601,5190085
2020-05-22 08:50:32,mainnet,10114186,10114186,0
2020-05-22 08:50:32,kovan,18655703,13465601,5190102
2020-05-22 08:51:54,mainnet,10114194,10114194,0
2020-05-22 08:51:54,kovan,18655719,13465601,5190118
2020-05-22 08:53:17,mainnet,10114201,10114199,2
2020-05-22 08:53:17,kovan,18655736,13465601,5190135
2020-05-22 08:54:39,mainnet,10114209,10114209,0
2020-05-22 08:54:39,kovan,18655752,13465601,5190151
2020-05-22 08:56:03,mainnet,10114213,10114213,0
2020-05-22 08:56:03,kovan,18655769,13465601,5190168
2020-05-22 08:57:27,mainnet,10114221,10114221,0
2020-05-22 08:57:27,kovan,18655786,13465601,5190185
2020-05-22 08:58:52,mainnet,10114226,10114226,0
2020-05-22 08:58:52,kovan,18655802,13465601,5190201
2020-05-22 09:00:14,mainnet,10114232,10114232,0
2020-05-22 09:00:14,kovan,18655819,13465601,5190218
2020-05-22 09:01:37,mainnet,10114242,10114242,0
2020-05-22 09:01:37,kovan,18655835,13465601,5190234
2020-05-22 09:03:00,mainnet,10114249,10114248,1
2020-05-22 09:03:00,kovan,18655851,13465601,5190250
2020-05-22 09:04:23,mainnet,10114254,10114253,1
2020-05-22 09:04:23,kovan,18655868,13465601,5190267
2020-05-22 09:05:47,mainnet,10114258,10114258,0
2020-05-22 09:05:47,kovan,18655885,13465601,5190284
2020-05-22 09:07:09,mainnet,10114264,10114264,0
2020-05-22 09:07:09,kovan,18655901,13465601,5190300
2020-05-22 09:08:32,mainnet,10114265,10114265,0
2020-05-22 09:08:32,kovan,18655917,13465601,5190316
2020-05-22 09:09:54,mainnet,10114272,10114272,0
2020-05-22 09:09:54,kovan,18655934,13465601,5190333
2020-05-22 09:11:17,mainnet,10114279,10114278,1
2020-05-22 09:11:17,kovan,18655951,13465601,5190350
2020-05-22 09:12:40,mainnet,10114285,10114285,0
2020-05-22 09:12:40,kovan,18655968,13465601,5190367
2020-05-22 09:14:05,mainnet,10114287,10114287,0
2020-05-22 09:14:05,kovan,18655984,13465601,5190383
2020-05-22 09:15:28,mainnet,10114289,10114289,0
2020-05-22 09:15:28,kovan,18656001,13465601,5190400
2020-05-22 09:16:50,mainnet,10114296,10114296,0
2020-05-22 09:16:50,kovan,18656017,13465601,5190416
2020-05-22 09:18:14,mainnet,10114304,10114304,0
2020-05-22 09:18:14,kovan,18656034,13465601,5190433
2020-05-22 09:19:36,mainnet,10114312,10114312,0
2020-05-22 09:19:36,kovan,18656051,13465601,5190450
2020-05-22 09:20:59,mainnet,10114321,10114321,0
2020-05-22 09:20:59,kovan,18656067,13465601,5190466
2020-05-22 09:22:21,mainnet,10114332,10114332,0
2020-05-22 09:22:21,kovan,18656084,13465601,5190483
2020-05-22 09:23:44,mainnet,10114339,10114339,0
2020-05-22 09:23:44,kovan,18656100,13465601,5190499
2020-05-22 09:25:06,mainnet,10114345,10114345,0
2020-05-22 09:25:06,kovan,18656116,13465601,5190515
2020-05-22 09:26:28,mainnet,10114351,10114351,0
2020-05-22 09:26:28,kovan,18656133,13465601,5190532
2020-05-22 09:27:51,mainnet,10114353,10114353,0
2020-05-22 09:27:51,kovan,18656149,13465601,5190548
2020-05-22 09:29:14,mainnet,10114358,10114357,1
2020-05-22 09:29:14,kovan,18656166,13465601,5190565
2020-05-22 09:30:37,mainnet,10114365,10114365,0
2020-05-22 09:30:37,kovan,18656183,13465601,5190582
2020-05-22 09:32:00,mainnet,10114367,10114367,0
2020-05-22 09:32:00,kovan,18656200,13465601,5190599
2020-05-22 09:33:29,mainnet,10114372,10114372,0
2020-05-22 09:33:29,kovan,18656217,13465601,5190616
2020-05-22 09:34:52,mainnet,10114376,10114376,0
2020-05-22 09:34:52,kovan,18656234,13465601,5190633
2020-05-22 09:36:15,mainnet,10114381,10114381,0
2020-05-22 09:36:15,kovan,18656251,13465601,5190650
2020-05-22 09:37:39,mainnet,10114389,10114389,0
2020-05-22 09:37:39,kovan,18656267,13465601,5190666
2020-05-22 09:39:03,mainnet,10114398,10114398,0
2020-05-22 09:39:03,kovan,18656284,13465601,5190683
2020-05-22 09:40:26,mainnet,10114410,10114410,0
2020-05-22 09:40:26,kovan,18656301,13465601,5190700
2020-05-22 09:41:50,mainnet,10114418,10114417,1
2020-05-22 09:41:50,kovan,18656317,13465601,5190716
2020-05-22 09:43:14,mainnet,10114424,10114424,0
2020-05-22 09:43:14,kovan,18656334,13465601,5190733
2020-05-22 09:44:37,mainnet,10114429,10114429,0
2020-05-22 09:44:37,kovan,18656351,13465601,5190750
2020-05-22 09:45:59,mainnet,10114433,10114433,0
2020-05-22 09:45:59,kovan,18656368,13465601,5190767
2020-05-22 09:47:22,mainnet,10114442,10114442,0
2020-05-22 09:47:22,kovan,18656383,13465601,5190782
2020-05-22 09:48:45,mainnet,10114452,10114452,0
2020-05-22 09:48:45,kovan,18656399,13465601,5190798
2020-05-22 09:50:07,mainnet,10114459,10114459,0
2020-05-22 09:50:07,kovan,18656415,13465601,5190814
2020-05-22 09:51:30,mainnet,10114466,10114466,0
2020-05-22 09:51:30,kovan,18656432,13465601,5190831
2020-05-22 09:52:53,mainnet,10114470,10114470,0
2020-05-22 09:52:53,kovan,18656449,13465601,5190848
2020-05-22 09:54:15,mainnet,10114478,10114478,0
2020-05-22 09:54:15,kovan,18656465,13465601,5190864
2020-05-22 09:55:37,mainnet,10114482,10114482,0
2020-05-22 09:55:37,kovan,18656482,13465601,5190881
2020-05-22 09:57:01,mainnet,10114489,10114489,0
2020-05-22 09:57:01,kovan,18656499,13465601,5190898
2020-05-22 09:58:25,mainnet,10114494,10114494,0
2020-05-22 09:58:25,kovan,18656515,13465601,5190914
2020-05-22 09:59:48,mainnet,10114503,10114501,2
2020-05-22 09:59:48,kovan,18656531,13465601,5190930
2020-05-22 10:01:10,mainnet,10114508,10114508,0
2020-05-22 10:01:10,kovan,18656548,13465601,5190947
2020-05-22 10:02:33,mainnet,10114514,10114514,0
2020-05-22 10:02:33,kovan,18656565,13465601,5190964
2020-05-22 10:03:58,mainnet,10114519,10114518,1
2020-05-22 10:03:58,kovan,18656583,13465601,5190982
2020-05-22 10:05:29,mainnet,10114528,10114527,1
2020-05-22 10:05:29,kovan,18656600,13465601,5190999
2020-05-22 10:06:52,mainnet,10114531,10114531,0
2020-05-22 10:06:52,kovan,18656617,13465601,5191016
2020-05-22 10:08:17,mainnet,10114535,10114535,0
2020-05-22 10:08:17,kovan,18656634,13465601,5191033
2020-05-22 10:09:40,mainnet,10114541,10114541,0
2020-05-22 10:09:40,kovan,18656651,13465601,5191050
2020-05-22 10:11:03,mainnet,10114548,10114548,0
2020-05-22 10:11:03,kovan,18656666,13465601,5191065
2020-05-22 10:12:26,mainnet,10114553,10114553,0
2020-05-22 10:12:26,kovan,18656682,13465601,5191081
2020-05-22 10:13:50,mainnet,10114556,10114556,0
2020-05-22 10:13:50,kovan,18656699,13465601,5191098
2020-05-22 10:15:13,mainnet,10114562,10114562,0
2020-05-22 10:15:13,kovan,18656716,13465601,5191115
2020-05-22 10:16:36,mainnet,10114567,10114567,0
2020-05-22 10:16:36,kovan,18656732,13465601,5191131
2020-05-22 10:17:58,mainnet,10114574,10114574,0
2020-05-22 10:17:58,kovan,18656749,13465601,5191148
2020-05-22 10:19:21,mainnet,10114582,10114582,0
2020-05-22 10:19:21,kovan,18656766,13465601,5191165
2020-05-22 10:20:44,mainnet,10114586,10114586,0
2020-05-22 10:20:44,kovan,18656782,13465601,5191181
2020-05-22 10:22:06,mainnet,10114594,10114593,1
2020-05-22 10:22:06,kovan,18656799,13465601,5191198
2020-05-22 10:23:30,mainnet,10114605,10114602,3
2020-05-22 10:23:30,kovan,18656815,13465601,5191214
2020-05-22 10:24:53,mainnet,10114605,10114605,0
2020-05-22 10:24:53,kovan,18656832,13465601,5191231
2020-05-22 10:26:16,mainnet,10114609,10114608,1
2020-05-22 10:26:16,kovan,18656849,13465601,5191248
2020-05-22 10:27:42,mainnet,10114615,10114612,3
2020-05-22 10:27:42,kovan,18656866,13465601,5191265
2020-05-22 10:29:05,mainnet,10114620,10114620,0
2020-05-22 10:29:05,kovan,18656882,13465601,5191281
2020-05-22 10:30:27,mainnet,10114624,10114624,0
2020-05-22 10:30:27,kovan,18656898,13465601,5191297
2020-05-22 10:31:50,mainnet,10114631,10114630,1
2020-05-22 10:31:50,kovan,18656915,13465601,5191314
2020-05-22 10:33:13,mainnet,10114640,10114640,0
2020-05-22 10:33:13,kovan,18656932,13465601,5191331
2020-05-22 10:34:35,mainnet,10114645,10114645,0
2020-05-22 10:34:35,kovan,18656949,13465601,5191348
2020-05-22 10:35:58,mainnet,10114651,10114651,0
2020-05-22 10:35:58,kovan,18656965,13465601,5191364
2020-05-22 10:37:20,mainnet,10114656,10114656,0
2020-05-22 10:37:20,kovan,18656982,13465601,5191381
2020-05-22 10:38:43,mainnet,10114665,10114665,0
2020-05-22 10:38:43,kovan,18656998,13465601,5191397
2020-05-22 10:40:05,mainnet,10114670,10114670,0
2020-05-22 10:40:05,kovan,18657014,13465601,5191413
2020-05-22 10:41:29,mainnet,10114676,10114676,0
2020-05-22 10:41:29,kovan,18657031,13465601,5191430
2020-05-22 10:42:52,mainnet,10114685,10114685,0
2020-05-22 10:42:52,kovan,18657048,13465601,5191447
2020-05-22 10:44:15,mainnet,10114689,10114689,0
2020-05-22 10:44:15,kovan,18657064,13465601,5191463
2020-05-22 10:45:38,mainnet,10114693,10114693,0
2020-05-22 10:45:38,kovan,18657081,13465601,5191480
2020-05-22 10:47:00,mainnet,10114705,10114704,1
2020-05-22 10:47:00,kovan,18657098,13465601,5191497
2020-05-22 10:48:24,mainnet,10114713,10114711,2
2020-05-22 10:48:24,kovan,18657114,13465601,5191513
2020-05-22 10:49:47,mainnet,10114722,10114722,0
2020-05-22 10:49:47,kovan,18657130,13465601,5191529
2020-05-22 10:51:09,mainnet,10114724,10114724,0
2020-05-22 10:51:09,kovan,18657146,13465601,5191545
2020-05-22 10:52:31,mainnet,10114733,10114733,0
2020-05-22 10:52:31,kovan,18657163,13465601,5191562
2020-05-22 10:53:54,mainnet,10114741,10114741,0
2020-05-22 10:53:54,kovan,18657180,13465601,5191579
2020-05-22 10:55:16,mainnet,10114745,10114745,0
2020-05-22 10:55:16,kovan,18657197,13465601,5191596
2020-05-22 10:56:39,mainnet,10114750,10114750,0
2020-05-22 10:56:39,kovan,18657213,13465601,5191612
2020-05-22 10:58:02,mainnet,10114757,10114757,0
2020-05-22 10:58:02,kovan,18657230,13465601,5191629
2020-05-22 10:59:25,mainnet,10114761,10114762,-1
2020-05-22 10:59:25,kovan,18657246,13465601,5191645
2020-05-22 11:00:48,mainnet,10114773,10114773,0
2020-05-22 11:00:48,kovan,18657262,13465601,5191661
2020-05-22 11:02:10,mainnet,10114780,10114780,0
2020-05-22 11:02:10,kovan,18657279,13465601,5191678
2020-05-22 11:03:33,mainnet,10114791,10114791,0
2020-05-22 11:03:33,kovan,18657296,13465601,5191695
2020-05-22 11:04:57,mainnet,10114796,10114796,0
2020-05-22 11:04:57,kovan,18657313,13465601,5191712
2020-05-22 11:06:20,mainnet,10114803,10114803,0
2020-05-22 11:06:20,kovan,18657329,13465601,5191728
2020-05-22 11:07:43,mainnet,10114815,10114816,-1
2020-05-22 11:07:43,kovan,18657346,13465601,5191745
2020-05-22 11:09:06,mainnet,10114823,10114823,0
2020-05-22 11:09:06,kovan,18657362,13465601,5191761
2020-05-22 11:10:29,mainnet,10114828,10114828,0
2020-05-22 11:10:29,kovan,18657379,13465601,5191778
2020-05-22 11:12:01,mainnet,10114832,10114832,0
2020-05-22 11:12:01,kovan,18657396,13465601,5191795
2020-05-22 11:13:28,mainnet,10114841,10114841,0
2020-05-22 11:13:28,kovan,18657413,13465601,5191812
2020-05-22 11:14:51,mainnet,10114848,10114848,0
2020-05-22 11:14:51,kovan,18657430,13465601,5191829
2020-05-22 11:16:13,mainnet,10114854,10114854,0
2020-05-22 11:16:13,kovan,18657446,13465601,5191845
2020-05-22 11:17:36,mainnet,10114859,10114859,0
2020-05-22 11:17:36,kovan,18657463,13465601,5191862
2020-05-22 11:19:00,mainnet,10114863,10114863,0
2020-05-22 11:19:00,kovan,18657480,13465601,5191879
2020-05-22 11:20:22,mainnet,10114868,10114868,0
2020-05-22 11:20:22,kovan,18657496,13465601,5191895
2020-05-22 11:21:44,mainnet,10114876,10114876,0
2020-05-22 11:21:44,kovan,18657512,13465601,5191911
2020-05-22 11:23:10,mainnet,10114883,10114883,0
2020-05-22 11:23:10,kovan,18657529,13465601,5191928
2020-05-22 11:24:32,mainnet,10114888,10114888,0
2020-05-22 11:24:32,kovan,18657546,13465601,5191945
2020-05-22 11:25:55,mainnet,10114891,10114891,0
2020-05-22 11:25:55,kovan,18657562,13465601,5191961
2020-05-22 11:27:19,mainnet,10114896,10114896,0
2020-05-22 11:27:19,kovan,18657580,13465601,5191979
2020-05-22 11:28:43,mainnet,10114902,10114902,0
2020-05-22 11:28:43,kovan,18657596,13465601,5191995
2020-05-22 11:30:06,mainnet,10114909,10114909,0
2020-05-22 11:30:06,kovan,18657612,13465601,5192011
2020-05-22 11:31:29,mainnet,10114914,10114914,0
2020-05-22 11:31:29,kovan,18657629,13465601,5192028
2020-05-22 11:32:51,mainnet,10114919,10114919,0
2020-05-22 11:32:51,kovan,18657646,13465601,5192045
2020-05-22 11:34:14,mainnet,10114926,10114926,0
2020-05-22 11:34:14,kovan,18657662,13465601,5192061
2020-05-22 11:35:38,mainnet,10114933,10114933,0
2020-05-22 11:35:38,kovan,18657679,13465601,5192078
2020-05-22 11:37:00,mainnet,10114941,10114941,0
2020-05-22 11:37:00,kovan,18657696,13465601,5192095
2020-05-22 11:38:24,mainnet,10114943,10114943,0
2020-05-22 11:38:24,kovan,18657712,13465601,5192111
2020-05-22 11:39:46,mainnet,10114950,10114950,0
2020-05-22 11:39:46,kovan,18657729,13465601,5192128
2020-05-22 11:41:12,mainnet,10114957,10114957,0
2020-05-22 11:41:12,kovan,18657746,13465601,5192145
2020-05-22 11:42:36,mainnet,10114964,10114964,0
2020-05-22 11:42:36,kovan,18657762,13465601,5192161
2020-05-22 11:43:59,mainnet,10114969,10114969,0
2020-05-22 11:43:59,kovan,18657779,13465601,5192178
2020-05-22 11:45:22,mainnet,10114976,10114976,0
2020-05-22 11:45:22,kovan,18657796,13465601,5192195
2020-05-22 11:46:44,mainnet,10114987,10114987,0
2020-05-22 11:46:44,kovan,18657812,13465601,5192211
2020-05-22 11:48:11,mainnet,10114990,10114990,0
2020-05-22 11:48:11,kovan,18657829,13465601,5192228
2020-05-22 11:49:34,mainnet,10114994,10114994,0
2020-05-22 11:49:34,kovan,18657846,13465601,5192245
2020-05-22 11:50:56,mainnet,10114998,10114998,0
2020-05-22 11:50:56,kovan,18657862,13465601,5192261
2020-05-22 11:52:19,mainnet,10115005,10115005,0
2020-05-22 11:52:19,kovan,18657880,13465601,5192279
2020-05-22 11:53:49,mainnet,10115012,10115012,0
2020-05-22 11:53:49,kovan,18657897,13465601,5192296
2020-05-22 11:55:12,mainnet,10115016,10115016,0
2020-05-22 11:55:12,kovan,18657914,13465601,5192313
2020-05-22 11:56:37,mainnet,10115026,10115026,0
2020-05-22 11:56:37,kovan,18657931,13465601,5192330
2020-05-22 11:58:00,mainnet,10115027,10115027,0
2020-05-22 11:58:00,kovan,18657947,13465601,5192346
2020-05-22 11:59:23,mainnet,10115036,10115036,0
2020-05-22 11:59:23,kovan,18657964,13465601,5192363
2020-05-22 12:00:46,mainnet,10115037,10115037,0
2020-05-22 12:00:46,kovan,18657981,13465601,5192380
2020-05-22 12:02:10,mainnet,10115046,10115046,0
2020-05-22 12:02:10,kovan,18657998,13465601,5192397
2020-05-22 12:03:36,mainnet,10115057,10115057,0
2020-05-22 12:03:36,kovan,18658015,13465601,5192414
2020-05-22 12:05:00,mainnet,10115061,10115061,0
2020-05-22 12:05:00,kovan,18658031,13465601,5192430
2020-05-22 12:06:22,mainnet,10115066,10115066,0
2020-05-22 12:06:22,kovan,18658049,13465601,5192448
2020-05-22 12:07:54,mainnet,10115073,10115073,0
2020-05-22 12:07:54,kovan,18658067,13465601,5192466
2020-05-22 12:09:19,mainnet,10115080,10115080,0
2020-05-22 12:09:19,kovan,18658083,13465601,5192482
2020-05-22 12:10:44,mainnet,10115088,10115088,0
2020-05-22 12:10:44,kovan,18658100,13465601,5192499
2020-05-22 12:12:06,mainnet,10115096,10115096,0
2020-05-22 12:12:06,kovan,18658116,13465601,5192515
2020-05-22 12:13:29,mainnet,10115103,10115103,0
2020-05-22 12:13:29,kovan,18658133,13465601,5192532
2020-05-22 12:14:51,mainnet,10115110,10115110,0
2020-05-22 12:14:51,kovan,18658149,13465601,5192548
2020-05-22 12:16:14,mainnet,10115120,10115118,2
2020-05-22 12:16:14,kovan,18658168,13465601,5192567
2020-05-22 12:17:43,mainnet,10115127,10115127,0
2020-05-22 12:17:43,kovan,18658184,13465601,5192583
2020-05-22 12:19:07,mainnet,10115129,10115128,1
2020-05-22 12:19:07,kovan,18658201,13465601,5192600
2020-05-22 12:20:30,mainnet,10115133,10115133,0
2020-05-22 12:20:30,kovan,18658217,13465601,5192616
2020-05-22 12:21:52,mainnet,10115141,10115140,1
2020-05-22 12:21:52,kovan,18658234,13465601,5192633
2020-05-22 12:23:15,mainnet,10115148,10115148,0
2020-05-22 12:23:15,kovan,18658250,13465601,5192649
2020-05-22 12:24:38,mainnet,10115152,10115152,0
2020-05-22 12:24:38,kovan,18658267,13465601,5192666
2020-05-22 12:26:01,mainnet,10115159,10115159,0
2020-05-22 12:26:01,kovan,18658284,13465601,5192683
2020-05-22 12:27:23,mainnet,10115169,10115167,2
2020-05-22 12:27:23,kovan,18658300,13465601,5192699
2020-05-22 12:28:49,mainnet,10115179,10115179,0
2020-05-22 12:28:49,kovan,18658317,13465601,5192716
2020-05-22 12:30:12,mainnet,10115183,10115183,0
2020-05-22 12:30:12,kovan,18658334,13465601,5192733
2020-05-22 12:31:34,mainnet,10115188,10115188,0
2020-05-22 12:31:34,kovan,18658350,13465601,5192749
2020-05-22 12:32:58,mainnet,10115193,10115192,1
2020-05-22 12:32:58,kovan,18658368,13465601,5192767
2020-05-22 12:34:22,mainnet,10115198,10115198,0
2020-05-22 12:34:22,kovan,18658384,13465601,5192783
2020-05-22 12:35:45,mainnet,10115207,10115207,0
2020-05-22 12:35:45,kovan,18658400,13465601,5192799
2020-05-22 12:37:09,mainnet,10115213,10115213,0
2020-05-22 12:37:09,kovan,18658417,13465601,5192816
2020-05-22 12:38:33,mainnet,10115221,10115221,0
2020-05-22 12:38:33,kovan,18658434,13465601,5192833
2020-05-22 12:39:55,mainnet,10115227,10115227,0
2020-05-22 12:39:55,kovan,18658450,13465601,5192849
2020-05-22 12:41:17,mainnet,10115235,10115235,0
2020-05-22 12:41:17,kovan,18658467,13465601,5192866
2020-05-22 12:42:40,mainnet,10115241,10115242,-1
2020-05-22 12:42:40,kovan,18658484,13465601,5192883
2020-05-22 12:44:03,mainnet,10115248,10115249,-1
2020-05-22 12:44:03,kovan,18658500,13465601,5192899
2020-05-22 12:45:25,mainnet,10115254,10115255,-1
2020-05-22 12:45:25,kovan,18658516,13465601,5192915
2020-05-22 12:46:48,mainnet,10115265,10115264,1
2020-05-22 12:46:48,kovan,18658532,13465601,5192931
2020-05-22 12:48:11,mainnet,10115268,10115268,0
2020-05-22 12:48:11,kovan,18658549,13465601,5192948
2020-05-22 12:49:34,mainnet,10115274,10115274,0
2020-05-22 12:49:34,kovan,18658566,13465601,5192965
2020-05-22 12:50:56,mainnet,10115279,10115279,0
2020-05-22 12:50:56,kovan,18658583,13465601,5192982
2020-05-22 12:52:21,mainnet,10115283,10115283,0
2020-05-22 12:52:21,kovan,18658600,13465601,5192999
2020-05-22 12:53:44,mainnet,10115291,10115292,-1
2020-05-22 12:53:44,kovan,18658616,13465601,5193015
2020-05-22 12:55:08,mainnet,10115302,10115301,1
2020-05-22 12:55:08,kovan,18658633,13465601,5193032
2020-05-22 12:56:30,mainnet,10115307,10115306,1
2020-05-22 12:56:30,kovan,18658649,13465601,5193048
2020-05-22 12:57:52,mainnet,10115311,10115311,0
2020-05-22 12:57:52,kovan,18658665,13465601,5193064
2020-05-22 12:59:15,mainnet,10115317,10115317,0
2020-05-22 12:59:15,kovan,18658682,13465601,5193081
2020-05-22 13:00:37,mainnet,10115321,10115321,0
2020-05-22 13:00:37,kovan,18658699,13465601,5193098
2020-05-22 13:02:00,mainnet,10115323,10115322,1
2020-05-22 13:02:00,kovan,18658716,13465601,5193115
2020-05-22 13:03:22,mainnet,10115328,10115328,0
2020-05-22 13:03:22,kovan,18658732,13465601,5193131
2020-05-22 13:04:45,mainnet,10115334,10115334,0
2020-05-22 13:04:45,kovan,18658748,13465601,5193147
2020-05-22 13:06:07,mainnet,10115340,10115341,-1
2020-05-22 13:06:07,kovan,18658764,13465601,5193163
2020-05-22 13:07:30,mainnet,10115346,10115346,0
2020-05-22 13:07:30,kovan,18658782,13465601,5193181
2020-05-22 13:08:55,mainnet,10115353,10115353,0
2020-05-22 13:08:55,kovan,18658798,13465601,5193197
2020-05-22 13:10:18,mainnet,10115357,10115357,0
2020-05-22 13:10:18,kovan,18658815,13465601,5193214
2020-05-22 13:11:41,mainnet,10115362,10115362,0
2020-05-22 13:11:41,kovan,18658832,13465601,5193231
2020-05-22 13:13:03,mainnet,10115363,10115363,0
2020-05-22 13:13:03,kovan,18658848,13465601,5193247
2020-05-22 13:14:26,mainnet,10115370,10115370,0
2020-05-22 13:14:26,kovan,18658864,13465601,5193263
2020-05-22 13:15:48,mainnet,10115374,10115374,0
2020-05-22 13:15:48,kovan,18658881,13465601,5193280
2020-05-22 13:17:10,mainnet,10115379,10115379,0
2020-05-22 13:17:10,kovan,18658898,13465601,5193297
2020-05-22 13:18:34,mainnet,10115387,10115387,0
2020-05-22 13:18:34,kovan,18658914,13465601,5193313
2020-05-22 13:19:57,mainnet,10115392,10115392,0
2020-05-22 13:19:57,kovan,18658931,13465601,5193330
2020-05-22 13:21:20,mainnet,10115398,10115399,-1
2020-05-22 13:21:20,kovan,18658948,13465601,5193347
2020-05-22 13:22:42,mainnet,10115402,10115403,-1
2020-05-22 13:22:42,kovan,18658964,13465601,5193363
2020-05-22 13:24:06,mainnet,10115410,10115410,0
2020-05-22 13:24:06,kovan,18658980,13465601,5193379
2020-05-22 13:25:28,mainnet,10115420,10115421,-1
2020-05-22 13:25:28,kovan,18658996,13465601,5193395
2020-05-22 13:26:51,mainnet,10115425,10115425,0
2020-05-22 13:26:51,kovan,18659014,13465601,5193413
2020-05-22 13:28:14,mainnet,10115434,10115434,0
2020-05-22 13:28:14,kovan,18659030,13465601,5193429
2020-05-22 13:29:37,mainnet,10115441,10115441,0
2020-05-22 13:29:37,kovan,18659047,13465601,5193446
2020-05-22 13:31:00,mainnet,10115445,10115445,0
2020-05-22 13:31:00,kovan,18659063,13465601,5193462
2020-05-22 13:32:22,mainnet,10115451,10115451,0
2020-05-22 13:32:22,kovan,18659080,13465601,5193479
2020-05-22 13:33:46,mainnet,10115456,10115456,0
2020-05-22 13:33:46,kovan,18659096,13465601,5193495
2020-05-22 13:35:08,mainnet,10115461,10115462,-1
2020-05-22 13:35:08,kovan,18659113,13465601,5193512
2020-05-22 13:36:30,mainnet,10115466,10115466,0
2020-05-22 13:36:30,kovan,18659129,13465601,5193528
2020-05-22 13:37:53,mainnet,10115474,10115473,1
2020-05-22 13:37:53,kovan,18659146,13465601,5193545
2020-05-22 13:39:16,mainnet,10115477,10115477,0
2020-05-22 13:39:16,kovan,18659163,13465601,5193562
2020-05-22 13:40:40,mainnet,10115487,10115487,0
2020-05-22 13:40:40,kovan,18659180,13465601,5193579
2020-05-22 13:42:05,mainnet,10115491,10115491,0
2020-05-22 13:42:05,kovan,18659196,13465601,5193595
2020-05-22 13:43:28,mainnet,10115498,10115498,0
2020-05-22 13:43:28,kovan,18659212,13465601,5193611
2020-05-22 13:44:51,mainnet,10115504,10115504,0
2020-05-22 13:44:51,kovan,18659229,13465601,5193628
2020-05-22 13:46:13,mainnet,10115516,10115516,0
2020-05-22 13:46:13,kovan,18659246,13465601,5193645
2020-05-22 13:47:37,mainnet,10115522,10115522,0
2020-05-22 13:47:37,kovan,18659263,13465601,5193662
2020-05-22 13:49:00,mainnet,10115525,10115525,0
2020-05-22 13:49:00,kovan,18659280,13465601,5193679
2020-05-22 13:50:26,mainnet,10115532,10115532,0
2020-05-22 13:50:26,kovan,18659296,13465601,5193695
2020-05-22 13:51:48,mainnet,10115543,10115543,0
2020-05-22 13:51:48,kovan,18659313,13465601,5193712
2020-05-22 13:53:11,mainnet,10115549,10115549,0
2020-05-22 13:53:11,kovan,18659330,13465601,5193729
2020-05-22 13:54:34,mainnet,10115553,10115553,0
2020-05-22 13:54:34,kovan,18659346,13465601,5193745
2020-05-22 13:55:56,mainnet,10115554,10115555,-1
2020-05-22 13:55:56,kovan,18659362,13465601,5193761
2020-05-22 13:57:19,mainnet,10115559,10115559,0
2020-05-22 13:57:19,kovan,18659379,13465601,5193778
2020-05-22 13:58:42,mainnet,10115564,10115564,0
2020-05-22 13:58:42,kovan,18659396,13465601,5193795
2020-05-22 14:00:04,mainnet,10115568,10115568,0
2020-05-22 14:00:04,kovan,18659412,13465601,5193811
2020-05-22 14:01:27,mainnet,10115576,10115576,0
2020-05-22 14:01:27,kovan,18659430,13465601,5193829
2020-05-22 14:02:58,mainnet,10115579,10115579,0
2020-05-22 14:02:58,kovan,18659446,13465601,5193845
2020-05-22 14:04:22,mainnet,10115581,10115581,0
2020-05-22 14:04:22,kovan,18659463,13465601,5193862
2020-05-22 14:05:45,mainnet,10115587,10115587,0
2020-05-22 14:05:45,kovan,18659480,13465601,5193879
2020-05-22 14:07:13,mainnet,10115591,10115591,0
2020-05-22 14:07:13,kovan,18659497,13465601,5193896
2020-05-22 14:08:37,mainnet,10115596,10115596,0
2020-05-22 14:08:37,kovan,18659514,13465601,5193913
2020-05-22 14:09:59,mainnet,10115600,10115600,0
2020-05-22 14:09:59,kovan,18659530,13465601,5193929
2020-05-22 14:11:22,mainnet,10115607,10115607,0
2020-05-22 14:11:22,kovan,18659547,13465601,5193946
2020-05-22 14:12:45,mainnet,10115612,10115612,0
2020-05-22 14:12:45,kovan,18659564,13465601,5193963
2020-05-22 14:14:11,mainnet,10115613,10115614,-1
2020-05-22 14:14:11,kovan,18659580,13465601,5193979
2020-05-22 14:15:35,mainnet,10115622,10115623,-1
2020-05-22 14:15:35,kovan,18659597,13465601,5193996
2020-05-22 14:16:58,mainnet,10115629,10115629,0
2020-05-22 14:16:58,kovan,18659615,13465601,5194014
2020-05-22 14:18:23,mainnet,10115631,10115631,0
2020-05-22 14:18:23,kovan,18659631,13465601,5194030
2020-05-22 14:19:45,mainnet,10115633,10115633,0
2020-05-22 14:19:45,kovan,18659647,13465601,5194046
2020-05-22 14:21:08,mainnet,10115638,10115637,1
2020-05-22 14:21:08,kovan,18659663,13465601,5194062
2020-05-22 14:22:30,mainnet,10115644,10115643,1
2020-05-22 14:22:30,kovan,18659681,13465601,5194080
2020-05-22 14:23:54,mainnet,10115648,10115648,0
2020-05-22 14:23:54,kovan,18659697,13465601,5194096
2020-05-22 14:25:19,mainnet,10115654,10115654,0
2020-05-22 14:25:19,kovan,18659714,13465601,5194113
2020-05-22 14:26:41,mainnet,10115659,10115660,-1
2020-05-22 14:26:41,kovan,18659731,13465601,5194130
2020-05-22 14:28:04,mainnet,10115668,10115668,0
2020-05-22 14:28:04,kovan,18659747,13465601,5194146
2020-05-22 14:29:27,mainnet,10115672,10115671,1
2020-05-22 14:29:27,kovan,18659764,13465601,5194163
2020-05-22 14:30:49,mainnet,10115678,10115678,0
2020-05-22 14:30:49,kovan,18659780,13465601,5194179
2020-05-22 14:32:12,mainnet,10115683,10115683,0
2020-05-22 14:32:12,kovan,18659797,13465601,5194196
2020-05-22 14:33:36,mainnet,10115691,10115691,0
2020-05-22 14:33:36,kovan,18659813,13465601,5194212
2020-05-22 14:34:58,mainnet,10115694,10115694,0
2020-05-22 14:34:58,kovan,18659830,13465601,5194229
2020-05-22 14:36:21,mainnet,10115705,10115705,0
2020-05-22 14:36:21,kovan,18659847,13465601,5194246
2020-05-22 14:37:43,mainnet,10115716,10115715,1
2020-05-22 14:37:43,kovan,18659863,13465601,5194262
2020-05-22 14:39:07,mainnet,10115722,10115722,0
2020-05-22 14:39:07,kovan,18659879,13465601,5194278
2020-05-22 14:40:30,mainnet,10115728,10115728,0
2020-05-22 14:40:30,kovan,18659896,13465601,5194295
2020-05-22 14:41:53,mainnet,10115732,10115732,0
2020-05-22 14:41:53,kovan,18659913,13465601,5194312
2020-05-22 14:43:16,mainnet,10115735,10115736,-1
2020-05-22 14:43:16,kovan,18659929,13465601,5194328
2020-05-22 14:44:38,mainnet,10115744,10115744,0
2020-05-22 14:44:38,kovan,18659946,13465601,5194345
2020-05-22 14:46:00,mainnet,10115755,10115755,0
2020-05-22 14:46:00,kovan,18659963,13465601,5194362
2020-05-22 14:47:23,mainnet,10115765,10115765,0
2020-05-22 14:47:23,kovan,18659979,13465601,5194378
2020-05-22 14:48:46,mainnet,10115770,10115770,0
2020-05-22 14:48:46,kovan,18659995,13465601,5194394
2020-05-22 14:50:09,mainnet,10115774,10115774,0
2020-05-22 14:50:09,kovan,18660012,13465601,5194411
2020-05-22 14:51:31,mainnet,10115785,10115785,0
2020-05-22 14:51:31,kovan,18660029,13465601,5194428
2020-05-22 14:52:54,mainnet,10115790,10115790,0
2020-05-22 14:52:54,kovan,18660045,13465601,5194444
2020-05-22 14:54:17,mainnet,10115794,10115794,0
2020-05-22 14:54:17,kovan,18660062,13465601,5194461
2020-05-22 14:55:40,mainnet,10115798,10115798,0
2020-05-22 14:55:40,kovan,18660079,13465601,5194478
2020-05-22 14:57:03,mainnet,10115800,10115800,0
2020-05-22 14:57:03,kovan,18660095,13465601,5194494
2020-05-22 14:58:25,mainnet,10115806,10115806,0
2020-05-22 14:58:25,kovan,18660111,13465601,5194510
2020-05-22 14:59:47,mainnet,10115811,10115811,0
2020-05-22 14:59:47,kovan,18660127,13465601,5194526
2020-05-22 15:01:11,mainnet,10115817,10115817,0
2020-05-22 15:01:11,kovan,18660144,13465601,5194543
2020-05-22 15:02:34,mainnet,10115824,10115824,0
2020-05-22 15:02:34,kovan,18660162,13465601,5194561
2020-05-22 15:03:57,mainnet,10115831,10115831,0
2020-05-22 15:03:57,kovan,18660178,13465601,5194577
2020-05-22 15:05:20,mainnet,10115836,10115836,0
2020-05-22 15:05:20,kovan,18660195,13465601,5194594
2020-05-22 15:06:44,mainnet,10115845,10115845,0
2020-05-22 15:06:44,kovan,18660211,13465601,5194610
2020-05-22 15:08:06,mainnet,10115851,10115851,0
2020-05-22 15:08:06,kovan,18660227,13465601,5194626
2020-05-22 15:09:29,mainnet,10115856,10115856,0
2020-05-22 15:09:29,kovan,18660244,13465601,5194643
2020-05-22 15:10:52,mainnet,10115861,10115861,0
2020-05-22 15:10:52,kovan,18660260,13465601,5194659
2020-05-22 15:12:14,mainnet,10115866,10115867,-1
2020-05-22 15:12:14,kovan,18660277,13465601,5194676
2020-05-22 15:13:36,mainnet,10115872,10115872,0
2020-05-22 15:13:36,kovan,18660292,13465601,5194691
2020-05-22 15:14:59,mainnet,10115880,10115880,0
2020-05-22 15:14:59,kovan,18660309,13465601,5194708
2020-05-22 15:16:22,mainnet,10115889,10115887,2
2020-05-22 15:16:22,kovan,18660325,13465601,5194724
2020-05-22 15:17:44,mainnet,10115891,10115891,0
2020-05-22 15:17:44,kovan,18660342,13465601,5194741
2020-05-22 15:19:07,mainnet,10115894,10115894,0
2020-05-22 15:19:07,kovan,18660358,13465601,5194757
2020-05-22 15:20:29,mainnet,10115900,10115900,0
2020-05-22 15:20:29,kovan,18660375,13465601,5194774
2020-05-22 15:21:52,mainnet,10115908,10115908,0
2020-05-22 15:21:52,kovan,18660392,13465601,5194791
2020-05-22 15:23:15,mainnet,10115916,10115916,0
2020-05-22 15:23:15,kovan,18660408,13465601,5194807
2020-05-22 15:24:37,mainnet,10115919,10115919,0
2020-05-22 15:24:37,kovan,18660425,13465601,5194824
2020-05-22 15:25:59,mainnet,10115926,10115926,0
2020-05-22 15:25:59,kovan,18660441,13465601,5194840
2020-05-22 15:27:22,mainnet,10115932,10115931,1
2020-05-22 15:27:22,kovan,18660459,13465601,5194858
2020-05-22 15:28:53,mainnet,10115935,10115935,0
2020-05-22 15:28:53,kovan,18660478,13465601,5194877
2020-05-22 15:30:25,mainnet,10115938,10115938,0
2020-05-22 15:30:25,kovan,18660495,13465601,5194894
2020-05-22 15:31:50,mainnet,10115942,10115941,1
2020-05-22 15:31:50,kovan,18660511,13465601,5194910
2020-05-22 15:33:13,mainnet,10115948,10115947,1
2020-05-22 15:33:13,kovan,18660527,13465601,5194926
2020-05-22 15:34:35,mainnet,10115952,10115951,1
2020-05-22 15:34:35,kovan,18660544,13465601,5194943
2020-05-22 15:35:57,mainnet,10115959,10115959,0
2020-05-22 15:35:57,kovan,18660561,13465601,5194960
2020-05-22 15:37:21,mainnet,10115966,10115966,0
2020-05-22 15:37:21,kovan,18660577,13465601,5194976
2020-05-22 15:38:43,mainnet,10115971,10115971,0
2020-05-22 15:38:43,kovan,18660594,13465601,5194993
2020-05-22 15:40:07,mainnet,10115975,10115975,0
2020-05-22 15:40:07,kovan,18660610,13465601,5195009
2020-05-22 15:41:30,mainnet,10115978,10115978,0
2020-05-22 15:41:30,kovan,18660627,13465601,5195026
2020-05-22 15:42:53,mainnet,10115983,10115983,0
2020-05-22 15:42:53,kovan,18660644,13465601,5195043
2020-05-22 15:44:16,mainnet,10115984,10115984,0
2020-05-22 15:44:16,kovan,18660660,13465601,5195059
2020-05-22 15:45:39,mainnet,10115990,10115990,0
2020-05-22 15:45:39,kovan,18660678,13465601,5195077
2020-05-22 15:47:03,mainnet,10115994,10115994,0
2020-05-22 15:47:03,kovan,18660694,13465601,5195093
2020-05-22 15:48:26,mainnet,10116002,10116002,0
2020-05-22 15:48:26,kovan,18660711,13465601,5195110
2020-05-22 15:49:51,mainnet,10116011,10116010,1
2020-05-22 15:49:51,kovan,18660728,13465601,5195127
2020-05-22 15:51:15,mainnet,10116014,10116014,0
2020-05-22 15:51:15,kovan,18660745,13465601,5195144
2020-05-22 15:52:42,mainnet,10116019,10116018,1
2020-05-22 15:52:42,kovan,18660762,13465601,5195161
2020-05-22 15:54:04,mainnet,10116026,10116026,0
2020-05-22 15:54:04,kovan,18660778,13465601,5195177
2020-05-22 15:55:28,mainnet,10116030,10116029,1
2020-05-22 15:55:28,kovan,18660796,13465601,5195195
2020-05-22 15:56:56,mainnet,10116036,10116036,0
2020-05-22 15:56:56,kovan,18660813,13465601,5195212
2020-05-22 15:58:19,mainnet,10116040,10116040,0
2020-05-22 15:58:19,kovan,18660829,13465601,5195228
2020-05-22 15:59:42,mainnet,10116043,10116044,-1
2020-05-22 15:59:42,kovan,18660846,13465601,5195245
2020-05-22 16:01:04,mainnet,10116049,10116049,0
2020-05-22 16:01:04,kovan,18660861,13465601,5195260
2020-05-22 16:02:27,mainnet,10116057,10116057,0
2020-05-22 16:02:27,kovan,18660877,13465601,5195276
2020-05-22 16:03:50,mainnet,10116060,10116060,0
2020-05-22 16:03:50,kovan,18660894,13465601,5195293
2020-05-22 16:05:13,mainnet,10116069,10116069,0
2020-05-22 16:05:13,kovan,18660911,13465601,5195310
2020-05-22 16:06:35,mainnet,10116076,10116076,0
2020-05-22 16:06:35,kovan,18660927,13465601,5195326
2020-05-22 16:07:58,mainnet,10116084,10116084,0
2020-05-22 16:07:58,kovan,18660944,13465601,5195343
2020-05-22 16:09:20,mainnet,10116089,10116089,0
2020-05-22 16:09:20,kovan,18660961,13465601,5195360
2020-05-22 16:10:42,mainnet,10116095,10116095,0
2020-05-22 16:10:42,kovan,18660977,13465601,5195376
2020-05-22 16:12:05,mainnet,10116100,10116100,0
2020-05-22 16:12:05,kovan,18660993,13465601,5195392
2020-05-22 16:13:27,mainnet,10116103,10116103,0
2020-05-22 16:13:27,kovan,18661009,13465601,5195408
2020-05-22 16:14:49,mainnet,10116109,10116108,1
2020-05-22 16:14:49,kovan,18661026,13465601,5195425
2020-05-22 16:16:13,mainnet,10116115,10116115,0
2020-05-22 16:16:13,kovan,18661045,13465601,5195444
2020-05-22 16:17:49,mainnet,10116121,10116121,0
2020-05-22 16:17:49,kovan,18661063,13465601,5195462
2020-05-22 16:19:13,mainnet,10116127,10116127,0
2020-05-22 16:19:13,kovan,18661079,13465601,5195478
2020-05-22 16:20:36,mainnet,10116130,10116130,0
2020-05-22 16:20:36,kovan,18661096,13465601,5195495
2020-05-22 16:22:00,mainnet,10116133,10116133,0
2020-05-22 16:22:00,kovan,18661113,13465601,5195512
2020-05-22 16:23:22,mainnet,10116137,10116137,0
2020-05-22 16:23:22,kovan,18661129,13465601,5195528
2020-05-22 16:24:45,mainnet,10116146,10116146,0
2020-05-22 16:24:45,kovan,18661145,13465601,5195544
2020-05-22 16:26:09,mainnet,10116150,10116150,0
2020-05-22 16:26:09,kovan,18661162,13465601,5195561
2020-05-22 16:27:31,mainnet,10116154,10116154,0
2020-05-22 16:27:31,kovan,18661178,13465601,5195577
2020-05-22 16:28:53,mainnet,10116158,10116158,0
2020-05-22 16:28:53,kovan,18661195,13465601,5195594
2020-05-22 16:30:16,mainnet,10116165,10116165,0
2020-05-22 16:30:16,kovan,18661212,13465601,5195611
2020-05-22 16:31:39,mainnet,10116171,10116171,0
2020-05-22 16:31:39,kovan,18661228,13465601,5195627
2020-05-22 16:33:01,mainnet,10116175,10116175,0
2020-05-22 16:33:01,kovan,18661245,13465601,5195644
2020-05-22 16:34:24,mainnet,10116179,10116179,0
2020-05-22 16:34:24,kovan,18661261,13465601,5195660
2020-05-22 16:35:47,mainnet,10116185,10116185,0
2020-05-22 16:35:47,kovan,18661278,13465601,5195677
2020-05-22 16:37:11,mainnet,10116195,10116194,1
2020-05-22 16:37:11,kovan,18661294,13465601,5195693
2020-05-22 16:38:33,mainnet,10116203,10116204,-1
2020-05-22 16:38:33,kovan,18661311,13465601,5195710
2020-05-22 16:39:56,mainnet,10116206,10116206,0
2020-05-22 16:39:56,kovan,18661327,13465601,5195726
2020-05-22 16:41:19,mainnet,10116207,10116207,0
2020-05-22 16:41:19,kovan,18661345,13465601,5195744
2020-05-22 16:42:44,mainnet,10116211,10116211,0
2020-05-22 16:42:44,kovan,18661361,13465601,5195760
2020-05-22 16:44:06,mainnet,10116215,10116216,-1
2020-05-22 16:44:06,kovan,18661377,13465601,5195776
2020-05-22 16:45:29,mainnet,10116221,10116221,0
2020-05-22 16:45:29,kovan,18661393,13465601,5195792
2020-05-22 16:46:51,mainnet,10116225,10116225,0
2020-05-22 16:46:51,kovan,18661410,13465601,5195809
2020-05-22 16:48:13,mainnet,10116230,10116230,0
2020-05-22 16:48:13,kovan,18661427,13465601,5195826
2020-05-22 16:49:36,mainnet,10116236,10116235,1
2020-05-22 16:49:36,kovan,18661443,13465601,5195842
2020-05-22 16:50:58,mainnet,10116242,10116242,0
2020-05-22 16:50:58,kovan,18661460,13465601,5195859
2020-05-22 16:52:20,mainnet,10116246,10116247,-1
2020-05-22 16:52:20,kovan,18661477,13465601,5195876
2020-05-22 16:53:43,mainnet,10116253,10116253,0
2020-05-22 16:53:43,kovan,18661493,13465601,5195892
2020-05-22 16:55:05,mainnet,10116258,10116257,1
2020-05-22 16:55:05,kovan,18661509,13465601,5195908
2020-05-22 16:56:28,mainnet,10116262,10116262,0
2020-05-22 16:56:28,kovan,18661525,13465601,5195924
2020-05-22 16:57:51,mainnet,10116267,10116267,0
2020-05-22 16:57:51,kovan,18661542,13465601,5195941
2020-05-22 16:59:13,mainnet,10116277,10116276,1
2020-05-22 16:59:13,kovan,18661559,13465601,5195958
2020-05-22 17:00:36,mainnet,10116283,10116283,0
2020-05-22 17:00:36,kovan,18661575,13465601,5195974
2020-05-22 17:01:59,mainnet,10116288,10116288,0
2020-05-22 17:01:59,kovan,18661592,13465601,5195991
2020-05-22 17:03:22,mainnet,10116294,10116294,0
2020-05-22 17:03:22,kovan,18661609,13465601,5196008
2020-05-22 17:04:44,mainnet,10116301,10116301,0
2020-05-22 17:04:44,kovan,18661625,13465601,5196024
2020-05-22 17:06:07,mainnet,10116310,10116310,0
2020-05-22 17:06:07,kovan,18661641,13465601,5196040
2020-05-22 17:07:30,mainnet,10116316,10116316,0
2020-05-22 17:07:30,kovan,18661658,13465601,5196057
2020-05-22 17:08:53,mainnet,10116322,10116322,0
2020-05-22 17:08:53,kovan,18661675,13465601,5196074
2020-05-22 17:10:16,mainnet,10116328,10116328,0
2020-05-22 17:10:16,kovan,18661692,13465601,5196091
2020-05-22 17:11:39,mainnet,10116333,10116333,0
2020-05-22 17:11:39,kovan,18661708,13465601,5196107
2020-05-22 17:13:01,mainnet,10116334,10116334,0
2020-05-22 17:13:01,kovan,18661725,13465601,5196124
2020-05-22 17:14:26,mainnet,10116341,10116341,0
2020-05-22 17:14:26,kovan,18661741,13465601,5196140
2020-05-22 17:15:49,mainnet,10116347,10116347,0
2020-05-22 17:15:49,kovan,18661758,13465601,5196157
2020-05-22 17:17:12,mainnet,10116359,10116359,0
2020-05-22 17:17:12,kovan,18661774,13465601,5196173
2020-05-22 17:18:34,mainnet,10116368,10116368,0
2020-05-22 17:18:34,kovan,18661791,13465601,5196190
2020-05-22 17:19:57,mainnet,10116369,10116369,0
2020-05-22 17:19:57,kovan,18661808,13465601,5196207
2020-05-22 17:21:19,mainnet,10116375,10116375,0
2020-05-22 17:21:19,kovan,18661825,13465601,5196224
2020-05-22 17:22:43,mainnet,10116382,10116382,0
2020-05-22 17:22:43,kovan,18661841,13465601,5196240
2020-05-22 17:24:05,mainnet,10116388,10116388,0
2020-05-22 17:24:05,kovan,18661857,13465601,5196256
2020-05-22 17:25:28,mainnet,10116393,10116393,0
2020-05-22 17:25:28,kovan,18661874,13465601,5196273
2020-05-22 17:26:56,mainnet,10116399,10116399,0
2020-05-22 17:26:56,kovan,18661891,13465601,5196290
2020-05-22 17:28:18,mainnet,10116403,10116403,0
2020-05-22 17:28:18,kovan,18661908,13465601,5196307
2020-05-22 17:29:41,mainnet,10116410,10116410,0
2020-05-22 17:29:41,kovan,18661924,13465601,5196323
2020-05-22 17:31:03,mainnet,10116418,10116419,-1
2020-05-22 17:31:03,kovan,18661941,13465601,5196340
2020-05-22 17:32:26,mainnet,10116425,10116425,0
2020-05-22 17:32:26,kovan,18661957,13465601,5196356
2020-05-22 17:33:51,mainnet,10116431,10116431,0
2020-05-22 17:33:51,kovan,18661974,13465601,5196373
2020-05-22 17:35:14,mainnet,10116436,10116436,0
2020-05-22 17:35:14,kovan,18661991,13465601,5196390
2020-05-22 17:36:36,mainnet,10116443,10116443,0
2020-05-22 17:36:36,kovan,18662008,13465601,5196407
2020-05-22 17:38:01,mainnet,10116450,10116450,0
2020-05-22 17:38:01,kovan,18662025,13465601,5196424
2020-05-22 17:39:24,mainnet,10116454,10116454,0
2020-05-22 17:39:24,kovan,18662041,13465601,5196440
2020-05-22 17:40:47,mainnet,10116459,10116459,0
2020-05-22 17:40:47,kovan,18662058,13465601,5196457
2020-05-22 17:42:13,mainnet,10116469,10116470,-1
2020-05-22 17:42:13,kovan,18662075,13465601,5196474
2020-05-22 17:43:37,mainnet,10116476,10116476,0
2020-05-22 17:43:37,kovan,18662092,13465601,5196491
2020-05-22 17:44:59,mainnet,10116482,10116482,0
2020-05-22 17:44:59,kovan,18662109,13465601,5196508
2020-05-22 17:46:22,mainnet,10116494,10116494,0
2020-05-22 17:46:22,kovan,18662125,13465601,5196524
2020-05-22 17:47:49,mainnet,10116502,10116502,0
2020-05-22 17:47:49,kovan,18662142,13465601,5196541
2020-05-22 17:49:11,mainnet,10116511,10116511,0
2020-05-22 17:49:11,kovan,18662159,13465601,5196558
2020-05-22 17:50:34,mainnet,10116516,10116516,0
2020-05-22 17:50:34,kovan,18662176,13465601,5196575
2020-05-22 17:52:00,mainnet,10116524,10116524,0
2020-05-22 17:52:00,kovan,18662193,13465601,5196592
2020-05-22 17:53:23,mainnet,10116529,10116529,0
2020-05-22 17:53:23,kovan,18662209,13465601,5196608
2020-05-22 17:54:47,mainnet,10116538,10116538,0
2020-05-22 17:54:47,kovan,18662226,13465601,5196625
2020-05-22 17:56:10,mainnet,10116542,10116542,0
2020-05-22 17:56:10,kovan,18662243,13465601,5196642
2020-05-22 17:57:39,mainnet,10116550,10116550,0
2020-05-22 17:57:39,kovan,18662261,13465601,5196660
2020-05-22 17:59:02,mainnet,10116557,10116556,1
2020-05-22 17:59:02,kovan,18662277,13465601,5196676
2020-05-22 18:00:27,mainnet,10116559,10116559,0
2020-05-22 18:00:27,kovan,18662294,13465601,5196693
2020-05-22 18:01:55,mainnet,10116568,10116567,1
2020-05-22 18:01:55,kovan,18662312,13465601,5196711
2020-05-22 18:03:24,mainnet,10116573,10116573,0
2020-05-22 18:03:24,kovan,18662328,13465601,5196727
2020-05-22 18:04:48,mainnet,10116584,10116577,7
2020-05-22 18:04:48,kovan,18662346,13465601,5196745
2020-05-22 18:06:18,mainnet,10116592,10116591,1
2020-05-22 18:06:18,kovan,18662364,13465601,5196763
2020-05-22 18:07:45,mainnet,10116597,10116597,0
2020-05-22 18:07:45,kovan,18662380,13465601,5196779
2020-05-22 18:09:07,mainnet,10116603,10116603,0
2020-05-22 18:09:07,kovan,18662397,13465601,5196796
2020-05-22 18:10:30,mainnet,10116608,10116605,3
2020-05-22 18:10:30,kovan,18662412,13465601,5196811
2020-05-22 18:11:52,mainnet,10116616,10116616,0
2020-05-22 18:11:52,kovan,18662430,13465601,5196829
2020-05-22 18:13:16,mainnet,10116624,10116621,3
2020-05-22 18:13:16,kovan,18662447,13465601,5196846
2020-05-22 18:14:39,mainnet,10116627,10116621,6
2020-05-22 18:14:39,kovan,18662464,13465601,5196863
2020-05-22 18:16:03,mainnet,10116632,10116632,0
2020-05-22 18:16:03,kovan,18662480,13465601,5196879
2020-05-22 18:17:27,mainnet,10116639,10116637,2
2020-05-22 18:17:27,kovan,18662497,13465601,5196896
2020-05-22 18:18:50,mainnet,10116644,10116640,4
2020-05-22 18:18:50,kovan,18662514,13465601,5196913
2020-05-22 18:20:14,mainnet,10116649,10116648,1
2020-05-22 18:20:14,kovan,18662530,13465601,5196929
2020-05-22 18:21:37,mainnet,10116652,10116652,0
2020-05-22 18:21:37,kovan,18662547,13465601,5196946
2020-05-22 18:23:00,mainnet,10116660,10116652,8
2020-05-22 18:23:00,kovan,18662564,13465601,5196963
2020-05-22 18:24:23,mainnet,10116670,10116652,18
2020-05-22 18:24:23,kovan,18662580,13465601,5196979
2020-05-22 18:25:46,mainnet,10116674,10116674,0
2020-05-22 18:25:46,kovan,18662597,13465601,5196996
2020-05-22 18:27:11,mainnet,10116680,10116679,1
2020-05-22 18:27:11,kovan,18662613,13465601,5197012
2020-05-22 18:28:34,mainnet,10116685,10116685,0
2020-05-22 18:28:34,kovan,18662630,13465601,5197029
2020-05-22 18:29:56,mainnet,10116688,10116688,0
2020-05-22 18:29:56,kovan,18662647,13465601,5197046
2020-05-22 18:31:20,mainnet,10116696,10116695,1
2020-05-22 18:31:20,kovan,18662664,13465601,5197063
2020-05-22 18:32:49,mainnet,10116704,10116704,0
2020-05-22 18:32:49,kovan,18662682,13465601,5197081
2020-05-22 18:34:17,mainnet,10116709,10116709,0
2020-05-22 18:34:17,kovan,18662699,13465601,5197098
2020-05-22 18:35:39,mainnet,10116718,10116718,0
2020-05-22 18:35:39,kovan,18662716,13465601,5197115
2020-05-22 18:37:04,mainnet,10116721,10116721,0
2020-05-22 18:37:04,kovan,18662734,13465601,5197133
2020-05-22 18:38:34,mainnet,10116729,10116724,5
2020-05-22 18:38:34,kovan,18662750,13465601,5197149
2020-05-22 18:39:56,mainnet,10116734,10116733,1
2020-05-22 18:39:56,kovan,18662766,13465601,5197165
2020-05-22 18:41:19,mainnet,10116745,10116740,5
2020-05-22 18:41:19,kovan,18662783,13465601,5197182
2020-05-22 18:42:42,mainnet,10116750,10116746,4
2020-05-22 18:42:42,kovan,18662800,13465601,5197199
2020-05-22 18:44:04,mainnet,10116757,10116746,11
2020-05-22 18:44:04,kovan,18662816,13465601,5197215
2020-05-22 18:45:26,mainnet,10116768,10116746,22
2020-05-22 18:45:26,kovan,18662834,13465601,5197233
2020-05-22 18:47:02,mainnet,10116778,10116774,4
2020-05-22 18:47:02,kovan,18662851,13465601,5197250
2020-05-22 18:48:24,mainnet,10116793,10116774,19
2020-05-22 18:48:24,kovan,18662867,13465601,5197266
2020-05-22 18:49:46,mainnet,10116802,10116774,28
2020-05-22 18:49:46,kovan,18662882,13465601,5197281
2020-05-22 18:51:09,mainnet,10116810,10116809,1
2020-05-22 18:51:09,kovan,18662899,13465601,5197298
2020-05-22 18:52:31,mainnet,10116811,10116811,0
2020-05-22 18:52:31,kovan,18662915,13465601,5197314
2020-05-22 18:53:54,mainnet,10116816,10116816,0
2020-05-22 18:53:54,kovan,18662931,13465601,5197330
2020-05-22 18:55:17,mainnet,10116818,10116817,1
2020-05-22 18:55:17,kovan,18662948,13465601,5197347
2020-05-22 18:56:39,mainnet,10116822,10116822,0
2020-05-22 18:56:39,kovan,18662964,13465601,5197363
2020-05-22 18:58:02,mainnet,10116823,10116823,0
2020-05-22 18:58:02,kovan,18662981,13465601,5197380
2020-05-22 18:59:24,mainnet,10116828,10116828,0
2020-05-22 18:59:24,kovan,18662997,13465601,5197396
2020-05-22 19:00:47,mainnet,10116831,10116831,0
2020-05-22 19:00:47,kovan,18663014,13465601,5197413
2020-05-22 19:02:11,mainnet,10116840,10116841,-1
2020-05-22 19:02:11,kovan,18663030,13465601,5197429
2020-05-22 19:03:33,mainnet,10116843,10116843,0
2020-05-22 19:03:33,kovan,18663047,13465601,5197446
2020-05-22 19:04:56,mainnet,10116851,10116851,0
2020-05-22 19:04:56,kovan,18663063,13465601,5197462
2020-05-22 19:06:18,mainnet,10116858,10116858,0
2020-05-22 19:06:18,kovan,18663080,13465601,5197479
2020-05-22 19:07:40,mainnet,10116863,10116863,0
2020-05-22 19:07:40,kovan,18663097,13465601,5197496
2020-05-22 19:09:03,mainnet,10116867,10116867,0
2020-05-22 19:09:03,kovan,18663113,13465601,5197512
2020-05-22 19:10:25,mainnet,10116871,10116871,0
2020-05-22 19:10:25,kovan,18663130,13465601,5197529
2020-05-22 19:11:51,mainnet,10116883,10116883,0
2020-05-22 19:11:51,kovan,18663146,13465601,5197545
2020-05-22 19:13:13,mainnet,10116897,10116897,0
2020-05-22 19:13:13,kovan,18663163,13465601,5197562
2020-05-22 19:14:35,mainnet,10116903,10116902,1
2020-05-22 19:14:35,kovan,18663180,13465601,5197579
2020-05-22 19:16:00,mainnet,10116910,10116910,0
2020-05-22 19:16:00,kovan,18663197,13465601,5197596
2020-05-22 19:17:23,mainnet,10116917,10116917,0
2020-05-22 19:17:23,kovan,18663213,13465601,5197612
2020-05-22 19:18:48,mainnet,10116924,10116925,-1
2020-05-22 19:18:48,kovan,18663229,13465601,5197628
2020-05-22 19:20:11,mainnet,10116930,10116930,0
2020-05-22 19:20:11,kovan,18663246,13465601,5197645
2020-05-22 19:21:33,mainnet,10116935,10116935,0
2020-05-22 19:21:33,kovan,18663263,13465601,5197662
2020-05-22 19:22:56,mainnet,10116944,10116945,-1
2020-05-22 19:22:56,kovan,18663279,13465601,5197678
2020-05-22 19:24:18,mainnet,10116953,10116953,0
2020-05-22 19:24:18,kovan,18663296,13465601,5197695
2020-05-22 19:25:40,mainnet,10116956,10116956,0
2020-05-22 19:25:40,kovan,18663312,13465601,5197711
2020-05-22 19:27:03,mainnet,10116967,10116967,0
2020-05-22 19:27:03,kovan,18663329,13465601,5197728
2020-05-22 19:28:25,mainnet,10116972,10116972,0
2020-05-22 19:28:25,kovan,18663345,13465601,5197744
2020-05-22 19:29:47,mainnet,10116975,10116975,0
2020-05-22 19:29:47,kovan,18663362,13465601,5197761
2020-05-22 19:31:11,mainnet,10116983,10116983,0
2020-05-22 19:31:11,kovan,18663379,13465601,5197778
2020-05-22 19:32:36,mainnet,10116991,10116991,0
2020-05-22 19:32:36,kovan,18663396,13465601,5197795
2020-05-22 19:34:02,mainnet,10116994,10116994,0
2020-05-22 19:34:02,kovan,18663413,13465601,5197812
2020-05-22 19:35:26,mainnet,10116999,10116999,0
2020-05-22 19:35:26,kovan,18663429,13465601,5197828
2020-05-22 19:36:51,mainnet,10117009,10117009,0
2020-05-22 19:36:51,kovan,18663447,13465601,5197846
2020-05-22 19:38:15,mainnet,10117014,10117014,0
2020-05-22 19:38:15,kovan,18663464,13465601,5197863
2020-05-22 19:39:38,mainnet,10117019,10117019,0
2020-05-22 19:39:38,kovan,18663480,13465601,5197879
2020-05-22 19:41:00,mainnet,10117026,10117026,0
2020-05-22 19:41:00,kovan,18663497,13465601,5197896
2020-05-22 19:42:25,mainnet,10117034,10117034,0
2020-05-22 19:42:25,kovan,18663513,13465601,5197912
2020-05-22 19:43:49,mainnet,10117036,10117036,0
2020-05-22 19:43:49,kovan,18663529,13465601,5197928
2020-05-22 19:45:11,mainnet,10117041,10117041,0
2020-05-22 19:45:11,kovan,18663547,13465601,5197946
2020-05-22 19:46:36,mainnet,10117051,10117051,0
2020-05-22 19:46:36,kovan,18663564,13465601,5197963
2020-05-22 19:48:00,mainnet,10117060,10117060,0
2020-05-22 19:48:00,kovan,18663581,13465601,5197980
2020-05-22 19:49:24,mainnet,10117069,10117068,1
2020-05-22 19:49:24,kovan,18663597,13465601,5197996
2020-05-22 19:50:48,mainnet,10117080,10117078,2
2020-05-22 19:50:48,kovan,18663614,13465601,5198013
2020-05-22 19:52:11,mainnet,10117083,10117083,0
2020-05-22 19:52:11,kovan,18663630,13465601,5198029
2020-05-22 19:53:35,mainnet,10117084,10117084,0
2020-05-22 19:53:35,kovan,18663647,13465601,5198046
2020-05-22 19:54:57,mainnet,10117087,10117087,0
2020-05-22 19:54:57,kovan,18663664,13465601,5198063
2020-05-22 19:56:21,mainnet,10117088,10117088,0
2020-05-22 19:56:21,kovan,18663681,13465601,5198080
2020-05-22 19:57:49,mainnet,10117095,10117095,0
2020-05-22 19:57:49,kovan,18663698,13465601,5198097
2020-05-22 19:59:11,mainnet,10117104,10117104,0
2020-05-22 19:59:11,kovan,18663715,13465601,5198114
2020-05-22 20:00:33,mainnet,10117108,10117108,0
2020-05-22 20:00:33,kovan,18663730,13465601,5198129
2020-05-22 20:01:57,mainnet,10117112,10117112,0
2020-05-22 20:01:57,kovan,18663747,13465601,5198146
2020-05-22 20:03:21,mainnet,10117121,10117120,1
2020-05-22 20:03:21,kovan,18663764,13465601,5198163
2020-05-22 20:04:43,mainnet,10117126,10117126,0
2020-05-22 20:04:43,kovan,18663780,13465601,5198179
2020-05-22 20:06:06,mainnet,10117131,10117131,0
2020-05-22 20:06:06,kovan,18663797,13465601,5198196
2020-05-22 20:07:33,mainnet,10117136,10117136,0
2020-05-22 20:07:33,kovan,18663813,13465601,5198212
2020-05-22 20:08:55,mainnet,10117144,10117144,0
2020-05-22 20:08:55,kovan,18663830,13465601,5198229
2020-05-22 20:10:18,mainnet,10117149,10117149,0
2020-05-22 20:10:18,kovan,18663848,13465601,5198247
2020-05-22 20:11:50,mainnet,10117155,10117154,1
2020-05-22 20:11:50,kovan,18663865,13465601,5198264
2020-05-22 20:13:13,mainnet,10117160,10117160,0
2020-05-22 20:13:13,kovan,18663882,13465601,5198281
2020-05-22 20:14:40,mainnet,10117172,10117171,1
2020-05-22 20:14:40,kovan,18663899,13465601,5198298
2020-05-22 20:16:02,mainnet,10117177,10117177,0
2020-05-22 20:16:02,kovan,18663916,13465601,5198315
2020-05-22 20:17:28,mainnet,10117183,10117183,0
2020-05-22 20:17:28,kovan,18663933,13465601,5198332
2020-05-22 20:18:52,mainnet,10117193,10117193,0
2020-05-22 20:18:52,kovan,18663950,13465601,5198349
2020-05-22 20:20:16,mainnet,10117203,10117203,0
2020-05-22 20:20:16,kovan,18663967,13465601,5198366
2020-05-22 20:21:38,mainnet,10117212,10117211,1
2020-05-22 20:21:38,kovan,18663984,13465601,5198383
2020-05-22 20:23:01,mainnet,10117216,10117216,0
2020-05-22 20:23:01,kovan,18663999,13465601,5198398
2020-05-22 20:24:23,mainnet,10117220,10117220,0
2020-05-22 20:24:23,kovan,18664016,13465601,5198415
2020-05-22 20:25:45,mainnet,10117224,10117224,0
2020-05-22 20:25:45,kovan,18664032,13465601,5198431
2020-05-22 20:27:08,mainnet,10117236,10117234,2
2020-05-22 20:27:08,kovan,18664048,13465601,5198447
2020-05-22 20:28:30,mainnet,10117241,10117241,0
2020-05-22 20:28:30,kovan,18664065,13465601,5198464
2020-05-22 20:29:52,mainnet,10117247,10117247,0
2020-05-22 20:29:52,kovan,18664082,13465601,5198481
2020-05-22 20:31:14,mainnet,10117256,10117256,0
2020-05-22 20:31:14,kovan,18664098,13465601,5198497
2020-05-22 20:32:37,mainnet,10117261,10117261,0
2020-05-22 20:32:37,kovan,18664114,13465601,5198513
2020-05-22 20:34:00,mainnet,10117269,10117269,0
2020-05-22 20:34:00,kovan,18664131,13465601,5198530
2020-05-22 20:35:22,mainnet,10117276,10117276,0
2020-05-22 20:35:22,kovan,18664148,13465601,5198547
2020-05-22 20:36:48,mainnet,10117282,10117282,0
2020-05-22 20:36:48,kovan,18664165,13465601,5198564
2020-05-22 20:38:10,mainnet,10117285,10117284,1
2020-05-22 20:38:10,kovan,18664181,13465601,5198580
2020-05-22 20:39:32,mainnet,10117290,10117289,1
2020-05-22 20:39:32,kovan,18664197,13465601,5198596
2020-05-22 20:40:55,mainnet,10117297,10117297,0
2020-05-22 20:40:55,kovan,18664215,13465601,5198614
2020-05-22 20:42:18,mainnet,10117305,10117304,1
2020-05-22 20:42:18,kovan,18664231,13465601,5198630
2020-05-22 20:43:41,mainnet,10117315,10117314,1
2020-05-22 20:43:41,kovan,18664247,13465601,5198646
2020-05-22 20:45:03,mainnet,10117318,10117316,2
2020-05-22 20:45:03,kovan,18664264,13465601,5198663
2020-05-22 20:46:25,mainnet,10117323,10117323,0
2020-05-22 20:46:25,kovan,18664280,13465601,5198679
2020-05-22 20:47:48,mainnet,10117327,10117327,0
2020-05-22 20:47:48,kovan,18664296,13465601,5198695
2020-05-22 20:49:10,mainnet,10117331,10117331,0
2020-05-22 20:49:10,kovan,18664313,13465601,5198712
2020-05-22 20:50:32,mainnet,10117338,10117338,0
2020-05-22 20:50:32,kovan,18664329,13465601,5198728
2020-05-22 20:51:55,mainnet,10117345,10117345,0
2020-05-22 20:51:55,kovan,18664346,13465601,5198745
2020-05-22 20:53:17,mainnet,10117352,10117352,0
2020-05-22 20:53:17,kovan,18664363,13465601,5198762
2020-05-22 20:54:39,mainnet,10117355,10117355,0
2020-05-22 20:54:39,kovan,18664379,13465601,5198778
2020-05-22 20:56:01,mainnet,10117362,10117361,1
2020-05-22 20:56:01,kovan,18664396,13465601,5198795
2020-05-22 20:57:23,mainnet,10117369,10117368,1
2020-05-22 20:57:23,kovan,18664412,13465601,5198811
2020-05-22 20:58:46,mainnet,10117376,10117376,0
2020-05-22 20:58:46,kovan,18664428,13465601,5198827
2020-05-22 21:00:08,mainnet,10117382,10117382,0
2020-05-22 21:00:08,kovan,18664444,13465601,5198843
2020-05-22 21:01:30,mainnet,10117386,10117386,0
2020-05-22 21:01:30,kovan,18664461,13465601,5198860
2020-05-22 21:02:53,mainnet,10117394,10117394,0
2020-05-22 21:02:53,kovan,18664477,13465601,5198876
2020-05-22 21:04:15,mainnet,10117398,10117398,0
2020-05-22 21:04:15,kovan,18664494,13465601,5198893
2020-05-22 21:05:37,mainnet,10117405,10117405,0
2020-05-22 21:05:37,kovan,18664511,13465601,5198910
2020-05-22 21:06:59,mainnet,10117412,10117412,0
2020-05-22 21:06:59,kovan,18664527,13465601,5198926
2020-05-22 21:08:21,mainnet,10117419,10117419,0
2020-05-22 21:08:21,kovan,18664544,13465601,5198943
2020-05-22 21:09:44,mainnet,10117426,10117425,1
2020-05-22 21:09:44,kovan,18664560,13465601,5198959
2020-05-22 21:11:06,mainnet,10117430,10117430,0
2020-05-22 21:11:06,kovan,18664576,13465601,5198975
2020-05-22 21:12:28,mainnet,10117434,10117434,0
2020-05-22 21:12:28,kovan,18664593,13465601,5198992
2020-05-22 21:13:50,mainnet,10117438,10117438,0
2020-05-22 21:13:50,kovan,18664609,13465601,5199008
2020-05-22 21:15:13,mainnet,10117445,10117445,0
2020-05-22 21:15:13,kovan,18664626,13465601,5199025
2020-05-22 21:16:35,mainnet,10117450,10117450,0
2020-05-22 21:16:35,kovan,18664642,13465601,5199041
2020-05-22 21:17:57,mainnet,10117459,10117459,0
2020-05-22 21:17:57,kovan,18664659,13465601,5199058
2020-05-22 21:19:19,mainnet,10117462,10117462,0
2020-05-22 21:19:19,kovan,18664675,13465601,5199074
2020-05-22 21:20:41,mainnet,10117467,10117467,0
2020-05-22 21:20:41,kovan,18664692,13465601,5199091
2020-05-22 21:22:04,mainnet,10117475,10117474,1
2020-05-22 21:22:04,kovan,18664708,13465601,5199107
2020-05-22 21:23:26,mainnet,10117482,10117482,0
2020-05-22 21:23:26,kovan,18664724,13465601,5199123
2020-05-22 21:24:48,mainnet,10117490,10117490,0
2020-05-22 21:24:48,kovan,18664741,13465601,5199140
2020-05-22 21:26:11,mainnet,10117498,10117498,0
2020-05-22 21:26:11,kovan,18664757,13465601,5199156
2020-05-22 21:27:33,mainnet,10117507,10117507,0
2020-05-22 21:27:33,kovan,18664774,13465601,5199173
2020-05-22 21:28:55,mainnet,10117516,10117516,0
2020-05-22 21:28:55,kovan,18664791,13465601,5199190
2020-05-22 21:30:18,mainnet,10117526,10117526,0
2020-05-22 21:30:18,kovan,18664807,13465601,5199206
2020-05-22 21:31:40,mainnet,10117532,10117532,0
2020-05-22 21:31:40,kovan,18664823,13465601,5199222
2020-05-22 21:33:02,mainnet,10117535,10117535,0
2020-05-22 21:33:02,kovan,18664840,13465601,5199239
2020-05-22 21:34:24,mainnet,10117539,10117540,-1
2020-05-22 21:34:24,kovan,18664856,13465601,5199255
2020-05-22 21:35:46,mainnet,10117545,10117545,0
2020-05-22 21:35:46,kovan,18664872,13465601,5199271
2020-05-22 21:37:08,mainnet,10117552,10117552,0
2020-05-22 21:37:08,kovan,18664889,13465601,5199288
2020-05-22 21:38:31,mainnet,10117559,10117559,0
2020-05-22 21:38:31,kovan,18664905,13465601,5199304
2020-05-22 21:39:53,mainnet,10117564,10117562,2
2020-05-22 21:39:53,kovan,18664922,13465601,5199321
2020-05-22 21:41:15,mainnet,10117572,10117571,1
2020-05-22 21:41:15,kovan,18664938,13465601,5199337
2020-05-22 21:42:38,mainnet,10117580,10117580,0
2020-05-22 21:42:38,kovan,18664955,13465601,5199354
2020-05-22 21:44:01,mainnet,10117587,10117587,0
2020-05-22 21:44:01,kovan,18664972,13465601,5199371
2020-05-22 21:45:23,mainnet,10117594,10117594,0
2020-05-22 21:45:23,kovan,18664988,13465601,5199387
2020-05-22 21:46:46,mainnet,10117602,10117602,0
2020-05-22 21:46:46,kovan,18665004,13465601,5199403
2020-05-22 21:48:08,mainnet,10117608,10117608,0
2020-05-22 21:48:08,kovan,18665020,13465601,5199419
2020-05-22 21:49:31,mainnet,10117615,10117615,0
2020-05-22 21:49:31,kovan,18665037,13465601,5199436
2020-05-22 21:50:53,mainnet,10117621,10117621,0
2020-05-22 21:50:53,kovan,18665054,13465601,5199453
2020-05-22 21:52:15,mainnet,10117624,10117624,0
2020-05-22 21:52:15,kovan,18665070,13465601,5199469
2020-05-22 21:53:37,mainnet,10117631,10117631,0
2020-05-22 21:53:37,kovan,18665086,13465601,5199485
2020-05-22 21:54:59,mainnet,10117638,10117638,0
2020-05-22 21:54:59,kovan,18665103,13465601,5199502
2020-05-22 21:56:21,mainnet,10117648,10117648,0
2020-05-22 21:56:21,kovan,18665120,13465601,5199519
2020-05-22 21:57:43,mainnet,10117654,10117654,0
2020-05-22 21:57:43,kovan,18665136,13465601,5199535
2020-05-22 21:59:05,mainnet,10117658,10117658,0
2020-05-22 21:59:05,kovan,18665152,13465601,5199551
2020-05-22 22:00:28,mainnet,10117663,10117663,0
2020-05-22 22:00:28,kovan,18665167,13465601,5199566
2020-05-22 22:01:51,mainnet,10117669,10117669,0
2020-05-22 22:01:51,kovan,18665184,13465601,5199583
2020-05-22 22:03:14,mainnet,10117676,10117676,0
2020-05-22 22:03:14,kovan,18665201,13465601,5199600
2020-05-22 22:04:36,mainnet,10117683,10117683,0
2020-05-22 22:04:36,kovan,18665218,13465601,5199617
2020-05-22 22:05:59,mainnet,10117685,10117685,0
2020-05-22 22:05:59,kovan,18665234,13465601,5199633
2020-05-22 22:07:23,mainnet,10117691,10117691,0
2020-05-22 22:07:23,kovan,18665251,13465601,5199650
2020-05-22 22:08:45,mainnet,10117697,10117697,0
2020-05-22 22:08:45,kovan,18665267,13465601,5199666
2020-05-22 22:10:08,mainnet,10117700,10117700,0
2020-05-22 22:10:08,kovan,18665283,13465601,5199682
2020-05-22 22:11:30,mainnet,10117705,10117705,0
2020-05-22 22:11:30,kovan,18665300,13465601,5199699
2020-05-22 22:12:53,mainnet,10117711,10117710,1
2020-05-22 22:12:53,kovan,18665317,13465601,5199716
2020-05-22 22:14:16,mainnet,10117719,10117719,0
2020-05-22 22:14:16,kovan,18665333,13465601,5199732
2020-05-22 22:15:38,mainnet,10117725,10117725,0
2020-05-22 22:15:38,kovan,18665351,13465601,5199750
2020-05-22 22:17:02,mainnet,10117733,10117732,1
2020-05-22 22:17:02,kovan,18665367,13465601,5199766
2020-05-22 22:18:28,mainnet,10117737,10117737,0
2020-05-22 22:18:28,kovan,18665384,13465601,5199783
2020-05-22 22:19:51,mainnet,10117742,10117742,0
2020-05-22 22:19:51,kovan,18665400,13465601,5199799
2020-05-22 22:21:13,mainnet,10117746,10117745,1
2020-05-22 22:21:13,kovan,18665417,13465601,5199816
2020-05-22 22:22:36,mainnet,10117752,10117752,0
2020-05-22 22:22:36,kovan,18665433,13465601,5199832
2020-05-22 22:23:58,mainnet,10117759,10117759,0
2020-05-22 22:23:58,kovan,18665450,13465601,5199849
2020-05-22 22:25:20,mainnet,10117763,10117763,0
2020-05-22 22:25:20,kovan,18665467,13465601,5199866
2020-05-22 22:26:43,mainnet,10117771,10117771,0
2020-05-22 22:26:43,kovan,18665483,13465601,5199882
2020-05-22 22:28:06,mainnet,10117778,10117778,0
2020-05-22 22:28:06,kovan,18665499,13465601,5199898
2020-05-22 22:29:28,mainnet,10117781,10117780,1
2020-05-22 22:29:28,kovan,18665515,13465601,5199914
2020-05-22 22:30:50,mainnet,10117786,10117786,0
2020-05-22 22:30:50,kovan,18665532,13465601,5199931
2020-05-22 22:32:12,mainnet,10117791,10117791,0
2020-05-22 22:32:12,kovan,18665548,13465601,5199947
2020-05-22 22:33:34,mainnet,10117803,10117803,0
2020-05-22 22:33:34,kovan,18665565,13465601,5199964
2020-05-22 22:34:57,mainnet,10117811,10117811,0
2020-05-22 22:34:57,kovan,18665582,13465601,5199981
2020-05-22 22:36:19,mainnet,10117815,10117815,0
2020-05-22 22:36:19,kovan,18665598,13465601,5199997
2020-05-22 22:37:41,mainnet,10117822,10117822,0
2020-05-22 22:37:41,kovan,18665614,13465601,5200013
2020-05-22 22:39:03,mainnet,10117825,10117825,0
2020-05-22 22:39:03,kovan,18665631,13465601,5200030
2020-05-22 22:40:25,mainnet,10117829,10117828,1
2020-05-22 22:40:25,kovan,18665647,13465601,5200046
2020-05-22 22:41:47,mainnet,10117833,10117833,0
2020-05-22 22:41:47,kovan,18665663,13465601,5200062
2020-05-22 22:43:09,mainnet,10117839,10117839,0
2020-05-22 22:43:09,kovan,18665680,13465601,5200079
2020-05-22 22:44:31,mainnet,10117843,10117842,1
2020-05-22 22:44:31,kovan,18665696,13465601,5200095
2020-05-22 22:45:53,mainnet,10117849,10117849,0
2020-05-22 22:45:53,kovan,18665713,13465601,5200112
2020-05-22 22:47:16,mainnet,10117855,10117855,0
2020-05-22 22:47:16,kovan,18665730,13465601,5200129
2020-05-22 22:48:38,mainnet,10117862,10117862,0
2020-05-22 22:48:38,kovan,18665746,13465601,5200145
2020-05-22 22:50:00,mainnet,10117871,10117871,0
2020-05-22 22:50:00,kovan,18665763,13465601,5200162
2020-05-22 22:51:22,mainnet,10117878,10117878,0
2020-05-22 22:51:22,kovan,18665779,13465601,5200178
2020-05-22 22:52:45,mainnet,10117885,10117885,0
2020-05-22 22:52:45,kovan,18665795,13465601,5200194
2020-05-22 22:54:07,mainnet,10117894,10117894,0
2020-05-22 22:54:07,kovan,18665811,13465601,5200210
2020-05-22 22:55:29,mainnet,10117900,10117900,0
2020-05-22 22:55:29,kovan,18665828,13465601,5200227
2020-05-22 22:56:52,mainnet,10117906,10117906,0
2020-05-22 22:56:52,kovan,18665844,13465601,5200243
2020-05-22 22:58:14,mainnet,10117914,10117914,0
2020-05-22 22:58:14,kovan,18665861,13465601,5200260
2020-05-22 22:59:36,mainnet,10117919,10117920,-1
2020-05-22 22:59:36,kovan,18665878,13465601,5200277
2020-05-22 23:00:58,mainnet,10117929,10117930,-1
2020-05-22 23:00:58,kovan,18665894,13465601,5200293
2020-05-22 23:02:20,mainnet,10117939,10117939,0
2020-05-22 23:02:20,kovan,18665910,13465601,5200309
2020-05-22 23:03:42,mainnet,10117949,10117949,0
2020-05-22 23:03:42,kovan,18665927,13465601,5200326
2020-05-22 23:05:04,mainnet,10117955,10117956,-1
2020-05-22 23:05:04,kovan,18665943,13465601,5200342
2020-05-22 23:06:26,mainnet,10117964,10117964,0
2020-05-22 23:06:26,kovan,18665959,13465601,5200358
2020-05-22 23:07:50,mainnet,10117971,10117972,-1
2020-05-22 23:07:50,kovan,18665976,13465601,5200375
2020-05-22 23:09:12,mainnet,10117980,10117980,0
2020-05-22 23:09:12,kovan,18665992,13465601,5200391
2020-05-22 23:10:34,mainnet,10117987,10117987,0
2020-05-22 23:10:34,kovan,18666009,13465601,5200408
2020-05-22 23:11:57,mainnet,10117994,10117994,0
2020-05-22 23:11:57,kovan,18666026,13465601,5200425
2020-05-22 23:13:19,mainnet,10118000,10118000,0
2020-05-22 23:13:19,kovan,18666042,13465601,5200441
2020-05-22 23:14:42,mainnet,10118009,10118009,0
2020-05-22 23:14:42,kovan,18666058,13465601,5200457
2020-05-22 23:16:04,mainnet,10118014,10118014,0
2020-05-22 23:16:04,kovan,18666075,13465601,5200474
2020-05-22 23:17:27,mainnet,10118025,10118025,0
2020-05-22 23:17:27,kovan,18666091,13465601,5200490
2020-05-22 23:18:49,mainnet,10118025,10118025,0
2020-05-22 23:18:49,kovan,18666108,13465601,5200507
2020-05-22 23:20:11,mainnet,10118032,10118032,0
2020-05-22 23:20:11,kovan,18666125,13465601,5200524
2020-05-22 23:21:33,mainnet,10118037,10118037,0
2020-05-22 23:21:33,kovan,18666141,13465601,5200540
2020-05-22 23:22:56,mainnet,10118042,10118043,-1
2020-05-22 23:22:56,kovan,18666157,13465601,5200556
2020-05-22 23:24:20,mainnet,10118048,10118048,0
2020-05-22 23:24:20,kovan,18666174,13465601,5200573
2020-05-22 23:25:42,mainnet,10118056,10118056,0
2020-05-22 23:25:42,kovan,18666191,13465601,5200590
2020-05-22 23:27:05,mainnet,10118057,10118057,0
2020-05-22 23:27:05,kovan,18666207,13465601,5200606
2020-05-22 23:28:27,mainnet,10118065,10118066,-1
2020-05-22 23:28:27,kovan,18666223,13465601,5200622
2020-05-22 23:29:49,mainnet,10118070,10118070,0
2020-05-22 23:29:49,kovan,18666240,13465601,5200639
2020-05-22 23:31:12,mainnet,10118077,10118077,0
2020-05-22 23:31:12,kovan,18666257,13465601,5200656
2020-05-22 23:32:35,mainnet,10118085,10118085,0
2020-05-22 23:32:35,kovan,18666273,13465601,5200672
2020-05-22 23:33:57,mainnet,10118092,10118092,0
2020-05-22 23:33:57,kovan,18666290,13465601,5200689
2020-05-22 23:35:20,mainnet,10118099,10118099,0
2020-05-22 23:35:20,kovan,18666307,13465601,5200706
2020-05-22 23:36:46,mainnet,10118105,10118105,0
2020-05-22 23:36:46,kovan,18666323,13465601,5200722
2020-05-22 23:38:09,mainnet,10118110,10118110,0
2020-05-22 23:38:09,kovan,18666341,13465601,5200740
2020-05-22 23:39:35,mainnet,10118115,10118115,0
2020-05-22 23:39:35,kovan,18666357,13465601,5200756
2020-05-22 23:40:57,mainnet,10118121,10118121,0
2020-05-22 23:40:57,kovan,18666374,13465601,5200773
2020-05-22 23:42:23,mainnet,10118123,10118123,0
2020-05-22 23:42:23,kovan,18666391,13465601,5200790
2020-05-22 23:43:45,mainnet,10118127,10118127,0
2020-05-22 23:43:45,kovan,18666407,13465601,5200806
2020-05-22 23:45:09,mainnet,10118130,10118130,0
2020-05-22 23:45:09,kovan,18666424,13465601,5200823
2020-05-22 23:46:34,mainnet,10118134,10118134,0
2020-05-22 23:46:34,kovan,18666441,13465601,5200840
2020-05-22 23:47:57,mainnet,10118137,10118137,0
2020-05-22 23:47:57,kovan,18666458,13465601,5200857
2020-05-22 23:49:21,mainnet,10118142,10118143,-1
2020-05-22 23:49:21,kovan,18666474,13465601,5200873
2020-05-22 23:50:43,mainnet,10118147,10118147,0
2020-05-22 23:50:43,kovan,18666491,13465601,5200890
2020-05-22 23:52:09,mainnet,10118155,10118155,0
2020-05-22 23:52:09,kovan,18666508,13465601,5200907
2020-05-22 23:53:31,mainnet,10118160,10118160,0
2020-05-22 23:53:31,kovan,18666525,13465601,5200924
2020-05-22 23:54:54,mainnet,10118166,10118166,0
2020-05-22 23:54:54,kovan,18666541,13465601,5200940
2020-05-22 23:56:16,mainnet,10118174,10118174,0
2020-05-22 23:56:16,kovan,18666556,13465601,5200955
2020-05-22 23:57:39,mainnet,10118182,10118182,0
2020-05-22 23:57:39,kovan,18666573,13465601,5200972
2020-05-22 23:59:03,mainnet,10118188,10118188,0
2020-05-22 23:59:03,kovan,18666590,13465601,5200989
2020-05-23 00:00:28,mainnet,10118193,10118193,0
2020-05-23 00:00:28,kovan,18666609,13465601,5201008
2020-05-23 00:02:05,mainnet,10118199,10118199,0
2020-05-23 00:02:05,kovan,18666628,13465601,5201027
2020-05-23 00:03:43,mainnet,10118208,10118206,2
2020-05-23 00:03:43,kovan,18666646,13465601,5201045
2020-05-23 00:05:14,mainnet,10118219,10118210,9
2020-05-23 00:05:14,kovan,18666665,13465601,5201064
2020-05-23 00:06:46,mainnet,10118228,10118228,0
2020-05-23 00:06:46,kovan,18666682,13465601,5201081
2020-05-23 00:08:13,mainnet,10118237,10118237,0
2020-05-23 00:08:13,kovan,18666700,13465601,5201099
2020-05-23 00:09:40,mainnet,10118241,10118241,0
2020-05-23 00:09:40,kovan,18666717,13465601,5201116
2020-05-23 00:11:07,mainnet,10118250,10118250,0
2020-05-23 00:11:07,kovan,18666735,13465601,5201134
2020-05-23 00:12:36,mainnet,10118256,10118256,0
2020-05-23 00:12:36,kovan,18666752,13465601,5201151
2020-05-23 00:14:03,mainnet,10118260,10118260,0
2020-05-23 00:14:03,kovan,18666769,13465601,5201168
2020-05-23 00:15:28,mainnet,10118266,10118266,0
2020-05-23 00:15:28,kovan,18666787,13465601,5201186
2020-05-23 00:16:59,mainnet,10118272,10118269,3
2020-05-23 00:16:59,kovan,18666807,13465601,5201206
2020-05-23 00:18:35,mainnet,10118280,10118280,0
2020-05-23 00:18:35,kovan,18666824,13465601,5201223
2020-05-23 00:20:01,mainnet,10118284,10118281,3
2020-05-23 00:20:01,kovan,18666841,13465601,5201240
2020-05-23 00:21:28,mainnet,10118290,10118281,9
2020-05-23 00:21:28,kovan,18666858,13465601,5201257
2020-05-23 00:22:51,mainnet,10118295,10118291,4
2020-05-23 00:22:51,kovan,18666875,13465601,5201274
2020-05-23 00:24:16,mainnet,10118299,10118298,1
2020-05-23 00:24:16,kovan,18666893,13465601,5201292
2020-05-23 00:25:45,mainnet,10118311,10118298,13
2020-05-23 00:25:45,kovan,18666910,13465601,5201309
2020-05-23 00:27:12,mainnet,10118318,10118298,20
2020-05-23 00:27:12,kovan,18666927,13465601,5201326
2020-05-23 00:28:36,mainnet,10118326,10118319,7
2020-05-23 00:28:36,kovan,18666944,13465601,5201343
2020-05-23 00:30:02,mainnet,10118330,10118319,11
2020-05-23 00:30:02,kovan,18666961,13465601,5201360
2020-05-23 00:31:31,mainnet,10118338,10118319,19
2020-05-23 00:31:31,kovan,18666979,13465601,5201378
2020-05-23 00:32:58,mainnet,10118342,10118342,0
2020-05-23 00:32:58,kovan,18666997,13465601,5201396
2020-05-23 00:34:22,mainnet,10118350,10118350,0
2020-05-23 00:34:22,kovan,18667013,13465601,5201412
2020-05-23 00:35:48,mainnet,10118357,10118350,7
2020-05-23 00:35:48,kovan,18667032,13465601,5201431
2020-05-23 00:37:20,mainnet,10118365,10118350,15
2020-05-23 00:37:20,kovan,18667049,13465601,5201448
2020-05-23 00:38:45,mainnet,10118372,10118369,3
2020-05-23 00:38:45,kovan,18667065,13465601,5201464
2020-05-23 00:40:09,mainnet,10118378,10118376,2
2020-05-23 00:40:09,kovan,18667086,13465601,5201485
2020-05-23 00:41:52,mainnet,10118389,10118389,0
2020-05-23 00:41:52,kovan,18667105,13465601,5201504
2020-05-23 00:43:28,mainnet,10118394,10118394,0
2020-05-23 00:43:28,kovan,18667122,13465601,5201521
2020-05-23 00:44:53,mainnet,10118403,10118400,3
2020-05-23 00:44:53,kovan,18667141,13465601,5201540
2020-05-23 00:46:29,mainnet,10118408,10118400,8
2020-05-23 00:46:29,kovan,18667160,13465601,5201559
2020-05-23 00:48:02,mainnet,10118415,10118400,15
2020-05-23 00:48:02,kovan,18667178,13465601,5201577
2020-05-23 00:49:34,mainnet,10118419,10118400,19
2020-05-23 00:49:34,kovan,18667196,13465601,5201595
2020-05-23 00:51:01,mainnet,10118426,10118426,0
2020-05-23 00:51:01,kovan,18667215,13465601,5201614
2020-05-23 00:52:36,mainnet,10118434,10118434,0
2020-05-23 00:52:36,kovan,18667233,13465601,5201632
2020-05-23 00:54:06,mainnet,10118440,10118440,0
2020-05-23 00:54:06,kovan,18667251,13465601,5201650
2020-05-23 00:55:37,mainnet,10118448,10118448,0
2020-05-23 00:55:37,kovan,18667272,13465601,5201671
2020-05-23 00:57:23,mainnet,10118454,10118452,2
2020-05-23 00:57:23,kovan,18667297,13465601,5201696
2020-05-23 00:59:24,mainnet,10118463,10118452,11
2020-05-23 00:59:24,kovan,18667316,13465601,5201715
2020-05-23 01:01:00,mainnet,10118469,10118452,17
2020-05-23 01:01:00,kovan,18667336,13465601,5201735
2020-05-23 01:02:41,mainnet,10118477,10118458,19
2020-05-23 01:02:41,kovan,18667355,13465601,5201754
2020-05-23 01:04:17,mainnet,10118481,10118477,4
2020-05-23 01:04:17,kovan,18667373,13465601,5201772
2020-05-23 01:05:47,mainnet,10118490,10118477,13
2020-05-23 01:05:47,kovan,18667393,13465601,5201792
2020-05-23 01:07:26,mainnet,10118496,10118477,19
2020-05-23 01:07:26,kovan,18667411,13465601,5201810
2020-05-23 01:08:56,mainnet,10118503,10118501,2
2020-05-23 01:08:56,kovan,18667430,13465601,5201829
2020-05-23 01:10:31,mainnet,10118508,10118501,7
2020-05-23 01:10:31,kovan,18667450,13465601,5201849
2020-05-23 01:12:12,mainnet,10118515,10118501,14
2020-05-23 01:12:12,kovan,18667469,13465601,5201868
2020-05-23 01:13:47,mainnet,10118518,10118518,0
2020-05-23 01:13:47,kovan,18667489,13465601,5201888
2020-05-23 01:15:23,mainnet,10118523,10118518,5
2020-05-23 01:15:23,kovan,18667508,13465601,5201907
2020-05-23 01:17:01,mainnet,10118529,10118518,11
2020-05-23 01:17:01,kovan,18667526,13465601,5201925
2020-05-23 01:18:32,mainnet,10118536,10118518,18
2020-05-23 01:18:32,kovan,18667542,13465601,5201941
2020-05-23 01:19:56,mainnet,10118542,10118518,24
2020-05-23 01:19:56,kovan,18667564,13465601,5201963
2020-05-23 01:21:39,mainnet,10118546,10118518,28
2020-05-23 01:21:39,kovan,18667582,13465601,5201981
2020-05-23 01:23:12,mainnet,10118548,10118518,30
2020-05-23 01:23:12,kovan,18667601,13465601,5202000
2020-05-23 01:24:46,mainnet,10118558,10118518,40
2020-05-23 01:24:46,kovan,18667617,13465601,5202016
2020-05-23 01:26:09,mainnet,10118568,10118518,50
2020-05-23 01:26:09,kovan,18667636,13465601,5202035
2020-05-23 01:27:42,mainnet,10118572,10118570,2
2020-05-23 01:27:42,kovan,18667653,13465601,5202052
2020-05-23 01:29:10,mainnet,10118577,10118575,2
2020-05-23 01:29:10,kovan,18667673,13465601,5202072
2020-05-23 01:30:45,mainnet,10118581,10118575,6
2020-05-23 01:30:45,kovan,18667691,13465601,5202090
2020-05-23 01:32:17,mainnet,10118586,10118575,11
2020-05-23 01:32:17,kovan,18667708,13465601,5202107
2020-05-23 01:33:40,mainnet,10118592,10118575,17
2020-05-23 01:33:40,kovan,18667726,13465601,5202125
2020-05-23 01:35:12,mainnet,10118594,10118594,0
2020-05-23 01:35:12,kovan,18667745,13465601,5202144
2020-05-23 01:36:49,mainnet,10118602,10118594,8
2020-05-23 01:36:49,kovan,18667767,13465601,5202166
2020-05-23 01:38:37,mainnet,10118607,10118594,13
2020-05-23 01:38:37,kovan,18667784,13465601,5202183
2020-05-23 01:40:02,mainnet,10118616,10118594,22
2020-05-23 01:40:02,kovan,18667804,13465601,5202203
2020-05-23 01:41:38,mainnet,10118629,10118594,35
2020-05-23 01:41:38,kovan,18667824,13465601,5202223
2020-05-23 01:43:22,mainnet,10118631,10118631,0
2020-05-23 01:43:22,kovan,18667841,13465601,5202240
2020-05-23 01:44:51,mainnet,10118639,10118632,7
2020-05-23 01:44:51,kovan,18667861,13465601,5202260
2020-05-23 01:46:28,mainnet,10118649,10118632,17
2020-05-23 01:46:28,kovan,18667880,13465601,5202279
2020-05-23 01:48:01,mainnet,10118658,10118632,26
2020-05-23 01:48:01,kovan,18667897,13465601,5202296
2020-05-23 01:49:25,mainnet,10118668,10118632,36
2020-05-23 01:49:25,kovan,18667915,13465601,5202314
2020-05-23 01:50:57,mainnet,10118677,10118671,6
2020-05-23 01:50:57,kovan,18667934,13465601,5202333
2020-05-23 01:52:32,mainnet,10118684,10118683,1
2020-05-23 01:52:32,kovan,18667954,13465601,5202353
2020-05-23 01:54:15,mainnet,10118690,10118690,0
2020-05-23 01:54:15,kovan,18667973,13465601,5202372
2020-05-23 01:55:46,mainnet,10118697,10118694,3
2020-05-23 01:55:46,kovan,18667993,13465601,5202392
2020-05-23 01:57:28,mainnet,10118707,10118707,0
2020-05-23 01:57:28,kovan,18668011,13465601,5202410
2020-05-23 01:58:58,mainnet,10118714,10118714,0
2020-05-23 01:58:58,kovan,18668031,13465601,5202430
2020-05-23 02:00:35,mainnet,10118720,10118719,1
2020-05-23 02:00:35,kovan,18668050,13465601,5202449
2020-05-23 02:02:12,mainnet,10118728,10118719,9
2020-05-23 02:02:12,kovan,18668068,13465601,5202467
2020-05-23 02:03:42,mainnet,10118736,10118719,17
2020-05-23 02:03:42,kovan,18668085,13465601,5202484
2020-05-23 02:05:09,mainnet,10118746,10118741,5
2020-05-23 02:05:09,kovan,18668105,13465601,5202504
2020-05-23 02:06:44,mainnet,10118754,10118741,13
2020-05-23 02:06:44,kovan,18668125,13465601,5202524
2020-05-23 02:08:23,mainnet,10118761,10118741,20
2020-05-23 02:08:23,kovan,18668142,13465601,5202541
2020-05-23 02:09:51,mainnet,10118769,10118741,28
2020-05-23 02:09:51,kovan,18668161,13465601,5202560
2020-05-23 02:11:26,mainnet,10118775,10118741,34
2020-05-23 02:11:26,kovan,18668180,13465601,5202579
2020-05-23 02:12:59,mainnet,10118781,10118741,40
2020-05-23 02:12:59,kovan,18668196,13465601,5202595
2020-05-23 02:14:22,mainnet,10118789,10118741,48
2020-05-23 02:14:22,kovan,18668214,13465601,5202613
2020-05-23 02:15:52,mainnet,10118796,10118741,55
2020-05-23 02:15:52,kovan,18668233,13465601,5202632
2020-05-23 02:17:29,mainnet,10118803,10118741,62
2020-05-23 02:17:29,kovan,18668253,13465601,5202652
2020-05-23 02:19:11,mainnet,10118807,10118741,66
2020-05-23 02:19:11,kovan,18668273,13465601,5202672
2020-05-23 02:20:46,mainnet,10118811,10118741,70
2020-05-23 02:20:46,kovan,18668291,13465601,5202690
2020-05-23 02:22:18,mainnet,10118814,10118741,73
2020-05-23 02:22:18,kovan,18668309,13465601,5202708
2020-05-23 02:23:51,mainnet,10118824,10118741,83
2020-05-23 02:23:51,kovan,18668327,13465601,5202726
2020-05-23 02:25:18,mainnet,10118829,10118827,2
2020-05-23 02:25:18,kovan,18668347,13465601,5202746
2020-05-23 02:26:57,mainnet,10118832,10118827,5
2020-05-23 02:26:57,kovan,18668367,13465601,5202766
2020-05-23 02:28:35,mainnet,10118835,10118827,8
2020-05-23 02:28:35,kovan,18668385,13465601,5202784
2020-05-23 02:30:08,mainnet,10118839,10118827,12
2020-05-23 02:30:08,kovan,18668404,13465601,5202803
2020-05-23 02:31:46,mainnet,10118846,10118842,4
2020-05-23 02:31:46,kovan,18668423,13465601,5202822
2020-05-23 02:33:21,mainnet,10118856,10118855,1
2020-05-23 02:33:21,kovan,18668442,13465601,5202841
2020-05-23 02:34:57,mainnet,10118866,10118865,1
2020-05-23 02:34:57,kovan,18668462,13465601,5202861
2020-05-23 02:36:38,mainnet,10118874,10118873,1
2020-05-23 02:36:38,kovan,18668480,13465601,5202879
2020-05-23 02:38:06,mainnet,10118880,10118873,7
2020-05-23 02:38:06,kovan,18668498,13465601,5202897
2020-05-23 02:39:37,mainnet,10118885,10118873,12
2020-05-23 02:39:37,kovan,18668516,13465601,5202915
2020-05-23 02:41:04,mainnet,10118889,10118873,16
2020-05-23 02:41:04,kovan,18668537,13465601,5202936
2020-05-23 02:42:54,mainnet,10118898,10118898,0
2020-05-23 02:42:54,kovan,18668556,13465601,5202955
2020-05-23 02:44:24,mainnet,10118902,10118901,1
2020-05-23 02:44:24,kovan,18668572,13465601,5202971
2020-05-23 02:45:48,mainnet,10118907,10118902,5
2020-05-23 02:45:48,kovan,18668591,13465601,5202990
2020-05-23 02:47:22,mainnet,10118921,10118902,19
2020-05-23 02:47:22,kovan,18668611,13465601,5203010
2020-05-23 02:49:00,mainnet,10118926,10118926,0
2020-05-23 02:49:00,kovan,18668628,13465601,5203027
2020-05-23 02:50:28,mainnet,10118934,10118931,3
2020-05-23 02:50:28,kovan,18668648,13465601,5203047
2020-05-23 02:52:04,mainnet,10118946,10118931,15
2020-05-23 02:52:04,kovan,18668668,13465601,5203067
2020-05-23 02:53:44,mainnet,10118949,10118949,0
2020-05-23 02:53:44,kovan,18668686,13465601,5203085
2020-05-23 02:55:17,mainnet,10118954,10118953,1
2020-05-23 02:55:17,kovan,18668704,13465601,5203103
2020-05-23 02:56:48,mainnet,10118962,10118954,8
2020-05-23 02:56:48,kovan,18668723,13465601,5203122
2020-05-23 02:58:20,mainnet,10118974,10118954,20
2020-05-23 02:58:20,kovan,18668741,13465601,5203140
2020-05-23 02:59:52,mainnet,10118979,10118977,2
2020-05-23 02:59:52,kovan,18668761,13465601,5203160
2020-05-23 03:01:35,mainnet,10118983,10118977,6
2020-05-23 03:01:35,kovan,18668780,13465601,5203179
2020-05-23 03:03:11,mainnet,10118987,10118977,10
2020-05-23 03:03:11,kovan,18668800,13465601,5203199
2020-05-23 03:04:42,mainnet,10118995,10118977,18
2020-05-23 03:04:42,kovan,18668816,13465601,5203215
2020-05-23 03:06:10,mainnet,10119001,10118977,24
2020-05-23 03:06:10,kovan,18668836,13465601,5203235
2020-05-23 03:07:43,mainnet,10119009,10118977,32
2020-05-23 03:07:43,kovan,18668854,13465601,5203253
2020-05-23 03:09:18,mainnet,10119015,10119014,1
2020-05-23 03:09:18,kovan,18668871,13465601,5203270
2020-05-23 03:10:43,mainnet,10119016,10119016,0
2020-05-23 03:10:43,kovan,18668890,13465601,5203289
2020-05-23 03:12:17,mainnet,10119024,10119016,8
2020-05-23 03:12:17,kovan,18668910,13465601,5203309
2020-05-23 03:13:55,mainnet,10119028,10119016,12
2020-05-23 03:13:55,kovan,18668928,13465601,5203327
2020-05-23 03:15:25,mainnet,10119036,10119016,20
2020-05-23 03:15:25,kovan,18668950,13465601,5203349
2020-05-23 03:17:17,mainnet,10119042,10119016,26
2020-05-23 03:17:17,kovan,18668971,13465601,5203370
2020-05-23 03:19:01,mainnet,10119057,10119056,1
2020-05-23 03:19:01,kovan,18668990,13465601,5203389
2020-05-23 03:20:38,mainnet,10119065,10119064,1
2020-05-23 03:20:38,kovan,18669011,13465601,5203410
2020-05-23 03:22:19,mainnet,10119073,10119065,8
2020-05-23 03:22:19,kovan,18669028,13465601,5203427
2020-05-23 03:23:50,mainnet,10119081,10119065,16
2020-05-23 03:23:50,kovan,18669046,13465601,5203445
2020-05-23 03:25:19,mainnet,10119086,10119065,21
2020-05-23 03:25:19,kovan,18669064,13465601,5203463
2020-05-23 03:26:49,mainnet,10119096,10119065,31
2020-05-23 03:26:49,kovan,18669100,13465601,5203499
2020-05-23 03:29:46,mainnet,10119106,10119065,41
2020-05-23 03:29:46,kovan,18669117,13465601,5203516
2020-05-23 03:31:10,mainnet,10119113,10119065,48
2020-05-23 03:31:10,kovan,18669135,13465601,5203534
2020-05-23 03:32:40,mainnet,10119123,10119065,58
2020-05-23 03:32:40,kovan,18669153,13465601,5203552
2020-05-23 03:34:12,mainnet,10119130,10119081,49
2020-05-23 03:34:12,kovan,18669171,13465601,5203570
2020-05-23 03:35:39,mainnet,10119137,10119081,56
2020-05-23 03:35:39,kovan,18669188,13465601,5203587
2020-05-23 03:37:11,mainnet,10119146,10119142,4
2020-05-23 03:37:11,kovan,18669207,13465601,5203606
2020-05-23 03:38:38,mainnet,10119151,10119150,1
2020-05-23 03:38:38,kovan,18669224,13465601,5203623
2020-05-23 03:40:10,mainnet,10119154,10119153,1
2020-05-23 03:40:10,kovan,18669243,13465601,5203642
2020-05-23 03:41:41,mainnet,10119163,10119161,2
2020-05-23 03:41:41,kovan,18669263,13465601,5203662
2020-05-23 03:43:20,mainnet,10119172,10119167,5
2020-05-23 03:43:20,kovan,18669282,13465601,5203681
2020-05-23 03:44:58,mainnet,10119177,10119173,4
2020-05-23 03:44:58,kovan,18669302,13465601,5203701
2020-05-23 03:46:36,mainnet,10119181,10119179,2
2020-05-23 03:46:36,kovan,18669320,13465601,5203719
2020-05-23 03:48:05,mainnet,10119189,10119189,0
2020-05-23 03:48:05,kovan,18669340,13465601,5203739
2020-05-23 03:49:48,mainnet,10119201,10119190,11
2020-05-23 03:49:48,kovan,18669360,13465601,5203759
2020-05-23 03:51:29,mainnet,10119207,10119204,3
2020-05-23 03:51:29,kovan,18669380,13465601,5203779
2020-05-23 03:53:03,mainnet,10119217,10119204,13
2020-05-23 03:53:03,kovan,18669398,13465601,5203797
2020-05-23 03:54:35,mainnet,10119225,10119219,6
2020-05-23 03:54:35,kovan,18669416,13465601,5203815
2020-05-23 03:56:05,mainnet,10119232,10119228,4
2020-05-23 03:56:05,kovan,18669434,13465601,5203833
2020-05-23 03:57:35,mainnet,10119241,10119237,4
2020-05-23 03:57:35,kovan,18669452,13465601,5203851
2020-05-23 03:59:03,mainnet,10119251,10119237,14
2020-05-23 03:59:03,kovan,18669468,13465601,5203867
2020-05-23 04:00:28,mainnet,10119261,10119237,24
2020-05-23 04:00:28,kovan,18669488,13465601,5203887
2020-05-23 04:02:09,mainnet,10119267,10119267,0
2020-05-23 04:02:09,kovan,18669506,13465601,5203905
2020-05-23 04:03:38,mainnet,10119279,10119269,10
2020-05-23 04:03:38,kovan,18669525,13465601,5203924
2020-05-23 04:05:10,mainnet,10119283,10119282,1
2020-05-23 04:05:10,kovan,18669544,13465601,5203943
2020-05-23 04:06:46,mainnet,10119289,10119284,5
2020-05-23 04:06:46,kovan,18669562,13465601,5203961
2020-05-23 04:08:15,mainnet,10119295,10119294,1
2020-05-23 04:08:15,kovan,18669583,13465601,5203982
2020-05-23 04:10:01,mainnet,10119307,10119294,13
2020-05-23 04:10:01,kovan,18669602,13465601,5204001
2020-05-23 04:11:36,mainnet,10119313,10119294,19
2020-05-23 04:11:36,kovan,18669620,13465601,5204019
2020-05-23 04:13:08,mainnet,10119317,10119294,23
2020-05-23 04:13:08,kovan,18669639,13465601,5204038
2020-05-23 04:14:41,mainnet,10119328,10119327,1
2020-05-23 04:14:41,kovan,18669656,13465601,5204055
2020-05-23 04:16:04,mainnet,10119339,10119327,12
2020-05-23 04:16:04,kovan,18669675,13465601,5204074
2020-05-23 04:17:42,mainnet,10119349,10119327,22
2020-05-23 04:17:42,kovan,18669692,13465601,5204091
2020-05-23 04:19:08,mainnet,10119356,10119353,3
2020-05-23 04:19:08,kovan,18669709,13465601,5204108
2020-05-23 04:20:34,mainnet,10119360,10119353,7
2020-05-23 04:20:34,kovan,18669729,13465601,5204128
2020-05-23 04:22:12,mainnet,10119366,10119353,13
2020-05-23 04:22:12,kovan,18669747,13465601,5204146
2020-05-23 04:23:42,mainnet,10119374,10119353,21
2020-05-23 04:23:42,kovan,18669766,13465601,5204165
2020-05-23 04:25:16,mainnet,10119382,10119353,29
2020-05-23 04:25:16,kovan,18669786,13465601,5204185
2020-05-23 04:26:55,mainnet,10119390,10119390,0
2020-05-23 04:26:55,kovan,18669804,13465601,5204203
2020-05-23 04:28:23,mainnet,10119399,10119397,2
2020-05-23 04:28:23,kovan,18669820,13465601,5204219
2020-05-23 04:29:46,mainnet,10119403,10119403,0
2020-05-23 04:29:46,kovan,18669837,13465601,5204236
2020-05-23 04:31:14,mainnet,10119405,10119405,0
2020-05-23 04:31:14,kovan,18669855,13465601,5204254
2020-05-23 04:32:43,mainnet,10119413,10119413,0
2020-05-23 04:32:43,kovan,18669872,13465601,5204271
2020-05-23 04:34:05,mainnet,10119420,10119420,0
2020-05-23 04:34:05,kovan,18669888,13465601,5204287
2020-05-23 04:35:27,mainnet,10119427,10119427,0
2020-05-23 04:35:27,kovan,18669906,13465601,5204305
2020-05-23 04:36:58,mainnet,10119431,10119431,0
2020-05-23 04:36:58,kovan,18669925,13465601,5204324
2020-05-23 04:38:32,mainnet,10119437,10119437,0
2020-05-23 04:38:32,kovan,18669943,13465601,5204342
2020-05-23 04:40:02,mainnet,10119442,10119442,0
2020-05-23 04:40:02,kovan,18669961,13465601,5204360
2020-05-23 04:41:32,mainnet,10119446,10119446,0
2020-05-23 04:41:32,kovan,18669980,13465601,5204379
2020-05-23 04:43:07,mainnet,10119449,10119449,0
2020-05-23 04:43:07,kovan,18669998,13465601,5204397
2020-05-23 04:44:38,mainnet,10119460,10119458,2
2020-05-23 04:44:38,kovan,18670016,13465601,5204415
2020-05-23 04:46:11,mainnet,10119467,10119466,1
2020-05-23 04:46:11,kovan,18670038,13465601,5204437
2020-05-23 04:47:54,mainnet,10119474,10119474,0
2020-05-23 04:47:54,kovan,18670055,13465601,5204454
2020-05-23 04:49:21,mainnet,10119479,10119478,1
2020-05-23 04:49:21,kovan,18670072,13465601,5204471
2020-05-23 04:50:48,mainnet,10119489,10119489,0
2020-05-23 04:50:48,kovan,18670092,13465601,5204491
2020-05-23 04:52:25,mainnet,10119497,10119496,1
2020-05-23 04:52:25,kovan,18670109,13465601,5204508
2020-05-23 04:53:53,mainnet,10119504,10119503,1
2020-05-23 04:53:53,kovan,18670127,13465601,5204526
2020-05-23 04:55:21,mainnet,10119511,10119510,1
2020-05-23 04:55:21,kovan,18670145,13465601,5204544
2020-05-23 04:56:53,mainnet,10119514,10119514,0
2020-05-23 04:56:53,kovan,18670163,13465601,5204562
2020-05-23 04:58:19,mainnet,10119523,10119521,2
2020-05-23 04:58:19,kovan,18670180,13465601,5204579
2020-05-23 04:59:46,mainnet,10119532,10119531,1
2020-05-23 04:59:46,kovan,18670197,13465601,5204596
2020-05-23 05:01:12,mainnet,10119537,10119531,6
2020-05-23 05:01:12,kovan,18670215,13465601,5204614
2020-05-23 05:02:47,mainnet,10119545,10119537,8
2020-05-23 05:02:47,kovan,18670234,13465601,5204633
2020-05-23 05:04:22,mainnet,10119551,10119537,14
2020-05-23 05:04:22,kovan,18670251,13465601,5204650
2020-05-23 05:05:47,mainnet,10119561,10119554,7
2020-05-23 05:05:47,kovan,18670269,13465601,5204668
2020-05-23 05:07:19,mainnet,10119563,10119563,0
2020-05-23 05:07:19,kovan,18670288,13465601,5204687
2020-05-23 05:08:49,mainnet,10119569,10119564,5
2020-05-23 05:08:49,kovan,18670305,13465601,5204704
2020-05-23 05:10:16,mainnet,10119573,10119564,9
2020-05-23 05:10:16,kovan,18670323,13465601,5204722
2020-05-23 05:11:46,mainnet,10119578,10119564,14
2020-05-23 05:11:46,kovan,18670343,13465601,5204742
2020-05-23 05:13:24,mainnet,10119584,10119564,20
2020-05-23 05:13:24,kovan,18670360,13465601,5204759
2020-05-23 05:14:52,mainnet,10119587,10119564,23
2020-05-23 05:14:52,kovan,18670379,13465601,5204778
2020-05-23 05:16:28,mainnet,10119593,10119564,29
2020-05-23 05:16:28,kovan,18670398,13465601,5204797
2020-05-23 05:18:00,mainnet,10119603,10119564,39
2020-05-23 05:18:00,kovan,18670416,13465601,5204815
2020-05-23 05:19:30,mainnet,10119612,10119612,0
2020-05-23 05:19:30,kovan,18670432,13465601,5204831
2020-05-23 05:20:54,mainnet,10119617,10119616,1
2020-05-23 05:20:54,kovan,18670451,13465601,5204850
2020-05-23 05:22:22,mainnet,10119623,10119622,1
2020-05-23 05:22:22,kovan,18670468,13465601,5204867
2020-05-23 05:23:51,mainnet,10119633,10119633,0
2020-05-23 05:23:51,kovan,18670486,13465601,5204885
2020-05-23 05:25:21,mainnet,10119641,10119641,0
2020-05-23 05:25:21,kovan,18670504,13465601,5204903
2020-05-23 05:26:55,mainnet,10119644,10119644,0
2020-05-23 05:26:55,kovan,18670523,13465601,5204922
2020-05-23 05:28:26,mainnet,10119652,10119652,0
2020-05-23 05:28:26,kovan,18670541,13465601,5204940
2020-05-23 05:29:59,mainnet,10119662,10119661,1
2020-05-23 05:29:59,kovan,18670559,13465601,5204958
2020-05-23 05:31:31,mainnet,10119670,10119668,2
2020-05-23 05:31:31,kovan,18670578,13465601,5204977
2020-05-23 05:33:04,mainnet,10119680,10119680,0
2020-05-23 05:33:04,kovan,18670602,13465601,5205001
2020-05-23 05:35:02,mainnet,10119688,10119687,1
2020-05-23 05:35:02,kovan,18670621,13465601,5205020
2020-05-23 05:36:38,mainnet,10119695,10119695,0
2020-05-23 05:36:38,kovan,18670639,13465601,5205038
2020-05-23 05:38:09,mainnet,10119703,10119703,0
2020-05-23 05:38:09,kovan,18670657,13465601,5205056
2020-05-23 05:39:38,mainnet,10119707,10119707,0
2020-05-23 05:39:38,kovan,18670675,13465601,5205074
2020-05-23 05:41:06,mainnet,10119718,10119712,6
2020-05-23 05:41:06,kovan,18670695,13465601,5205094
2020-05-23 05:42:43,mainnet,10119725,10119725,0
2020-05-23 05:42:43,kovan,18670711,13465601,5205110
2020-05-23 05:44:09,mainnet,10119732,10119725,7
2020-05-23 05:44:09,kovan,18670728,13465601,5205127
2020-05-23 05:45:32,mainnet,10119744,10119737,7
2020-05-23 05:45:32,kovan,18670748,13465601,5205147
2020-05-23 05:47:15,mainnet,10119750,10119750,0
2020-05-23 05:47:15,kovan,18670767,13465601,5205166
2020-05-23 05:48:45,mainnet,10119755,10119751,4
2020-05-23 05:48:45,kovan,18670785,13465601,5205184
2020-05-23 05:50:15,mainnet,10119758,10119758,0
2020-05-23 05:50:15,kovan,18670801,13465601,5205200
2020-05-23 05:51:40,mainnet,10119765,10119765,0
2020-05-23 05:51:40,kovan,18670819,13465601,5205218
2020-05-23 05:53:15,mainnet,10119770,10119769,1
2020-05-23 05:53:15,kovan,18670837,13465601,5205236
2020-05-23 05:54:39,mainnet,10119776,10119775,1
2020-05-23 05:54:39,kovan,18670854,13465601,5205253
2020-05-23 05:56:06,mainnet,10119781,10119778,3
2020-05-23 05:56:06,kovan,18670874,13465601,5205273
2020-05-23 05:57:49,mainnet,10119785,10119778,7
2020-05-23 05:57:49,kovan,18670892,13465601,5205291
2020-05-23 05:59:16,mainnet,10119791,10119790,1
2020-05-23 05:59:16,kovan,18670910,13465601,5205309
2020-05-23 06:00:48,mainnet,10119800,10119790,10
2020-05-23 06:00:48,kovan,18670928,13465601,5205327
2020-05-23 06:02:19,mainnet,10119810,10119790,20
2020-05-23 06:02:19,kovan,18670946,13465601,5205345
2020-05-23 06:03:43,mainnet,10119817,10119813,4
2020-05-23 06:03:43,kovan,18670962,13465601,5205361
2020-05-23 06:05:06,mainnet,10119827,10119823,4
2020-05-23 06:05:06,kovan,18670984,13465601,5205383
2020-05-23 06:06:54,mainnet,10119835,10119823,12
2020-05-23 06:06:54,kovan,18671002,13465601,5205401
2020-05-23 06:08:24,mainnet,10119838,10119838,0
2020-05-23 06:08:24,kovan,18671018,13465601,5205417
2020-05-23 06:09:51,mainnet,10119843,10119842,1
2020-05-23 06:09:51,kovan,18671037,13465601,5205436
2020-05-23 06:11:22,mainnet,10119848,10119842,6
2020-05-23 06:11:22,kovan,18671056,13465601,5205455
2020-05-23 06:12:57,mainnet,10119856,10119842,14
2020-05-23 06:12:57,kovan,18671075,13465601,5205474
2020-05-23 06:14:33,mainnet,10119864,10119842,22
2020-05-23 06:14:33,kovan,18671094,13465601,5205493
2020-05-23 06:16:05,mainnet,10119872,10119842,30
2020-05-23 06:16:05,kovan,18671114,13465601,5205513
2020-05-23 06:17:47,mainnet,10119879,10119842,37
2020-05-23 06:17:47,kovan,18671131,13465601,5205530
2020-05-23 06:19:10,mainnet,10119885,10119882,3
2020-05-23 06:19:10,kovan,18671149,13465601,5205548
2020-05-23 06:20:41,mainnet,10119894,10119888,6
2020-05-23 06:20:41,kovan,18671168,13465601,5205567
2020-05-23 06:22:16,mainnet,10119897,10119888,9
2020-05-23 06:22:16,kovan,18671186,13465601,5205585
2020-05-23 06:23:46,mainnet,10119902,10119902,0
2020-05-23 06:23:46,kovan,18671203,13465601,5205602
2020-05-23 06:25:15,mainnet,10119913,10119912,1
2020-05-23 06:25:15,kovan,18671222,13465601,5205621
2020-05-23 06:26:49,mainnet,10119919,10119916,3
2020-05-23 06:26:49,kovan,18671240,13465601,5205639
2020-05-23 06:28:14,mainnet,10119926,10119926,0
2020-05-23 06:28:14,kovan,18671258,13465601,5205657
2020-05-23 06:29:45,mainnet,10119935,10119936,-1
2020-05-23 06:29:45,kovan,18671274,13465601,5205673
2020-05-23 06:31:09,mainnet,10119940,10119939,1
2020-05-23 06:31:09,kovan,18671293,13465601,5205692
2020-05-23 06:32:41,mainnet,10119948,10119945,3
2020-05-23 06:32:41,kovan,18671311,13465601,5205710
2020-05-23 06:34:11,mainnet,10119955,10119955,0
2020-05-23 06:34:11,kovan,18671330,13465601,5205729
2020-05-23 06:35:44,mainnet,10119960,10119960,0
2020-05-23 06:35:44,kovan,18671349,13465601,5205748
2020-05-23 06:37:23,mainnet,10119970,10119969,1
2020-05-23 06:37:23,kovan,18671367,13465601,5205766
2020-05-23 06:38:53,mainnet,10119981,10119979,2
2020-05-23 06:38:53,kovan,18671385,13465601,5205784
2020-05-23 06:40:21,mainnet,10119986,10119986,0
2020-05-23 06:40:21,kovan,18671405,13465601,5205804
2020-05-23 06:42:01,mainnet,10119995,10119995,0
2020-05-23 06:42:01,kovan,18671423,13465601,5205822
2020-05-23 06:43:33,mainnet,10120003,10120003,0
2020-05-23 06:43:33,kovan,18671442,13465601,5205841
2020-05-23 06:45:09,mainnet,10120008,10120008,0
2020-05-23 06:45:09,kovan,18671460,13465601,5205859
2020-05-23 06:46:36,mainnet,10120014,10120013,1
2020-05-23 06:46:36,kovan,18671478,13465601,5205877
2020-05-23 06:48:06,mainnet,10120021,10120020,1
2020-05-23 06:48:06,kovan,18671497,13465601,5205896
2020-05-23 06:49:40,mainnet,10120029,10120029,0
2020-05-23 06:49:40,kovan,18671514,13465601,5205913
2020-05-23 06:51:05,mainnet,10120036,10120036,0
2020-05-23 06:51:05,kovan,18671532,13465601,5205931
2020-05-23 06:52:38,mainnet,10120041,10120041,0
2020-05-23 06:52:38,kovan,18671549,13465601,5205948
2020-05-23 06:54:00,mainnet,10120046,10120046,0
2020-05-23 06:54:00,kovan,18671566,13465601,5205965
2020-05-23 06:55:26,mainnet,10120049,10120049,0
2020-05-23 06:55:26,kovan,18671586,13465601,5205985
2020-05-23 06:57:04,mainnet,10120057,10120057,0
2020-05-23 06:57:04,kovan,18671603,13465601,5206002
2020-05-23 06:58:33,mainnet,10120063,10120063,0
2020-05-23 06:58:33,kovan,18671621,13465601,5206020
2020-05-23 06:59:59,mainnet,10120075,10120072,3
2020-05-23 06:59:59,kovan,18671639,13465601,5206038
2020-05-23 07:01:36,mainnet,10120083,10120082,1
2020-05-23 07:01:36,kovan,18671658,13465601,5206057
2020-05-23 07:03:07,mainnet,10120093,10120093,0
2020-05-23 07:03:07,kovan,18671675,13465601,5206074
2020-05-23 07:04:32,mainnet,10120098,10120098,0
2020-05-23 07:04:32,kovan,18671692,13465601,5206091
2020-05-23 07:05:56,mainnet,10120104,10120103,1
2020-05-23 07:05:56,kovan,18671710,13465601,5206109
2020-05-23 07:07:26,mainnet,10120111,10120110,1
2020-05-23 07:07:26,kovan,18671727,13465601,5206126
2020-05-23 07:08:53,mainnet,10120118,10120118,0
2020-05-23 07:08:53,kovan,18671745,13465601,5206144
2020-05-23 07:10:21,mainnet,10120121,10120121,0
2020-05-23 07:10:21,kovan,18671763,13465601,5206162
2020-05-23 07:11:53,mainnet,10120128,10120128,0
2020-05-23 07:11:53,kovan,18671781,13465601,5206180
2020-05-23 07:13:23,mainnet,10120135,10120135,0
2020-05-23 07:13:23,kovan,18671801,13465601,5206200
2020-05-23 07:14:59,mainnet,10120141,10120141,0
2020-05-23 07:14:59,kovan,18671819,13465601,5206218
2020-05-23 07:16:32,mainnet,10120144,10120145,-1
2020-05-23 07:16:32,kovan,18671838,13465601,5206237
2020-05-23 07:18:06,mainnet,10120155,10120155,0
2020-05-23 07:18:06,kovan,18671856,13465601,5206255
2020-05-23 07:19:37,mainnet,10120167,10120167,0
2020-05-23 07:19:37,kovan,18671874,13465601,5206273
2020-05-23 07:21:11,mainnet,10120177,10120173,4
2020-05-23 07:21:11,kovan,18671894,13465601,5206293
2020-05-23 07:22:45,mainnet,10120182,10120173,9
2020-05-23 07:22:45,kovan,18671911,13465601,5206310
2020-05-23 07:24:14,mainnet,10120192,10120173,19
2020-05-23 07:24:14,kovan,18671930,13465601,5206329
2020-05-23 07:25:45,mainnet,10120202,10120200,2
2020-05-23 07:25:45,kovan,18671949,13465601,5206348
2020-05-23 07:27:20,mainnet,10120211,10120211,0
2020-05-23 07:27:20,kovan,18671967,13465601,5206366
2020-05-23 07:28:53,mainnet,10120214,10120214,0
2020-05-23 07:28:53,kovan,18671985,13465601,5206384
2020-05-23 07:30:19,mainnet,10120223,10120216,7
2020-05-23 07:30:19,kovan,18672005,13465601,5206404
2020-05-23 07:32:02,mainnet,10120231,10120216,15
2020-05-23 07:32:02,kovan,18672023,13465601,5206422
2020-05-23 07:33:31,mainnet,10120238,10120238,0
2020-05-23 07:33:31,kovan,18672042,13465601,5206441
2020-05-23 07:35:08,mainnet,10120244,10120243,1
2020-05-23 07:35:08,kovan,18672063,13465601,5206462
2020-05-23 07:36:53,mainnet,10120248,10120243,5
2020-05-23 07:36:53,kovan,18672079,13465601,5206478
2020-05-23 07:38:15,mainnet,10120255,10120243,12
2020-05-23 07:38:15,kovan,18672097,13465601,5206496
2020-05-23 07:39:43,mainnet,10120260,10120250,10
2020-05-23 07:39:43,kovan,18672119,13465601,5206518
2020-05-23 07:41:30,mainnet,10120268,10120261,7
2020-05-23 07:41:30,kovan,18672138,13465601,5206537
2020-05-23 07:43:09,mainnet,10120275,10120274,1
2020-05-23 07:43:09,kovan,18672156,13465601,5206555
2020-05-23 07:44:39,mainnet,10120281,10120278,3
2020-05-23 07:44:39,kovan,18672175,13465601,5206574
2020-05-23 07:46:10,mainnet,10120288,10120285,3
2020-05-23 07:46:10,kovan,18672194,13465601,5206593
2020-05-23 07:47:49,mainnet,10120298,10120285,13
2020-05-23 07:47:49,kovan,18672212,13465601,5206611
2020-05-23 07:49:14,mainnet,10120304,10120303,1
2020-05-23 07:49:14,kovan,18672229,13465601,5206628
2020-05-23 07:50:40,mainnet,10120309,10120308,1
2020-05-23 07:50:40,kovan,18672248,13465601,5206647
2020-05-23 07:52:16,mainnet,10120316,10120316,0
2020-05-23 07:52:16,kovan,18672266,13465601,5206665
2020-05-23 07:53:48,mainnet,10120324,10120324,0
2020-05-23 07:53:48,kovan,18672286,13465601,5206685
2020-05-23 07:55:23,mainnet,10120335,10120335,0
2020-05-23 07:55:23,kovan,18672304,13465601,5206703
2020-05-23 07:56:57,mainnet,10120339,10120337,2
2020-05-23 07:56:57,kovan,18672322,13465601,5206721
2020-05-23 07:58:28,mainnet,10120348,10120348,0
2020-05-23 07:58:28,kovan,18672339,13465601,5206738
2020-05-23 07:59:52,mainnet,10120356,10120356,0
2020-05-23 07:59:52,kovan,18672358,13465601,5206757
2020-05-23 08:01:25,mainnet,10120362,10120357,5
2020-05-23 08:01:25,kovan,18672376,13465601,5206775
2020-05-23 08:02:58,mainnet,10120365,10120365,0
2020-05-23 08:02:58,kovan,18672394,13465601,5206793
2020-05-23 08:04:29,mainnet,10120375,10120375,0
2020-05-23 08:04:29,kovan,18672413,13465601,5206812
2020-05-23 08:05:59,mainnet,10120384,10120376,8
2020-05-23 08:05:59,kovan,18672430,13465601,5206829
2020-05-23 08:07:29,mainnet,10120392,10120391,1
2020-05-23 08:07:29,kovan,18672450,13465601,5206849
2020-05-23 08:09:08,mainnet,10120398,10120398,0
2020-05-23 08:09:08,kovan,18672468,13465601,5206867
2020-05-23 08:10:37,mainnet,10120404,10120404,0
2020-05-23 08:10:37,kovan,18672486,13465601,5206885
2020-05-23 08:12:10,mainnet,10120418,10120405,13
2020-05-23 08:12:10,kovan,18672503,13465601,5206902
2020-05-23 08:13:33,mainnet,10120425,10120405,20
2020-05-23 08:13:33,kovan,18672522,13465601,5206921
2020-05-23 08:15:09,mainnet,10120430,10120429,1
2020-05-23 08:15:09,kovan,18672540,13465601,5206939
2020-05-23 08:16:38,mainnet,10120434,10120432,2
2020-05-23 08:16:38,kovan,18672558,13465601,5206957
2020-05-23 08:18:04,mainnet,10120443,10120443,0
2020-05-23 08:18:04,kovan,18672575,13465601,5206974
2020-05-23 08:19:32,mainnet,10120450,10120447,3
2020-05-23 08:19:32,kovan,18672593,13465601,5206992
2020-05-23 08:21:02,mainnet,10120462,10120455,7
2020-05-23 08:21:02,kovan,18672613,13465601,5207012
2020-05-23 08:22:42,mainnet,10120470,10120455,15
2020-05-23 08:22:42,kovan,18672632,13465601,5207031
2020-05-23 08:24:18,mainnet,10120478,10120478,0
2020-05-23 08:24:18,kovan,18672650,13465601,5207049
2020-05-23 08:25:46,mainnet,10120488,10120487,1
2020-05-23 08:25:46,kovan,18672670,13465601,5207069
2020-05-23 08:27:24,mainnet,10120497,10120496,1
2020-05-23 08:27:24,kovan,18672689,13465601,5207088
2020-05-23 08:29:02,mainnet,10120504,10120504,0
2020-05-23 08:29:02,kovan,18672706,13465601,5207105
2020-05-23 08:30:24,mainnet,10120507,10120507,0
2020-05-23 08:30:24,kovan,18672725,13465601,5207124
2020-05-23 08:32:00,mainnet,10120514,10120514,0
2020-05-23 08:32:00,kovan,18672742,13465601,5207141
2020-05-23 08:33:30,mainnet,10120519,10120519,0
2020-05-23 08:33:30,kovan,18672761,13465601,5207160
2020-05-23 08:35:01,mainnet,10120527,10120521,6
2020-05-23 08:35:01,kovan,18672780,13465601,5207179
2020-05-23 08:36:36,mainnet,10120536,10120521,15
2020-05-23 08:36:36,kovan,18672798,13465601,5207197
2020-05-23 08:38:08,mainnet,10120541,10120541,0
2020-05-23 08:38:08,kovan,18672815,13465601,5207214
2020-05-23 08:39:33,mainnet,10120547,10120543,4
2020-05-23 08:39:33,kovan,18672833,13465601,5207232
2020-05-23 08:41:00,mainnet,10120552,10120543,9
2020-05-23 08:41:00,kovan,18672851,13465601,5207250
2020-05-23 08:42:32,mainnet,10120559,10120559,0
2020-05-23 08:42:32,kovan,18672869,13465601,5207268
2020-05-23 08:44:02,mainnet,10120562,10120562,0
2020-05-23 08:44:02,kovan,18672887,13465601,5207286
2020-05-23 08:45:34,mainnet,10120568,10120567,1
2020-05-23 08:45:34,kovan,18672907,13465601,5207306
2020-05-23 08:47:11,mainnet,10120575,10120575,0
2020-05-23 08:47:11,kovan,18672925,13465601,5207324
2020-05-23 08:48:42,mainnet,10120579,10120579,0
2020-05-23 08:48:42,kovan,18672942,13465601,5207341
2020-05-23 08:50:06,mainnet,10120583,10120582,1
2020-05-23 08:50:06,kovan,18672960,13465601,5207359
2020-05-23 08:51:37,mainnet,10120592,10120591,1
2020-05-23 08:51:37,kovan,18672980,13465601,5207379
2020-05-23 08:53:17,mainnet,10120601,10120592,9
2020-05-23 08:53:17,kovan,18673000,13465601,5207399
2020-05-23 08:54:55,mainnet,10120610,10120592,18
2020-05-23 08:54:55,kovan,18673019,13465601,5207418
2020-05-23 08:56:30,mainnet,10120621,10120592,29
2020-05-23 08:56:30,kovan,18673038,13465601,5207437
2020-05-23 08:58:06,mainnet,10120627,10120627,0
2020-05-23 08:58:06,kovan,18673055,13465601,5207454
2020-05-23 08:59:34,mainnet,10120633,10120633,0
2020-05-23 08:59:34,kovan,18673073,13465601,5207472
2020-05-23 09:01:01,mainnet,10120642,10120642,0
2020-05-23 09:01:01,kovan,18673091,13465601,5207490
2020-05-23 09:02:38,mainnet,10120647,10120645,2
2020-05-23 09:02:38,kovan,18673109,13465601,5207508
2020-05-23 09:04:07,mainnet,10120652,10120649,3
2020-05-23 09:04:07,kovan,18673126,13465601,5207525
2020-05-23 09:05:32,mainnet,10120658,10120658,0
2020-05-23 09:05:32,kovan,18673148,13465601,5207547
2020-05-23 09:07:19,mainnet,10120668,10120666,2
2020-05-23 09:07:19,kovan,18673165,13465601,5207564
2020-05-23 09:08:43,mainnet,10120677,10120676,1
2020-05-23 09:08:43,kovan,18673181,13465601,5207580
2020-05-23 09:10:06,mainnet,10120683,10120683,0
2020-05-23 09:10:06,kovan,18673198,13465601,5207597
2020-05-23 09:11:30,mainnet,10120689,10120685,4
2020-05-23 09:11:30,kovan,18673217,13465601,5207616
2020-05-23 09:13:03,mainnet,10120696,10120692,4
2020-05-23 09:13:03,kovan,18673233,13465601,5207632
2020-05-23 09:14:30,mainnet,10120704,10120692,12
2020-05-23 09:14:30,kovan,18673253,13465601,5207652
2020-05-23 09:16:08,mainnet,10120713,10120710,3
2020-05-23 09:16:08,kovan,18673273,13465601,5207672
2020-05-23 09:17:48,mainnet,10120717,10120716,1
2020-05-23 09:17:48,kovan,18673291,13465601,5207690
2020-05-23 09:19:15,mainnet,10120724,10120719,5
2020-05-23 09:19:15,kovan,18673308,13465601,5207707
2020-05-23 09:20:39,mainnet,10120734,10120719,15
2020-05-23 09:20:39,kovan,18673328,13465601,5207727
2020-05-23 09:22:21,mainnet,10120740,10120736,4
2020-05-23 09:22:21,kovan,18673345,13465601,5207744
2020-05-23 09:23:49,mainnet,10120748,10120736,12
2020-05-23 09:23:49,kovan,18673363,13465601,5207762
2020-05-23 09:25:19,mainnet,10120757,10120744,13
2020-05-23 09:25:19,kovan,18673380,13465601,5207779
2020-05-23 09:26:42,mainnet,10120763,10120744,19
2020-05-23 09:26:42,kovan,18673397,13465601,5207796
2020-05-23 09:28:10,mainnet,10120766,10120765,1
2020-05-23 09:28:10,kovan,18673416,13465601,5207815
2020-05-23 09:29:38,mainnet,10120773,10120767,6
2020-05-23 09:29:38,kovan,18673432,13465601,5207831
2020-05-23 09:31:01,mainnet,10120778,10120776,2
2020-05-23 09:31:01,kovan,18673451,13465601,5207850
2020-05-23 09:32:37,mainnet,10120786,10120776,10
2020-05-23 09:32:37,kovan,18673469,13465601,5207868
2020-05-23 09:34:02,mainnet,10120792,10120790,2
2020-05-23 09:34:02,kovan,18673485,13465601,5207884
2020-05-23 09:35:25,mainnet,10120797,10120797,0
2020-05-23 09:35:25,kovan,18673502,13465601,5207901
2020-05-23 09:36:52,mainnet,10120802,10120798,4
2020-05-23 09:36:52,kovan,18673520,13465601,5207919
2020-05-23 09:38:23,mainnet,10120804,10120798,6
2020-05-23 09:38:23,kovan,18673539,13465601,5207938
2020-05-23 09:39:56,mainnet,10120813,10120811,2
2020-05-23 09:39:56,kovan,18673555,13465601,5207954
2020-05-23 09:41:18,mainnet,10120816,10120814,2
2020-05-23 09:41:18,kovan,18673574,13465601,5207973
2020-05-23 09:42:51,mainnet,10120823,10120817,6
2020-05-23 09:42:51,kovan,18673592,13465601,5207991
2020-05-23 09:44:22,mainnet,10120829,10120829,0
2020-05-23 09:44:22,kovan,18673609,13465601,5208008
2020-05-23 09:45:44,mainnet,10120834,10120834,0
2020-05-23 09:45:44,kovan,18673628,13465601,5208027
2020-05-23 09:47:22,mainnet,10120844,10120844,0
2020-05-23 09:47:22,kovan,18673645,13465601,5208044
2020-05-23 09:48:49,mainnet,10120852,10120844,8
2020-05-23 09:48:49,kovan,18673662,13465601,5208061
2020-05-23 09:50:15,mainnet,10120856,10120844,12
2020-05-23 09:50:15,kovan,18673680,13465601,5208079
2020-05-23 09:51:40,mainnet,10120864,10120844,20
2020-05-23 09:51:40,kovan,18673700,13465601,5208099
2020-05-23 09:53:21,mainnet,10120873,10120844,29
2020-05-23 09:53:21,kovan,18673717,13465601,5208116
2020-05-23 09:54:49,mainnet,10120884,10120844,40
2020-05-23 09:54:49,kovan,18673736,13465601,5208135
2020-05-23 09:56:21,mainnet,10120889,10120886,3
2020-05-23 09:56:21,kovan,18673756,13465601,5208155
2020-05-23 09:57:58,mainnet,10120893,10120886,7
2020-05-23 09:57:58,kovan,18673775,13465601,5208174
2020-05-23 09:59:37,mainnet,10120899,10120886,13
2020-05-23 09:59:37,kovan,18673793,13465601,5208192
2020-05-23 10:01:06,mainnet,10120904,10120904,0
2020-05-23 10:01:06,kovan,18673812,13465601,5208211
2020-05-23 10:02:41,mainnet,10120912,10120906,6
2020-05-23 10:02:41,kovan,18673829,13465601,5208228
2020-05-23 10:04:09,mainnet,10120920,10120906,14
2020-05-23 10:04:09,kovan,18673847,13465601,5208246
2020-05-23 10:05:38,mainnet,10120929,10120927,2
2020-05-23 10:05:38,kovan,18673867,13465601,5208266
2020-05-23 10:07:15,mainnet,10120938,10120932,6
2020-05-23 10:07:15,kovan,18673885,13465601,5208284
2020-05-23 10:08:47,mainnet,10120944,10120940,4
2020-05-23 10:08:47,kovan,18673903,13465601,5208302
2020-05-23 10:10:17,mainnet,10120951,10120940,11
2020-05-23 10:10:17,kovan,18673924,13465601,5208323
2020-05-23 10:12:00,mainnet,10120960,10120956,4
2020-05-23 10:12:00,kovan,18673941,13465601,5208340
2020-05-23 10:13:26,mainnet,10120965,10120964,1
2020-05-23 10:13:26,kovan,18673959,13465601,5208358
2020-05-23 10:14:55,mainnet,10120977,10120977,0
2020-05-23 10:14:55,kovan,18673976,13465601,5208375
2020-05-23 10:16:20,mainnet,10120981,10120980,1
2020-05-23 10:16:20,kovan,18673992,13465601,5208391
2020-05-23 10:17:43,mainnet,10120989,10120983,6
2020-05-23 10:17:43,kovan,18674013,13465601,5208412
2020-05-23 10:19:24,mainnet,10120993,10120993,0
2020-05-23 10:19:24,kovan,18674029,13465601,5208428
2020-05-23 10:20:48,mainnet,10120996,10120996,0
2020-05-23 10:20:48,kovan,18674049,13465601,5208448
2020-05-23 10:22:24,mainnet,10121000,10121000,0
2020-05-23 10:22:24,kovan,18674067,13465601,5208466
2020-05-23 10:23:58,mainnet,10121009,10121001,8
2020-05-23 10:23:58,kovan,18674084,13465601,5208483
2020-05-23 10:25:20,mainnet,10121016,10121001,15
2020-05-23 10:25:20,kovan,18674105,13465601,5208504
2020-05-23 10:27:06,mainnet,10121024,10121024,0
2020-05-23 10:27:06,kovan,18674121,13465601,5208520
2020-05-23 10:28:30,mainnet,10121032,10121030,2
2020-05-23 10:28:30,kovan,18674139,13465601,5208538
2020-05-23 10:29:56,mainnet,10121038,10121035,3
2020-05-23 10:29:56,kovan,18674156,13465601,5208555
2020-05-23 10:31:20,mainnet,10121044,10121035,9
2020-05-23 10:31:20,kovan,18674173,13465601,5208572
2020-05-23 10:32:50,mainnet,10121048,10121035,13
2020-05-23 10:32:50,kovan,18674191,13465601,5208590
2020-05-23 10:34:17,mainnet,10121054,10121053,1
2020-05-23 10:34:17,kovan,18674208,13465601,5208607
2020-05-23 10:35:41,mainnet,10121060,10121054,6
2020-05-23 10:35:41,kovan,18674227,13465601,5208626
2020-05-23 10:37:15,mainnet,10121073,10121070,3
2020-05-23 10:37:15,kovan,18674244,13465601,5208643
2020-05-23 10:38:39,mainnet,10121086,10121073,13
2020-05-23 10:38:39,kovan,18674262,13465601,5208661
2020-05-23 10:40:12,mainnet,10121091,10121073,18
2020-05-23 10:40:12,kovan,18674279,13465601,5208678
2020-05-23 10:41:36,mainnet,10121098,10121073,25
2020-05-23 10:41:36,kovan,18674297,13465601,5208696
2020-05-23 10:43:06,mainnet,10121103,10121073,30
2020-05-23 10:43:06,kovan,18674313,13465601,5208712
2020-05-23 10:44:30,mainnet,10121112,10121073,39
2020-05-23 10:44:30,kovan,18674330,13465601,5208729
2020-05-23 10:45:53,mainnet,10121119,10121073,46
2020-05-23 10:45:53,kovan,18674349,13465601,5208748
2020-05-23 10:47:25,mainnet,10121123,10121073,50
2020-05-23 10:47:25,kovan,18674365,13465601,5208764
2020-05-23 10:48:48,mainnet,10121129,10121073,56
2020-05-23 10:48:48,kovan,18674382,13465601,5208781
2020-05-23 10:50:10,mainnet,10121131,10121073,58
2020-05-23 10:50:10,kovan,18674399,13465601,5208798
2020-05-23 10:51:36,mainnet,10121137,10121073,64
2020-05-23 10:51:36,kovan,18674420,13465601,5208819
2020-05-23 10:53:19,mainnet,10121143,10121073,70
2020-05-23 10:53:19,kovan,18674437,13465601,5208836
2020-05-23 10:54:50,mainnet,10121151,10121073,78
2020-05-23 10:54:50,kovan,18674457,13465601,5208856
2020-05-23 10:56:27,mainnet,10121160,10121158,2
2020-05-23 10:56:27,kovan,18674477,13465601,5208876
2020-05-23 10:58:01,mainnet,10121168,10121160,8
2020-05-23 10:58:01,kovan,18674494,13465601,5208893
2020-05-23 10:59:32,mainnet,10121174,10121169,5
2020-05-23 10:59:32,kovan,18674511,13465601,5208910
2020-05-23 11:00:59,mainnet,10121181,10121174,7
2020-05-23 11:00:59,kovan,18674529,13465601,5208928
2020-05-23 11:02:29,mainnet,10121187,10121186,1
2020-05-23 11:02:29,kovan,18674547,13465601,5208946
2020-05-23 11:03:57,mainnet,10121194,10121186,8
2020-05-23 11:03:57,kovan,18674564,13465601,5208963
2020-05-23 11:05:20,mainnet,10121202,10121186,16
2020-05-23 11:05:20,kovan,18674580,13465601,5208979
2020-05-23 11:06:42,mainnet,10121206,10121186,20
2020-05-23 11:06:42,kovan,18674596,13465601,5208995
2020-05-23 11:08:05,mainnet,10121211,10121186,25
2020-05-23 11:08:05,kovan,18674613,13465601,5209012
2020-05-23 11:09:27,mainnet,10121216,10121186,30
2020-05-23 11:09:27,kovan,18674629,13465601,5209028
2020-05-23 11:10:49,mainnet,10121226,10121186,40
2020-05-23 11:10:49,kovan,18674647,13465601,5209046
2020-05-23 11:12:16,mainnet,10121230,10121186,44
2020-05-23 11:12:16,kovan,18674663,13465601,5209062
2020-05-23 11:13:38,mainnet,10121235,10121186,49
2020-05-23 11:13:38,kovan,18674680,13465601,5209079
2020-05-23 11:15:00,mainnet,10121243,10121186,57
2020-05-23 11:15:00,kovan,18674697,13465601,5209096
2020-05-23 11:16:24,mainnet,10121248,10121186,62
2020-05-23 11:16:24,kovan,18674713,13465601,5209112
2020-05-23 11:17:50,mainnet,10121257,10121186,71
2020-05-23 11:17:50,kovan,18674730,13465601,5209129
2020-05-23 11:19:12,mainnet,10121260,10121186,74
2020-05-23 11:19:12,kovan,18674747,13465601,5209146
2020-05-23 11:20:36,mainnet,10121267,10121186,81
2020-05-23 11:20:36,kovan,18674766,13465601,5209165
2020-05-23 11:22:12,mainnet,10121271,10121186,85
2020-05-23 11:22:12,kovan,18674783,13465601,5209182
2020-05-23 11:23:38,mainnet,10121277,10121186,91
2020-05-23 11:23:38,kovan,18674801,13465601,5209200
2020-05-23 11:25:02,mainnet,10121284,10121222,62
2020-05-23 11:25:02,kovan,18674817,13465601,5209216
2020-05-23 11:26:25,mainnet,10121291,10121222,69
2020-05-23 11:26:25,kovan,18674835,13465601,5209234
2020-05-23 11:27:58,mainnet,10121294,10121294,0
2020-05-23 11:27:58,kovan,18674852,13465601,5209251
2020-05-23 11:29:21,mainnet,10121302,10121302,0
2020-05-23 11:30:44,mainnet,10121308,10121307,1
2020-05-23 11:32:06,mainnet,10121312,10121312,0
2020-05-23 11:33:28,mainnet,10121316,10121316,0
2020-05-23 11:34:50,mainnet,10121319,10121318,1
2020-05-23 11:36:13,mainnet,10121325,10121325,0
2020-05-23 11:37:36,mainnet,10121334,10121334,0
2020-05-23 11:39:00,mainnet,10121342,10121342,0
2020-05-23 11:40:24,mainnet,10121348,10121347,1
2020-05-23 11:41:55,mainnet,10121354,10121354,0
2020-05-23 11:43:23,mainnet,10121361,10121360,1
2020-05-23 11:44:46,mainnet,10121366,10121366,0
2020-05-23 11:46:13,mainnet,10121373,10121373,0
2020-05-23 11:47:43,mainnet,10121377,10121377,0
2020-05-23 11:49:05,mainnet,10121386,10121386,0
2020-05-23 11:50:28,mainnet,10121392,10121392,0
2020-05-23 11:51:58,mainnet,10121404,10121403,1
2020-05-23 11:53:20,mainnet,10121411,10121411,0
2020-05-23 11:54:48,mainnet,10121419,10121419,0
2020-05-23 11:56:15,mainnet,10121423,10121423,0
2020-05-23 11:57:41,mainnet,10121430,10121430,0
2020-05-23 11:59:04,mainnet,10121436,10121436,0
2020-05-23 12:00:29,mainnet,10121444,10121444,0
2020-05-23 12:01:54,mainnet,10121455,10121455,0
2020-05-23 12:03:17,mainnet,10121457,10121457,0
2020-05-23 12:04:39,mainnet,10121461,10121461,0
2020-05-23 12:06:03,mainnet,10121464,10121464,0
2020-05-23 12:07:25,mainnet,10121472,10121472,0
2020-05-23 12:08:48,mainnet,10121474,10121474,0
2020-05-23 12:10:10,mainnet,10121478,10121478,0
2020-05-23 12:11:32,mainnet,10121483,10121483,0
2020-05-23 12:12:55,mainnet,10121492,10121490,2
2020-05-23 12:14:20,mainnet,10121498,10121497,1
2020-05-23 12:15:44,mainnet,10121501,10121501,0
2020-05-23 12:17:15,mainnet,10121508,10121508,0
2020-05-23 12:18:40,mainnet,10121512,10121512,0
2020-05-23 12:20:03,mainnet,10121520,10121521,-1
2020-05-23 12:21:26,mainnet,10121526,10121526,0
2020-05-23 12:22:52,mainnet,10121531,10121531,0
2020-05-23 12:24:18,mainnet,10121534,10121534,0
2020-05-23 12:25:43,mainnet,10121545,10121545,0
2020-05-23 12:27:17,mainnet,10121553,10121553,0
2020-05-23 12:28:41,mainnet,10121557,10121557,0
2020-05-23 12:30:05,mainnet,10121567,10121566,1
2020-05-23 12:31:27,mainnet,10121573,10121573,0
2020-05-23 12:32:59,mainnet,10121577,10121577,0
2020-05-23 12:34:23,mainnet,10121582,10121582,0
2020-05-23 12:35:47,mainnet,10121590,10121589,1
2020-05-23 12:37:20,mainnet,10121591,10121591,0
2020-05-23 12:38:43,mainnet,10121597,10121597,0
2020-05-23 12:40:08,mainnet,10121604,10121604,0
2020-05-23 12:41:31,mainnet,10121613,10121613,0
2020-05-23 12:42:54,mainnet,10121623,10121623,0
2020-05-23 12:44:17,mainnet,10121627,10121627,0
2020-05-23 12:45:41,mainnet,10121635,10121634,1
2020-05-23 12:47:14,mainnet,10121639,10121639,0
2020-05-23 12:48:38,mainnet,10121646,10121645,1
2020-05-23 12:50:00,mainnet,10121655,10121655,0
2020-05-23 12:51:23,mainnet,10121660,10121660,0
2020-05-23 12:52:45,mainnet,10121664,10121664,0
2020-05-23 12:54:07,mainnet,10121676,10121675,1
2020-05-23 12:55:31,mainnet,10121681,10121681,0
2020-05-23 12:56:53,mainnet,10121690,10121688,2
2020-05-23 12:58:31,mainnet,10121699,10121693,6
2020-05-23 13:00:00,mainnet,10121706,10121701,5
2020-05-23 13:01:26,mainnet,10121713,10121711,2
2020-05-23 13:02:49,mainnet,10121718,10121713,5
2020-05-23 13:04:11,mainnet,10121727,10121713,14
2020-05-23 13:05:34,mainnet,10121734,10121713,21
2020-05-23 13:06:56,mainnet,10121738,10121713,25
2020-05-23 13:08:19,mainnet,10121747,10121713,34
2020-05-23 13:09:42,mainnet,10121752,10121713,39
2020-05-23 13:11:04,mainnet,10121759,10121713,46
2020-05-23 13:12:30,mainnet,10121766,10121713,53
2020-05-23 13:13:53,mainnet,10121770,10121713,57
2020-05-23 13:15:16,mainnet,10121773,10121713,60
2020-05-23 13:16:39,mainnet,10121779,10121713,66
2020-05-23 13:18:02,mainnet,10121782,10121713,69
2020-05-23 13:19:25,mainnet,10121787,10121713,74
2020-05-23 13:20:47,mainnet,10121792,10121713,79
2020-05-23 13:22:11,mainnet,10121795,10121713,82
2020-05-23 13:23:39,mainnet,10121800,10121713,87
2020-05-23 13:25:01,mainnet,10121806,10121713,93
2020-05-23 13:26:23,mainnet,10121811,10121713,98
2020-05-23 13:27:48,mainnet,10121818,10121713,105
2020-05-23 13:29:12,mainnet,10121823,10121713,110
2020-05-23 13:30:34,mainnet,10121830,10121713,117
2020-05-23 13:32:03,mainnet,10121840,10121713,127
2020-05-23 13:33:26,mainnet,10121844,10121713,131
2020-05-23 13:34:48,mainnet,10121847,10121713,134
2020-05-23 13:36:11,mainnet,10121854,10121713,141
2020-05-23 13:37:36,mainnet,10121862,10121713,149
2020-05-23 13:38:59,mainnet,10121868,10121713,155
2020-05-23 13:40:22,mainnet,10121871,10121713,158
2020-05-23 13:41:44,mainnet,10121874,10121713,161
2020-05-23 13:43:07,mainnet,10121877,10121713,164
2020-05-23 13:44:30,mainnet,10121885,10121713,172
2020-05-23 13:45:52,mainnet,10121893,10121713,180
2020-05-23 13:47:13,mainnet,10121899,10121713,186
2020-05-23 13:48:36,mainnet,10121907,10121713,194
2020-05-23 13:49:58,mainnet,10121917,10121713,204
2020-05-23 13:51:20,mainnet,10121921,10121713,208
2020-05-23 13:52:42,mainnet,10121927,10121713,214
2020-05-23 13:54:04,mainnet,10121933,10121713,220
2020-05-23 13:55:26,mainnet,10121941,10121713,228
2020-05-23 13:56:48,mainnet,10121946,10121713,233
2020-05-23 13:58:11,mainnet,10121955,10121713,242
2020-05-23 13:59:34,mainnet,10121958,10121713,245
2020-05-23 14:00:56,mainnet,10121963,10121713,250
2020-05-23 14:02:18,mainnet,10121970,10121713,257
2020-05-23 14:03:40,mainnet,10121974,10121713,261
2020-05-23 14:05:03,mainnet,10121976,10121713,263
2020-05-23 14:06:24,mainnet,10121986,10121713,273
2020-05-23 14:07:47,mainnet,10121989,10121713,276
2020-05-23 14:09:12,mainnet,10121997,10121713,284
2020-05-23 14:10:35,mainnet,10122002,10121713,289
2020-05-23 14:12:03,mainnet,10122010,10121713,297
2020-05-23 14:13:28,mainnet,10122018,10121713,305
2020-05-23 14:14:54,mainnet,10122025,10121713,312
2020-05-23 14:16:18,mainnet,10122030,10121713,317
2020-05-23 14:17:42,mainnet,10122034,10121713,321
2020-05-23 14:19:09,mainnet,10122040,10121713,327
2020-05-23 14:20:38,mainnet,10122050,10121713,337
2020-05-23 14:22:04,mainnet,10122054,10121713,341
2020-05-23 14:23:29,mainnet,10122060,10121713,347
2020-05-23 14:25:00,mainnet,10122065,10121713,352
2020-05-23 14:26:30,mainnet,10122076,10121713,363
2020-05-23 14:27:53,mainnet,10122079,10121713,366
2020-05-23 14:29:19,mainnet,10122087,10121713,374
2020-05-23 14:30:43,mainnet,10122092,10121713,379
2020-05-23 14:32:09,mainnet,10122097,10121713,384
2020-05-23 14:33:32,mainnet,10122104,10121713,391
2020-05-23 14:34:58,mainnet,10122110,10121713,397
2020-05-23 14:36:23,mainnet,10122116,10121713,403
2020-05-23 14:37:58,mainnet,10122122,10121713,409
2020-05-23 14:39:25,mainnet,10122125,10121713,412
2020-05-23 14:40:51,mainnet,10122132,10121713,419
2020-05-23 14:42:17,mainnet,10122142,10121713,429
2020-05-23 14:43:41,mainnet,10122145,10121713,432
2020-05-23 14:45:04,mainnet,10122155,10121713,442
2020-05-23 14:46:27,mainnet,10122160,10121713,447
2020-05-23 14:47:50,mainnet,10122168,10121713,455
2020-05-23 14:49:13,mainnet,10122174,10121713,461
2020-05-23 14:50:35,mainnet,10122178,10121713,465
2020-05-23 14:51:57,mainnet,10122184,10121713,471
2020-05-23 14:53:19,mainnet,10122194,10121713,481
2020-05-23 14:54:42,mainnet,10122200,10121713,487
2020-05-23 14:56:09,mainnet,10122208,10121713,495
2020-05-23 14:57:32,mainnet,10122213,10121713,500
2020-05-23 14:58:55,mainnet,10122223,10121713,510
2020-05-23 15:00:17,mainnet,10122231,10121713,518
2020-05-23 15:01:40,mainnet,10122237,10121713,524
2020-05-23 15:03:02,mainnet,10122244,10121713,531
2020-05-23 15:04:24,mainnet,10122251,10121713,538
2020-05-23 15:05:46,mainnet,10122257,10121713,544
2020-05-23 15:07:10,mainnet,10122266,10121713,553
2020-05-23 15:08:33,mainnet,10122275,10121713,562
2020-05-23 15:09:55,mainnet,10122281,10121713,568
2020-05-23 15:11:17,mainnet,10122289,10121713,576
2020-05-23 15:12:40,mainnet,10122293,10121713,580
2020-05-23 15:14:02,mainnet,10122303,10121713,590
2020-05-23 15:15:24,mainnet,10122311,10121713,598
2020-05-23 15:16:48,mainnet,10122318,10121713,605
2020-05-23 15:18:13,mainnet,10122323,10121713,610
2020-05-23 15:19:36,mainnet,10122330,10121713,617
2020-05-23 15:20:58,mainnet,10122336,10121713,623
2020-05-23 15:22:20,mainnet,10122343,10121713,630
2020-05-23 15:23:42,mainnet,10122348,10121713,635
2020-05-23 15:25:06,mainnet,10122355,10121713,642
2020-05-23 15:26:28,mainnet,10122357,10121713,644
2020-05-23 15:27:51,mainnet,10122362,10121713,649
2020-05-23 15:29:18,mainnet,10122363,10121713,650
2020-05-23 15:30:45,mainnet,10122372,10121713,659
2020-05-23 15:32:21,mainnet,10122381,10121713,668
2020-05-23 15:33:44,mainnet,10122389,10121713,676
2020-05-23 15:35:06,mainnet,10122394,10121713,681
2020-05-23 15:36:29,mainnet,10122400,10121713,687
2020-05-23 15:37:52,mainnet,10122409,10121713,696
2020-05-23 15:39:15,mainnet,10122416,10121713,703
2020-05-23 15:40:36,mainnet,10122426,10121713,713
2020-05-23 15:41:59,mainnet,10122431,10121713,718
2020-05-23 15:43:22,mainnet,10122443,10121713,730
2020-05-23 15:44:45,mainnet,10122452,10121713,739
2020-05-23 15:46:22,mainnet,10122462,10121713,749
2020-05-23 15:47:47,mainnet,10122468,10121713,755
2020-05-23 15:49:59,mainnet,10122475,10121713,762
2020-05-23 15:51:26,mainnet,10122485,10121713,772
2020-05-23 15:52:49,mainnet,10122492,10121713,779
2020-05-23 15:54:12,mainnet,10122499,10121713,786
2020-05-23 15:55:34,mainnet,10122502,10121713,789
2020-05-23 15:56:56,mainnet,10122510,10121713,797
2020-05-23 15:58:18,mainnet,10122517,10121713,804
2020-05-23 15:59:42,mainnet,10122522,10121713,809
2020-05-23 16:01:07,mainnet,10122526,10121713,813
2020-05-23 16:02:31,mainnet,10122534,10121713,821
2020-05-23 16:04:09,mainnet,10122540,10121713,827
2020-05-23 16:05:33,mainnet,10122546,10121713,833
2020-05-23 16:06:57,mainnet,10122551,10121713,838
2020-05-23 16:08:23,mainnet,10122558,10121713,845
2020-05-23 16:09:45,mainnet,10122562,10121713,849
2020-05-23 16:11:09,mainnet,10122567,10121713,854
2020-05-23 16:12:35,mainnet,10122574,10121713,861
2020-05-23 16:13:58,mainnet,10122582,10121713,869
2020-05-23 16:15:20,mainnet,10122587,10121713,874
2020-05-23 16:16:42,mainnet,10122594,10121713,881
2020-05-23 16:18:05,mainnet,10122601,10121713,888
2020-05-23 16:19:29,mainnet,10122605,10121713,892
2020-05-23 16:20:53,mainnet,10122609,10121713,896
2020-05-23 16:22:17,mainnet,10122623,10121713,910
2020-05-23 16:23:40,mainnet,10122626,10121713,913
2020-05-23 16:25:02,mainnet,10122635,10121713,922
2020-05-23 16:26:24,mainnet,10122643,10121713,930
2020-05-23 16:27:47,mainnet,10122648,10122648,0
2020-05-23 16:29:16,mainnet,10122659,10122659,0
2020-05-23 16:30:38,mainnet,10122667,10122663,4
2020-05-23 16:32:01,mainnet,10122675,10122675,0
2020-05-23 16:33:43,mainnet,10122682,10122682,0
2020-05-23 16:35:06,mainnet,10122692,10122692,0
2020-05-23 16:36:32,mainnet,10122698,10122699,-1
2020-05-23 16:37:58,mainnet,10122700,10122700,0
2020-05-23 16:39:28,mainnet,10122706,10122706,0
2020-05-23 16:40:55,mainnet,10122713,10122714,-1
2020-05-23 16:42:22,mainnet,10122718,10122718,0
2020-05-23 16:43:49,mainnet,10122725,10122725,0
2020-05-23 16:45:12,mainnet,10122732,10122732,0
2020-05-23 16:46:35,mainnet,10122738,10122738,0
2020-05-23 16:47:59,mainnet,10122745,10122745,0
2020-05-23 16:49:26,mainnet,10122750,10122750,0
2020-05-23 16:50:49,mainnet,10122755,10122755,0
2020-05-23 16:52:16,mainnet,10122762,10122761,1
2020-05-23 16:53:49,mainnet,10122764,10122764,0
2020-05-23 16:55:14,mainnet,10122769,10122769,0
2020-05-23 16:56:39,mainnet,10122778,10122778,0
2020-05-23 16:58:07,mainnet,10122789,10122790,-1
2020-05-23 16:59:35,mainnet,10122801,10122801,0
2020-05-23 17:00:58,mainnet,10122806,10122806,0
2020-05-23 17:02:24,mainnet,10122807,10122807,0
2020-05-23 17:03:48,mainnet,10122818,10122817,1
2020-05-23 17:05:12,mainnet,10122823,10122823,0
2020-05-23 17:06:36,mainnet,10122829,10122829,0
2020-05-23 17:08:01,mainnet,10122836,10122836,0
2020-05-23 17:09:36,mainnet,10122843,10122843,0
2020-05-23 17:11:05,mainnet,10122848,10122848,0
2020-05-23 17:12:29,mainnet,10122855,10122855,0
2020-05-23 17:13:53,mainnet,10122861,10122861,0
2020-05-23 17:15:17,mainnet,10122866,10122867,-1
2020-05-23 17:16:39,mainnet,10122875,10122875,0
2020-05-23 17:18:04,mainnet,10122884,10122884,0
2020-05-23 17:19:30,mainnet,10122891,10122891,0
2020-05-23 17:20:54,mainnet,10122896,10122896,0
2020-05-23 17:22:16,mainnet,10122904,10122904,0
2020-05-23 17:23:38,mainnet,10122912,10122912,0
2020-05-23 17:25:07,mainnet,10122920,10122920,0
2020-05-23 17:26:30,mainnet,10122925,10122925,0
2020-05-23 17:27:53,mainnet,10122930,10122929,1
2020-05-23 17:29:21,mainnet,10122941,10122940,1
2020-05-23 17:30:43,mainnet,10122947,10122947,0
2020-05-23 17:32:05,mainnet,10122953,10122953,0
2020-05-23 17:33:38,mainnet,10122962,10122961,1
2020-05-23 17:35:03,mainnet,10122969,10122968,1
2020-05-23 17:36:28,mainnet,10122975,10122975,0
2020-05-23 17:37:50,mainnet,10122981,10122981,0
2020-05-23 17:39:21,mainnet,10122987,10122987,0
2020-05-23 17:40:44,mainnet,10122993,10122993,0
2020-05-23 17:42:06,mainnet,10123000,10122999,1
2020-05-23 17:43:40,mainnet,10123006,10123006,0
2020-05-23 17:45:02,mainnet,10123017,10123016,1
2020-05-23 17:46:24,mainnet,10123021,10123021,0
2020-05-23 17:47:48,mainnet,10123025,10123024,1
2020-05-23 17:49:13,mainnet,10123031,10123031,0
2020-05-23 17:50:35,mainnet,10123037,10123037,0
2020-05-23 17:51:57,mainnet,10123042,10123042,0
2020-05-23 17:53:35,mainnet,10123048,10123048,0
2020-05-23 17:54:59,mainnet,10123052,10123052,0
2020-05-23 17:56:22,mainnet,10123057,10123057,0
2020-05-23 17:57:43,mainnet,10123066,10123064,2
2020-05-23 17:59:27,mainnet,10123073,10123073,0
2020-05-23 18:00:52,mainnet,10123079,10123073,6
2020-05-23 18:02:25,mainnet,10123087,10123085,2
2020-05-23 18:03:59,mainnet,10123094,10123094,0
2020-05-23 18:05:28,mainnet,10123101,10123101,0
2020-05-23 18:06:53,mainnet,10123106,10123106,0
2020-05-23 18:08:28,mainnet,10123110,10123110,0
2020-05-23 18:09:57,mainnet,10123114,10123113,1
2020-05-23 18:11:26,mainnet,10123120,10123118,2
2020-05-23 18:13:19,mainnet,10123135,10123118,17
2020-05-23 18:15:37,mainnet,10123142,10123118,24
2020-05-23 18:17:26,mainnet,10123149,10123118,31
2020-05-23 18:19:19,mainnet,10123158,10123118,40
2020-05-23 18:21:01,mainnet,10123164,10123118,46
2020-05-23 18:22:44,mainnet,10123172,10123169,3
2020-05-23 18:24:25,mainnet,10123178,10123178,0
2020-05-23 18:26:00,mainnet,10123183,10123183,0
2020-05-23 18:27:33,mainnet,10123192,10123186,6
2020-05-23 18:29:10,mainnet,10123200,10123186,14
2020-05-23 18:30:54,mainnet,10123203,10123202,1
2020-05-23 18:32:26,mainnet,10123208,10123204,4
2020-05-23 18:34:10,mainnet,10123220,10123204,16
2020-05-23 18:36:01,mainnet,10123231,10123228,3
2020-05-23 18:37:45,mainnet,10123243,10123228,15
2020-05-23 18:39:32,mainnet,10123249,10123228,21
2020-05-23 18:41:16,mainnet,10123260,10123228,32
2020-05-23 18:43:15,mainnet,10123268,10123228,40
2020-05-23 18:44:51,mainnet,10123277,10123228,49
2020-05-23 18:46:35,mainnet,10123285,10123281,4
2020-05-23 18:48:18,mainnet,10123294,10123281,13
2020-05-23 18:50:04,mainnet,10123297,10123281,16
2020-05-23 18:51:41,mainnet,10123303,10123281,22
2020-05-23 18:53:21,mainnet,10123309,10123308,1
2020-05-23 18:54:50,mainnet,10123314,10123311,3
2020-05-23 18:56:22,mainnet,10123323,10123319,4
2020-05-23 18:57:48,mainnet,10123332,10123328,4
2020-05-23 18:59:24,mainnet,10123338,10123337,1
2020-05-23 19:00:53,mainnet,10123343,10123343,0
2020-05-23 19:02:20,mainnet,10123351,10123351,0
2020-05-23 19:03:56,mainnet,10123357,10123351,6
2020-05-23 19:05:26,mainnet,10123361,10123359,2
2020-05-23 19:06:57,mainnet,10123364,10123362,2
2020-05-23 19:08:44,mainnet,10123374,10123362,12
2020-05-23 19:10:10,mainnet,10123379,10123378,1
2020-05-23 19:11:36,mainnet,10123384,10123384,0
2020-05-23 19:13:01,mainnet,10123391,10123390,1
2020-05-23 19:14:34,mainnet,10123399,10123398,1
2020-05-23 19:16:02,mainnet,10123403,10123403,0
2020-05-23 19:17:28,mainnet,10123407,10123403,4
2020-05-23 19:19:05,mainnet,10123412,10123407,5
2020-05-23 19:20:30,mainnet,10123420,10123412,8
2020-05-23 19:22:00,mainnet,10123426,10123423,3
2020-05-23 19:23:35,mainnet,10123432,10123431,1
2020-05-23 19:25:05,mainnet,10123436,10123436,0
2020-05-23 19:26:30,mainnet,10123438,10123438,0
2020-05-23 19:27:55,mainnet,10123445,10123441,4
2020-05-23 19:29:26,mainnet,10123454,10123454,0
2020-05-23 19:30:50,mainnet,10123462,10123462,0
2020-05-23 19:32:15,mainnet,10123468,10123468,0
2020-05-23 19:33:54,mainnet,10123473,10123473,0
2020-05-23 19:35:21,mainnet,10123479,10123479,0
2020-05-23 19:36:50,mainnet,10123486,10123484,2
2020-05-23 19:38:24,mainnet,10123493,10123490,3
2020-05-23 19:39:58,mainnet,10123499,10123498,1
2020-05-23 19:41:36,mainnet,10123506,10123505,1
2020-05-23 19:43:34,mainnet,10123513,10123512,1
2020-05-23 19:44:58,mainnet,10123519,10123517,2
2020-05-23 19:46:23,mainnet,10123523,10123523,0
2020-05-23 19:47:48,mainnet,10123529,10123529,0
2020-05-23 19:49:25,mainnet,10123534,10123534,0
2020-05-23 19:50:48,mainnet,10123543,10123543,0
2020-05-23 19:52:11,mainnet,10123551,10123550,1
2020-05-23 19:53:46,mainnet,10123556,10123556,0
2020-05-23 19:55:12,mainnet,10123558,10123558,0
2020-05-23 19:56:37,mainnet,10123564,10123564,0
2020-05-23 19:58:02,mainnet,10123568,10123567,1
2020-05-23 19:59:33,mainnet,10123577,10123567,10
2020-05-23 20:00:58,mainnet,10123589,10123567,22
2020-05-23 20:02:45,mainnet,10123595,10123567,28
2020-05-23 20:04:19,mainnet,10123600,10123567,33
2020-05-23 20:05:45,mainnet,10123605,10123567,38
2020-05-23 20:07:13,mainnet,10123607,10123567,40
2020-05-23 20:08:35,mainnet,10123616,10123567,49
2020-05-23 20:10:03,mainnet,10123619,10123567,52
2020-05-23 20:11:27,mainnet,10123630,10123567,63
2020-05-23 20:12:56,mainnet,10123641,10123567,74
2020-05-23 20:14:27,mainnet,10123646,10123567,79
2020-05-23 20:16:06,mainnet,10123649,10123567,82
2020-05-23 20:17:30,mainnet,10123658,10123567,91
2020-05-23 20:18:53,mainnet,10123666,10123567,99
2020-05-23 20:20:19,mainnet,10123672,10123567,105
2020-05-23 20:21:50,mainnet,10123680,10123567,113
2020-05-23 20:23:16,mainnet,10123688,10123567,121
2020-05-23 20:24:38,mainnet,10123695,10123567,128
2020-05-23 20:26:06,mainnet,10123701,10123567,134
2020-05-23 20:26:06,kovan,18681303,13465601,5215702
2020-05-23 20:27:42,mainnet,10123710,10123567,143
2020-05-23 20:27:42,kovan,18681334,13465601,5215733
2020-05-23 20:30:16,mainnet,10123719,10123567,152
2020-05-23 20:30:16,kovan,18681360,13465601,5215759
2020-05-23 20:32:28,mainnet,10123731,10123567,164
2020-05-23 20:32:28,kovan,18681385,13465601,5215784
2020-05-23 20:34:33,mainnet,10123739,10123567,172
2020-05-23 20:34:33,kovan,18681412,13465601,5215811
2020-05-23 20:36:47,mainnet,10123755,10123567,188
2020-05-23 20:36:47,kovan,18681437,13465601,5215836
2020-05-23 20:38:50,mainnet,10123764,10123567,197
2020-05-23 20:38:50,kovan,18681464,13465601,5215863
2020-05-23 20:41:07,mainnet,10123768,10123567,201
2020-05-23 20:41:07,kovan,18681488,13465601,5215887
2020-05-23 20:43:02,mainnet,10123776,10123567,209
2020-05-23 20:43:02,kovan,18681513,13465601,5215912
2020-05-23 20:45:11,mainnet,10123788,10123567,221
2020-05-23 20:45:11,kovan,18681535,13465601,5215934
2020-05-23 20:47:04,mainnet,10123798,10123567,231
2020-05-23 20:47:04,kovan,18681556,13465601,5215955
2020-05-23 20:48:49,mainnet,10123813,10123567,246
2020-05-23 20:48:49,kovan,18681584,13465601,5215983
2020-05-23 20:51:06,mainnet,10123819,10123567,252
2020-05-23 20:51:06,kovan,18681605,13465601,5216004
2020-05-23 20:52:53,mainnet,10123830,10123567,263
2020-05-23 20:54:23,mainnet,10123837,10123567,270
2020-05-23 20:56:08,mainnet,10123843,10123567,276
2020-05-23 20:57:47,mainnet,10123848,10123846,2
2020-05-23 20:59:22,mainnet,10123856,10123853,3
2020-05-23 21:00:50,mainnet,10123863,10123863,0
2020-05-23 21:02:21,mainnet,10123868,10123867,1
2020-05-23 21:03:55,mainnet,10123874,10123874,0
2020-05-23 21:05:36,mainnet,10123884,10123883,1
2020-05-23 21:07:12,mainnet,10123891,10123891,0
2020-05-23 21:08:49,mainnet,10123898,10123898,0
2020-05-23 21:10:39,mainnet,10123907,10123907,0
2020-05-23 21:12:09,mainnet,10123916,10123915,1
2020-05-23 21:13:35,mainnet,10123927,10123925,2
2020-05-23 21:15:19,mainnet,10123936,10123933,3
2020-05-23 21:16:54,mainnet,10123939,10123939,0
2020-05-23 21:18:24,mainnet,10123946,10123944,2
2020-05-23 21:19:58,mainnet,10123956,10123946,10
2020-05-23 21:21:34,mainnet,10123962,10123961,1
2020-05-23 21:23:09,mainnet,10123973,10123964,9
2020-05-23 21:24:43,mainnet,10123976,10123976,0
2020-05-23 21:26:13,mainnet,10123982,10123981,1
2020-05-23 21:27:43,mainnet,10123989,10123987,2
2020-05-23 21:29:12,mainnet,10123998,10123992,6
2020-05-23 21:30:47,mainnet,10124005,10124000,5
2020-05-23 21:32:19,mainnet,10124012,10124010,2
2020-05-23 21:33:49,mainnet,10124019,10124010,9
2020-05-23 21:35:24,mainnet,10124024,10124010,14
2020-05-23 21:36:55,mainnet,10124032,10124030,2
2020-05-23 21:38:28,mainnet,10124039,10124033,6
2020-05-23 21:40:02,mainnet,10124050,10124033,17
2020-05-23 21:41:28,mainnet,10124058,10124057,1
2020-05-23 21:43:03,mainnet,10124061,10124061,0
2020-05-23 21:44:57,mainnet,10124071,10124062,9
2020-05-23 21:46:41,mainnet,10124079,10124079,0
2020-05-23 21:48:08,mainnet,10124082,10124082,0
2020-05-23 21:49:45,mainnet,10124090,10124088,2
2020-05-23 21:51:19,mainnet,10124093,10124093,0
2020-05-23 21:52:55,mainnet,10124100,10124095,5
2020-05-23 21:54:53,mainnet,10124111,10124095,16
2020-05-23 21:56:45,mainnet,10124115,10124113,2
2020-05-23 21:58:10,mainnet,10124121,10124121,0
2020-05-23 21:59:46,mainnet,10124124,10124122,2
2020-05-23 22:01:09,mainnet,10124132,10124132,0
2020-05-23 22:02:41,mainnet,10124137,10124136,1
2020-05-23 22:04:07,mainnet,10124146,10124145,1
2020-05-23 22:05:50,mainnet,10124160,10124150,10
2020-05-23 22:07:23,mainnet,10124171,10124161,10
2020-05-23 22:09:07,mainnet,10124181,10124171,10
2020-05-23 22:11:05,mainnet,10124192,10124188,4
2020-05-23 22:12:38,mainnet,10124203,10124203,0
2020-05-23 22:14:27,mainnet,10124207,10124207,0
2020-05-23 22:16:07,mainnet,10124220,10124210,10
2020-05-23 22:17:49,mainnet,10124228,10124226,2
2020-05-23 22:19:49,mainnet,10124240,10124233,7
2020-05-23 22:21:22,mainnet,10124244,10124242,2
2020-05-23 22:23:06,mainnet,10124257,10124246,11
2020-05-23 22:24:57,mainnet,10124268,10124265,3
2020-05-23 22:26:34,mainnet,10124275,10124273,2
2020-05-23 22:28:16,mainnet,10124282,10124280,2
2020-05-23 22:29:52,mainnet,10124288,10124288,0
2020-05-23 22:31:32,mainnet,10124297,10124291,6
2020-05-23 22:33:13,mainnet,10124300,10124298,2
2020-05-23 22:34:52,mainnet,10124311,10124309,2
2020-05-23 22:36:30,mainnet,10124321,10124312,9
2020-05-23 22:38:05,mainnet,10124331,10124329,2
2020-05-23 22:39:50,mainnet,10124338,10124329,9
2020-05-23 22:41:28,mainnet,10124347,10124344,3
2020-05-23 22:43:05,mainnet,10124353,10124348,5
2020-05-23 22:45:04,mainnet,10124361,10124361,0
2020-05-23 22:46:38,mainnet,10124368,10124365,3
2020-05-23 22:48:12,mainnet,10124374,10124370,4
2020-05-23 22:50:14,mainnet,10124382,10124381,1
2020-05-23 22:51:47,mainnet,10124391,10124391,0
2020-05-23 22:53:22,mainnet,10124400,10124391,9
2020-05-23 22:55:26,mainnet,10124409,10124391,18
2020-05-23 22:57:05,mainnet,10124417,10124414,3
2020-05-23 22:58:37,mainnet,10124424,10124422,2
2020-05-23 23:00:21,mainnet,10124431,10124424,7
2020-05-23 23:02:00,mainnet,10124439,10124424,15
2020-05-23 23:03:45,mainnet,10124446,10124446,0
2020-05-23 23:05:21,mainnet,10124452,10124451,1
2020-05-23 23:06:57,mainnet,10124460,10124460,0
2020-05-23 23:08:27,mainnet,10124462,10124462,0
2020-05-23 23:10:17,mainnet,10124470,10124466,4
2020-05-23 23:11:53,mainnet,10124473,10124472,1
2020-05-23 23:13:23,mainnet,10124482,10124472,10
2020-05-23 23:14:57,mainnet,10124488,10124472,16
2020-05-23 23:16:31,mainnet,10124490,10124472,18
2020-05-23 23:18:12,mainnet,10124497,10124494,3
2020-05-23 23:19:56,mainnet,10124506,10124503,3
2020-05-23 23:21:26,mainnet,10124513,10124503,10
2020-05-23 23:23:09,mainnet,10124518,10124516,2
2020-05-23 23:24:56,mainnet,10124528,10124526,2
2020-05-23 23:26:36,mainnet,10124537,10124531,6
2020-05-23 23:28:17,mainnet,10124546,10124545,1
2020-05-23 23:29:59,mainnet,10124550,10124550,0
2020-05-23 23:31:33,mainnet,10124560,10124560,0
2020-05-23 23:33:08,mainnet,10124571,10124568,3
2020-05-23 23:34:50,mainnet,10124577,10124568,9
2020-05-23 23:36:25,mainnet,10124582,10124581,1
2020-05-23 23:38:07,mainnet,10124590,10124587,3
2020-05-23 23:39:44,mainnet,10124597,10124591,6
2020-05-23 23:41:15,mainnet,10124602,10124591,11
2020-05-23 23:42:48,mainnet,10124610,10124606,4
2020-05-23 23:44:33,mainnet,10124620,10124606,14
2020-05-23 23:46:18,mainnet,10124625,10124625,0
2020-05-23 23:47:50,mainnet,10124631,10124629,2
2020-05-23 23:49:41,mainnet,10124640,10124637,3
2020-05-23 23:51:13,mainnet,10124649,10124644,5
2020-05-23 23:52:48,mainnet,10124658,10124655,3
2020-05-23 23:54:29,mainnet,10124666,10124655,11
2020-05-23 23:56:11,mainnet,10124677,10124655,22
2020-05-23 23:57:50,mainnet,10124685,10124682,3
2020-05-23 23:59:27,mainnet,10124695,10124694,1
2020-05-24 00:00:57,mainnet,10124699,10124699,0
2020-05-24 00:02:30,mainnet,10124708,10124708,0
2020-05-24 00:04:00,mainnet,10124716,10124710,6
2020-05-24 00:05:53,mainnet,10124722,10124710,12
2020-05-24 00:07:35,mainnet,10124731,10124722,9
2020-05-24 00:09:10,mainnet,10124738,10124722,16
2020-05-24 00:10:46,mainnet,10124747,10124722,25
2020-05-24 00:12:18,mainnet,10124755,10124752,3
2020-05-24 00:13:51,mainnet,10124759,10124756,3
2020-05-24 00:15:29,mainnet,10124763,10124762,1
2020-05-24 00:17:00,mainnet,10124773,10124768,5
2020-05-24 00:18:32,mainnet,10124786,10124784,2
2020-05-24 00:20:33,mainnet,10124795,10124788,7
2020-05-24 00:22:34,mainnet,10124802,10124801,1
2020-05-24 00:24:12,mainnet,10124810,10124808,2
2020-05-24 00:25:41,mainnet,10124818,10124817,1
2020-05-24 00:27:17,mainnet,10124830,10124830,0
2020-05-24 00:28:39,mainnet,10124835,10124834,1
2020-05-24 00:30:13,mainnet,10124842,10124839,3
2020-05-24 00:31:46,mainnet,10124850,10124846,4
2020-05-24 00:33:15,mainnet,10124857,10124846,11
2020-05-24 00:35:05,mainnet,10124864,10124860,4
2020-05-24 00:36:52,mainnet,10124870,10124860,10
2020-05-24 00:38:19,mainnet,10124880,10124875,5
2020-05-24 00:40:02,mainnet,10124890,10124886,4
2020-05-24 00:41:38,mainnet,10124893,10124893,0
2020-05-24 00:43:06,mainnet,10124902,10124894,8
2020-05-24 00:44:44,mainnet,10124914,10124905,9
2020-05-24 00:46:07,mainnet,10124918,10124918,0
2020-05-24 00:47:49,mainnet,10124928,10124928,0
2020-05-24 00:49:16,mainnet,10124931,10124930,1
2020-05-24 00:50:44,mainnet,10124939,10124939,0
2020-05-24 00:52:13,mainnet,10124950,10124941,9
2020-05-24 00:53:38,mainnet,10124954,10124950,4
2020-05-24 00:55:17,mainnet,10124960,10124950,10
2020-05-24 00:56:47,mainnet,10124966,10124961,5
2020-05-24 00:58:25,mainnet,10124973,10124973,0
2020-05-24 00:59:47,mainnet,10124980,10124974,6
2020-05-24 01:01:19,mainnet,10124987,10124984,3
2020-05-24 01:02:43,mainnet,10124998,10124989,9
2020-05-24 01:04:07,mainnet,10125006,10125006,0
2020-05-24 01:05:40,mainnet,10125011,10125011,0
2020-05-24 01:07:02,mainnet,10125022,10125021,1
2020-05-24 01:08:34,mainnet,10125028,10125021,7
2020-05-24 01:10:07,mainnet,10125036,10125021,15
2020-05-24 01:11:37,mainnet,10125043,10125021,22
2020-05-24 01:12:59,mainnet,10125045,10125045,0
2020-05-24 01:14:37,mainnet,10125052,10125045,7
2020-05-24 01:16:08,mainnet,10125062,10125060,2
2020-05-24 01:17:41,mainnet,10125069,10125069,0
2020-05-24 01:19:03,mainnet,10125072,10125071,1
2020-05-24 01:20:36,mainnet,10125080,10125076,4
2020-05-24 01:22:06,mainnet,10125086,10125086,0
2020-05-24 01:23:32,mainnet,10125092,10125092,0
2020-05-24 01:25:07,mainnet,10125104,10125096,8
2020-05-24 01:26:37,mainnet,10125108,10125106,2
2020-05-24 01:27:59,mainnet,10125113,10125111,2
2020-05-24 01:29:23,mainnet,10125114,10125114,0
2020-05-24 01:30:48,mainnet,10125122,10125122,0
2020-05-24 01:32:10,mainnet,10125127,10125124,3
2020-05-24 01:33:44,mainnet,10125134,10125124,10
2020-05-24 01:35:31,mainnet,10125141,10125138,3
2020-05-24 01:36:59,mainnet,10125146,10125145,1
2020-05-24 01:38:42,mainnet,10125154,10125153,1
2020-05-24 01:40:19,mainnet,10125158,10125157,1
2020-05-24 01:41:52,mainnet,10125163,10125162,1
2020-05-24 01:43:22,mainnet,10125169,10125167,2
2020-05-24 01:45:16,mainnet,10125177,10125167,10
2020-05-24 01:46:48,mainnet,10125184,10125167,17
2020-05-24 01:48:23,mainnet,10125190,10125167,23
2020-05-24 01:50:05,mainnet,10125194,10125194,0
2020-05-24 01:51:44,mainnet,10125202,10125194,8
2020-05-24 01:53:20,mainnet,10125210,10125204,6
2020-05-24 01:54:59,mainnet,10125215,10125211,4
2020-05-24 01:56:30,mainnet,10125221,10125211,10
2020-05-24 01:58:09,mainnet,10125228,10125211,17
2020-05-24 01:59:54,mainnet,10125230,10125230,0
2020-05-24 02:01:20,mainnet,10125236,10125230,6
2020-05-24 02:02:42,mainnet,10125240,10125237,3
2020-05-24 02:04:14,mainnet,10125247,10125237,10
2020-05-24 02:05:39,mainnet,10125260,10125249,11
2020-05-24 02:07:12,mainnet,10125268,10125262,6
2020-05-24 02:08:47,mainnet,10125273,10125262,11
2020-05-24 02:10:25,mainnet,10125277,10125262,15
2020-05-24 02:11:53,mainnet,10125285,10125279,6
2020-05-24 02:13:27,mainnet,10125294,10125279,15
2020-05-24 02:15:04,mainnet,10125299,10125279,20
2020-05-24 02:16:42,mainnet,10125304,10125303,1
2020-05-24 02:18:11,mainnet,10125311,10125303,8
2020-05-24 02:20:07,mainnet,10125317,10125303,14
2020-05-24 02:21:32,mainnet,10125322,10125322,0
2020-05-24 02:22:56,mainnet,10125329,10125329,0
2020-05-24 02:24:19,mainnet,10125334,10125333,1
2020-05-24 02:25:42,mainnet,10125342,10125334,8
2020-05-24 02:27:13,mainnet,10125347,10125334,13
2020-05-24 02:28:36,mainnet,10125354,10125334,20
2020-05-24 02:29:58,mainnet,10125359,10125334,25
2020-05-24 02:31:23,mainnet,10125363,10125334,29
2020-05-24 02:32:48,mainnet,10125369,10125334,35
2020-05-24 02:34:14,mainnet,10125372,10125334,38
2020-05-24 02:35:36,mainnet,10125375,10125334,41
2020-05-24 02:36:59,mainnet,10125379,10125334,45
2020-05-24 02:38:22,mainnet,10125388,10125334,54
2020-05-24 02:39:51,mainnet,10125396,10125334,62
2020-05-24 02:41:13,mainnet,10125403,10125334,69
2020-05-24 02:42:35,mainnet,10125407,10125334,73
2020-05-24 02:44:00,mainnet,10125417,10125334,83
2020-05-24 02:45:26,mainnet,10125425,10125334,91
2020-05-24 02:46:57,mainnet,10125436,10125425,11
2020-05-24 02:48:23,mainnet,10125441,10125439,2
2020-05-24 02:50:02,mainnet,10125446,10125445,1
2020-05-24 02:51:38,mainnet,10125450,10125445,5
2020-05-24 02:53:07,mainnet,10125457,10125450,7
2020-05-24 02:54:46,mainnet,10125465,10125450,15
2020-05-24 02:56:22,mainnet,10125469,10125467,2
2020-05-24 02:57:57,mainnet,10125479,10125467,12
2020-05-24 03:00:11,mainnet,10125486,10125484,2
2020-05-24 03:01:49,mainnet,10125489,10125484,5
2020-05-24 03:03:18,mainnet,10125495,10125484,11
2020-05-24 03:05:05,mainnet,10125499,10125484,15
2020-05-24 03:06:29,mainnet,10125507,10125484,23
2020-05-24 03:07:57,mainnet,10125511,10125484,27
2020-05-24 03:09:51,mainnet,10125517,10125512,5
2020-05-24 03:11:13,mainnet,10125526,10125512,14
2020-05-24 03:12:37,mainnet,10125535,10125512,23
2020-05-24 03:13:59,mainnet,10125541,10125512,29
2020-05-24 03:15:25,mainnet,10125546,10125522,24
2020-05-24 03:16:48,mainnet,10125554,10125522,32
2020-05-24 03:18:17,mainnet,10125563,10125557,6
2020-05-24 03:19:44,mainnet,10125569,10125564,5
2020-05-24 03:21:26,mainnet,10125579,10125564,15
2020-05-24 03:22:53,mainnet,10125585,10125564,21
2020-05-24 03:24:20,mainnet,10125591,10125591,0
2020-05-24 03:25:44,mainnet,10125596,10125592,4
2020-05-24 03:27:15,mainnet,10125598,10125598,0
2020-05-24 03:28:37,mainnet,10125603,10125598,5
2020-05-24 03:30:10,mainnet,10125608,10125598,10
2020-05-24 03:31:41,mainnet,10125620,10125598,22
2020-05-24 03:33:13,mainnet,10125627,10125627,0
2020-05-24 03:34:57,mainnet,10125631,10125629,2
2020-05-24 03:36:30,mainnet,10125639,10125629,10
2020-05-24 03:37:55,mainnet,10125644,10125641,3
2020-05-24 03:39:21,mainnet,10125651,10125641,10
2020-05-24 03:41:01,mainnet,10125657,10125641,16
2020-05-24 03:42:25,mainnet,10125665,10125641,24
2020-05-24 03:43:49,mainnet,10125671,10125641,30
2020-05-24 03:45:14,mainnet,10125683,10125641,42
2020-05-24 03:46:56,mainnet,10125688,10125685,3
2020-05-24 03:48:30,mainnet,10125698,10125696,2
2020-05-24 03:49:56,mainnet,10125706,10125701,5
2020-05-24 03:51:21,mainnet,10125713,10125707,6
2020-05-24 03:52:56,mainnet,10125719,10125715,4
2020-05-24 03:54:28,mainnet,10125725,10125719,6
2020-05-24 03:56:25,mainnet,10125736,10125719,17
2020-05-24 03:58:05,mainnet,10125741,10125741,0
2020-05-24 03:59:27,mainnet,10125747,10125741,6
2020-05-24 04:01:08,mainnet,10125756,10125747,9
2020-05-24 04:02:44,mainnet,10125764,10125763,1
2020-05-24 04:04:14,mainnet,10125773,10125766,7
2020-05-24 04:05:45,mainnet,10125774,10125774,0
2020-05-24 04:07:21,mainnet,10125779,10125779,0
2020-05-24 04:08:43,mainnet,10125788,10125787,1
2020-05-24 04:10:08,mainnet,10125796,10125796,0
2020-05-24 04:11:32,mainnet,10125802,10125802,0
2020-05-24 04:12:54,mainnet,10125803,10125803,0
2020-05-24 04:14:19,mainnet,10125810,10125809,1
2020-05-24 04:16:00,mainnet,10125818,10125817,1
2020-05-24 04:17:34,mainnet,10125825,10125823,2
2020-05-24 04:19:07,mainnet,10125833,10125832,1
2020-05-24 04:20:52,mainnet,10125839,10125838,1
2020-05-24 04:22:19,mainnet,10125847,10125841,6
2020-05-24 04:23:57,mainnet,10125854,10125850,4
2020-05-24 04:25:39,mainnet,10125863,10125850,13
2020-05-24 04:27:08,mainnet,10125870,10125869,1
2020-05-24 04:28:42,mainnet,10125878,10125869,9
2020-05-24 04:30:26,mainnet,10125882,10125869,13
2020-05-24 04:31:57,mainnet,10125886,10125882,4
2020-05-24 04:33:40,mainnet,10125894,10125888,6
2020-05-24 04:35:18,mainnet,10125899,10125888,11
2020-05-24 04:37:01,mainnet,10125908,10125902,6
2020-05-24 04:38:40,mainnet,10125916,10125902,14
2020-05-24 04:40:18,mainnet,10125923,10125902,21
2020-05-24 04:42:03,mainnet,10125931,10125902,29
2020-05-24 04:44:30,mainnet,10125938,10125902,36
2020-05-24 04:46:10,mainnet,10125946,10125902,44
2020-05-24 04:47:52,mainnet,10125957,10125941,16
2020-05-24 04:49:35,mainnet,10125963,10125941,22
2020-05-24 04:51:11,mainnet,10125970,10125941,29
2020-05-24 04:53:05,mainnet,10125978,10125941,37
2020-05-24 04:54:53,mainnet,10125986,10125941,45
2020-05-24 04:56:50,mainnet,10125996,10125941,55
2020-05-24 04:58:34,mainnet,10126004,10125941,63
2020-05-24 05:00:29,mainnet,10126012,10125941,71
2020-05-24 05:02:08,mainnet,10126018,10126018,0
2020-05-24 05:03:48,mainnet,10126022,10126022,0
2020-05-24 05:05:16,mainnet,10126030,10126026,4
2020-05-24 05:07:01,mainnet,10126038,10126035,3
2020-05-24 05:08:39,mainnet,10126047,10126044,3
2020-05-24 05:10:11,mainnet,10126054,10126053,1
2020-05-24 05:12:00,mainnet,10126063,10126062,1
2020-05-24 05:13:25,mainnet,10126072,10126064,8
2020-05-24 05:15:03,mainnet,10126076,10126073,3
2020-05-24 05:16:40,mainnet,10126086,10126080,6
2020-05-24 05:18:12,mainnet,10126093,10126090,3
2020-05-24 05:20:12,mainnet,10126097,10126097,0
2020-05-24 05:21:39,mainnet,10126104,10126101,3
2020-05-24 05:23:09,mainnet,10126111,10126104,7
2020-05-24 05:24:50,mainnet,10126121,10126116,5
2020-05-24 05:26:23,mainnet,10126132,10126126,6
2020-05-24 05:28:00,mainnet,10126140,10126136,4
2020-05-24 05:29:36,mainnet,10126144,10126136,8
2020-05-24 05:31:07,mainnet,10126153,10126144,9
2020-05-24 05:32:39,mainnet,10126162,10126157,5
2020-05-24 05:34:02,mainnet,10126168,10126163,5
2020-05-24 05:35:29,mainnet,10126175,10126172,3
2020-05-24 05:37:11,mainnet,10126181,10126172,9
2020-05-24 05:38:46,mainnet,10126188,10126172,16
2020-05-24 05:40:19,mainnet,10126195,10126172,23
2020-05-24 05:41:59,mainnet,10126206,10126200,6
2020-05-24 05:43:29,mainnet,10126215,10126210,5
2020-05-24 05:45:02,mainnet,10126222,10126210,12
2020-05-24 05:46:40,mainnet,10126230,10126230,0
2020-05-24 05:48:09,mainnet,10126234,10126234,0
2020-05-24 05:49:46,mainnet,10126237,10126237,0
2020-05-24 05:51:13,mainnet,10126242,10126242,0
2020-05-24 05:52:39,mainnet,10126250,10126247,3
2020-05-24 05:54:12,mainnet,10126255,10126250,5
2020-05-24 05:55:46,mainnet,10126265,10126256,9
2020-05-24 05:57:14,mainnet,10126270,10126266,4
2020-05-24 05:58:44,mainnet,10126281,10126266,15
2020-05-24 06:00:19,mainnet,10126290,10126266,24
2020-05-24 06:01:47,mainnet,10126295,10126294,1
2020-05-24 06:03:21,mainnet,10126302,10126297,5
2020-05-24 06:06:04,mainnet,10126304,10126302,2
2020-05-24 06:07:41,mainnet,10126312,10126310,2
2020-05-24 06:09:04,mainnet,10126321,10126312,9
2020-05-24 06:10:38,mainnet,10126328,10126312,16
2020-05-24 06:12:36,mainnet,10126332,10126332,0
2020-05-24 06:14:03,mainnet,10126340,10126336,4
2020-05-24 06:15:35,mainnet,10126352,10126352,0
2020-05-24 06:17:16,mainnet,10126357,10126353,4
2020-05-24 06:18:48,mainnet,10126365,10126357,8
2020-05-24 06:20:25,mainnet,10126373,10126357,16
2020-05-24 06:21:51,mainnet,10126379,10126357,22
2020-05-24 06:23:14,mainnet,10126384,10126357,27
2020-05-24 06:24:50,mainnet,10126392,10126357,35
2020-05-24 06:26:17,mainnet,10126398,10126357,41
2020-05-24 06:27:42,mainnet,10126407,10126357,50
2020-05-24 06:29:09,mainnet,10126412,10126357,55
2020-05-24 06:30:39,mainnet,10126420,10126357,63
2020-05-24 06:32:03,mainnet,10126426,10126357,69
2020-05-24 06:33:28,mainnet,10126433,10126357,76
2020-05-24 06:35:05,mainnet,10126441,10126357,84
2020-05-24 06:36:35,mainnet,10126444,10126357,87
2020-05-24 06:38:10,mainnet,10126454,10126357,97
2020-05-24 06:39:33,mainnet,10126459,10126357,102
2020-05-24 06:40:58,mainnet,10126464,10126357,107
2020-05-24 06:42:21,mainnet,10126466,10126357,109
2020-05-24 06:43:44,mainnet,10126472,10126357,115
2020-05-24 06:45:16,mainnet,10126479,10126357,122
2020-05-24 06:46:39,mainnet,10126484,10126357,127
2020-05-24 06:48:09,mainnet,10126485,10126357,128
2020-05-24 06:49:43,mainnet,10126490,10126357,133
2020-05-24 06:51:11,mainnet,10126494,10126357,137
2020-05-24 06:52:45,mainnet,10126498,10126357,141
2020-05-24 06:54:08,mainnet,10126502,10126357,145
2020-05-24 06:55:41,mainnet,10126506,10126357,149
2020-05-24 06:57:12,mainnet,10126515,10126357,158
2020-05-24 06:58:39,mainnet,10126521,10126357,164
2020-05-24 07:00:08,mainnet,10126525,10126357,168
2020-05-24 07:01:35,mainnet,10126530,10126357,173
2020-05-24 07:03:00,mainnet,10126534,10126357,177
2020-05-24 07:04:39,mainnet,10126542,10126357,185
2020-05-24 07:06:18,mainnet,10126550,10126357,193
2020-05-24 07:07:44,mainnet,10126555,10126357,198
2020-05-24 07:09:06,mainnet,10126562,10126357,205
2020-05-24 07:10:28,mainnet,10126565,10126357,208
2020-05-24 07:11:51,mainnet,10126571,10126357,214
2020-05-24 07:13:13,mainnet,10126578,10126357,221
2020-05-24 07:14:35,mainnet,10126590,10126357,233
2020-05-24 07:15:57,mainnet,10126595,10126357,238
2020-05-24 07:17:22,mainnet,10126602,10126357,245
2020-05-24 07:18:45,mainnet,10126608,10126357,251
2020-05-24 07:20:13,mainnet,10126618,10126357,261
2020-05-24 07:21:55,mainnet,10126628,10126357,271
2020-05-24 07:23:54,mainnet,10126635,10126357,278
2020-05-24 07:25:24,mainnet,10126640,10126357,283
2020-05-24 07:26:48,mainnet,10126643,10126357,286
2020-05-24 07:28:10,mainnet,10126648,10126357,291
2020-05-24 07:29:35,mainnet,10126653,10126357,296
2020-05-24 07:31:01,mainnet,10126659,10126357,302
2020-05-24 07:32:33,mainnet,10126668,10126357,311
2020-05-24 07:34:18,mainnet,10126677,10126357,320
2020-05-24 07:35:42,mainnet,10126684,10126357,327
2020-05-24 07:37:08,mainnet,10126688,10126357,331
2020-05-24 07:38:58,mainnet,10126697,10126357,340
2020-05-24 07:40:29,mainnet,10126701,10126357,344
2020-05-24 07:42:05,mainnet,10126707,10126357,350
2020-05-24 07:43:37,mainnet,10126712,10126357,355
2020-05-24 07:45:11,mainnet,10126720,10126357,363
2020-05-24 07:46:45,mainnet,10126722,10126357,365
2020-05-24 07:48:18,mainnet,10126729,10126357,372
2020-05-24 07:50:00,mainnet,10126733,10126357,376
2020-05-24 07:51:49,mainnet,10126740,10126357,383
2020-05-24 07:53:22,mainnet,10126746,10126357,389
2020-05-24 07:54:58,mainnet,10126753,10126357,396
2020-05-24 07:56:38,mainnet,10126760,10126357,403
2020-05-24 07:58:03,mainnet,10126765,10126357,408
2020-05-24 07:59:36,mainnet,10126777,10126357,420
2020-05-24 08:01:00,mainnet,10126781,10126357,424
2020-05-24 08:02:52,mainnet,10126787,10126357,430
2020-05-24 08:04:19,mainnet,10126790,10126357,433
2020-05-24 08:05:57,mainnet,10126795,10126357,438
2020-05-24 08:07:22,mainnet,10126799,10126357,442
2020-05-24 08:08:50,mainnet,10126801,10126357,444
2020-05-24 08:10:18,mainnet,10126811,10126357,454
2020-05-24 08:12:02,mainnet,10126820,10126357,463
2020-05-24 08:13:36,mainnet,10126824,10126357,467
2020-05-24 08:15:11,mainnet,10126833,10126357,476
2020-05-24 08:16:39,mainnet,10126844,10126357,487
2020-05-24 08:18:16,mainnet,10126852,10126357,495
2020-05-24 08:19:53,mainnet,10126859,10126357,502
2020-05-24 08:21:31,mainnet,10126868,10126357,511
2020-05-24 08:23:12,mainnet,10126878,10126357,521
2020-05-24 08:24:43,mainnet,10126881,10126357,524
2020-05-24 08:26:05,mainnet,10126887,10126357,530
2020-05-24 08:27:29,mainnet,10126891,10126357,534
2020-05-24 08:28:54,mainnet,10126899,10126357,542
2020-05-24 08:30:19,mainnet,10126911,10126357,554
2020-05-24 08:31:43,mainnet,10126918,10126357,561
2020-05-24 08:33:16,mainnet,10126924,10126357,567
2020-05-24 08:34:45,mainnet,10126936,10126357,579
2020-05-24 08:36:09,mainnet,10126942,10126357,585
2020-05-24 08:37:34,mainnet,10126949,10126357,592
2020-05-24 08:39:06,mainnet,10126957,10126357,600
2020-05-24 08:41:00,mainnet,10126968,10126357,611
2020-05-24 08:42:39,mainnet,10126975,10126357,618
2020-05-24 08:44:05,mainnet,10126982,10126357,625
2020-05-24 08:45:45,mainnet,10126992,10126357,635
2020-05-24 08:47:20,mainnet,10126999,10126357,642
2020-05-24 08:48:54,mainnet,10127003,10126357,646
2020-05-24 08:50:39,mainnet,10127013,10126357,656
2020-05-24 08:52:20,mainnet,10127022,10126357,665
2020-05-24 08:53:56,mainnet,10127029,10126357,672
2020-05-24 08:55:48,mainnet,10127033,10126357,676
2020-05-24 08:57:27,mainnet,10127036,10126357,679
2020-05-24 08:59:06,mainnet,10127040,10126357,683
2020-05-24 09:00:34,mainnet,10127045,10126357,688
2020-05-24 09:02:38,mainnet,10127059,10126357,702
2020-05-24 09:04:01,mainnet,10127064,10126357,707
2020-05-24 09:05:23,mainnet,10127066,10126357,709
2020-05-24 09:06:45,mainnet,10127072,10126357,715
2020-05-24 09:08:17,mainnet,10127078,10126357,721
2020-05-24 09:09:53,mainnet,10127087,10126357,730
2020-05-24 09:11:21,mainnet,10127094,10126357,737
2020-05-24 09:12:43,mainnet,10127101,10126357,744
2020-05-24 09:14:20,mainnet,10127108,10126357,751
2020-05-24 09:16:08,mainnet,10127114,10126357,757
2020-05-24 09:17:58,mainnet,10127118,10126357,761
2020-05-24 09:19:24,mainnet,10127124,10126357,767
2020-05-24 09:21:01,mainnet,10127133,10126357,776
2020-05-24 09:22:42,mainnet,10127138,10126357,781
2020-05-24 09:24:06,mainnet,10127140,10126357,783
2020-05-24 09:25:29,mainnet,10127145,10126357,788
2020-05-24 09:27:01,mainnet,10127152,10126357,795
2020-05-24 09:28:31,mainnet,10127162,10126357,805
2020-05-24 09:29:56,mainnet,10127165,10126357,808
2020-05-24 09:31:28,mainnet,10127172,10126357,815
2020-05-24 09:32:51,mainnet,10127176,10126357,819
2020-05-24 09:34:39,mainnet,10127184,10126357,827
2020-05-24 09:36:01,mainnet,10127192,10126357,835
2020-05-24 09:37:42,mainnet,10127200,10126357,843
2020-05-24 09:39:05,mainnet,10127210,10126357,853
2020-05-24 09:40:34,mainnet,10127217,10126357,860
2020-05-24 09:42:11,mainnet,10127229,10126357,872
2020-05-24 09:43:34,mainnet,10127234,10126357,877
2020-05-24 09:45:00,mainnet,10127243,10126357,886
2020-05-24 09:46:35,mainnet,10127250,10126357,893
2020-05-24 09:48:00,mainnet,10127263,10126357,906
2020-05-24 09:49:37,mainnet,10127271,10126357,914
2020-05-24 09:51:13,mainnet,10127280,10126357,923
2020-05-24 09:52:52,mainnet,10127284,10126357,927
2020-05-24 09:54:25,mainnet,10127289,10126357,932
2020-05-24 09:55:53,mainnet,10127295,10126357,938
2020-05-24 09:57:50,mainnet,10127298,10126357,941
2020-05-24 09:59:28,mainnet,10127305,10126357,948
2020-05-24 10:00:55,mainnet,10127314,10126357,957
2020-05-24 10:02:30,mainnet,10127317,10126357,960
2020-05-24 10:03:52,mainnet,10127322,10126357,965
2020-05-24 10:05:17,mainnet,10127328,10126357,971
2020-05-24 10:06:44,mainnet,10127332,10126357,975
2020-05-24 10:08:17,mainnet,10127340,10126357,983
2020-05-24 10:09:43,mainnet,10127345,10126357,988
2020-05-24 10:11:07,mainnet,10127352,10126357,995
2020-05-24 10:12:39,mainnet,10127361,10126357,1004
2020-05-24 10:14:13,mainnet,10127370,10126357,1013
2020-05-24 10:15:47,mainnet,10127382,10126357,1025
2020-05-24 10:17:17,mainnet,10127390,10126357,1033
2020-05-24 10:18:39,mainnet,10127398,10126357,1041
2020-05-24 10:20:22,mainnet,10127403,10126357,1046
2020-05-24 10:21:51,mainnet,10127409,10126357,1052
2020-05-24 10:23:29,mainnet,10127417,10126357,1060
2020-05-24 10:25:02,mainnet,10127422,10126357,1065
2020-05-24 10:26:39,mainnet,10127426,10126357,1069
2020-05-24 10:28:11,mainnet,10127437,10126357,1080
2020-05-24 10:29:34,mainnet,10127442,10126357,1085
2020-05-24 10:31:16,mainnet,10127446,10126357,1089
2020-05-24 10:32:50,mainnet,10127455,10126357,1098
2020-05-24 10:34:18,mainnet,10127461,10126357,1104
2020-05-24 10:35:52,mainnet,10127467,10126357,1110
2020-05-24 10:37:27,mainnet,10127473,10126357,1116
2020-05-24 10:39:01,mainnet,10127482,10126357,1125
2020-05-24 10:40:43,mainnet,10127490,10126357,1133
2020-05-24 10:42:20,mainnet,10127503,10126357,1146
2020-05-24 10:43:58,mainnet,10127513,10126357,1156
2020-05-24 10:45:38,mainnet,10127521,10126357,1164
2020-05-24 10:47:17,mainnet,10127524,10126357,1167
2020-05-24 10:48:40,mainnet,10127530,10126357,1173
2020-05-24 10:50:03,mainnet,10127534,10126357,1177
2020-05-24 10:51:30,mainnet,10127538,10126357,1181
2020-05-24 10:52:53,mainnet,10127547,10126357,1190
2020-05-24 10:54:37,mainnet,10127553,10126357,1196
2020-05-24 10:56:10,mainnet,10127563,10126357,1206
2020-05-24 10:57:50,mainnet,10127572,10126357,1215
2020-05-24 10:59:32,mainnet,10127580,10127553,27
2020-05-24 11:01:04,mainnet,10127585,10127585,0
2020-05-24 11:03:06,mainnet,10127595,10127595,0
2020-05-24 11:04:42,mainnet,10127604,10127604,0
2020-05-24 11:06:13,mainnet,10127611,10127611,0
2020-05-24 11:08:07,mainnet,10127616,10127616,0
2020-05-24 11:09:41,mainnet,10127623,10127623,0
2020-05-24 11:11:14,mainnet,10127627,10127627,0
2020-05-24 11:12:59,mainnet,10127636,10127634,2
2020-05-24 11:14:42,mainnet,10127642,10127640,2
2020-05-24 11:16:34,mainnet,10127651,10127651,0
2020-05-24 11:18:14,mainnet,10127658,10127658,0
2020-05-24 11:19:48,mainnet,10127663,10127658,5
2020-05-24 11:21:21,mainnet,10127674,10127664,10
2020-05-24 11:23:02,mainnet,10127680,10127680,0
2020-05-24 11:24:39,mainnet,10127686,10127680,6
2020-05-24 11:26:18,mainnet,10127702,10127680,22
2020-05-24 11:28:30,mainnet,10127706,10127706,0
2020-05-24 11:30:24,mainnet,10127714,10127714,0
2020-05-24 11:31:53,mainnet,10127720,10127716,4
2020-05-24 11:33:36,mainnet,10127729,10127716,13
2020-05-24 11:35:12,mainnet,10127738,10127716,22
2020-05-24 11:36:52,mainnet,10127746,10127739,7
2020-05-24 11:38:30,mainnet,10127751,10127739,12
2020-05-24 11:40:03,mainnet,10127757,10127739,18
2020-05-24 11:41:38,mainnet,10127763,10127761,2
2020-05-24 11:43:11,mainnet,10127775,10127774,1
2020-05-24 11:44:47,mainnet,10127781,10127781,0
2020-05-24 11:46:16,mainnet,10127786,10127783,3
2020-05-24 11:47:50,mainnet,10127794,10127783,11
2020-05-24 11:49:37,mainnet,10127803,10127799,4
2020-05-24 11:51:05,mainnet,10127809,10127806,3
2020-05-24 11:52:43,mainnet,10127815,10127806,9
2020-05-24 11:54:08,mainnet,10127819,10127819,0
2020-05-24 11:55:38,mainnet,10127826,10127826,0
2020-05-24 11:57:04,mainnet,10127836,10127836,0
2020-05-24 11:58:31,mainnet,10127842,10127841,1
2020-05-24 11:59:57,mainnet,10127853,10127853,0
2020-05-24 12:01:22,mainnet,10127861,10127861,0
2020-05-24 12:02:47,mainnet,10127867,10127864,3
2020-05-24 12:04:17,mainnet,10127877,10127874,3
2020-05-24 12:04:17,kovan,18691731,13465601,5226130
2020-05-24 12:05:58,mainnet,10127888,10127882,6
2020-05-24 12:05:58,kovan,18691746,13465601,5226145
2020-05-24 12:07:37,mainnet,10127894,10127893,1
2020-05-24 12:07:37,kovan,18691760,13465601,5226159
2020-05-24 12:09:12,mainnet,10127905,10127896,9
2020-05-24 12:09:12,kovan,18691800,13465601,5226199
2020-05-24 12:13:37,mainnet,10127912,10127896,16
2020-05-24 12:13:37,kovan,18691821,13465601,5226220
2020-05-24 12:16:02,mainnet,10127922,10127896,26
2020-05-24 12:19:12,mainnet,10127929,10127896,33
2020-05-24 12:19:12,kovan,18691869,13465601,5226268
2020-05-24 12:21:18,mainnet,10127941,10127896,45
2020-05-24 12:21:18,kovan,18691887,13465601,5226286
2020-05-24 12:23:22,mainnet,10127953,10127896,57
2020-05-24 12:23:22,kovan,18691912,13465601,5226311
2020-05-24 12:26:10,mainnet,10127965,10127896,69
2020-05-24 12:26:10,kovan,18691944,13465601,5226343
2020-05-24 12:29:40,mainnet,10127982,10127896,86
2020-05-24 12:29:40,kovan,18691964,13465601,5226363
2020-05-24 12:31:51,mainnet,10127991,10127896,95
2020-05-24 12:31:51,kovan,18691983,13465601,5226382
2020-05-24 12:33:57,mainnet,10128000,10127896,104
2020-05-24 12:33:57,kovan,18692000,13465601,5226399
2020-05-24 12:35:52,mainnet,10128013,10127896,117
2020-05-24 12:35:52,kovan,18692022,13465601,5226421
2020-05-24 12:38:22,mainnet,10128025,10127896,129
2020-05-24 12:38:22,kovan,18692042,13465601,5226441
2020-05-24 12:40:33,mainnet,10128035,10127896,139
2020-05-24 12:40:33,kovan,18692059,13465601,5226458
2020-05-24 12:42:29,mainnet,10128044,10127896,148
2020-05-24 12:42:29,kovan,18692079,13465601,5226478
2020-05-24 12:44:40,mainnet,10128055,10127896,159
2020-05-24 12:44:40,kovan,18692096,13465601,5226495
2020-05-24 13:00:09,mainnet,10128127,10127896,231
2020-05-24 13:00:09,kovan,18692239,13465601,5226638
2020-05-24 13:02:24,mainnet,10128143,10127896,247
2020-05-24 13:02:24,kovan,18692265,13465601,5226664
2020-05-24 13:05:16,mainnet,10128155,10127896,259
2020-05-24 13:05:16,kovan,18692283,13465601,5226682
2020-05-24 13:07:23,mainnet,10128160,10127896,264
2020-05-24 13:07:23,kovan,18692302,13465601,5226701
2020-05-24 13:09:25,mainnet,10128172,10127896,276
2020-05-24 13:09:25,kovan,18692323,13465601,5226722
2020-05-24 13:11:50,mainnet,10128190,10127896,294
2020-05-24 13:11:50,kovan,18692343,13465601,5226742
2020-05-24 13:13:58,mainnet,10128197,10127896,301
2020-05-24 13:17:13,mainnet,10128219,10127896,323
2020-05-24 13:17:13,kovan,18692412,13465601,5226811
2020-05-24 13:21:43,mainnet,10128234,10127896,338
2020-05-24 13:21:43,kovan,18692443,13465601,5226842
2020-05-24 13:25:12,mainnet,10128240,10127896,344
2020-05-24 13:25:12,kovan,18692460,13465601,5226859
2020-05-24 13:27:02,mainnet,10128260,10127896,364
2020-05-24 13:27:02,kovan,18692482,13465601,5226881
2020-05-24 13:29:29,mainnet,10128273,10127896,377
2020-05-24 13:29:29,kovan,18692514,13465601,5226913
2020-05-24 13:33:00,mainnet,10128286,10127896,390
2020-05-24 13:33:00,kovan,18692536,13465601,5226935
2020-05-24 13:35:24,mainnet,10128295,10127896,399
2020-05-24 13:36:58,mainnet,10128300,10128298,2
2020-05-24 13:38:20,mainnet,10128311,10128311,0
2020-05-24 13:39:43,mainnet,10128319,10128319,0
2020-05-24 13:41:05,mainnet,10128330,10128330,0
2020-05-24 13:42:32,mainnet,10128339,10128339,0
2020-05-24 13:43:55,mainnet,10128346,10128345,1
2020-05-24 13:45:17,mainnet,10128350,10128350,0
2020-05-24 13:46:40,mainnet,10128355,10128355,0
2020-05-24 13:48:06,mainnet,10128359,10128358,1
2020-05-24 13:49:29,mainnet,10128367,10128367,0
2020-05-24 13:50:52,mainnet,10128373,10128373,0
2020-05-24 13:52:15,mainnet,10128379,10128379,0
2020-05-24 13:53:37,mainnet,10128384,10128384,0
2020-05-24 13:55:00,mainnet,10128387,10128387,0
2020-05-24 13:56:22,mainnet,10128397,10128396,1
2020-05-24 13:57:53,mainnet,10128401,10128401,0
2020-05-24 13:59:16,mainnet,10128406,10128406,0
2020-05-24 14:00:38,mainnet,10128411,10128411,0
2020-05-24 14:02:01,mainnet,10128414,10128414,0
2020-05-24 14:03:23,mainnet,10128423,10128422,1
2020-05-24 14:04:45,mainnet,10128426,10128426,0
2020-05-24 14:06:08,mainnet,10128430,10128430,0
2020-05-24 14:07:30,mainnet,10128438,10128438,0
2020-05-24 14:08:53,mainnet,10128451,10128451,0
2020-05-24 14:10:15,mainnet,10128460,10128460,0
2020-05-24 14:11:38,mainnet,10128466,10128466,0
2020-05-24 14:13:01,mainnet,10128470,10128470,0
2020-05-24 14:14:24,mainnet,10128475,10128475,0
2020-05-24 14:15:46,mainnet,10128482,10128482,0
2020-05-24 14:17:09,mainnet,10128495,10128495,0
2020-05-24 14:18:36,mainnet,10128500,10128500,0
2020-05-24 14:19:59,mainnet,10128505,10128505,0
2020-05-24 14:21:21,mainnet,10128509,10128509,0
2020-05-24 14:22:43,mainnet,10128511,10128511,0
2020-05-24 14:24:07,mainnet,10128516,10128516,0
2020-05-24 14:25:29,mainnet,10128521,10128521,0
2020-05-24 14:26:51,mainnet,10128526,10128526,0
2020-05-24 14:28:13,mainnet,10128531,10128531,0
2020-05-24 14:29:35,mainnet,10128538,10128538,0
2020-05-24 14:30:57,mainnet,10128544,10128544,0
2020-05-24 14:32:25,mainnet,10128552,10128552,0
2020-05-24 14:33:47,mainnet,10128560,10128560,0
2020-05-24 14:35:09,mainnet,10128566,10128567,-1
2020-05-24 14:36:32,mainnet,10128575,10128575,0
2020-05-24 14:37:54,mainnet,10128580,10128580,0
2020-05-24 14:39:17,mainnet,10128590,10128590,0
2020-05-24 14:40:39,mainnet,10128595,10128595,0
2020-05-24 14:42:01,mainnet,10128602,10128602,0
2020-05-24 14:43:23,mainnet,10128605,10128605,0
2020-05-24 14:44:47,mainnet,10128612,10128613,-1
2020-05-24 14:46:10,mainnet,10128623,10128623,0
2020-05-24 14:47:34,mainnet,10128624,10128624,0
2020-05-24 14:48:56,mainnet,10128629,10128629,0
2020-05-24 14:50:18,mainnet,10128637,10128637,0
2020-05-24 14:51:41,mainnet,10128651,10128651,0
2020-05-24 14:53:03,mainnet,10128656,10128656,0
2020-05-24 14:54:26,mainnet,10128659,10128659,0
2020-05-24 14:55:48,mainnet,10128662,10128662,0
2020-05-24 14:57:10,mainnet,10128665,10128665,0
2020-05-24 14:58:32,mainnet,10128670,10128671,-1
2020-05-24 14:59:55,mainnet,10128678,10128678,0
2020-05-24 15:01:17,mainnet,10128682,10128681,1
2020-05-24 15:03:07,mainnet,10128688,10128688,0
2020-05-24 15:04:29,mainnet,10128695,10128695,0
2020-05-24 15:05:56,mainnet,10128705,10128705,0
2020-05-24 15:07:34,mainnet,10128711,10128710,1
2020-05-24 15:09:02,mainnet,10128717,10128716,1
2020-05-24 15:10:24,mainnet,10128722,10128721,1
2020-05-24 15:11:55,mainnet,10128730,10128728,2
2020-05-24 15:13:30,mainnet,10128734,10128733,1
2020-05-24 15:14:59,mainnet,10128741,10128739,2
2020-05-24 15:16:29,mainnet,10128750,10128741,9
2020-05-24 15:18:05,mainnet,10128760,10128741,19
2020-05-24 15:19:40,mainnet,10128763,10128763,0
2020-05-24 15:21:22,mainnet,10128775,10128768,7
2020-05-24 15:22:45,mainnet,10128782,10128777,5
2020-05-24 15:24:12,mainnet,10128787,10128788,-1
2020-05-24 15:25:35,mainnet,10128796,10128796,0
2020-05-24 15:27:02,mainnet,10128805,10128801,4
2020-05-24 15:28:42,mainnet,10128811,10128811,0
2020-05-24 15:30:18,mainnet,10128819,10128819,0
2020-05-24 15:31:40,mainnet,10128825,10128823,2
2020-05-24 15:33:16,mainnet,10128830,10128829,1
2020-05-24 15:34:40,mainnet,10128836,10128836,0
2020-05-24 15:36:10,mainnet,10128840,10128840,0
2020-05-24 15:37:48,mainnet,10128849,10128847,2
2020-05-24 15:39:16,mainnet,10128856,10128856,0
2020-05-24 15:40:40,mainnet,10128861,10128861,0
2020-05-24 15:42:16,mainnet,10128869,10128868,1
2020-05-24 15:44:02,mainnet,10128874,10128874,0
2020-05-24 15:45:26,mainnet,10128881,10128880,1
2020-05-24 15:46:51,mainnet,10128890,10128889,1
2020-05-24 15:48:27,mainnet,10128899,10128899,0
2020-05-24 15:50:00,mainnet,10128909,10128909,0
2020-05-24 15:51:39,mainnet,10128918,10128910,8
2020-05-24 15:53:21,mainnet,10128925,10128924,1
2020-05-24 15:54:47,mainnet,10128933,10128932,1
2020-05-24 15:56:19,mainnet,10128939,10128932,7
2020-05-24 15:58:01,mainnet,10128948,10128941,7
2020-05-24 15:59:48,mainnet,10128954,10128951,3
2020-05-24 16:01:38,mainnet,10128956,10128955,1
2020-05-24 16:03:19,mainnet,10128967,10128958,9
2020-05-24 16:04:57,mainnet,10128970,10128968,2
2020-05-24 16:06:44,mainnet,10128978,10128970,8
2020-05-24 16:08:28,mainnet,10128988,10128970,18
2020-05-24 16:10:09,mainnet,10128994,10128970,24
2020-05-24 16:11:46,mainnet,10128999,10128970,29
2020-05-24 16:13:22,mainnet,10129005,10129004,1
2020-05-24 16:15:03,mainnet,10129015,10129007,8
2020-05-24 16:16:51,mainnet,10129026,10129007,19
2020-05-24 16:18:45,mainnet,10129038,10129007,31
2020-05-24 16:20:41,mainnet,10129044,10129007,37
2020-05-24 16:22:28,mainnet,10129051,10129051,0
2020-05-24 16:24:09,mainnet,10129059,10129052,7
2020-05-24 16:25:37,mainnet,10129068,10129060,8
2020-05-24 16:27:17,mainnet,10129073,10129072,1
2020-05-24 16:28:51,mainnet,10129087,10129082,5
2020-05-24 16:30:25,mainnet,10129091,10129091,0
2020-05-24 16:31:55,mainnet,10129101,10129091,10
2020-05-24 16:33:26,mainnet,10129108,10129107,1
2020-05-24 16:35:12,mainnet,10129115,10129113,2
2020-05-24 16:36:49,mainnet,10129122,10129119,3
2020-05-24 16:38:20,mainnet,10129126,10129126,0
2020-05-24 16:39:51,mainnet,10129135,10129134,1
2020-05-24 16:41:22,mainnet,10129141,10129141,0
2020-05-24 16:42:57,mainnet,10129146,10129146,0
2020-05-24 16:44:22,mainnet,10129151,10129151,0
2020-05-24 16:45:46,mainnet,10129159,10129159,0
2020-05-24 16:47:08,mainnet,10129162,10129162,0
2020-05-24 16:48:37,mainnet,10129166,10129166,0
2020-05-24 16:50:03,mainnet,10129173,10129171,2
2020-05-24 16:51:34,mainnet,10129175,10129175,0
2020-05-24 16:53:10,mainnet,10129185,10129184,1
2020-05-24 16:54:43,mainnet,10129192,10129192,0
2020-05-24 16:56:12,mainnet,10129200,10129200,0
2020-05-24 16:57:42,mainnet,10129208,10129208,0
2020-05-24 16:59:14,mainnet,10129213,10129213,0
2020-05-24 17:00:36,mainnet,10129220,10129220,0
2020-05-24 17:01:59,mainnet,10129224,10129224,0
2020-05-24 17:03:29,mainnet,10129231,10129231,0
2020-05-24 17:04:52,mainnet,10129233,10129233,0
2020-05-24 17:06:16,mainnet,10129239,10129239,0
2020-05-24 17:07:52,mainnet,10129248,10129240,8
2020-05-24 17:09:19,mainnet,10129254,10129249,5
2020-05-24 17:10:49,mainnet,10129260,10129260,0
2020-05-24 17:12:32,mainnet,10129274,10129271,3
2020-05-24 17:14:02,mainnet,10129280,10129280,0
2020-05-24 17:15:25,mainnet,10129283,10129283,0
2020-05-24 17:16:53,mainnet,10129288,10129288,0
2020-05-24 17:18:31,mainnet,10129296,10129288,8
2020-05-24 17:19:53,mainnet,10129305,10129302,3
2020-05-24 17:21:16,mainnet,10129317,10129315,2
2020-05-24 17:22:54,mainnet,10129327,10129324,3
2020-05-24 17:24:24,mainnet,10129337,10129337,0
2020-05-24 17:25:47,mainnet,10129342,10129342,0
2020-05-24 17:27:20,mainnet,10129345,10129345,0
2020-05-24 17:28:47,mainnet,10129347,10129347,0
2020-05-24 17:30:09,mainnet,10129353,10129353,0
2020-05-24 17:31:32,mainnet,10129356,10129356,0
2020-05-24 17:32:54,mainnet,10129361,10129361,0
2020-05-24 17:34:30,mainnet,10129369,10129369,0
2020-05-24 17:35:52,mainnet,10129373,10129372,1
2020-05-24 17:37:30,mainnet,10129381,10129380,1
2020-05-24 17:39:00,mainnet,10129387,10129385,2
2020-05-24 17:40:30,mainnet,10129394,10129394,0
2020-05-24 17:41:59,mainnet,10129402,10129402,0
2020-05-24 17:43:30,mainnet,10129410,10129407,3
2020-05-24 17:45:07,mainnet,10129418,10129417,1
2020-05-24 17:46:38,mainnet,10129428,10129420,8
2020-05-24 17:48:16,mainnet,10129436,10129420,16
2020-05-24 17:49:45,mainnet,10129447,10129436,11
2020-05-24 17:51:18,mainnet,10129454,10129450,4
2020-05-24 17:52:53,mainnet,10129460,10129454,6
2020-05-24 17:54:24,mainnet,10129471,10129462,9
2020-05-24 17:56:03,mainnet,10129474,10129473,1
2020-05-24 17:57:48,mainnet,10129485,10129483,2
2020-05-24 17:59:21,mainnet,10129488,10129486,2
2020-05-24 18:00:51,mainnet,10129494,10129494,0
2020-05-24 18:02:39,mainnet,10129504,10129504,0
2020-05-24 18:04:09,mainnet,10129512,10129511,1
2020-05-24 18:05:45,mainnet,10129526,10129524,2
2020-05-24 18:07:22,mainnet,10129530,10129530,0
2020-05-24 18:08:46,mainnet,10129535,10129535,0
2020-05-24 18:10:09,mainnet,10129540,10129540,0
2020-05-24 18:11:37,mainnet,10129546,10129545,1
2020-05-24 18:13:10,mainnet,10129552,10129551,1
2020-05-24 18:14:39,mainnet,10129560,10129560,0
2020-05-24 18:16:05,mainnet,10129571,10129568,3
2020-05-24 18:17:53,mainnet,10129576,10129576,0
2020-05-24 18:19:17,mainnet,10129581,10129581,0
2020-05-24 18:20:41,mainnet,10129587,10129586,1
2020-05-24 18:22:03,mainnet,10129595,10129592,3
2020-05-24 18:23:37,mainnet,10129605,10129603,2
2020-05-24 18:25:02,mainnet,10129615,10129606,9
2020-05-24 18:26:31,mainnet,10129621,10129621,0
2020-05-24 18:28:06,mainnet,10129629,10129629,0
2020-05-24 18:29:30,mainnet,10129632,10129632,0
2020-05-24 18:30:54,mainnet,10129641,10129641,0
2020-05-24 18:32:31,mainnet,10129648,10129647,1
2020-05-24 18:34:01,mainnet,10129654,10129654,0
2020-05-24 18:35:23,mainnet,10129661,10129661,0
2020-05-24 18:36:51,mainnet,10129667,10129665,2
2020-05-24 18:38:27,mainnet,10129673,10129670,3
2020-05-24 18:39:57,mainnet,10129679,10129678,1
2020-05-24 18:41:23,mainnet,10129684,10129683,1
2020-05-24 18:42:56,mainnet,10129689,10129689,0
2020-05-24 18:44:47,mainnet,10129695,10129695,0
2020-05-24 18:46:09,mainnet,10129704,10129699,5
2020-05-24 18:47:45,mainnet,10129715,10129714,1
2020-05-24 18:49:14,mainnet,10129720,10129719,1
2020-05-24 18:50:39,mainnet,10129725,10129725,0
2020-05-24 18:52:01,mainnet,10129728,10129728,0
2020-05-24 18:53:32,mainnet,10129734,10129733,1
2020-05-24 18:54:57,mainnet,10129740,10129739,1
2020-05-24 18:56:22,mainnet,10129746,10129744,2
2020-05-24 18:58:01,mainnet,10129750,10129750,0
2020-05-24 18:59:34,mainnet,10129756,10129756,0
2020-05-24 19:00:57,mainnet,10129763,10129762,1
2020-05-24 19:02:40,mainnet,10129772,10129769,3
2020-05-24 19:04:07,mainnet,10129777,10129777,0
2020-05-24 19:05:31,mainnet,10129781,10129781,0
2020-05-24 19:06:56,mainnet,10129792,10129792,0
2020-05-24 19:08:29,mainnet,10129799,10129799,0
2020-05-24 19:09:53,mainnet,10129806,10129805,1
2020-05-24 19:11:20,mainnet,10129811,10129808,3
2020-05-24 19:12:55,mainnet,10129818,10129817,1
2020-05-24 19:14:24,mainnet,10129825,10129822,3
2020-05-24 19:15:53,mainnet,10129835,10129832,3
2020-05-24 19:17:28,mainnet,10129844,10129841,3
2020-05-24 19:19:07,mainnet,10129854,10129845,9
2020-05-24 19:20:38,mainnet,10129861,10129859,2
2020-05-24 19:22:02,mainnet,10129867,10129859,8
2020-05-24 19:23:34,mainnet,10129872,10129871,1
2020-05-24 19:25:02,mainnet,10129877,10129876,1
2020-05-24 19:26:33,mainnet,10129885,10129878,7
2020-05-24 19:28:07,mainnet,10129890,10129878,12
2020-05-24 19:29:31,mainnet,10129899,10129878,21
2020-05-24 19:31:01,mainnet,10129901,10129878,23
2020-05-24 19:32:37,mainnet,10129907,10129878,29
2020-05-24 19:34:11,mainnet,10129913,10129878,35
2020-05-24 19:35:39,mainnet,10129917,10129878,39
2020-05-24 19:37:06,mainnet,10129926,10129878,48
2020-05-24 19:38:28,mainnet,10129931,10129878,53
2020-05-24 19:39:55,mainnet,10129939,10129878,61
2020-05-24 19:41:18,mainnet,10129945,10129878,67
2020-05-24 19:42:56,mainnet,10129955,10129878,77
2020-05-24 19:44:31,mainnet,10129958,10129878,80
2020-05-24 19:46:11,mainnet,10129964,10129878,86
2020-05-24 19:47:55,mainnet,10129972,10129878,94
2020-05-24 19:49:18,mainnet,10129981,10129878,103
2020-05-24 19:50:41,mainnet,10129990,10129878,112
2020-05-24 19:52:13,mainnet,10129997,10129878,119
2020-05-24 19:53:41,mainnet,10130005,10129878,127
2020-05-24 19:55:07,mainnet,10130018,10129878,140
2020-05-24 19:56:32,mainnet,10130024,10129878,146
2020-05-24 19:58:06,mainnet,10130032,10129878,154
2020-05-24 19:59:35,mainnet,10130040,10129878,162
2020-05-24 20:01:02,mainnet,10130045,10129878,167
2020-05-24 20:02:38,mainnet,10130054,10129878,176
2020-05-24 20:04:09,mainnet,10130058,10129878,180
2020-05-24 20:05:40,mainnet,10130065,10129878,187
2020-05-24 20:07:03,mainnet,10130071,10129878,193
2020-05-24 20:08:29,mainnet,10130079,10129878,201
2020-05-24 20:10:00,mainnet,10130089,10129878,211
2020-05-24 20:11:27,mainnet,10130092,10129878,214
2020-05-24 20:12:53,mainnet,10130095,10129878,217
2020-05-24 20:14:16,mainnet,10130098,10129878,220
2020-05-24 20:15:46,mainnet,10130105,10129878,227
2020-05-24 20:17:16,mainnet,10130114,10129878,236
2020-05-24 20:18:38,mainnet,10130122,10129878,244
2020-05-24 20:20:07,mainnet,10130127,10129878,249
2020-05-24 20:21:29,mainnet,10130134,10129878,256
2020-05-24 20:22:56,mainnet,10130141,10129878,263
2020-05-24 20:24:22,mainnet,10130149,10129878,271
2020-05-24 20:25:52,mainnet,10130157,10129878,279
2020-05-24 20:28:58,mainnet,10130169,10129878,291
2020-05-24 20:30:28,mainnet,10130180,10129878,302
2020-05-24 20:32:05,mainnet,10130189,10130187,2
2020-05-24 20:33:38,mainnet,10130194,10130192,2
2020-05-24 20:35:11,mainnet,10130200,10130200,0
2020-05-24 20:36:45,mainnet,10130204,10130204,0
2020-05-24 20:38:21,mainnet,10130212,10130211,1
2020-05-24 20:39:59,mainnet,10130222,10130217,5
2020-05-24 20:41:27,mainnet,10130230,10130217,13
2020-05-24 20:42:51,mainnet,10130234,10130217,17
2020-05-24 20:44:31,mainnet,10130237,10130217,20
2020-05-24 20:46:00,mainnet,10130247,10130217,30
2020-05-24 20:47:34,mainnet,10130253,10130217,36
2020-05-24 20:49:04,mainnet,10130261,10130217,44
2020-05-24 20:50:32,mainnet,10130266,10130217,49
2020-05-24 20:52:05,mainnet,10130273,10130217,56
2020-05-24 20:53:38,mainnet,10130281,10130217,64
2020-05-24 20:55:21,mainnet,10130290,10130217,73
2020-05-24 20:57:01,mainnet,10130298,10130217,81
2020-05-24 20:58:34,mainnet,10130309,10130217,92
2020-05-24 21:00:14,mainnet,10130319,10130217,102
2020-05-24 21:01:46,mainnet,10130326,10130217,109
2020-05-24 21:03:18,mainnet,10130331,10130217,114
2020-05-24 21:05:01,mainnet,10130340,10130217,123
2020-05-24 21:06:42,mainnet,10130346,10130217,129
2020-05-24 21:08:17,mainnet,10130354,10130217,137
2020-05-24 21:10:03,mainnet,10130361,10130217,144
2020-05-24 21:11:43,mainnet,10130371,10130217,154
2020-05-24 21:13:33,mainnet,10130378,10130217,161
2020-05-24 21:15:21,mainnet,10130386,10130217,169
2020-05-24 21:16:56,mainnet,10130396,10130217,179
2020-05-24 21:18:29,mainnet,10130404,10130217,187
2020-05-24 21:20:02,mainnet,10130408,10130217,191
2020-05-24 21:21:33,mainnet,10130415,10130217,198
2020-05-24 21:23:03,mainnet,10130422,10130217,205
2020-05-24 21:24:39,mainnet,10130429,10130217,212
2020-05-24 21:26:08,mainnet,10130435,10130217,218
2020-05-24 21:27:42,mainnet,10130440,10130217,223
2020-05-24 21:29:29,mainnet,10130448,10130217,231
2020-05-24 21:30:56,mainnet,10130457,10130217,240
2020-05-24 21:32:22,mainnet,10130468,10130217,251
2020-05-24 21:33:54,mainnet,10130472,10130217,255
2020-05-24 21:35:34,mainnet,10130479,10130217,262
2020-05-24 21:37:04,mainnet,10130488,10130217,271
2020-05-24 21:38:35,mainnet,10130491,10130217,274
2020-05-24 21:40:05,mainnet,10130499,10130217,282
2020-05-24 21:41:30,mainnet,10130507,10130217,290
2020-05-24 21:43:02,mainnet,10130515,10130217,298
2020-05-24 21:44:30,mainnet,10130521,10130217,304
2020-05-24 21:45:58,mainnet,10130528,10130217,311
2020-05-24 21:47:21,mainnet,10130538,10130217,321
2020-05-24 21:48:48,mainnet,10130544,10130217,327
2020-05-24 21:50:24,mainnet,10130550,10130217,333
2020-05-24 21:51:47,mainnet,10130562,10130217,345
2020-05-24 21:53:11,mainnet,10130571,10130217,354
2020-05-24 21:54:33,mainnet,10130576,10130217,359
2020-05-24 21:55:56,mainnet,10130582,10130217,365
2020-05-24 21:57:18,mainnet,10130586,10130217,369
2020-05-24 21:58:41,mainnet,10130594,10130217,377
2020-05-24 22:00:04,mainnet,10130602,10130217,385
2020-05-24 22:01:37,mainnet,10130610,10130610,0
2020-05-24 22:03:01,mainnet,10130617,10130615,2
2020-05-24 22:04:39,mainnet,10130621,10130621,0
2020-05-24 22:06:14,mainnet,10130628,10130626,2
2020-05-24 22:07:46,mainnet,10130634,10130634,0
2020-05-24 22:09:18,mainnet,10130640,10130638,2
2020-05-24 22:10:54,mainnet,10130652,10130638,14
2020-05-24 22:12:25,mainnet,10130658,10130638,20
2020-05-24 22:13:52,mainnet,10130664,10130638,26
2020-05-24 22:15:20,mainnet,10130670,10130638,32
2020-05-24 22:16:54,mainnet,10130679,10130638,41
2020-05-24 22:18:42,mainnet,10130688,10130638,50
2020-05-24 22:20:17,mainnet,10130692,10130638,54
2020-05-24 22:21:53,mainnet,10130696,10130638,58
2020-05-24 22:23:25,mainnet,10130706,10130638,68
2020-05-24 22:24:53,mainnet,10130714,10130638,76
2020-05-24 22:26:27,mainnet,10130721,10130638,83
2020-05-24 22:27:57,mainnet,10130728,10130638,90
2020-05-24 22:29:27,mainnet,10130733,10130638,95
2020-05-24 22:31:02,mainnet,10130744,10130638,106
2020-05-24 22:32:31,mainnet,10130756,10130638,118
2020-05-24 22:34:01,mainnet,10130768,10130638,130
2020-05-24 22:35:31,mainnet,10130775,10130638,137
2020-05-24 22:37:07,mainnet,10130782,10130638,144
2020-05-24 22:38:44,mainnet,10130796,10130638,158
2020-05-24 22:40:13,mainnet,10130800,10130638,162
2020-05-24 22:41:52,mainnet,10130805,10130638,167
2020-05-24 22:43:23,mainnet,10130810,10130638,172
2020-05-24 22:44:50,mainnet,10130814,10130638,176
2020-05-24 22:46:30,mainnet,10130821,10130638,183
2020-05-24 22:48:02,mainnet,10130829,10130638,191
2020-05-24 22:49:35,mainnet,10130837,10130638,199
2020-05-24 22:51:09,mainnet,10130845,10130638,207
2020-05-24 22:52:38,mainnet,10130855,10130638,217
2020-05-24 22:54:12,mainnet,10130864,10130638,226
2020-05-24 22:55:49,mainnet,10130871,10130638,233
2020-05-24 22:57:21,mainnet,10130876,10130638,238
2020-05-24 22:58:50,mainnet,10130883,10130638,245
2020-05-24 23:00:24,mainnet,10130888,10130638,250
2020-05-24 23:02:02,mainnet,10130895,10130638,257
2020-05-24 23:03:33,mainnet,10130899,10130638,261
2020-05-24 23:05:03,mainnet,10130903,10130638,265
2020-05-24 23:06:42,mainnet,10130910,10130638,272
2020-05-24 23:08:18,mainnet,10130917,10130638,279
2020-05-24 23:09:48,mainnet,10130925,10130638,287
2020-05-24 23:11:32,mainnet,10130931,10130638,293
2020-05-24 23:13:04,mainnet,10130935,10130638,297
2020-05-24 23:14:40,mainnet,10130938,10130638,300
2020-05-24 23:16:19,mainnet,10130945,10130638,307
2020-05-24 23:17:55,mainnet,10130954,10130638,316
2020-05-24 23:19:33,mainnet,10130962,10130638,324
2020-05-24 23:21:09,mainnet,10130970,10130638,332
2020-05-24 23:22:44,mainnet,10130979,10130638,341
2020-05-24 23:24:16,mainnet,10130983,10130638,345
2020-05-24 23:25:40,mainnet,10130985,10130638,347
2020-05-24 23:27:06,mainnet,10130992,10130638,354
2020-05-24 23:28:35,mainnet,10130998,10130638,360
2020-05-24 23:29:59,mainnet,10131001,10130638,363
2020-05-24 23:31:26,mainnet,10131008,10130638,370
2020-05-24 23:32:51,mainnet,10131014,10130638,376
2020-05-24 23:34:17,mainnet,10131018,10130638,380
2020-05-24 23:35:40,mainnet,10131022,10130638,384
2020-05-24 23:37:14,mainnet,10131027,10130638,389
2020-05-24 23:38:41,mainnet,10131035,10130638,397
2020-05-24 23:40:04,mainnet,10131040,10130638,402
2020-05-24 23:41:41,mainnet,10131045,10130638,407
2020-05-24 23:43:08,mainnet,10131048,10130638,410
2020-05-24 23:44:30,mainnet,10131056,10130638,418
2020-05-24 23:46:08,mainnet,10131061,10130638,423
2020-05-24 23:47:37,mainnet,10131068,10130638,430
2020-05-24 23:48:59,mainnet,10131078,10130638,440
2020-05-24 23:50:29,mainnet,10131082,10130638,444
2020-05-24 23:52:02,mainnet,10131087,10130638,449
2020-05-24 23:53:26,mainnet,10131094,10130638,456
2020-05-24 23:54:49,mainnet,10131105,10130638,467
2020-05-24 23:56:28,mainnet,10131109,10130638,471
2020-05-24 23:57:51,mainnet,10131112,10130638,474
2020-05-24 23:59:15,mainnet,10131118,10130638,480
2020-05-25 00:00:38,mainnet,10131127,10130638,489
2020-05-25 00:02:06,mainnet,10131134,10130638,496
2020-05-25 00:03:30,mainnet,10131140,10130638,502
2020-05-25 00:05:02,mainnet,10131150,10130638,512
2020-05-25 00:06:38,mainnet,10131155,10130638,517
2020-05-25 00:08:05,mainnet,10131161,10130638,523
2020-05-25 00:09:28,mainnet,10131169,10130638,531
2020-05-25 00:11:03,mainnet,10131175,10130638,537
2020-05-25 00:12:31,mainnet,10131177,10130638,539
2020-05-25 00:13:53,mainnet,10131184,10130638,546
2020-05-25 00:15:18,mainnet,10131188,10130638,550
2020-05-25 00:16:41,mainnet,10131194,10130638,556
2020-05-25 00:18:06,mainnet,10131195,10130638,557
2020-05-25 00:19:29,mainnet,10131205,10130638,567
2020-05-25 00:21:11,mainnet,10131216,10130638,578
2020-05-25 00:22:42,mainnet,10131222,10130638,584
2020-05-25 00:24:06,mainnet,10131229,10130638,591
2020-05-25 00:25:29,mainnet,10131233,10130638,595
2020-05-25 00:26:52,mainnet,10131238,10130638,600
2020-05-25 00:28:15,mainnet,10131244,10130638,606
2020-05-25 00:29:38,mainnet,10131248,10130638,610
2020-05-25 00:31:04,mainnet,10131251,10130638,613
2020-05-25 00:32:29,mainnet,10131258,10130638,620
2020-05-25 00:33:56,mainnet,10131270,10130638,632
2020-05-25 00:35:19,mainnet,10131272,10130638,634
2020-05-25 00:36:47,mainnet,10131278,10130638,640
2020-05-25 00:38:24,mainnet,10131285,10130638,647
2020-05-25 00:39:50,mainnet,10131296,10130638,658
2020-05-25 00:41:15,mainnet,10131303,10130638,665
2020-05-25 00:42:40,mainnet,10131313,10130638,675
2020-05-25 00:44:08,mainnet,10131319,10130638,681
2020-05-25 00:45:34,mainnet,10131328,10130638,690
2020-05-25 00:46:58,mainnet,10131333,10130638,695
2020-05-25 00:48:20,mainnet,10131339,10130638,701
2020-05-25 00:49:44,mainnet,10131342,10130638,704
2020-05-25 00:51:06,mainnet,10131351,10130638,713
2020-05-25 00:52:30,mainnet,10131357,10130638,719
2020-05-25 00:54:00,mainnet,10131364,10130638,726
2020-05-25 00:55:25,mainnet,10131370,10130638,732
2020-05-25 00:56:55,mainnet,10131377,10130638,739
2020-05-25 00:58:24,mainnet,10131387,10130638,749
2020-05-25 00:59:50,mainnet,10131392,10130638,754
2020-05-25 01:01:26,mainnet,10131401,10130638,763
2020-05-25 01:02:54,mainnet,10131406,10130638,768
2020-05-25 01:04:17,mainnet,10131410,10130638,772
2020-05-25 01:05:40,mainnet,10131417,10130638,779
2020-05-25 01:07:05,mainnet,10131421,10130638,783
2020-05-25 01:08:32,mainnet,10131426,10130638,788
2020-05-25 01:09:56,mainnet,10131431,10130638,793
2020-05-25 01:11:19,mainnet,10131437,10130638,799
2020-05-25 01:12:46,mainnet,10131447,10130638,809
2020-05-25 01:14:18,mainnet,10131451,10130638,813
2020-05-25 01:15:42,mainnet,10131459,10130638,821
2020-05-25 01:17:09,mainnet,10131467,10130638,829
2020-05-25 01:18:32,mainnet,10131471,10130638,833
2020-05-25 01:19:54,mainnet,10131475,10130638,837
2020-05-25 01:21:16,mainnet,10131481,10130638,843
2020-05-25 01:22:38,mainnet,10131487,10130638,849
2020-05-25 01:24:03,mainnet,10131493,10130638,855
2020-05-25 01:25:30,mainnet,10131500,10130638,862
2020-05-25 01:26:54,mainnet,10131511,10130638,873
2020-05-25 01:28:29,mainnet,10131514,10130638,876
2020-05-25 01:29:57,mainnet,10131523,10130638,885
2020-05-25 01:31:42,mainnet,10131526,10130638,888
2020-05-25 01:33:06,mainnet,10131529,10130638,891
2020-05-25 01:34:28,mainnet,10131534,10130638,896
2020-05-25 01:36:07,mainnet,10131541,10130638,903
2020-05-25 01:37:31,mainnet,10131549,10130638,911
2020-05-25 01:38:55,mainnet,10131556,10130638,918
2020-05-25 01:40:19,mainnet,10131562,10130638,924
2020-05-25 01:42:07,mainnet,10131569,10130638,931
2020-05-25 01:43:30,mainnet,10131573,10130638,935
2020-05-25 01:44:53,mainnet,10131581,10130638,943
2020-05-25 01:46:27,mainnet,10131590,10130638,952
2020-05-25 01:47:54,mainnet,10131594,10130638,956
2020-05-25 01:49:19,mainnet,10131599,10130638,961
2020-05-25 01:50:41,mainnet,10131607,10130638,969
2020-05-25 01:52:16,mainnet,10131613,10130638,975
2020-05-25 01:53:43,mainnet,10131620,10130638,982
2020-05-25 01:55:15,mainnet,10131623,10130638,985
2020-05-25 01:56:48,mainnet,10131631,10130638,993
2020-05-25 01:58:18,mainnet,10131636,10130638,998
2020-05-25 01:59:48,mainnet,10131641,10130638,1003
2020-05-25 02:01:20,mainnet,10131646,10130638,1008
2020-05-25 02:02:43,mainnet,10131653,10130638,1015
2020-05-25 02:04:12,mainnet,10131663,10130638,1025
2020-05-25 02:05:36,mainnet,10131672,10130638,1034
2020-05-25 02:07:12,mainnet,10131675,10130638,1037
2020-05-25 02:08:38,mainnet,10131682,10130638,1044
2020-05-25 02:10:01,mainnet,10131689,10130638,1051
2020-05-25 02:11:29,mainnet,10131698,10130638,1060
2020-05-25 02:12:55,mainnet,10131703,10130638,1065
2020-05-25 02:14:19,mainnet,10131711,10130638,1073
2020-05-25 02:15:42,mainnet,10131719,10130638,1081
2020-05-25 02:17:10,mainnet,10131724,10130638,1086
2020-05-25 02:18:36,mainnet,10131734,10130638,1096
2020-05-25 02:19:58,mainnet,10131743,10130638,1105
2020-05-25 02:21:25,mainnet,10131751,10130638,1113
2020-05-25 02:22:50,mainnet,10131758,10130638,1120
2020-05-25 02:24:14,mainnet,10131762,10130638,1124
2020-05-25 02:25:38,mainnet,10131769,10130638,1131
2020-05-25 02:27:15,mainnet,10131772,10130638,1134
2020-05-25 02:28:38,mainnet,10131777,10130638,1139
2020-05-25 02:30:01,mainnet,10131782,10130638,1144
2020-05-25 02:31:36,mainnet,10131786,10130638,1148
2020-05-25 02:33:02,mainnet,10131790,10130638,1152
2020-05-25 02:34:26,mainnet,10131796,10130638,1158
2020-05-25 02:36:10,mainnet,10131806,10130638,1168
2020-05-25 02:37:38,mainnet,10131814,10130638,1176
2020-05-25 02:39:05,mainnet,10131819,10130638,1181
2020-05-25 02:40:28,mainnet,10131829,10130638,1191
2020-05-25 02:41:51,mainnet,10131834,10130638,1196
2020-05-25 02:43:15,mainnet,10131840,10130638,1202
2020-05-25 02:44:39,mainnet,10131848,10130638,1210
2020-05-25 02:46:03,mainnet,10131857,10130638,1219
2020-05-25 02:47:26,mainnet,10131863,10130638,1225
2020-05-25 02:49:03,mainnet,10131868,10130638,1230
2020-05-25 02:50:41,mainnet,10131878,10130638,1240
2020-05-25 02:52:04,mainnet,10131884,10130638,1246
2020-05-25 02:53:57,mainnet,10131887,10130638,1249
2020-05-25 02:55:19,mainnet,10131898,10130638,1260
2020-05-25 02:56:43,mainnet,10131907,10130638,1269
2020-05-25 02:58:12,mainnet,10131913,10130638,1275
2020-05-25 02:59:38,mainnet,10131923,10130638,1285
2020-05-25 03:01:13,mainnet,10131930,10130638,1292
2020-05-25 03:02:39,mainnet,10131937,10130638,1299
2020-05-25 03:04:05,mainnet,10131940,10130638,1302
2020-05-25 03:05:27,mainnet,10131947,10130638,1309
2020-05-25 03:07:04,mainnet,10131953,10130638,1315
2020-05-25 03:08:32,mainnet,10131956,10130638,1318
2020-05-25 03:09:56,mainnet,10131960,10130638,1322
2020-05-25 03:11:29,mainnet,10131966,10130638,1328
2020-05-25 03:12:54,mainnet,10131974,10130638,1336
2020-05-25 03:14:16,mainnet,10131978,10130638,1340
2020-05-25 03:15:38,mainnet,10131984,10130638,1346
2020-05-25 03:17:00,mainnet,10131987,10130638,1349
2020-05-25 03:18:26,mainnet,10131992,10130638,1354
2020-05-25 03:19:50,mainnet,10131996,10130638,1358
2020-05-25 03:21:12,mainnet,10132008,10130638,1370
2020-05-25 03:22:47,mainnet,10132012,10130638,1374
2020-05-25 03:24:20,mainnet,10132020,10130638,1382
2020-05-25 03:25:53,mainnet,10132023,10130638,1385
2020-05-25 03:27:30,mainnet,10132028,10130638,1390
2020-05-25 03:28:58,mainnet,10132034,10130638,1396
2020-05-25 03:30:33,mainnet,10132042,10130638,1404
2020-05-25 03:32:08,mainnet,10132046,10130638,1408
2020-05-25 03:33:34,mainnet,10132047,10130638,1409
2020-05-25 03:35:03,mainnet,10132053,10130638,1415
2020-05-25 03:36:41,mainnet,10132058,10130638,1420
2020-05-25 03:38:17,mainnet,10132062,10130638,1424
2020-05-25 03:39:48,mainnet,10132064,10130638,1426
2020-05-25 03:41:26,mainnet,10132073,10130638,1435
2020-05-25 03:42:56,mainnet,10132079,10130638,1441
2020-05-25 03:44:26,mainnet,10132088,10130638,1450
2020-05-25 03:46:10,mainnet,10132096,10130638,1458
2020-05-25 03:47:39,mainnet,10132102,10130638,1464
2020-05-25 03:49:10,mainnet,10132105,10130638,1467
2020-05-25 03:50:33,mainnet,10132112,10130638,1474
2020-05-25 03:52:08,mainnet,10132119,10130638,1481
2020-05-25 03:53:34,mainnet,10132126,10130638,1488
2020-05-25 03:54:57,mainnet,10132129,10130638,1491
2020-05-25 03:56:41,mainnet,10132136,10130638,1498
2020-05-25 03:58:10,mainnet,10132144,10130638,1506
2020-05-25 03:59:41,mainnet,10132154,10130638,1516
2020-05-25 04:01:14,mainnet,10132162,10130638,1524
2020-05-25 04:02:40,mainnet,10132172,10130638,1534
2020-05-25 04:04:03,mainnet,10132181,10130638,1543
2020-05-25 04:05:25,mainnet,10132189,10130638,1551
2020-05-25 04:06:51,mainnet,10132196,10130638,1558
2020-05-25 04:08:17,mainnet,10132204,10130638,1566
2020-05-25 04:09:40,mainnet,10132212,10130638,1574
2020-05-25 04:11:02,mainnet,10132218,10130638,1580
2020-05-25 04:12:44,mainnet,10132225,10130638,1587
2020-05-25 04:14:14,mainnet,10132230,10130638,1592
2020-05-25 04:15:42,mainnet,10132238,10130638,1600
2020-05-25 04:17:12,mainnet,10132243,10130638,1605
2020-05-25 04:18:39,mainnet,10132250,10130638,1612
2020-05-25 04:20:02,mainnet,10132254,10130638,1616
2020-05-25 04:21:40,mainnet,10132255,10130638,1617
2020-05-25 04:23:07,mainnet,10132268,10130638,1630
2020-05-25 04:24:36,mainnet,10132269,10130638,1631
2020-05-25 04:26:15,mainnet,10132278,10130638,1640
2020-05-25 04:27:39,mainnet,10132286,10130638,1648
2020-05-25 04:29:08,mainnet,10132299,10130638,1661
2020-05-25 04:30:36,mainnet,10132308,10130638,1670
2020-05-25 04:32:05,mainnet,10132315,10130638,1677
2020-05-25 04:33:35,mainnet,10132322,10130638,1684
2020-05-25 04:35:04,mainnet,10132330,10130638,1692
2020-05-25 04:36:41,mainnet,10132335,10130638,1697
2020-05-25 04:38:03,mainnet,10132341,10130638,1703
2020-05-25 04:39:34,mainnet,10132348,10130638,1710
2020-05-25 04:41:08,mainnet,10132355,10130638,1717
2020-05-25 04:42:35,mainnet,10132363,10130638,1725
2020-05-25 04:44:04,mainnet,10132370,10130638,1732
2020-05-25 04:45:30,mainnet,10132375,10130638,1737
2020-05-25 04:47:00,mainnet,10132381,10130638,1743
2020-05-25 04:48:25,mainnet,10132387,10130638,1749
2020-05-25 04:50:09,mainnet,10132392,10130638,1754
2020-05-25 04:51:50,mainnet,10132400,10130638,1762
2020-05-25 04:53:17,mainnet,10132406,10130638,1768
2020-05-25 04:54:51,mainnet,10132410,10130638,1772
2020-05-25 04:56:20,mainnet,10132418,10130638,1780
2020-05-25 04:57:43,mainnet,10132424,10130638,1786
2020-05-25 04:59:19,mainnet,10132427,10130638,1789
2020-05-25 05:00:46,mainnet,10132431,10130638,1793
2020-05-25 05:02:09,mainnet,10132436,10130638,1798
2020-05-25 05:03:33,mainnet,10132442,10130638,1804
2020-05-25 05:05:06,mainnet,10132447,10130638,1809
2020-05-25 05:06:29,mainnet,10132452,10130638,1814
2020-05-25 05:07:51,mainnet,10132458,10130638,1820
2020-05-25 05:09:14,mainnet,10132461,10130638,1823
2020-05-25 05:10:36,mainnet,10132468,10130638,1830
2020-05-25 05:12:02,mainnet,10132475,10130638,1837
2020-05-25 05:13:28,mainnet,10132486,10130638,1848
2020-05-25 05:14:52,mainnet,10132489,10130638,1851
2020-05-25 05:16:14,mainnet,10132490,10130638,1852
2020-05-25 05:17:40,mainnet,10132492,10130638,1854
2020-05-25 05:19:03,mainnet,10132496,10130638,1858
2020-05-25 05:20:31,mainnet,10132497,10130638,1859
2020-05-25 05:21:59,mainnet,10132506,10130638,1868
2020-05-25 05:23:34,mainnet,10132511,10130638,1873
2020-05-25 05:24:59,mainnet,10132512,10130638,1874
2020-05-25 05:26:23,mainnet,10132516,10130638,1878
2020-05-25 05:27:45,mainnet,10132523,10130638,1885
2020-05-25 05:29:11,mainnet,10132527,10130638,1889
2020-05-25 05:30:40,mainnet,10132533,10130638,1895
2020-05-25 05:32:03,mainnet,10132542,10130638,1904
2020-05-25 05:33:28,mainnet,10132549,10130638,1911
2020-05-25 05:34:53,mainnet,10132554,10130638,1916
2020-05-25 05:36:24,mainnet,10132559,10130638,1921
2020-05-25 05:37:47,mainnet,10132567,10130638,1929
2020-05-25 05:39:23,mainnet,10132573,10130638,1935
2020-05-25 05:40:53,mainnet,10132577,10130638,1939
2020-05-25 05:42:15,mainnet,10132581,10130638,1943
2020-05-25 05:43:36,mainnet,10132591,10130638,1953
2020-05-25 05:44:58,mainnet,10132598,10130638,1960
2020-05-25 05:46:50,mainnet,10132604,10130638,1966
2020-05-25 05:48:39,mainnet,10132615,10130638,1977
2020-05-25 05:50:22,mainnet,10132621,10130638,1983
2020-05-25 05:51:58,mainnet,10132629,10130638,1991
2020-05-25 05:53:57,mainnet,10132634,10130638,1996
2020-05-25 05:55:39,mainnet,10132637,10130638,1999
2020-05-25 05:57:15,mainnet,10132646,10130638,2008
2020-05-25 05:58:57,mainnet,10132647,10130638,2009
2020-05-25 06:00:30,mainnet,10132653,10130638,2015
2020-05-25 06:02:01,mainnet,10132662,10130638,2024
2020-05-25 06:03:32,mainnet,10132665,10130638,2027
2020-05-25 06:04:55,mainnet,10132673,10130638,2035
2020-05-25 06:06:20,mainnet,10132682,10130638,2044
2020-05-25 06:07:49,mainnet,10132692,10130638,2054
2020-05-25 06:09:17,mainnet,10132698,10130638,2060
2020-05-25 06:10:44,mainnet,10132702,10130638,2064
2020-05-25 06:12:08,mainnet,10132710,10130638,2072
2020-05-25 06:13:32,mainnet,10132714,10130638,2076
2020-05-25 06:14:55,mainnet,10132719,10130638,2081
2020-05-25 06:16:18,mainnet,10132727,10130638,2089
2020-05-25 06:17:52,mainnet,10132733,10130638,2095
2020-05-25 06:19:18,mainnet,10132738,10130638,2100
2020-05-25 06:20:47,mainnet,10132745,10130638,2107
2020-05-25 06:22:28,mainnet,10132752,10130638,2114
2020-05-25 06:24:14,mainnet,10132762,10130638,2124
2020-05-25 06:25:42,mainnet,10132766,10130638,2128
2020-05-25 06:27:17,mainnet,10132775,10130638,2137
2020-05-25 06:28:41,mainnet,10132780,10130638,2142
2020-05-25 06:30:03,mainnet,10132786,10130638,2148
2020-05-25 06:31:30,mainnet,10132790,10130638,2152
2020-05-25 06:33:02,mainnet,10132801,10130638,2163
2020-05-25 06:34:25,mainnet,10132806,10130638,2168
2020-05-25 06:35:50,mainnet,10132813,10130638,2175
2020-05-25 06:37:20,mainnet,10132817,10130638,2179
2020-05-25 06:38:50,mainnet,10132823,10130638,2185
2020-05-25 06:40:13,mainnet,10132831,10130638,2193
2020-05-25 06:41:53,mainnet,10132837,10130638,2199
2020-05-25 06:43:20,mainnet,10132848,10130638,2210
2020-05-25 06:44:43,mainnet,10132854,10130638,2216
2020-05-25 06:46:19,mainnet,10132864,10130638,2226
2020-05-25 06:47:50,mainnet,10132875,10130638,2237
2020-05-25 06:49:19,mainnet,10132882,10130638,2244
2020-05-25 06:50:56,mainnet,10132890,10130638,2252
2020-05-25 06:52:24,mainnet,10132897,10130638,2259
2020-05-25 06:53:47,mainnet,10132904,10130638,2266
2020-05-25 06:55:10,mainnet,10132911,10130638,2273
2020-05-25 06:56:48,mainnet,10132921,10130638,2283
2020-05-25 06:58:14,mainnet,10132927,10130638,2289
2020-05-25 06:59:50,mainnet,10132934,10130638,2296
2020-05-25 07:01:26,mainnet,10132944,10130638,2306
2020-05-25 07:02:52,mainnet,10132955,10130638,2317
2020-05-25 07:04:15,mainnet,10132964,10130638,2326
2020-05-25 07:05:37,mainnet,10132970,10130638,2332
2020-05-25 07:06:59,mainnet,10132976,10130638,2338
2020-05-25 07:08:25,mainnet,10132982,10130638,2344
2020-05-25 07:09:51,mainnet,10132987,10130638,2349
2020-05-25 07:11:15,mainnet,10132992,10130638,2354
2020-05-25 07:12:37,mainnet,10132999,10130638,2361
2020-05-25 07:14:22,mainnet,10133006,10130638,2368
2020-05-25 07:15:44,mainnet,10133011,10130638,2373
2020-05-25 07:17:10,mainnet,10133019,10130638,2381
2020-05-25 07:18:37,mainnet,10133027,10130638,2389
2020-05-25 07:20:05,mainnet,10133032,10130638,2394
2020-05-25 07:21:31,mainnet,10133038,10130638,2400
2020-05-25 07:22:53,mainnet,10133043,10130638,2405
2020-05-25 07:24:23,mainnet,10133047,10130638,2409
2020-05-25 07:25:45,mainnet,10133053,10130638,2415
2020-05-25 07:27:08,mainnet,10133059,10130638,2421
2020-05-25 07:28:33,mainnet,10133070,10130638,2432
2020-05-25 07:29:55,mainnet,10133074,10130638,2436
2020-05-25 07:31:23,mainnet,10133082,10130638,2444
2020-05-25 07:32:47,mainnet,10133090,10130638,2452
2020-05-25 07:34:09,mainnet,10133096,10130638,2458
2020-05-25 07:35:31,mainnet,10133104,10130638,2466
2020-05-25 07:36:53,mainnet,10133109,10130638,2471
2020-05-25 07:38:16,mainnet,10133115,10130638,2477
2020-05-25 07:39:39,mainnet,10133121,10130638,2483
2020-05-25 07:41:06,mainnet,10133130,10130638,2492
2020-05-25 07:42:29,mainnet,10133137,10130638,2499
2020-05-25 07:43:54,mainnet,10133143,10130638,2505
2020-05-25 07:45:17,mainnet,10133147,10130638,2509
2020-05-25 07:46:45,mainnet,10133155,10130638,2517
2020-05-25 07:48:13,mainnet,10133160,10130638,2522
2020-05-25 07:49:39,mainnet,10133166,10130638,2528
2020-05-25 07:51:04,mainnet,10133177,10130638,2539
2020-05-25 07:52:26,mainnet,10133187,10130638,2549
2020-05-25 07:53:48,mainnet,10133192,10130638,2554
2020-05-25 07:55:11,mainnet,10133202,10130638,2564
2020-05-25 07:56:35,mainnet,10133208,10130638,2570
2020-05-25 07:57:57,mainnet,10133214,10130638,2576
2020-05-25 07:59:20,mainnet,10133214,10130638,2576
2020-05-25 08:00:42,mainnet,10133217,10130638,2579
2020-05-25 08:02:04,mainnet,10133222,10130638,2584
2020-05-25 08:03:28,mainnet,10133230,10130638,2592
2020-05-25 08:04:50,mainnet,10133236,10130638,2598
2020-05-25 08:06:13,mainnet,10133238,10130638,2600
2020-05-25 08:07:35,mainnet,10133245,10130638,2607
2020-05-25 08:09:00,mainnet,10133252,10130638,2614
2020-05-25 08:10:22,mainnet,10133257,10130638,2619
2020-05-25 08:11:45,mainnet,10133262,10130638,2624
2020-05-25 08:13:08,mainnet,10133273,10130638,2635
2020-05-25 08:14:31,mainnet,10133281,10130638,2643
2020-05-25 08:15:53,mainnet,10133288,10130638,2650
2020-05-25 08:17:28,mainnet,10133292,10130638,2654
2020-05-25 08:18:52,mainnet,10133298,10130638,2660
2020-05-25 08:20:24,mainnet,10133304,10130638,2666
2020-05-25 08:21:48,mainnet,10133311,10130638,2673
2020-05-25 08:23:12,mainnet,10133315,10130638,2677
2020-05-25 08:24:35,mainnet,10133324,10130638,2686
2020-05-25 08:25:57,mainnet,10133327,10130638,2689
2020-05-25 08:27:22,mainnet,10133332,10130638,2694
2020-05-25 08:28:45,mainnet,10133336,10130638,2698
2020-05-25 08:30:12,mainnet,10133344,10130638,2706
2020-05-25 08:32:19,mainnet,10133355,10130638,2717
2020-05-25 08:33:54,mainnet,10133364,10130638,2726
2020-05-25 08:35:19,mainnet,10133376,10130638,2738
2020-05-25 08:36:41,mainnet,10133380,10130638,2742
2020-05-25 08:38:05,mainnet,10133384,10130638,2746
2020-05-25 08:39:32,mainnet,10133386,10130638,2748
2020-05-25 08:40:58,mainnet,10133392,10130638,2754
2020-05-25 08:42:25,mainnet,10133402,10130638,2764
2020-05-25 08:43:47,mainnet,10133415,10130638,2777
2020-05-25 08:45:13,mainnet,10133426,10130638,2788
2020-05-25 08:46:46,mainnet,10133431,10130638,2793
2020-05-25 08:48:15,mainnet,10133436,10130638,2798
2020-05-25 08:49:44,mainnet,10133446,10130638,2808
2020-05-25 08:51:07,mainnet,10133451,10130638,2813
2020-05-25 08:52:29,mainnet,10133460,10130638,2822
2020-05-25 08:53:51,mainnet,10133468,10130638,2830
2020-05-25 08:55:19,mainnet,10133473,10130638,2835
2020-05-25 08:56:47,mainnet,10133483,10130638,2845
2020-05-25 08:58:10,mainnet,10133486,10130638,2848
2020-05-25 08:59:36,mainnet,10133493,10130638,2855
2020-05-25 09:01:10,mainnet,10133494,10130638,2856
2020-05-25 09:02:33,mainnet,10133500,10130638,2862
2020-05-25 09:04:06,mainnet,10133505,10130638,2867
2020-05-25 09:05:30,mainnet,10133512,10130638,2874
2020-05-25 09:07:07,mainnet,10133518,10130638,2880
2020-05-25 09:08:55,mainnet,10133524,10130638,2886
2020-05-25 09:10:23,mainnet,10133533,10130638,2895
2020-05-25 09:11:50,mainnet,10133537,10130638,2899
2020-05-25 09:13:18,mainnet,10133541,10130638,2903
2020-05-25 09:14:43,mainnet,10133549,10130638,2911
2020-05-25 09:16:10,mainnet,10133556,10130638,2918
2020-05-25 09:17:44,mainnet,10133562,10130638,2924
2020-05-25 09:19:14,mainnet,10133571,10130638,2933
2020-05-25 09:20:45,mainnet,10133575,10133573,2
2020-05-25 09:22:23,mainnet,10133583,10133573,10
2020-05-25 09:23:53,mainnet,10133587,10133587,0
2020-05-25 09:25:17,mainnet,10133595,10133587,8
2020-05-25 09:26:49,mainnet,10133600,10133597,3
2020-05-25 09:28:21,mainnet,10133604,10133603,1
2020-05-25 09:29:50,mainnet,10133612,10133608,4
2020-05-25 09:31:32,mainnet,10133621,10133620,1
2020-05-25 09:33:14,mainnet,10133631,10133630,1
2020-05-25 09:34:44,mainnet,10133638,10133638,0
2020-05-25 09:36:20,mainnet,10133647,10133644,3
2020-05-25 09:37:52,mainnet,10133651,10133651,0
2020-05-25 09:39:25,mainnet,10133665,10133664,1
2020-05-25 09:41:16,mainnet,10133672,10133672,0
2020-05-25 09:42:55,mainnet,10133681,10133679,2
2020-05-25 09:44:34,mainnet,10133691,10133679,12
2020-05-25 09:46:10,mainnet,10133701,10133696,5
2020-05-25 09:47:39,mainnet,10133708,10133703,5
2020-05-25 09:49:17,mainnet,10133718,10133718,0
2020-05-25 09:50:58,mainnet,10133726,10133726,0
2020-05-25 09:52:28,mainnet,10133737,10133736,1
2020-05-25 09:53:59,mainnet,10133746,10133746,0
2020-05-25 09:55:28,mainnet,10133754,10133751,3
2020-05-25 09:56:59,mainnet,10133759,10133751,8
2020-05-25 09:58:40,mainnet,10133764,10133762,2
2020-05-25 10:00:12,mainnet,10133767,10133767,0
2020-05-25 10:01:44,mainnet,10133776,10133767,9
2020-05-25 10:03:10,mainnet,10133785,10133785,0
2020-05-25 10:04:37,mainnet,10133792,10133792,0
2020-05-25 10:05:59,mainnet,10133798,10133798,0
2020-05-25 10:07:30,mainnet,10133804,10133804,0
2020-05-25 10:08:52,mainnet,10133808,10133807,1
2020-05-25 10:10:15,mainnet,10133811,10133811,0
2020-05-25 10:11:38,mainnet,10133815,10133814,1
2020-05-25 10:13:01,mainnet,10133819,10133819,0
2020-05-25 10:14:25,mainnet,10133823,10133822,1
2020-05-25 10:15:58,mainnet,10133831,10133827,4
2020-05-25 10:17:26,mainnet,10133836,10133833,3
2020-05-25 10:18:51,mainnet,10133838,10133837,1
2020-05-25 10:20:15,mainnet,10133841,10133837,4
2020-05-25 10:21:44,mainnet,10133849,10133837,12
2020-05-25 10:23:06,mainnet,10133855,10133850,5
2020-05-25 10:24:28,mainnet,10133859,10133850,9
2020-05-25 10:25:53,mainnet,10133862,10133850,12
2020-05-25 10:27:16,mainnet,10133868,10133850,18
2020-05-25 10:28:38,mainnet,10133875,10133850,25
2020-05-25 10:30:01,mainnet,10133882,10133882,0
2020-05-25 10:31:24,mainnet,10133890,10133887,3
2020-05-25 10:32:48,mainnet,10133892,10133892,0
2020-05-25 10:34:17,mainnet,10133899,10133899,0
2020-05-25 10:35:41,mainnet,10133903,10133903,0
2020-05-25 10:37:03,mainnet,10133909,10133908,1
2020-05-25 10:38:27,mainnet,10133916,10133914,2
2020-05-25 10:39:51,mainnet,10133923,10133923,0
2020-05-25 10:41:23,mainnet,10133930,10133930,0
2020-05-25 10:42:46,mainnet,10133936,10133936,0
2020-05-25 10:44:10,mainnet,10133942,10133940,2
2020-05-25 10:45:40,mainnet,10133946,10133945,1
2020-05-25 10:47:09,mainnet,10133952,10133945,7
2020-05-25 10:48:42,mainnet,10133958,10133955,3
2020-05-25 10:50:04,mainnet,10133964,10133956,8
2020-05-25 10:51:36,mainnet,10133969,10133968,1
2020-05-25 10:53:00,mainnet,10133975,10133975,0
2020-05-25 10:54:23,mainnet,10133980,10133976,4
2020-05-25 10:56:05,mainnet,10133985,10133976,9
2020-05-25 10:57:37,mainnet,10133993,10133987,6
2020-05-25 10:59:09,mainnet,10133999,10133987,12
2020-05-25 11:00:34,mainnet,10134004,10133987,17
2020-05-25 11:02:01,mainnet,10134013,10134013,0
2020-05-25 11:03:26,mainnet,10134022,10134022,0
2020-05-25 11:04:50,mainnet,10134030,10134027,3
2020-05-25 11:06:26,mainnet,10134034,10134027,7
2020-05-25 11:08:03,mainnet,10134041,10134027,14
2020-05-25 11:09:31,mainnet,10134047,10134046,1
2020-05-25 11:11:06,mainnet,10134051,10134046,5
2020-05-25 11:12:34,mainnet,10134055,10134046,9
2020-05-25 11:13:58,mainnet,10134061,10134057,4
2020-05-25 11:15:20,mainnet,10134070,10134057,13
2020-05-25 11:16:54,mainnet,10134076,10134057,19
2020-05-25 11:18:15,mainnet,10134083,10134057,26
2020-05-25 11:19:37,mainnet,10134094,10134057,37
2020-05-25 11:21:16,mainnet,10134098,10134098,0
2020-05-25 11:22:39,mainnet,10134103,10134103,0
2020-05-25 11:24:02,mainnet,10134109,10134108,1
2020-05-25 11:25:28,mainnet,10134116,10134116,0
2020-05-25 11:26:50,mainnet,10134119,10134118,1
2020-05-25 11:28:13,mainnet,10134126,10134126,0
2020-05-25 11:29:41,mainnet,10134134,10134133,1
2020-05-25 11:31:14,mainnet,10134139,10134138,1
2020-05-25 11:32:56,mainnet,10134147,10134147,0
2020-05-25 11:34:21,mainnet,10134149,10134149,0
2020-05-25 11:35:45,mainnet,10134156,10134149,7
2020-05-25 11:37:21,mainnet,10134162,10134149,13
2020-05-25 11:38:44,mainnet,10134170,10134149,21
2020-05-25 11:40:11,mainnet,10134175,10134149,26
2020-05-25 11:41:41,mainnet,10134183,10134149,34
2020-05-25 11:43:03,mainnet,10134185,10134149,36
2020-05-25 11:44:25,mainnet,10134191,10134149,42
2020-05-25 11:45:47,mainnet,10134197,10134194,3
2020-05-25 11:47:09,mainnet,10134206,10134199,7
2020-05-25 11:48:31,mainnet,10134213,10134212,1
2020-05-25 11:49:52,mainnet,10134218,10134212,6
2020-05-25 11:51:14,mainnet,10134224,10134212,12
2020-05-25 11:52:37,mainnet,10134228,10134228,0
2020-05-25 11:53:59,mainnet,10134233,10134232,1
2020-05-25 11:55:20,mainnet,10134244,10134243,1
2020-05-25 11:56:42,mainnet,10134248,10134247,1
2020-05-25 11:58:04,mainnet,10134257,10134257,0
2020-05-25 11:59:26,mainnet,10134261,10134261,0
2020-05-25 12:00:48,mainnet,10134268,10134266,2
2020-05-25 12:02:10,mainnet,10134276,10134276,0
2020-05-25 12:03:32,mainnet,10134284,10134283,1
2020-05-25 12:04:54,mainnet,10134290,10134290,0
2020-05-25 12:06:16,mainnet,10134297,10134297,0
2020-05-25 12:07:38,mainnet,10134305,10134304,1
2020-05-25 12:09:00,mainnet,10134310,10134310,0
2020-05-25 12:10:22,mainnet,10134313,10134313,0
2020-05-25 12:11:45,mainnet,10134320,10134320,0
2020-05-25 12:13:06,mainnet,10134325,10134325,0
2020-05-25 12:14:29,mainnet,10134334,10134334,0
2020-05-25 12:15:52,mainnet,10134341,10134341,0
2020-05-25 12:17:14,mainnet,10134350,10134350,0
2020-05-25 12:18:35,mainnet,10134357,10134357,0
2020-05-25 12:19:57,mainnet,10134365,10134365,0
2020-05-25 12:21:19,mainnet,10134367,10134367,0
2020-05-25 12:22:41,mainnet,10134374,10134374,0
2020-05-25 12:24:03,mainnet,10134381,10134381,0
2020-05-25 12:25:25,mainnet,10134386,10134386,0
2020-05-25 12:26:47,mainnet,10134390,10134390,0
2020-05-25 12:28:09,mainnet,10134395,10134395,0
2020-05-25 12:29:31,mainnet,10134404,10134404,0
2020-05-25 12:30:53,mainnet,10134413,10134412,1
2020-05-25 12:32:15,mainnet,10134420,10134419,1
2020-05-25 12:33:37,mainnet,10134425,10134425,0
2020-05-25 12:34:59,mainnet,10134429,10134429,0
2020-05-25 12:36:21,mainnet,10134436,10134436,0
2020-05-25 12:37:43,mainnet,10134444,10134443,1
2020-05-25 12:39:05,mainnet,10134452,10134452,0
2020-05-25 12:40:27,mainnet,10134454,10134454,0
2020-05-25 12:41:49,mainnet,10134467,10134467,0
2020-05-25 12:43:11,mainnet,10134472,10134472,0
2020-05-25 12:44:33,mainnet,10134478,10134478,0
2020-05-25 12:45:55,mainnet,10134489,10134489,0
2020-05-25 12:47:17,mainnet,10134494,10134493,1
2020-05-25 12:48:39,mainnet,10134497,10134497,0
2020-05-25 12:50:00,mainnet,10134502,10134502,0
2020-05-25 12:51:22,mainnet,10134507,10134507,0
2020-05-25 12:52:44,mainnet,10134512,10134512,0
2020-05-25 12:54:06,mainnet,10134515,10134515,0
2020-05-25 12:55:28,mainnet,10134520,10134520,0
2020-05-25 12:56:50,mainnet,10134527,10134527,0
2020-05-25 12:58:12,mainnet,10134533,10134533,0
2020-05-25 12:59:34,mainnet,10134536,10134536,0
2020-05-25 13:00:56,mainnet,10134546,10134546,0
2020-05-25 13:02:18,mainnet,10134552,10134552,0
2020-05-25 13:03:39,mainnet,10134557,10134557,0
2020-05-25 13:05:02,mainnet,10134561,10134561,0
2020-05-25 13:06:23,mainnet,10134569,10134569,0
2020-05-25 13:07:45,mainnet,10134573,10134573,0
2020-05-25 13:09:08,mainnet,10134580,10134580,0
2020-05-25 13:10:30,mainnet,10134588,10134587,1
2020-05-25 13:11:52,mainnet,10134590,10134591,-1
2020-05-25 13:13:13,mainnet,10134595,10134595,0
2020-05-25 13:14:35,mainnet,10134601,10134600,1
2020-05-25 13:15:57,mainnet,10134607,10134607,0
2020-05-25 13:17:19,mainnet,10134612,10134613,-1
2020-05-25 13:18:41,mainnet,10134622,10134622,0
2020-05-25 13:20:03,mainnet,10134629,10134629,0
2020-05-25 13:21:25,mainnet,10134634,10134635,-1
2020-05-25 13:22:47,mainnet,10134639,10134639,0
2020-05-25 13:24:09,mainnet,10134644,10134644,0
2020-05-25 13:25:31,mainnet,10134651,10134651,0
2020-05-25 13:26:53,mainnet,10134656,10134656,0
2020-05-25 13:28:15,mainnet,10134663,10134663,0
2020-05-25 13:29:37,mainnet,10134670,10134670,0
2020-05-25 13:30:58,mainnet,10134679,10134679,0
2020-05-25 13:32:20,mainnet,10134684,10134684,0
2020-05-25 13:33:42,mainnet,10134688,10134689,-1
2020-05-25 13:35:04,mainnet,10134693,10134693,0
2020-05-25 13:36:26,mainnet,10134698,10134698,0
2020-05-25 13:37:49,mainnet,10134704,10134704,0
2020-05-25 13:39:10,mainnet,10134713,10134713,0
2020-05-25 13:40:32,mainnet,10134724,10134724,0
2020-05-25 13:41:54,mainnet,10134731,10134731,0
2020-05-25 13:43:16,mainnet,10134737,10134737,0
2020-05-25 13:44:38,mainnet,10134745,10134745,0
2020-05-25 13:46:00,mainnet,10134749,10134749,0
2020-05-25 13:47:22,mainnet,10134755,10134755,0
2020-05-25 13:48:44,mainnet,10134757,10134757,0
2020-05-25 13:50:06,mainnet,10134761,10134761,0
2020-05-25 13:51:28,mainnet,10134770,10134770,0
2020-05-25 13:52:50,mainnet,10134778,10134778,0
2020-05-25 13:54:12,mainnet,10134783,10134783,0
2020-05-25 13:55:34,mainnet,10134788,10134788,0
2020-05-25 13:56:56,mainnet,10134797,10134797,0
2020-05-25 13:58:18,mainnet,10134803,10134803,0
2020-05-25 13:59:40,mainnet,10134806,10134806,0
2020-05-25 14:01:02,mainnet,10134814,10134814,0
2020-05-25 14:02:24,mainnet,10134817,10134817,0
2020-05-25 14:03:46,mainnet,10134824,10134824,0
2020-05-25 14:05:08,mainnet,10134830,10134830,0
2020-05-25 14:06:30,mainnet,10134838,10134838,0
2020-05-25 14:07:52,mainnet,10134846,10134846,0
2020-05-25 14:09:14,mainnet,10134854,10134855,-1
2020-05-25 14:10:36,mainnet,10134857,10134857,0
2020-05-25 14:11:58,mainnet,10134863,10134863,0
2020-05-25 14:13:20,mainnet,10134864,10134864,0
2020-05-25 14:14:42,mainnet,10134868,10134868,0
2020-05-25 14:16:04,mainnet,10134873,10134874,-1
2020-05-25 14:17:26,mainnet,10134880,10134880,0
2020-05-25 14:18:48,mainnet,10134884,10134884,0
2020-05-25 14:20:11,mainnet,10134891,10134891,0
2020-05-25 14:21:33,mainnet,10134897,10134897,0
2020-05-25 14:22:55,mainnet,10134903,10134903,0
2020-05-25 14:24:17,mainnet,10134910,10134910,0
2020-05-25 14:25:39,mainnet,10134917,10134917,0
2020-05-25 14:27:01,mainnet,10134924,10134924,0
2020-05-25 14:28:22,mainnet,10134930,10134930,0
2020-05-25 14:29:45,mainnet,10134933,10134933,0
2020-05-25 14:31:07,mainnet,10134939,10134939,0
2020-05-25 14:32:29,mainnet,10134946,10134947,-1
2020-05-25 14:33:50,mainnet,10134953,10134953,0
2020-05-25 14:35:13,mainnet,10134958,10134958,0
2020-05-25 14:36:35,mainnet,10134962,10134964,-2
2020-05-25 14:37:57,mainnet,10134971,10134972,-1
2020-05-25 14:39:19,mainnet,10134980,10134980,0
2020-05-25 14:40:41,mainnet,10134982,10134982,0
2020-05-25 14:42:03,mainnet,10134989,10134989,0
2020-05-25 14:43:25,mainnet,10134994,10134994,0
2020-05-25 14:44:47,mainnet,10134999,10134999,0
2020-05-25 14:46:09,mainnet,10135010,10135010,0
2020-05-25 14:47:31,mainnet,10135012,10135012,0
2020-05-25 14:48:53,mainnet,10135020,10135020,0
2020-05-25 14:50:15,mainnet,10135026,10135026,0
2020-05-25 14:51:37,mainnet,10135036,10135036,0
2020-05-25 14:52:59,mainnet,10135038,10135038,0
2020-05-25 14:54:21,mainnet,10135047,10135047,0
2020-05-25 14:55:43,mainnet,10135052,10135052,0
2020-05-25 14:57:05,mainnet,10135059,10135059,0
2020-05-25 14:58:27,mainnet,10135066,10135066,0
2020-05-25 14:59:48,mainnet,10135072,10135072,0
2020-05-25 15:01:11,mainnet,10135077,10135079,-2
2020-05-25 15:02:32,mainnet,10135082,10135083,-1
2020-05-25 15:03:54,mainnet,10135087,10135087,0
2020-05-25 15:05:16,mainnet,10135095,10135095,0
2020-05-25 15:06:38,mainnet,10135099,10135099,0
2020-05-25 15:08:00,mainnet,10135104,10135104,0
2020-05-25 15:09:22,mainnet,10135109,10135109,0
2020-05-25 15:10:44,mainnet,10135117,10135117,0
2020-05-25 15:12:07,mainnet,10135122,10135122,0
2020-05-25 15:13:29,mainnet,10135131,10135131,0
2020-05-25 15:14:50,mainnet,10135139,10135140,-1
2020-05-25 15:16:13,mainnet,10135148,10135148,0
2020-05-25 15:17:35,mainnet,10135156,10135156,0
2020-05-25 15:18:57,mainnet,10135159,10135159,0
2020-05-25 15:20:18,mainnet,10135169,10135169,0
2020-05-25 15:21:41,mainnet,10135171,10135171,0
2020-05-25 15:23:03,mainnet,10135178,10135178,0
2020-05-25 15:24:25,mainnet,10135180,10135180,0
2020-05-25 15:25:47,mainnet,10135187,10135188,-1
2020-05-25 15:27:09,mainnet,10135194,10135194,0
2020-05-25 15:28:31,mainnet,10135202,10135202,0
2020-05-25 15:29:52,mainnet,10135215,10135215,0
2020-05-25 15:31:14,mainnet,10135223,10135223,0
2020-05-25 15:32:36,mainnet,10135229,10135229,0
2020-05-25 15:33:58,mainnet,10135235,10135234,1
2020-05-25 15:35:21,mainnet,10135240,10135240,0
2020-05-25 15:36:43,mainnet,10135248,10135249,-1
2020-05-25 15:38:05,mainnet,10135254,10135254,0
2020-05-25 15:39:27,mainnet,10135258,10135260,-2
2020-05-25 15:40:49,mainnet,10135264,10135264,0
2020-05-25 15:42:11,mainnet,10135269,10135269,0
2020-05-25 15:43:33,mainnet,10135279,10135279,0
2020-05-25 15:44:54,mainnet,10135285,10135285,0
2020-05-25 15:46:16,mainnet,10135292,10135292,0
2020-05-25 15:47:39,mainnet,10135300,10135300,0
2020-05-25 15:49:00,mainnet,10135307,10135307,0
2020-05-25 15:50:22,mainnet,10135311,10135311,0
2020-05-25 15:51:44,mainnet,10135318,10135318,0
2020-05-25 15:53:06,mainnet,10135325,10135326,-1
2020-05-25 15:54:28,mainnet,10135335,10135335,0
2020-05-25 15:55:50,mainnet,10135344,10135344,0
2020-05-25 15:57:13,mainnet,10135353,10135353,0
2020-05-25 15:58:35,mainnet,10135358,10135358,0
2020-05-25 15:59:57,mainnet,10135362,10135362,0
2020-05-25 16:01:19,mainnet,10135370,10135370,0
2020-05-25 16:02:41,mainnet,10135375,10135375,0
2020-05-25 16:04:03,mainnet,10135382,10135382,0
2020-05-25 16:05:25,mainnet,10135388,10135388,0
2020-05-25 16:06:47,mainnet,10135392,10135392,0
2020-05-25 16:08:09,mainnet,10135396,10135396,0
2020-05-25 16:09:31,mainnet,10135399,10135399,0
2020-05-25 16:10:52,mainnet,10135404,10135404,0
2020-05-25 16:12:14,mainnet,10135409,10135409,0
2020-05-25 16:13:36,mainnet,10135417,10135417,0
2020-05-25 16:14:58,mainnet,10135420,10135420,0
2020-05-25 16:16:20,mainnet,10135428,10135428,0
2020-05-25 16:17:42,mainnet,10135435,10135435,0
2020-05-25 16:19:04,mainnet,10135440,10135440,0
2020-05-25 16:20:26,mainnet,10135447,10135447,0
2020-05-25 16:21:49,mainnet,10135452,10135452,0
2020-05-25 16:23:11,mainnet,10135457,10135457,0
2020-05-25 16:24:33,mainnet,10135466,10135465,1
2020-05-25 16:25:55,mainnet,10135471,10135471,0
2020-05-25 16:27:17,mainnet,10135476,10135476,0
2020-05-25 16:28:39,mainnet,10135480,10135480,0
2020-05-25 16:30:01,mainnet,10135485,10135485,0
2020-05-25 16:31:23,mainnet,10135488,10135488,0
2020-05-25 16:32:45,mainnet,10135494,10135494,0
2020-05-25 16:34:07,mainnet,10135499,10135499,0
2020-05-25 16:35:29,mainnet,10135499,10135499,0
2020-05-25 16:36:51,mainnet,10135504,10135504,0
2020-05-25 16:38:13,mainnet,10135511,10135511,0
2020-05-25 16:39:35,mainnet,10135515,10135515,0
2020-05-25 16:40:57,mainnet,10135521,10135521,0
2020-05-25 16:42:20,mainnet,10135530,10135530,0
2020-05-25 16:43:42,mainnet,10135536,10135536,0
2020-05-25 16:45:04,mainnet,10135543,10135543,0
2020-05-25 16:46:26,mainnet,10135550,10135550,0
2020-05-25 16:47:52,mainnet,10135557,10135557,0
2020-05-25 16:49:14,mainnet,10135561,10135561,0
2020-05-25 16:50:36,mainnet,10135570,10135570,0
2020-05-25 16:51:58,mainnet,10135577,10135578,-1
2020-05-25 16:53:20,mainnet,10135581,10135581,0
2020-05-25 16:54:42,mainnet,10135583,10135583,0
2020-05-25 16:56:04,mainnet,10135590,10135591,-1
2020-05-25 16:57:26,mainnet,10135596,10135596,0
2020-05-25 16:58:48,mainnet,10135605,10135605,0
2020-05-25 17:00:11,mainnet,10135611,10135611,0
2020-05-25 17:01:33,mainnet,10135619,10135620,-1
2020-05-25 17:02:55,mainnet,10135622,10135622,0
2020-05-25 17:04:17,mainnet,10135630,10135630,0
2020-05-25 17:05:39,mainnet,10135638,10135638,0
2020-05-25 17:07:01,mainnet,10135644,10135643,1
2020-05-25 17:08:23,mainnet,10135653,10135653,0
2020-05-25 17:09:45,mainnet,10135660,10135660,0
2020-05-25 17:11:07,mainnet,10135667,10135667,0
2020-05-25 17:12:29,mainnet,10135673,10135673,0
2020-05-25 17:13:51,mainnet,10135679,10135679,0
2020-05-25 17:15:13,mainnet,10135690,10135690,0
2020-05-25 17:16:35,mainnet,10135695,10135695,0
2020-05-25 17:17:56,mainnet,10135699,10135699,0
2020-05-25 17:19:18,mainnet,10135706,10135706,0
2020-05-25 17:20:40,mainnet,10135711,10135711,0
2020-05-25 17:22:02,mainnet,10135721,10135722,-1
2020-05-25 17:23:25,mainnet,10135728,10135728,0
2020-05-25 17:24:47,mainnet,10135732,10135732,0
2020-05-25 17:26:09,mainnet,10135743,10135742,1
2020-05-25 17:27:31,mainnet,10135747,10135747,0
2020-05-25 17:28:53,mainnet,10135754,10135754,0
2020-05-25 17:30:15,mainnet,10135761,10135761,0
2020-05-25 17:31:37,mainnet,10135763,10135764,-1
2020-05-25 17:32:59,mainnet,10135767,10135767,0
2020-05-25 17:34:21,mainnet,10135772,10135772,0
2020-05-25 17:35:43,mainnet,10135779,10135780,-1
2020-05-25 17:37:05,mainnet,10135785,10135785,0
2020-05-25 17:38:27,mainnet,10135790,10135790,0
2020-05-25 17:39:49,mainnet,10135795,10135795,0
2020-05-25 17:41:11,mainnet,10135801,10135801,0
2020-05-25 17:42:33,mainnet,10135808,10135808,0
2020-05-25 17:43:55,mainnet,10135812,10135812,0
2020-05-25 17:45:17,mainnet,10135818,10135818,0
2020-05-25 17:46:39,mainnet,10135824,10135824,0
2020-05-25 17:48:01,mainnet,10135828,10135828,0
2020-05-25 17:49:23,mainnet,10135834,10135834,0
2020-05-25 17:50:45,mainnet,10135842,10135843,-1
2020-05-25 17:52:07,mainnet,10135846,10135848,-2
2020-05-25 17:53:29,mainnet,10135852,10135852,0
2020-05-25 17:54:51,mainnet,10135852,10135852,0
2020-05-25 17:56:13,mainnet,10135857,10135857,0
2020-05-25 17:57:34,mainnet,10135863,10135863,0
2020-05-25 17:58:56,mainnet,10135870,10135870,0
2020-05-25 18:00:18,mainnet,10135875,10135875,0
2020-05-25 18:01:40,mainnet,10135881,10135881,0
2020-05-25 18:03:02,mainnet,10135888,10135888,0
2020-05-25 18:04:24,mainnet,10135898,10135898,0
2020-05-25 18:05:47,mainnet,10135902,10135902,0
2020-05-25 18:07:09,mainnet,10135905,10135905,0
2020-05-25 18:08:32,mainnet,10135911,10135911,0
2020-05-25 18:09:53,mainnet,10135921,10135921,0
2020-05-25 18:11:16,mainnet,10135927,10135927,0
2020-05-25 18:12:37,mainnet,10135932,10135932,0
2020-05-25 18:13:59,mainnet,10135941,10135941,0
2020-05-25 18:15:21,mainnet,10135946,10135945,1
2020-05-25 18:16:43,mainnet,10135950,10135950,0
2020-05-25 18:18:05,mainnet,10135957,10135957,0
2020-05-25 18:19:27,mainnet,10135963,10135963,0
2020-05-25 18:20:49,mainnet,10135974,10135974,0
2020-05-25 18:22:11,mainnet,10135980,10135980,0
2020-05-25 18:23:33,mainnet,10135985,10135985,0
2020-05-25 18:24:55,mainnet,10135991,10135992,-1
2020-05-25 18:26:17,mainnet,10136002,10136002,0
2020-05-25 18:27:39,mainnet,10136008,10136009,-1
2020-05-25 18:29:01,mainnet,10136014,10136014,0
2020-05-25 18:30:23,mainnet,10136019,10136019,0
2020-05-25 18:31:45,mainnet,10136024,10136024,0
2020-05-25 18:33:07,mainnet,10136033,10136033,0
2020-05-25 18:34:29,mainnet,10136040,10136040,0
2020-05-25 18:35:51,mainnet,10136045,10136046,-1
2020-05-25 18:37:13,mainnet,10136052,10136052,0
2020-05-25 18:38:35,mainnet,10136061,10136061,0
2020-05-25 18:39:57,mainnet,10136067,10136068,-1
2020-05-25 18:41:19,mainnet,10136073,10136073,0
2020-05-25 18:42:41,mainnet,10136077,10136077,0
2020-05-25 18:44:03,mainnet,10136086,10136086,0
2020-05-25 18:45:25,mainnet,10136093,10136093,0
2020-05-25 18:46:46,mainnet,10136099,10136099,0
2020-05-25 18:48:08,mainnet,10136105,10136106,-1
2020-05-25 18:49:30,mainnet,10136110,10136110,0
2020-05-25 18:50:52,mainnet,10136113,10136113,0
2020-05-25 18:52:14,mainnet,10136119,10136119,0
2020-05-25 18:53:36,mainnet,10136123,10136123,0
2020-05-25 18:54:58,mainnet,10136126,10136126,0
2020-05-25 18:56:20,mainnet,10136135,10136135,0
2020-05-25 18:57:42,mainnet,10136142,10136142,0
2020-05-25 18:59:04,mainnet,10136149,10136149,0
2020-05-25 19:00:26,mainnet,10136153,10136154,-1
2020-05-25 19:01:48,mainnet,10136160,10136160,0
2020-05-25 19:03:10,mainnet,10136167,10136167,0
2020-05-25 19:04:32,mainnet,10136171,10136171,0
2020-05-25 19:05:54,mainnet,10136176,10136176,0
2020-05-25 19:07:16,mainnet,10136187,10136187,0
2020-05-25 19:08:38,mainnet,10136195,10136194,1
2020-05-25 19:10:00,mainnet,10136203,10136203,0
2020-05-25 19:11:22,mainnet,10136208,10136208,0
2020-05-25 19:12:44,mainnet,10136212,10136212,0
2020-05-25 19:14:06,mainnet,10136221,10136221,0
2020-05-25 19:15:28,mainnet,10136227,10136227,0
2020-05-25 19:16:49,mainnet,10136233,10136234,-1
2020-05-25 19:18:12,mainnet,10136238,10136238,0
2020-05-25 19:19:33,mainnet,10136244,10136244,0
2020-05-25 19:20:55,mainnet,10136251,10136251,0
2020-05-25 19:22:17,mainnet,10136254,10136254,0
2020-05-25 19:23:39,mainnet,10136261,10136261,0
2020-05-25 19:25:01,mainnet,10136268,10136268,0
2020-05-25 19:26:23,mainnet,10136272,10136272,0
2020-05-25 19:27:45,mainnet,10136282,10136282,0
2020-05-25 19:29:07,mainnet,10136289,10136289,0
2020-05-25 19:30:29,mainnet,10136294,10136294,0
2020-05-25 19:31:51,mainnet,10136297,10136297,0
2020-05-25 19:33:12,mainnet,10136303,10136303,0
2020-05-25 19:34:34,mainnet,10136309,10136309,0
2020-05-25 19:35:56,mainnet,10136318,10136318,0
2020-05-25 19:37:18,mainnet,10136325,10136325,0
2020-05-25 19:38:40,mainnet,10136334,10136334,0
2020-05-25 19:40:02,mainnet,10136343,10136343,0
2020-05-25 19:41:24,mainnet,10136350,10136350,0
2020-05-25 19:42:46,mainnet,10136357,10136357,0
2020-05-25 19:44:08,mainnet,10136365,10136365,0
2020-05-25 19:45:30,mainnet,10136371,10136371,0
2020-05-25 19:46:52,mainnet,10136373,10136373,0
2020-05-25 19:48:14,mainnet,10136380,10136380,0
2020-05-25 19:49:36,mainnet,10136389,10136389,0
2020-05-25 19:50:58,mainnet,10136393,10136393,0
2020-05-25 19:52:20,mainnet,10136400,10136400,0
2020-05-25 19:53:43,mainnet,10136406,10136406,0
2020-05-25 19:55:05,mainnet,10136413,10136413,0
2020-05-25 19:56:27,mainnet,10136420,10136420,0
2020-05-25 19:57:49,mainnet,10136425,10136425,0
2020-05-25 19:59:11,mainnet,10136431,10136431,0
2020-05-25 20:00:33,mainnet,10136438,10136438,0
2020-05-25 20:01:55,mainnet,10136443,10136443,0
2020-05-25 20:03:18,mainnet,10136449,10136449,0
2020-05-25 20:04:40,mainnet,10136457,10136457,0
2020-05-25 20:06:02,mainnet,10136460,10136460,0
2020-05-25 20:07:23,mainnet,10136471,10136471,0
2020-05-25 20:08:45,mainnet,10136478,10136477,1
2020-05-25 20:10:08,mainnet,10136482,10136482,0
2020-05-25 20:11:30,mainnet,10136489,10136489,0
2020-05-25 20:12:52,mainnet,10136491,10136491,0
2020-05-25 20:14:14,mainnet,10136498,10136498,0
2020-05-25 20:15:36,mainnet,10136502,10136502,0
2020-05-25 20:16:58,mainnet,10136508,10136508,0
2020-05-25 20:18:20,mainnet,10136514,10136515,-1
2020-05-25 20:19:42,mainnet,10136521,10136521,0
2020-05-25 20:21:04,mainnet,10136525,10136525,0
2020-05-25 20:22:26,mainnet,10136526,10136527,-1
2020-05-25 20:23:48,mainnet,10136531,10136531,0
2020-05-25 20:25:10,mainnet,10136539,10136539,0
2020-05-25 20:26:32,mainnet,10136541,10136541,0
2020-05-25 20:27:54,mainnet,10136548,10136548,0
2020-05-25 20:29:16,mainnet,10136553,10136553,0
2020-05-25 20:30:38,mainnet,10136558,10136558,0
2020-05-25 20:32:00,mainnet,10136564,10136564,0
2020-05-25 20:32:00,kovan,18713947,13465601,5248346
2020-05-25 20:33:22,mainnet,10136567,10136567,0
2020-05-25 20:33:22,kovan,18713963,13465601,5248362
2020-05-25 20:34:44,mainnet,10136576,10136576,0
2020-05-25 20:34:44,kovan,18713979,13465601,5248378
2020-05-25 20:36:07,mainnet,10136583,10136583,0
2020-05-25 20:36:07,kovan,18713995,13465601,5248394
2020-05-25 20:37:29,mainnet,10136588,10136589,-1
2020-05-25 20:37:29,kovan,18714012,13465601,5248411
2020-05-25 20:38:51,mainnet,10136594,10136594,0
2020-05-25 20:38:51,kovan,18714028,13465601,5248427
2020-05-25 20:40:14,mainnet,10136599,10136599,0
2020-05-25 20:40:14,kovan,18714045,13465601,5248444
2020-05-25 20:41:36,mainnet,10136604,10136604,0
2020-05-25 20:41:36,kovan,18714060,13465601,5248459
2020-05-25 20:42:58,mainnet,10136609,10136609,0
2020-05-25 20:42:58,kovan,18714077,13465601,5248476
2020-05-25 20:44:20,mainnet,10136614,10136614,0
2020-05-25 20:44:20,kovan,18714094,13465601,5248493
2020-05-25 20:45:42,mainnet,10136619,10136619,0
2020-05-25 20:45:42,kovan,18714109,13465601,5248508
2020-05-25 20:47:04,mainnet,10136627,10136627,0
2020-05-25 20:47:04,kovan,18714126,13465601,5248525
2020-05-25 20:48:27,mainnet,10136636,10136635,1
2020-05-25 20:48:27,kovan,18714142,13465601,5248541
2020-05-25 20:49:49,mainnet,10136642,10136642,0
2020-05-25 20:49:49,kovan,18714159,13465601,5248558
2020-05-25 20:58:01,kovan,18714258,13465601,5248657
2020-05-25 20:59:23,mainnet,10136682,32090,10104592
2020-05-25 21:00:46,mainnet,10136685,92732,10043953
2020-05-25 21:02:09,mainnet,10136691,149999,9986692
2020-05-25 21:03:32,mainnet,10136695,201339,9935356
2020-05-25 21:04:59,mainnet,10136700,251977,9884723
2020-05-25 21:06:21,mainnet,10136709,304581,9832128
2020-05-25 21:07:47,mainnet,10136722,357070,9779652
2020-05-25 21:09:12,mainnet,10136730,403186,9733544
2020-05-25 21:10:34,mainnet,10136734,445561,9691173
2020-05-25 21:11:57,mainnet,10136737,494082,9642655
2020-05-25 21:13:21,mainnet,10136743,538629,9598114
2020-05-25 21:14:53,mainnet,10136747,587319,9549428
2020-05-25 21:16:16,mainnet,10136755,627285,9509470
2020-05-25 21:17:40,mainnet,10136759,680218,9456541
2020-05-25 21:19:17,mainnet,10136768,702692,9434076
2020-05-25 21:20:41,mainnet,10136777,731945,9404832
2020-05-25 21:22:04,mainnet,10136780,752878,9383902
2020-05-25 21:23:27,mainnet,10136788,778638,9358150
2020-05-25 21:24:58,mainnet,10136794,808590,9328204
2020-05-25 21:26:22,mainnet,10136800,836752,9300048
2020-05-25 21:27:47,mainnet,10136806,867094,9269712
2020-05-25 21:29:11,mainnet,10136814,903662,9233152
2020-05-25 21:30:34,mainnet,10136820,930363,9206457
2020-05-25 21:32:00,mainnet,10136824,962878,9173946
2020-05-25 21:33:23,mainnet,10136834,995297,9141537
2020-05-25 21:34:51,mainnet,10136841,1026201,9110640
2020-05-25 21:36:20,mainnet,10136852,1056914,9079938
2020-05-25 21:37:43,mainnet,10136856,1084039,9052817
2020-05-25 21:39:08,mainnet,10136864,1110595,9026269
2020-05-25 21:39:08,kovan,18714759,13465601,5249158
2020-05-25 21:41:19,mainnet,10136871,1140316,8996555
2020-05-25 21:41:19,kovan,18714779,13465601,5249178
2020-05-25 21:42:57,mainnet,10136879,1170122,8966757
2020-05-25 21:44:30,mainnet,10136888,1192022,8944866
2020-05-25 21:45:58,mainnet,10136897,1212751,8924146
2020-05-25 21:47:24,mainnet,10136902,1242341,8894561
2020-05-25 21:49:03,mainnet,10136906,1267727,8869179
2020-05-25 21:50:30,mainnet,10136912,1288888,8848024
2020-05-25 21:52:00,mainnet,10136918,1316524,8820394
2020-05-25 21:53:29,mainnet,10136926,1342500,8794426
2020-05-25 21:55:01,mainnet,10136932,1365412,8771520
2020-05-25 21:56:26,mainnet,10136938,1390455,8746483
2020-05-25 21:57:49,mainnet,10136944,1411298,8725646
2020-05-25 21:59:11,mainnet,10136953,1438969,8697984
2020-05-25 22:00:58,mainnet,10136961,1459516,8677445
2020-05-25 22:02:20,mainnet,10136966,1478005,8658961
2020-05-25 22:03:45,mainnet,10136973,1501208,8635765
2020-05-25 22:05:23,mainnet,10136978,1515235,8621743
2020-05-25 22:06:46,mainnet,10136987,1537171,8599816
2020-05-25 22:08:21,mainnet,10136994,1556688,8580306
2020-05-25 22:09:45,mainnet,10136996,1571726,8565270
2020-05-25 22:11:08,mainnet,10136997,1589938,8547059
2020-05-25 22:12:31,mainnet,10136999,1602486,8534513
2020-05-25 22:13:55,mainnet,10137008,1620675,8516333
2020-05-25 22:15:18,mainnet,10137012,1638685,8498327
2020-05-25 22:16:45,mainnet,10137016,1663054,8473962
2020-05-25 22:18:27,mainnet,10137025,1686411,8450614
2020-05-25 22:19:54,mainnet,10137034,1701037,8435997
2020-05-25 22:21:33,mainnet,10137039,1717742,8419297
2020-05-25 22:22:56,mainnet,10137046,1720114,8416932
2020-05-25 22:24:18,mainnet,10137056,1722079,8414977
2020-05-25 22:26:19,mainnet,10137068,1724156,8412912
2020-05-25 22:27:58,mainnet,10137075,1724156,8412919
2020-05-25 22:29:47,mainnet,10137082,1724156,8412926
2020-05-25 22:31:39,mainnet,10137091,1724156,8412935
2020-05-25 22:33:14,mainnet,10137099,1724156,8412943
2020-05-25 22:34:42,mainnet,10137104,1724156,8412948
2020-05-25 22:36:41,mainnet,10137111,1724156,8412955
2020-05-25 22:38:13,mainnet,10137117,1724156,8412961
2020-05-25 22:39:38,mainnet,10137126,1724156,8412970
2020-05-25 22:41:18,mainnet,10137133,1724156,8412977
2020-05-25 22:42:53,mainnet,10137139,1724156,8412983
2020-05-25 22:44:38,mainnet,10137145,1724156,8412989
2020-05-25 22:46:11,mainnet,10137149,1724156,8412993
2020-05-25 22:47:47,mainnet,10137155,1724156,8412999
2020-05-25 22:49:26,mainnet,10137162,1724156,8413006
2020-05-25 22:51:28,mainnet,10137170,1724156,8413014
2020-05-25 22:53:57,mainnet,10137184,1724156,8413028
2020-05-25 22:56:05,mainnet,10137193,1724156,8413037
2020-05-25 22:57:43,mainnet,10137199,1724156,8413043
2020-05-25 22:59:28,mainnet,10137206,1724156,8413050
2020-05-25 23:01:10,mainnet,10137213,1724156,8413057
2020-05-25 23:02:33,mainnet,10137220,1724156,8413064
2020-05-25 23:04:20,mainnet,10137228,1724156,8413072
2020-05-25 23:05:51,mainnet,10137236,1724156,8413080
2020-05-25 23:07:40,mainnet,10137249,1724156,8413093
2020-05-25 23:09:33,mainnet,10137256,1724156,8413100
2020-05-25 23:11:02,mainnet,10137262,1724156,8413106
2020-05-25 23:12:29,mainnet,10137274,1724156,8413118
2020-05-25 23:14:08,mainnet,10137282,1724156,8413126
2020-05-25 23:15:50,mainnet,10137289,1724156,8413133
2020-05-25 23:17:27,mainnet,10137297,1724156,8413141
2020-05-25 23:19:32,mainnet,10137306,1724156,8413150
2020-05-25 23:21:07,mainnet,10137310,1724156,8413154
2020-05-25 23:22:32,mainnet,10137317,1724156,8413161
2020-05-25 23:23:59,mainnet,10137328,1724156,8413172
2020-05-25 23:25:41,mainnet,10137335,1724156,8413179
2020-05-25 23:27:30,mainnet,10137343,1724156,8413187
2020-05-25 23:29:05,mainnet,10137352,1724156,8413196
2020-05-25 23:30:53,mainnet,10137360,1724156,8413204
2020-05-25 23:33:00,mainnet,10137374,1724156,8413218
2020-05-25 23:34:58,mainnet,10137375,1724156,8413219
2020-05-25 23:36:27,mainnet,10137382,1724156,8413226
2020-05-25 23:37:59,mainnet,10137388,1724156,8413232
2020-05-25 23:39:38,mainnet,10137397,1724156,8413241
2020-05-25 23:41:17,mainnet,10137403,1724156,8413247
2020-05-25 23:43:09,mainnet,10137406,1724156,8413250
2020-05-25 23:44:40,mainnet,10137415,1724156,8413259
2020-05-25 23:46:21,mainnet,10137421,1724156,8413265
2020-05-25 23:47:43,mainnet,10137424,1724156,8413268
2020-05-25 23:49:09,mainnet,10137433,1724156,8413277
2020-05-25 23:50:52,mainnet,10137438,1724156,8413282
2020-05-25 23:52:33,mainnet,10137445,1724156,8413289
2020-05-25 23:54:09,mainnet,10137457,1724156,8413301
2020-05-25 23:55:48,mainnet,10137465,1724156,8413309
2020-05-25 23:57:34,mainnet,10137467,1724156,8413311
2020-05-25 23:59:19,mainnet,10137473,1724156,8413317
2020-05-26 00:00:50,mainnet,10137481,1724156,8413325
2020-05-26 00:02:30,mainnet,10137485,1724156,8413329
2020-05-26 00:04:01,mainnet,10137497,1724156,8413341
2020-05-26 00:05:46,mainnet,10137508,1724156,8413352
2020-05-26 00:07:25,mainnet,10137517,1724156,8413361
2020-05-26 00:09:01,mainnet,10137527,1724156,8413371
2020-05-26 00:10:49,mainnet,10137534,1724156,8413378
2020-05-26 00:12:12,mainnet,10137538,1724156,8413382
2020-05-26 00:13:58,mainnet,10137547,1724156,8413391
2020-05-26 00:16:05,mainnet,10137551,1724156,8413395
2020-05-26 00:17:39,mainnet,10137555,1724156,8413399
2020-05-26 00:19:05,mainnet,10137564,1724156,8413408
2020-05-26 00:21:06,mainnet,10137570,1724156,8413414
2020-05-26 00:22:55,mainnet,10137576,1724156,8413420
2020-05-26 00:24:18,mainnet,10137582,1724156,8413426
2020-05-26 00:25:40,mainnet,10137587,1724156,8413431
2020-05-26 00:27:02,mainnet,10137593,1724156,8413437
2020-05-26 00:28:36,mainnet,10137603,1724156,8413447
2020-05-26 00:30:12,mainnet,10137609,1724156,8413453
2020-05-26 00:31:51,mainnet,10137616,1724156,8413460
2020-05-26 00:33:21,mainnet,10137625,1724156,8413469
2020-05-26 00:35:09,mainnet,10137636,1724156,8413480
2020-05-26 00:36:55,mainnet,10137644,1724156,8413488
2020-05-26 00:38:22,mainnet,10137651,1724156,8413495
2020-05-26 00:39:47,mainnet,10137659,1724156,8413503
2020-05-26 00:41:22,mainnet,10137667,1724156,8413511
2020-05-26 00:42:56,mainnet,10137674,1724156,8413518
2020-05-26 00:44:22,mainnet,10137680,1724156,8413524
2020-05-26 00:45:51,mainnet,10137689,1724156,8413533
2020-05-26 00:47:18,mainnet,10137696,1724156,8413540
2020-05-26 00:48:51,mainnet,10137702,1724156,8413546
2020-05-26 00:50:29,mainnet,10137705,1724156,8413549
2020-05-26 00:52:07,mainnet,10137710,1724156,8413554
2020-05-26 00:53:37,mainnet,10137717,1724156,8413561
2020-05-26 00:55:08,mainnet,10137729,1724156,8413573
2020-05-26 00:56:45,mainnet,10137734,1724156,8413578
2020-05-26 00:58:07,mainnet,10137739,1724156,8413583
2020-05-26 00:59:30,mainnet,10137745,1724156,8413589
2020-05-26 01:00:53,mainnet,10137752,1724156,8413596
2020-05-26 01:02:15,mainnet,10137755,1724156,8413599
2020-05-26 01:03:37,mainnet,10137760,1724156,8413604
2020-05-26 01:04:59,mainnet,10137765,1724156,8413609
2020-05-26 01:06:22,mainnet,10137771,1724156,8413615
2020-05-26 01:07:44,mainnet,10137778,1724156,8413622
2020-05-26 01:09:07,mainnet,10137784,1724156,8413628
2020-05-26 01:10:36,mainnet,10137791,1724156,8413635
2020-05-26 01:12:02,mainnet,10137798,1724156,8413642
2020-05-26 01:13:37,mainnet,10137803,1724156,8413647
2020-05-26 01:15:11,mainnet,10137811,1724156,8413655
2020-05-26 01:16:44,mainnet,10137819,1724156,8413663
2020-05-26 01:18:18,mainnet,10137826,1724156,8413670
2020-05-26 01:20:10,mainnet,10137832,1724156,8413676
2020-05-26 01:21:32,mainnet,10137838,1724156,8413682
2020-05-26 01:23:03,mainnet,10137841,1724156,8413685
2020-05-26 01:24:26,mainnet,10137847,1724156,8413691
2020-05-26 01:25:55,mainnet,10137855,1724156,8413699
2020-05-26 01:27:37,mainnet,10137859,1724156,8413703
2020-05-26 01:29:00,mainnet,10137864,1724156,8413708
2020-05-26 01:30:26,mainnet,10137869,1724156,8413713
2020-05-26 01:32:07,mainnet,10137874,1724156,8413718
2020-05-26 01:33:30,mainnet,10137880,1724156,8413724
2020-05-26 01:34:53,mainnet,10137889,1724156,8413733
2020-05-26 01:36:15,mainnet,10137897,1724156,8413741
2020-05-26 01:37:38,mainnet,10137905,1724156,8413749
2020-05-26 01:39:00,mainnet,10137909,1724156,8413753
2020-05-26 01:40:22,mainnet,10137915,1724156,8413759
2020-05-26 01:41:44,mainnet,10137922,1724156,8413766
2020-05-26 01:43:06,mainnet,10137928,1724156,8413772
2020-05-26 01:44:28,mainnet,10137938,1724156,8413782
2020-05-26 01:45:50,mainnet,10137943,1724156,8413787
2020-05-26 01:47:14,mainnet,10137947,1724156,8413791
2020-05-26 01:48:37,mainnet,10137953,1724156,8413797
2020-05-26 01:50:00,mainnet,10137958,1724156,8413802
2020-05-26 01:51:27,mainnet,10137961,1724156,8413805
2020-05-26 01:52:54,mainnet,10137970,1724156,8413814
2020-05-26 01:54:25,mainnet,10137980,1724156,8413824
2020-05-26 01:56:05,mainnet,10137986,1724156,8413830
2020-05-26 01:57:41,mainnet,10137992,1724156,8413836
2020-05-26 01:59:12,mainnet,10138000,1724156,8413844
2020-05-26 02:00:59,mainnet,10138006,1724156,8413850
2020-05-26 02:02:38,mainnet,10138012,1724156,8413856
2020-05-26 02:04:21,mainnet,10138017,1724156,8413861
2020-05-26 02:06:05,mainnet,10138024,1724156,8413868
2020-05-26 02:07:44,mainnet,10138030,1724156,8413874
2020-05-26 02:09:30,mainnet,10138033,1724156,8413877
2020-05-26 02:11:08,mainnet,10138036,1724156,8413880
2020-05-26 02:12:36,mainnet,10138039,1724156,8413883
2020-05-26 02:14:06,mainnet,10138048,1724156,8413892
2020-05-26 02:15:43,mainnet,10138058,1724156,8413902
2020-05-26 02:17:32,mainnet,10138067,1724156,8413911
2020-05-26 02:19:06,mainnet,10138075,1724156,8413919
2020-05-26 02:20:48,mainnet,10138084,1724156,8413928
2020-05-26 02:22:43,mainnet,10138098,1724156,8413942
2020-05-26 02:24:41,mainnet,10138106,1724156,8413950
2020-05-26 02:26:20,mainnet,10138115,1724156,8413959
2020-05-26 02:28:35,mainnet,10138120,1724156,8413964
2020-05-26 02:30:06,mainnet,10138126,1724156,8413970
2020-05-26 02:31:29,mainnet,10138132,1724156,8413976
2020-05-26 02:32:51,mainnet,10138138,1724156,8413982
2020-05-26 02:34:13,mainnet,10138146,1724156,8413990
2020-05-26 02:35:52,mainnet,10138152,1724156,8413996
2020-05-26 02:37:17,mainnet,10138160,1724156,8414004
2020-05-26 02:38:41,mainnet,10138173,1724156,8414017
2020-05-26 02:40:03,mainnet,10138179,1724156,8414023
2020-05-26 02:41:25,mainnet,10138194,1724156,8414038
2020-05-26 02:42:48,mainnet,10138200,1724156,8414044
2020-05-26 02:44:09,mainnet,10138205,1724156,8414049
2020-05-26 02:45:32,mainnet,10138214,1724156,8414058
2020-05-26 02:46:55,mainnet,10138220,1724156,8414064
2020-05-26 02:48:17,mainnet,10138226,1724156,8414070
2020-05-26 02:49:39,mainnet,10138234,1724156,8414078
2020-05-26 02:51:01,mainnet,10138241,1724156,8414085
2020-05-26 02:52:24,mainnet,10138251,1724156,8414095
2020-05-26 02:53:46,mainnet,10138258,1724156,8414102
2020-05-26 02:55:08,mainnet,10138262,1724156,8414106
2020-05-26 02:56:30,mainnet,10138269,1724156,8414113
2020-05-26 02:57:52,mainnet,10138272,1724156,8414116
2020-05-26 02:59:14,mainnet,10138280,1724156,8414124
2020-05-26 03:00:36,mainnet,10138285,1724156,8414129
2020-05-26 03:01:59,mainnet,10138290,1724156,8414134
2020-05-26 03:03:22,mainnet,10138292,1724156,8414136
2020-05-26 03:04:44,mainnet,10138297,1724156,8414141
2020-05-26 03:06:06,mainnet,10138301,1724156,8414145
2020-05-26 03:07:29,mainnet,10138305,1724156,8414149
2020-05-26 03:08:51,mainnet,10138308,1724156,8414152
2020-05-26 03:10:13,mainnet,10138316,1724156,8414160
2020-05-26 03:11:35,mainnet,10138321,1724156,8414165
2020-05-26 03:12:57,mainnet,10138325,1724156,8414169
2020-05-26 03:14:19,mainnet,10138330,1724156,8414174
2020-05-26 03:15:41,mainnet,10138335,1724156,8414179
2020-05-26 03:17:03,mainnet,10138343,1724156,8414187
2020-05-26 03:18:28,mainnet,10138347,1724156,8414191
2020-05-26 03:19:51,mainnet,10138355,1724156,8414199
2020-05-26 03:21:26,mainnet,10138363,1724156,8414207
2020-05-26 03:22:50,mainnet,10138366,1724156,8414210
2020-05-26 03:24:13,mainnet,10138368,1724156,8414212
2020-05-26 03:25:36,mainnet,10138370,1724156,8414214
2020-05-26 03:27:09,mainnet,10138379,1724156,8414223
2020-05-26 03:28:39,mainnet,10138388,1724156,8414232
2020-05-26 03:30:17,mainnet,10138392,1724156,8414236
2020-05-26 03:31:40,mainnet,10138405,1724156,8414249
2020-05-26 03:33:02,mainnet,10138413,1724156,8414257
2020-05-26 03:34:27,mainnet,10138417,1724156,8414261
2020-05-26 03:35:49,mainnet,10138420,1724156,8414264
2020-05-26 03:37:16,mainnet,10138428,1724156,8414272
2020-05-26 03:38:38,mainnet,10138433,1724156,8414277
2020-05-26 03:40:01,mainnet,10138438,1724156,8414282
2020-05-26 03:41:25,mainnet,10138446,1724156,8414290
2020-05-26 03:42:49,mainnet,10138451,1724156,8414295
2020-05-26 03:44:13,mainnet,10138459,1724156,8414303
2020-05-26 03:45:35,mainnet,10138465,1724156,8414309
2020-05-26 03:46:58,mainnet,10138472,1724156,8414316
2020-05-26 03:48:21,mainnet,10138480,1724156,8414324
2020-05-26 03:49:43,mainnet,10138485,1724156,8414329
2020-05-26 03:51:05,mainnet,10138493,1724156,8414337
2020-05-26 03:52:27,mainnet,10138498,1724156,8414342
2020-05-26 03:53:53,mainnet,10138504,1724156,8414348
2020-05-26 03:55:15,mainnet,10138508,1724156,8414352
2020-05-26 03:56:37,mainnet,10138514,1724156,8414358
2020-05-26 03:57:59,mainnet,10138519,1724156,8414363
2020-05-26 03:59:22,mainnet,10138523,1724156,8414367
2020-05-26 04:00:47,mainnet,10138532,1724156,8414376
2020-05-26 04:02:11,mainnet,10138538,1724156,8414382
2020-05-26 04:03:33,mainnet,10138542,1724156,8414386
2020-05-26 04:04:57,mainnet,10138552,1724156,8414396
2020-05-26 04:06:19,mainnet,10138554,1724156,8414398
2020-05-26 04:07:41,mainnet,10138558,1724156,8414402
2020-05-26 04:09:03,mainnet,10138568,1724156,8414412
2020-05-26 04:10:26,mainnet,10138573,1724156,8414417
2020-05-26 04:11:48,mainnet,10138582,1724156,8414426
2020-05-26 04:13:13,mainnet,10138583,1724156,8414427
2020-05-26 04:14:35,mainnet,10138589,1724156,8414433
2020-05-26 04:15:59,mainnet,10138596,1724156,8414440
2020-05-26 04:17:23,mainnet,10138606,1724156,8414450
2020-05-26 04:18:48,mainnet,10138613,1724156,8414457
2020-05-26 04:20:10,mainnet,10138616,1724156,8414460
2020-05-26 04:21:32,mainnet,10138623,1724156,8414467
2020-05-26 04:22:54,mainnet,10138630,1724156,8414474
2020-05-26 04:24:17,mainnet,10138636,1724156,8414480
2020-05-26 04:25:39,mainnet,10138639,1724156,8414483
2020-05-26 04:27:02,mainnet,10138646,1724156,8414490
2020-05-26 04:28:27,mainnet,10138653,1724156,8414497
2020-05-26 04:29:53,mainnet,10138664,1724156,8414508
2020-05-26 04:31:15,mainnet,10138671,1724156,8414515
2020-05-26 04:32:37,mainnet,10138682,1724156,8414526
2020-05-26 04:33:59,mainnet,10138690,1724156,8414534
2020-05-26 04:35:22,mainnet,10138695,1724156,8414539
2020-05-26 04:36:46,mainnet,10138705,1724156,8414549
2020-05-26 04:38:10,mainnet,10138715,1724156,8414559
2020-05-26 04:39:33,mainnet,10138722,1724156,8414566
2020-05-26 04:40:55,mainnet,10138733,1724156,8414577
2020-05-26 04:42:33,mainnet,10138739,1724156,8414583
2020-05-26 04:43:56,mainnet,10138744,1724156,8414588
2020-05-26 04:45:19,mainnet,10138748,1724156,8414592
2020-05-26 04:46:41,mainnet,10138757,1724156,8414601
2020-05-26 04:48:03,mainnet,10138764,1724156,8414608
2020-05-26 04:49:26,mainnet,10138773,1724156,8414617
2020-05-26 04:50:53,mainnet,10138780,1724156,8414624
2020-05-26 04:52:21,mainnet,10138785,1724156,8414629
2020-05-26 04:53:51,mainnet,10138787,1724156,8414631
2020-05-26 04:55:33,mainnet,10138793,1724156,8414637
2020-05-26 04:57:00,mainnet,10138802,1724156,8414646
2020-05-26 04:58:36,mainnet,10138808,1724156,8414652
2020-05-26 05:00:01,mainnet,10138813,1724156,8414657
2020-05-26 05:01:27,mainnet,10138817,1724156,8414661
2020-05-26 05:02:53,mainnet,10138827,1724156,8414671
2020-05-26 05:04:16,mainnet,10138829,1724156,8414673
2020-05-26 05:05:39,mainnet,10138835,1724156,8414679
2020-05-26 05:07:01,mainnet,10138843,1724156,8414687
2020-05-26 05:08:24,mainnet,10138852,1724156,8414696
2020-05-26 05:09:48,mainnet,10138858,1724156,8414702
2020-05-26 05:11:10,mainnet,10138865,1724156,8414709
2020-05-26 05:12:32,mainnet,10138873,1724156,8414717
2020-05-26 05:13:59,mainnet,10138880,1724156,8414724
2020-05-26 05:15:22,mainnet,10138886,1724156,8414730
2020-05-26 05:16:45,mainnet,10138893,1724156,8414737
2020-05-26 05:18:07,mainnet,10138896,1724156,8414740
2020-05-26 05:19:31,mainnet,10138901,1724156,8414745
2020-05-26 05:20:54,mainnet,10138912,1724156,8414756
2020-05-26 05:22:17,mainnet,10138919,1724156,8414763
2020-05-26 05:23:48,mainnet,10138924,1724156,8414768
2020-05-26 05:25:11,mainnet,10138932,1724156,8414776
2020-05-26 05:26:37,mainnet,10138942,1724156,8414786
2020-05-26 05:28:06,mainnet,10138948,1724156,8414792
2020-05-26 05:29:32,mainnet,10138955,1724156,8414799
2020-05-26 05:30:58,mainnet,10138962,1724156,8414806
2020-05-26 05:32:32,mainnet,10138974,1724156,8414818
2020-05-26 05:34:16,mainnet,10138983,1724156,8414827
2020-05-26 05:35:48,mainnet,10138986,1724156,8414830
2020-05-26 05:37:23,mainnet,10138987,1724156,8414831
2020-05-26 05:38:45,mainnet,10138994,1724156,8414838
2020-05-26 05:40:10,mainnet,10138999,1724156,8414843
2020-05-26 05:41:37,mainnet,10139009,1724156,8414853
2020-05-26 05:43:04,mainnet,10139012,1724156,8414856
2020-05-26 05:44:31,mainnet,10139018,1724156,8414862
2020-05-26 05:45:53,mainnet,10139025,1724156,8414869
2020-05-26 05:47:18,mainnet,10139034,1724156,8414878
2020-05-26 05:48:40,mainnet,10139040,1724156,8414884
2020-05-26 05:50:02,mainnet,10139046,1724156,8414890
2020-05-26 05:51:29,mainnet,10139051,1724156,8414895
2020-05-26 05:52:51,mainnet,10139055,1724156,8414899
2020-05-26 05:54:13,mainnet,10139062,1724156,8414906
2020-05-26 05:55:37,mainnet,10139067,1724156,8414911
2020-05-26 05:57:04,mainnet,10139075,1724156,8414919
2020-05-26 05:58:29,mainnet,10139081,1724156,8414925
2020-05-26 05:59:52,mainnet,10139088,1724156,8414932
2020-05-26 06:01:15,mainnet,10139090,1724156,8414934
2020-05-26 06:02:39,mainnet,10139097,1724156,8414941
2020-05-26 06:04:01,mainnet,10139104,1724156,8414948
2020-05-26 06:05:30,mainnet,10139110,1724156,8414954
2020-05-26 06:06:53,mainnet,10139117,1724156,8414961
2020-05-26 06:08:17,mainnet,10139121,1724156,8414965
2020-05-26 06:09:41,mainnet,10139125,1724156,8414969
2020-05-26 06:11:05,mainnet,10139133,1724156,8414977
2020-05-26 06:12:29,mainnet,10139138,1724156,8414982
2020-05-26 06:13:51,mainnet,10139148,1724156,8414992
2020-05-26 06:15:14,mainnet,10139156,1724156,8415000
2020-05-26 06:16:41,mainnet,10139163,1724156,8415007
2020-05-26 06:18:08,mainnet,10139170,1724156,8415014
2020-05-26 06:19:33,mainnet,10139180,1724156,8415024
2020-05-26 06:20:59,mainnet,10139188,1724156,8415032
2020-05-26 06:22:25,mainnet,10139197,1724156,8415041
2020-05-26 06:23:48,mainnet,10139201,1724156,8415045
2020-05-26 06:25:12,mainnet,10139208,1724156,8415052
2020-05-26 06:26:35,mainnet,10139216,1724156,8415060
2020-05-26 06:27:57,mainnet,10139220,1724156,8415064
2020-05-26 06:29:20,mainnet,10139228,1724156,8415072
2020-05-26 06:30:43,mainnet,10139235,1724156,8415079
2020-05-26 06:32:08,mainnet,10139243,1724156,8415087
2020-05-26 06:33:30,mainnet,10139253,1724156,8415097
2020-05-26 06:34:55,mainnet,10139263,1724156,8415107
2020-05-26 06:36:18,mainnet,10139275,1724156,8415119
2020-05-26 06:37:40,mainnet,10139280,1724156,8415124
2020-05-26 06:39:02,mainnet,10139281,1724156,8415125
2020-05-26 06:40:25,mainnet,10139288,1724156,8415132
2020-05-26 06:41:50,mainnet,10139296,1724156,8415140
2020-05-26 06:43:13,mainnet,10139300,1724156,8415144
2020-05-26 06:44:35,mainnet,10139305,1724156,8415149
2020-05-26 06:45:57,mainnet,10139310,1724156,8415154
2020-05-26 06:47:19,mainnet,10139318,1724156,8415162
2020-05-26 06:48:41,mainnet,10139324,1724156,8415168
2020-05-26 06:50:03,mainnet,10139328,1724156,8415172
2020-05-26 06:51:28,mainnet,10139333,1724156,8415177
2020-05-26 06:52:50,mainnet,10139337,1724156,8415181
2020-05-26 06:54:13,mainnet,10139339,1724156,8415183
2020-05-26 06:55:35,mainnet,10139344,1724156,8415188
2020-05-26 06:56:57,mainnet,10139347,1724156,8415191
2020-05-26 06:58:19,mainnet,10139353,1724156,8415197
2020-05-26 06:59:41,mainnet,10139357,1724156,8415201
2020-05-26 07:01:04,mainnet,10139361,1724156,8415205
2020-05-26 07:02:27,mainnet,10139369,1724156,8415213
2020-05-26 07:03:52,mainnet,10139377,1724156,8415221
2020-05-26 07:05:14,mainnet,10139383,1724156,8415227
2020-05-26 07:06:37,mainnet,10139392,1724156,8415236
2020-05-26 07:07:59,mainnet,10139397,1724156,8415241
2020-05-26 07:09:22,mainnet,10139404,1724156,8415248
2020-05-26 07:10:44,mainnet,10139408,1724156,8415252
2020-05-26 07:12:09,mainnet,10139412,1724156,8415256
2020-05-26 07:13:32,mainnet,10139421,1724156,8415265
2020-05-26 07:14:54,mainnet,10139425,1724156,8415269
2020-05-26 07:16:16,mainnet,10139431,1724156,8415275
2020-05-26 07:17:38,mainnet,10139435,1724156,8415279
2020-05-26 07:19:00,mainnet,10139438,1724156,8415282
2020-05-26 07:20:23,mainnet,10139441,1724156,8415285
2020-05-26 07:21:48,mainnet,10139446,1724156,8415290
2020-05-26 07:23:11,mainnet,10139451,1724156,8415295
2020-05-26 07:24:33,mainnet,10139453,1724156,8415297
2020-05-26 07:25:55,mainnet,10139455,1724156,8415299
2020-05-26 07:27:17,mainnet,10139460,1724156,8415304
2020-05-26 07:28:39,mainnet,10139465,1724156,8415309
2020-05-26 07:30:04,mainnet,10139471,1724156,8415315
2020-05-26 07:31:34,mainnet,10139477,1724156,8415321
2020-05-26 07:32:56,mainnet,10139483,1724156,8415327
2020-05-26 07:34:19,mainnet,10139491,1724156,8415335
2020-05-26 07:35:41,mainnet,10139497,1724156,8415341
2020-05-26 07:37:04,mainnet,10139503,1724156,8415347
2020-05-26 07:38:26,mainnet,10139509,1724156,8415353
2020-05-26 07:39:48,mainnet,10139514,1724156,8415358
2020-05-26 07:41:10,mainnet,10139523,1724156,8415367
2020-05-26 07:42:36,mainnet,10139529,1724156,8415373
2020-05-26 07:43:58,mainnet,10139536,1724156,8415380
2020-05-26 07:45:22,mainnet,10139541,1724156,8415385
2020-05-26 07:46:49,mainnet,10139546,1724156,8415390
2020-05-26 07:48:13,mainnet,10139556,1724156,8415400
2020-05-26 07:49:49,mainnet,10139564,1724156,8415408
2020-05-26 07:51:13,mainnet,10139567,1724156,8415411
2020-05-26 07:52:40,mainnet,10139572,1724156,8415416
2020-05-26 07:54:03,mainnet,10139577,1724156,8415421
2020-05-26 07:55:29,mainnet,10139582,1724156,8415426
2020-05-26 07:56:53,mainnet,10139590,1724156,8415434
2020-05-26 07:58:15,mainnet,10139596,1724156,8415440
2020-05-26 07:59:38,mainnet,10139602,1724156,8415446
2020-05-26 08:01:07,mainnet,10139610,1724156,8415454
2020-05-26 08:02:29,mainnet,10139614,1724156,8415458
2020-05-26 08:03:53,mainnet,10139620,1724156,8415464
2020-05-26 08:05:16,mainnet,10139625,1724156,8415469
2020-05-26 08:06:38,mainnet,10139628,1724156,8415472
2020-05-26 08:08:00,mainnet,10139635,1724156,8415479
2020-05-26 08:09:22,mainnet,10139644,1724156,8415488
2020-05-26 08:10:44,mainnet,10139650,1724156,8415494
2020-05-26 08:12:06,mainnet,10139655,1724156,8415499
2020-05-26 08:13:28,mainnet,10139661,1724156,8415505
2020-05-26 08:14:50,mainnet,10139667,1724156,8415511
2020-05-26 08:16:12,mainnet,10139671,1724156,8415515
2020-05-26 08:17:34,mainnet,10139681,1724156,8415525
2020-05-26 08:18:56,mainnet,10139688,1724156,8415532
2020-05-26 08:20:18,mainnet,10139694,1724156,8415538
2020-05-26 08:21:41,mainnet,10139702,1724156,8415546
2020-05-26 08:23:05,mainnet,10139705,1724156,8415549
2020-05-26 08:24:27,mainnet,10139711,1724156,8415555
2020-05-26 08:25:49,mainnet,10139717,1724156,8415561
2020-05-26 08:27:11,mainnet,10139727,1724156,8415571
2020-05-26 08:28:33,mainnet,10139730,1724156,8415574
2020-05-26 08:29:58,mainnet,10139737,1724156,8415581
2020-05-26 08:31:20,mainnet,10139741,1724156,8415585
2020-05-26 08:32:42,mainnet,10139747,1724156,8415591
2020-05-26 08:34:04,mainnet,10139753,1724156,8415597
2020-05-26 08:35:27,mainnet,10139762,1724156,8415606
2020-05-26 08:36:49,mainnet,10139766,1724156,8415610
2020-05-26 08:38:12,mainnet,10139774,1724156,8415618
2020-05-26 08:39:34,mainnet,10139779,1724156,8415623
2020-05-26 08:40:57,mainnet,10139786,1724156,8415630
2020-05-26 08:42:19,mainnet,10139792,1724156,8415636
2020-05-26 08:43:41,mainnet,10139797,1724156,8415641
2020-05-26 08:45:04,mainnet,10139803,1724156,8415647
2020-05-26 08:46:26,mainnet,10139807,1724156,8415651
2020-05-26 08:47:48,mainnet,10139812,1724156,8415656
2020-05-26 08:49:10,mainnet,10139817,1724156,8415661
2020-05-26 08:50:32,mainnet,10139819,1724156,8415663
2020-05-26 08:51:54,mainnet,10139823,1724156,8415667
2020-05-26 08:53:16,mainnet,10139827,1724156,8415671
2020-05-26 08:54:38,mainnet,10139833,1724156,8415677
2020-05-26 08:56:01,mainnet,10139844,1724156,8415688
2020-05-26 08:57:23,mainnet,10139848,1724156,8415692
2020-05-26 08:58:45,mainnet,10139852,1724156,8415696
2020-05-26 09:00:07,mainnet,10139858,1724156,8415702
2020-05-26 09:01:29,mainnet,10139861,1724156,8415705
2020-05-26 09:02:51,mainnet,10139866,1724156,8415710
2020-05-26 09:04:13,mainnet,10139875,1724156,8415719
2020-05-26 09:05:35,mainnet,10139883,1724156,8415727
2020-05-26 09:06:59,mainnet,10139890,1724156,8415734
2020-05-26 09:08:23,mainnet,10139898,1724156,8415742
2020-05-26 09:09:50,mainnet,10139903,1724156,8415747
2020-05-26 09:11:34,mainnet,10139912,1724156,8415756
2020-05-26 09:13:12,mainnet,10139918,1724156,8415762
2020-05-26 09:14:51,mainnet,10139926,1724156,8415770
2020-05-26 09:16:26,mainnet,10139934,1724156,8415778
2020-05-26 09:18:05,mainnet,10139943,1724156,8415787
2020-05-26 09:19:47,mainnet,10139949,1724156,8415793
2020-05-26 09:21:12,mainnet,10139951,1724156,8415795
2020-05-26 09:22:35,mainnet,10139960,1724156,8415804
2020-05-26 09:24:07,mainnet,10139962,1724156,8415806
2020-05-26 09:25:29,mainnet,10139969,1724156,8415813
2020-05-26 09:26:52,mainnet,10139975,1724156,8415819
2020-05-26 09:28:27,mainnet,10139983,1724156,8415827
2020-05-26 09:29:55,mainnet,10139986,1724156,8415830
2020-05-26 09:31:25,mainnet,10139992,1724156,8415836
2020-05-26 09:32:54,mainnet,10139999,1724156,8415843
2020-05-26 09:34:36,mainnet,10140003,1724156,8415847
2020-05-26 09:36:18,mainnet,10140005,1724156,8415849
2020-05-26 09:37:46,mainnet,10140008,1724156,8415852
2020-05-26 09:39:19,mainnet,10140015,1724156,8415859
2020-05-26 09:40:54,mainnet,10140023,1724156,8415867
2020-05-26 09:42:19,mainnet,10140034,1724156,8415878
2020-05-26 09:44:19,mainnet,10140042,1724156,8415886
2020-05-26 09:45:44,mainnet,10140048,1724156,8415892
2020-05-26 09:47:30,mainnet,10140054,1724156,8415898
2020-05-26 09:49:17,mainnet,10140059,1724156,8415903
2020-05-26 09:50:48,mainnet,10140061,1724156,8415905
2020-05-26 09:52:14,mainnet,10140069,1724156,8415913
2020-05-26 09:53:43,mainnet,10140076,1724156,8415920
2020-05-26 09:55:07,mainnet,10140083,1724156,8415927
2020-05-26 09:56:29,mainnet,10140087,1724156,8415931
2020-05-26 09:57:51,mainnet,10140094,1724156,8415938
2020-05-26 09:59:22,mainnet,10140096,1724156,8415940
2020-05-26 10:00:54,mainnet,10140099,1724156,8415943
2020-05-26 10:02:43,mainnet,10140111,1724156,8415955
2020-05-26 10:05:00,mainnet,10140124,1724156,8415968
2020-05-26 10:07:02,mainnet,10140134,1724156,8415978
2020-05-26 10:09:10,mainnet,10140143,1724156,8415987
2020-05-26 10:11:19,mainnet,10140150,1724156,8415994
2020-05-26 10:12:46,mainnet,10140160,1724156,8416004
2020-05-26 10:14:35,mainnet,10140169,1724156,8416013
2020-05-26 10:16:07,mainnet,10140175,1724156,8416019
2020-05-26 10:17:30,mainnet,10140182,1724156,8416026
2020-05-26 10:18:54,mainnet,10140189,1724156,8416033
2020-05-26 10:20:25,mainnet,10140194,1724156,8416038
2020-05-26 10:21:49,mainnet,10140200,1724156,8416044
2020-05-26 10:23:18,mainnet,10140204,1724156,8416048
2020-05-26 10:24:42,mainnet,10140214,1724156,8416058
2020-05-26 10:26:16,mainnet,10140219,1724156,8416063
2020-05-26 10:27:39,mainnet,10140225,1724156,8416069
2020-05-26 10:29:03,mainnet,10140234,1724156,8416078
2020-05-26 10:30:37,mainnet,10140246,1724156,8416090
2020-05-26 10:32:24,mainnet,10140249,1724156,8416093
2020-05-26 10:33:53,mainnet,10140254,1724156,8416098
2020-05-26 10:35:19,mainnet,10140259,1724156,8416103
2020-05-26 10:36:50,mainnet,10140266,1724156,8416110
2020-05-26 10:38:25,mainnet,10140277,1724156,8416121
2020-05-26 10:40:06,mainnet,10140281,1724156,8416125
2020-05-26 10:41:28,mainnet,10140291,1724156,8416135
2020-05-26 10:42:50,mainnet,10140295,1724156,8416139
2020-05-26 10:44:19,mainnet,10140305,1724156,8416149
2020-05-26 10:45:48,mainnet,10140316,1724156,8416160
2020-05-26 10:47:27,mainnet,10140321,1724156,8416165
2020-05-26 10:49:15,mainnet,10140329,1724156,8416173
2020-05-26 10:50:54,mainnet,10140338,1724156,8416182
2020-05-26 10:52:33,mainnet,10140345,1724156,8416189
2020-05-26 10:54:10,mainnet,10140352,1724156,8416196
2020-05-26 10:55:37,mainnet,10140362,1724156,8416206
2020-05-26 10:57:22,mainnet,10140370,1724156,8416214
2020-05-26 10:58:58,mainnet,10140376,1724156,8416220
2020-05-26 11:00:26,mainnet,10140392,1724156,8416236
2020-05-26 11:02:04,mainnet,10140400,1724156,8416244
2020-05-26 11:03:32,mainnet,10140408,1724156,8416252
2020-05-26 11:05:07,mainnet,10140411,1724156,8416255
2020-05-26 11:06:32,mainnet,10140416,1724156,8416260
2020-05-26 11:08:01,mainnet,10140424,1724156,8416268
2020-05-26 11:09:24,mainnet,10140429,1724156,8416273
2020-05-26 11:10:47,mainnet,10140436,1724156,8416280
2020-05-26 11:12:09,mainnet,10140441,1724156,8416285
2020-05-26 11:13:32,mainnet,10140445,1724156,8416289
2020-05-26 11:14:55,mainnet,10140448,1724156,8416292
2020-05-26 11:16:17,mainnet,10140453,1724156,8416297
2020-05-26 11:17:40,mainnet,10140461,1724156,8416305
2020-05-26 11:19:04,mainnet,10140466,1724156,8416310
2020-05-26 11:20:27,mainnet,10140469,1724156,8416313
2020-05-26 11:21:49,mainnet,10140472,1724156,8416316
2020-05-26 11:23:12,mainnet,10140477,1724156,8416321
2020-05-26 11:24:34,mainnet,10140482,1724156,8416326
2020-05-26 11:25:57,mainnet,10140491,1724156,8416335
2020-05-26 11:27:20,mainnet,10140498,1724156,8416342
2020-05-26 11:28:43,mainnet,10140502,1724156,8416346
2020-05-26 11:30:05,mainnet,10140511,1724156,8416355
2020-05-26 11:31:28,mainnet,10140515,1724156,8416359
2020-05-26 11:32:50,mainnet,10140518,9125000,1015518
2020-05-26 11:34:40,mainnet,10140531,9125000,1015531
2020-05-26 11:36:47,mainnet,10140540,9125000,1015540
2020-05-26 11:39:05,mainnet,10140549,9125000,1015549
2020-05-26 11:40:54,mainnet,10140559,9125000,1015559
2020-05-26 11:43:12,mainnet,10140575,9125000,1015575
2020-05-26 11:47:53,mainnet,10140605,9125000,1015605
2020-05-26 11:50:28,mainnet,10140613,9125000,1015613
2020-05-26 11:53:25,mainnet,10140631,9125000,1015631
2020-05-26 11:56:02,mainnet,10140637,9125000,1015637
2020-05-26 11:57:55,mainnet,10140649,9125000,1015649
2020-05-26 12:00:06,mainnet,10140654,9125000,1015654
2020-05-26 12:02:10,mainnet,10140667,9125000,1015667
2020-05-26 12:03:58,mainnet,10140676,9125000,1015676
2020-05-26 12:06:11,mainnet,10140683,9125000,1015683
2020-05-26 12:09:10,mainnet,10140699,9125000,1015699
2020-05-26 12:11:37,mainnet,10140710,9125000,1015710
2020-05-26 12:14:47,mainnet,10140726,9125000,1015726
2020-05-26 12:16:39,mainnet,10140735,9125000,1015735
2020-05-26 12:18:40,mainnet,10140747,9125000,1015747
2020-05-26 12:20:30,mainnet,10140754,9125000,1015754
2020-05-26 12:22:43,mainnet,10140766,9125000,1015766
2020-05-26 12:25:15,mainnet,10140776,9125000,1015776
2020-05-26 12:27:50,mainnet,10140780,9125000,1015780
2020-05-26 12:30:23,mainnet,10140793,9125000,1015793
2020-05-26 12:32:34,mainnet,10140809,9125000,1015809
2020-05-26 12:34:52,mainnet,10140816,9125000,1015816
2020-05-26 12:37:13,mainnet,10140822,9125000,1015822
2020-05-26 12:39:17,mainnet,10140834,9125000,1015834
2020-05-26 12:41:30,mainnet,10140843,9125000,1015843
2020-05-26 12:43:41,mainnet,10140850,9125000,1015850
2020-05-26 12:45:40,mainnet,10140858,9125000,1015858
2020-05-26 12:47:39,mainnet,10140866,9125000,1015866
2020-05-26 12:50:03,mainnet,10140892,9125000,1015892
2020-05-26 12:53:26,mainnet,10140898,9125000,1015898
2020-05-26 12:55:08,mainnet,10140906,9125000,1015906
2020-05-26 12:57:25,mainnet,10140922,9125000,1015922
2020-05-26 13:00:13,mainnet,10140929,9125000,1015929
2020-05-26 13:02:24,mainnet,10140941,9125000,1015941
2020-05-26 13:04:41,mainnet,10140949,9125000,1015949
2020-05-26 13:07:27,mainnet,10140965,9125000,1015965
2020-05-26 13:13:00,mainnet,10140989,9125000,1015989
2020-05-26 13:15:09,mainnet,10140999,9125000,1015999
2020-05-26 13:17:15,mainnet,10141015,9125000,1016015
2020-05-26 13:19:55,mainnet,10141025,9125000,1016025
2020-05-26 13:24:08,mainnet,10141046,9125000,1016046
2020-05-26 13:28:40,mainnet,10141064,9125000,1016064
2020-05-26 13:30:30,mainnet,10141077,9125000,1016077
2020-05-26 13:34:11,mainnet,10141084,9125000,1016084
2020-05-26 13:36:32,mainnet,10141095,9125000,1016095
2020-05-26 13:38:27,mainnet,10141109,9125000,1016109
2020-05-26 13:45:34,mainnet,10141133,9125000,1016133
2020-05-26 13:48:29,mainnet,10141143,9125000,1016143
2020-05-26 13:50:49,mainnet,10141153,9125000,1016153
2020-05-26 13:53:55,mainnet,10141165,9125000,1016165
2020-05-26 13:55:54,mainnet,10141175,9125000,1016175
2020-05-26 13:58:26,mainnet,10141186,9125000,1016186
2020-05-26 14:00:02,mainnet,10141192,9125000,1016192
2020-05-26 14:02:19,mainnet,10141205,9125000,1016205
2020-05-26 14:05:43,mainnet,10141214,9125000,1016214
2020-05-26 14:11:10,mainnet,10141243,9125000,1016243
2020-05-26 14:15:17,mainnet,10141261,9125000,1016261
2020-05-26 14:16:39,mainnet,10141269,9125000,1016269
2020-05-26 14:18:35,mainnet,10141277,9125000,1016277
2020-05-26 14:21:31,mainnet,10141294,9125000,1016294
2020-05-26 14:23:53,mainnet,10141303,9125000,1016303
2020-05-26 14:26:27,mainnet,10141315,9125000,1016315
2020-05-26 14:28:31,mainnet,10141336,9125000,1016336
2020-05-26 14:32:02,mainnet,10141343,9125000,1016343
2020-05-26 14:33:43,mainnet,10141353,9125000,1016353
2020-05-26 14:35:52,mainnet,10141361,9125000,1016361
2020-05-26 14:37:14,mainnet,10141380,9125000,1016380
2020-05-26 14:40:44,mainnet,10141390,9125000,1016390
2020-05-26 14:42:57,mainnet,10141395,9125000,1016395
2020-05-26 14:44:48,mainnet,10141406,9125000,1016406
2020-05-26 14:46:10,mainnet,10141412,9125000,1016412
2020-05-26 14:48:21,mainnet,10141424,9125000,1016424
2020-05-26 14:54:15,mainnet,10141445,9125000,1016445
2020-05-26 14:55:37,mainnet,10141453,9125000,1016453
2020-05-26 14:57:28,mainnet,10141457,9125000,1016457
2020-05-26 14:59:36,mainnet,10141464,9125000,1016464
2020-05-26 15:00:58,mainnet,10141475,9125000,1016475
2020-05-26 15:09:17,mainnet,10141525,9125000,1016525
2020-05-26 15:13:00,mainnet,10141534,9125000,1016534
2020-05-26 15:14:40,mainnet,10141543,9125000,1016543
2020-05-26 15:19:15,mainnet,10141555,9125000,1016555
2020-05-26 15:20:38,mainnet,10141563,9125000,1016563
2020-05-26 15:24:51,mainnet,10141587,9125000,1016587
2020-05-26 15:27:16,mainnet,10141599,9125000,1016599
2020-05-26 15:29:07,mainnet,10141611,9125000,1016611
2020-05-26 15:31:01,mainnet,10141620,9125000,1016620
2020-05-26 15:33:48,mainnet,10141631,9125000,1016631
2020-05-26 15:37:21,mainnet,10141641,9125000,1016641
2020-05-26 15:39:23,mainnet,10141651,9125000,1016651
2020-05-26 15:45:40,mainnet,10141677,9125000,1016677
2020-05-26 15:49:56,mainnet,10141695,9125126,1016569
2020-05-26 15:53:36,mainnet,10141719,9125251,1016468
2020-05-26 15:58:50,mainnet,10141750,9125878,1015872
2020-05-26 16:00:29,mainnet,10141760,9125878,1015882
2020-05-26 16:03:38,mainnet,10141777,9126130,1015647
2020-05-26 16:05:54,mainnet,10141784,9126130,1015654
2020-05-26 16:07:26,mainnet,10141794,9126130,1015664
2020-05-26 16:10:53,mainnet,10141813,9126130,1015683
2020-05-26 16:12:42,mainnet,10141820,9126346,1015474
2020-05-26 16:15:57,mainnet,10141830,9126718,1015112
2020-05-26 16:17:48,mainnet,10141838,9126807,1015031
2020-05-26 16:20:11,mainnet,10141855,9126830,1015025
2020-05-26 16:24:11,mainnet,10141871,9126934,1014937
2020-05-26 16:25:34,mainnet,10141876,9127237,1014639
2020-05-26 16:27:34,mainnet,10141881,9127562,1014319
2020-05-26 16:32:28,mainnet,10141904,9128322,1013582
2020-05-26 16:38:24,mainnet,10141940,9128560,1013380
2020-05-26 16:40:22,mainnet,10141952,9128560,1013392
2020-05-26 16:43:16,mainnet,10141969,9128560,1013409
2020-05-26 16:46:09,mainnet,10141977,9128772,1013205
2020-05-26 16:48:38,mainnet,10141998,9129149,1012849
2020-05-26 16:51:31,mainnet,10142003,9129149,1012854
2020-05-26 16:52:53,mainnet,10142010,9129275,1012735
2020-05-26 16:54:15,mainnet,10142016,9129275,1012741
2020-05-26 16:58:20,mainnet,10142038,9129343,1012695
2020-05-26 16:59:58,mainnet,10142046,9129411,1012635
2020-05-26 17:01:31,mainnet,10142054,9129605,1012449
2020-05-26 17:02:56,mainnet,10142062,9129867,1012195
2020-05-26 17:04:55,mainnet,10142069,9129994,1012075
2020-05-26 17:07:34,mainnet,10142074,9129994,1012080
2020-05-26 17:09:11,mainnet,10142082,9129994,1012088
2020-05-26 17:11:07,mainnet,10142086,9129994,1012092
2020-05-26 17:12:39,mainnet,10142093,9130374,1011719
2020-05-26 17:15:11,mainnet,10142111,9130374,1011737
2020-05-26 17:18:21,mainnet,10142119,9130374,1011745
2020-05-26 17:19:48,mainnet,10142129,9130374,1011755
2020-05-26 17:22:14,mainnet,10142141,9130374,1011767
2020-05-26 17:26:47,mainnet,10142163,9130374,1011789
2020-05-26 17:31:13,mainnet,10142176,9130374,1011802
2020-05-26 17:37:22,mainnet,10142200,9130483,1011717
2020-05-26 17:39:14,mainnet,10142210,9130626,1011584
2020-05-26 17:40:45,mainnet,10142222,9131003,1011219
2020-05-26 17:43:28,mainnet,10142235,9131007,1011228
2020-05-26 17:45:26,mainnet,10142242,9131007,1011235
2020-05-26 17:49:44,mainnet,10142259,9131007,1011252
2020-05-26 17:51:35,mainnet,10142276,9131007,1011269
2020-05-26 17:55:53,mainnet,10142291,9131007,1011284
2020-05-26 17:58:55,mainnet,10142308,9131007,1011301
2020-05-26 18:04:04,mainnet,10142330,9131007,1011323
2020-05-26 18:10:27,mainnet,10142364,9131225,1011139
2020-05-26 18:12:53,mainnet,10142370,9131340,1011030
2020-05-26 18:16:44,mainnet,10142385,9131465,1010920
2020-05-26 18:23:23,mainnet,10142412,9131719,1010693
2020-05-26 18:25:56,mainnet,10142422,9132016,1010406
2020-05-26 18:28:47,mainnet,10142429,9132227,1010202
2020-05-26 18:30:23,mainnet,10142433,9132379,1010054
2020-05-26 18:31:45,mainnet,10142438,9132650,1009788
2020-05-26 18:34:01,mainnet,10142452,9133116,1009336
2020-05-26 18:38:09,mainnet,10142467,9133116,1009351
2020-05-26 18:40:31,mainnet,10142474,9133116,1009358
2020-05-26 18:44:32,mainnet,10142495,9133116,1009379
2020-05-26 18:46:41,mainnet,10142505,9133116,1009389
2020-05-26 18:49:23,mainnet,10142519,9133496,1009023
2020-05-26 18:51:49,mainnet,10142522,9133496,1009026
2020-05-26 18:55:19,mainnet,10142534,9133714,1008820
2020-05-26 18:56:41,mainnet,10142552,9134043,1008509
2020-05-26 18:59:30,mainnet,10142563,9134043,1008520
2020-05-26 19:01:13,mainnet,10142567,9134257,1008310
2020-05-26 19:02:42,mainnet,10142575,9134523,1008052
2020-05-26 19:04:24,mainnet,10142580,9134627,1007953
2020-05-26 19:05:47,mainnet,10142585,9134720,1007865
2020-05-26 19:13:53,mainnet,10142619,9135059,1007560
2020-05-26 19:16:51,mainnet,10142640,9135061,1007579
2020-05-26 19:18:26,mainnet,10142655,9135186,1007469
2020-05-26 19:20:47,mainnet,10142666,9135537,1007129
2020-05-26 19:22:55,mainnet,10142677,9135922,1006755
2020-05-26 19:25:12,mainnet,10142685,9136074,1006611
2020-05-26 19:26:42,mainnet,10142693,9136314,1006379
2020-05-26 19:28:13,mainnet,10142699,9136580,1006119
2020-05-26 19:29:43,mainnet,10142707,9137014,1005693
2020-05-26 19:32:25,mainnet,10142719,9137494,1005225
2020-05-26 19:35:24,mainnet,10142731,9137786,1004945
2020-05-26 19:36:47,mainnet,10142739,9137907,1004832
2020-05-26 19:38:19,mainnet,10142744,9138054,1004690
2020-05-26 19:41:25,mainnet,10142761,9138054,1004707
2020-05-26 19:44:08,mainnet,10142787,9138054,1004733
2020-05-26 19:47:44,mainnet,10142793,9138054,1004739
2020-05-26 19:49:15,mainnet,10142803,9138373,1004430
2020-05-26 19:51:14,mainnet,10142821,9138797,1004024
2020-05-26 19:53:28,mainnet,10142834,9138889,1003945
2020-05-26 19:56:15,mainnet,10142844,9139083,1003761
2020-05-26 19:57:49,mainnet,10142847,9139396,1003451
2020-05-26 19:59:40,mainnet,10142852,9139507,1003345
2020-05-26 20:04:04,mainnet,10142869,9140506,1002363
2020-05-26 20:06:08,mainnet,10142878,9140827,1002051
2020-05-26 20:10:04,mainnet,10142900,9141197,1001703
2020-05-26 20:12:58,mainnet,10142911,9141449,1001462
2020-05-26 20:14:24,mainnet,10142922,9141895,1001027
2020-05-26 20:16:54,mainnet,10142931,9142182,1000749
2020-05-26 20:18:24,mainnet,10142940,9142482,1000458
2020-05-26 20:21:04,mainnet,10142943,9142509,1000434
2020-05-26 20:22:26,mainnet,10142955,9142943,1000012
2020-05-26 20:26:49,mainnet,10142988,9143116,999872
2020-05-26 20:29:48,mainnet,10142994,9143116,999878
2020-05-26 20:33:21,mainnet,10143014,9143116,999898
2020-05-26 20:35:26,mainnet,10143023,9143116,999907
2020-05-26 20:37:33,mainnet,10143028,9143116,999912
2020-05-26 20:44:57,mainnet,10143062,9144257,998805
2020-05-26 20:47:07,mainnet,10143076,9144257,998819
2020-05-26 20:49:20,mainnet,10143080,9144257,998823
2020-05-26 20:51:57,mainnet,10143088,9144257,998831
2020-05-26 20:54:20,mainnet,10143094,9144257,998837
2020-05-26 20:57:33,mainnet,10143109,9144257,998852
2020-05-26 21:03:03,mainnet,10143142,9144335,998807
2020-05-26 21:09:48,mainnet,10143164,9144462,998702
2020-05-26 21:37:21,mainnet,10143277,9144462,998815
2020-05-26 21:38:43,mainnet,10143287,9144462,998825
2020-05-26 21:40:21,mainnet,10143295,9144462,998833
2020-05-26 21:42:27,mainnet,10143304,9144462,998842
2020-05-26 21:44:13,mainnet,10143313,9144462,998851
2020-05-26 21:45:57,mainnet,10143324,9144462,998862
2020-05-26 21:47:52,mainnet,10143339,9144462,998877
2020-05-26 21:50:28,mainnet,10143344,9144462,998882
2020-05-26 21:53:25,mainnet,10143357,9144462,998895
2020-05-26 21:55:39,mainnet,10143363,9144462,998901
2020-05-26 21:58:00,mainnet,10143377,9144462,998915
2020-05-26 22:00:05,mainnet,10143387,9144462,998925
2020-05-26 22:02:20,mainnet,10143393,9144462,998931
2020-05-26 22:04:56,mainnet,10143402,9144462,998940
2020-05-26 22:06:44,mainnet,10143413,9144462,998951
2020-05-26 22:09:10,mainnet,10143426,9144462,998964
2020-05-26 22:11:47,mainnet,10143437,9144462,998975
2020-05-26 22:14:15,mainnet,10143447,9144462,998985
2020-05-26 22:16:02,mainnet,10143460,9144462,998998
2020-05-26 22:18:03,mainnet,10143466,9144462,999004
2020-05-26 22:19:53,mainnet,10143478,9144462,999016
2020-05-26 22:21:58,mainnet,10143488,9144462,999026
2020-05-26 22:23:56,mainnet,10143494,9144462,999032
2020-05-26 22:27:29,mainnet,10143502,9144462,999040
2020-05-26 22:30:08,mainnet,10143509,9144462,999047
2020-05-26 22:32:24,mainnet,10143519,9144462,999057
2020-05-26 22:34:23,mainnet,10143532,9144462,999070
2020-05-26 22:36:31,mainnet,10143538,9144462,999076
2020-05-26 22:38:16,mainnet,10143547,9144462,999085
2020-05-26 22:42:37,mainnet,10143570,9144462,999108
2020-05-26 22:44:24,mainnet,10143575,9144462,999113
2020-05-26 22:46:52,mainnet,10143589,9144462,999127
2020-05-26 22:48:51,mainnet,10143605,9144462,999143
2020-05-26 22:52:06,mainnet,10143618,9144462,999156
2020-05-26 22:54:26,mainnet,10143633,9144462,999171
2020-05-26 22:59:09,mainnet,10143650,9144462,999188
2020-05-26 23:00:54,mainnet,10143658,9144462,999196
2020-05-26 23:03:00,mainnet,10143666,9144462,999204
2020-05-26 23:05:41,mainnet,10143679,9144462,999217
2020-05-26 23:07:21,mainnet,10143687,9144462,999225
2020-05-26 23:09:54,mainnet,10143695,9144462,999233
2020-05-26 23:11:47,mainnet,10143707,9144462,999245
2020-05-26 23:13:37,mainnet,10143721,9144462,999259
2020-05-26 23:16:08,mainnet,10143728,9144462,999266
2020-05-26 23:18:38,mainnet,10143745,9144462,999283
2020-05-26 23:21:40,mainnet,10143761,9144462,999299
2020-05-26 23:23:31,mainnet,10143771,9144462,999309
2020-05-26 23:25:04,mainnet,10143781,9144462,999319
2020-05-26 23:26:56,mainnet,10143786,9144462,999324
2020-05-26 23:28:31,mainnet,10143795,9144462,999333
2020-05-26 23:30:39,mainnet,10143807,9144462,999345
2020-05-26 23:32:52,mainnet,10143812,9144462,999350
2020-05-26 23:34:51,mainnet,10143819,9144462,999357
2020-05-26 23:37:34,mainnet,10143828,9144462,999366
2020-05-26 23:39:40,mainnet,10143835,9144462,999373
2020-05-26 23:41:56,mainnet,10143843,9144462,999381
2020-05-26 23:43:42,mainnet,10143851,9144462,999389
2020-05-26 23:45:36,mainnet,10143863,9144462,999401
2020-05-26 23:47:27,mainnet,10143867,9144462,999405
2020-05-26 23:49:34,mainnet,10143876,9144462,999414
2020-05-26 23:51:32,mainnet,10143885,9144462,999423
2020-05-26 23:57:10,mainnet,10143914,9144462,999452
2020-05-26 23:59:15,mainnet,10143921,9144462,999459
2020-05-27 00:01:39,mainnet,10143931,9144462,999469
2020-05-27 00:03:52,mainnet,10143940,9144462,999478
2020-05-27 00:05:26,mainnet,10143949,9144462,999487
2020-05-27 00:08:20,mainnet,10143962,9144462,999500
2020-05-27 00:10:36,mainnet,10143969,9144462,999507
2020-05-27 00:12:59,mainnet,10143980,9144462,999518
2020-05-27 00:14:58,mainnet,10143991,9144462,999529
2020-05-27 00:17:06,mainnet,10143999,9144462,999537
2020-05-27 00:18:38,mainnet,10144008,9144462,999546
2020-05-27 00:20:43,mainnet,10144018,9144462,999556
2020-05-27 00:23:31,mainnet,10144027,9144462,999565
2020-05-27 00:25:45,mainnet,10144037,9144462,999575
2020-05-27 00:28:04,mainnet,10144043,9144462,999581
2020-05-27 00:30:24,mainnet,10144061,9144462,999599
2020-05-27 00:32:18,mainnet,10144071,9144462,999609
2020-05-27 00:34:30,mainnet,10144079,9144462,999617
2020-05-27 00:36:17,mainnet,10144087,9144462,999625
2020-05-27 00:37:51,mainnet,10144092,9144462,999630
2020-05-27 00:39:29,mainnet,10144094,9144462,999632
2020-05-27 00:41:04,mainnet,10144106,9144462,999644
2020-05-27 00:42:39,mainnet,10144111,9144462,999649
2020-05-27 00:44:19,mainnet,10144122,9144462,999660
2020-05-27 00:45:56,mainnet,10144131,9144462,999669
2020-05-27 00:47:36,mainnet,10144135,9144462,999673
2020-05-27 00:49:22,mainnet,10144140,9144462,999678
2020-05-27 00:51:17,mainnet,10144150,9144462,999688
2020-05-27 00:53:02,mainnet,10144158,9144462,999696
2020-05-27 00:54:40,mainnet,10144167,9144462,999705
2020-05-27 00:56:11,mainnet,10144176,9144462,999714
2020-05-27 00:57:46,mainnet,10144180,9144462,999718
2020-05-27 00:59:21,mainnet,10144192,9144462,999730
2020-05-27 01:00:56,mainnet,10144199,9144462,999737
2020-05-27 01:02:33,mainnet,10144209,9144462,999747
2020-05-27 01:03:57,mainnet,10144214,9144462,999752
2020-05-27 01:06:17,mainnet,10144219,9144462,999757
2020-05-27 01:08:02,mainnet,10144226,9144462,999764
2020-05-27 01:10:46,mainnet,10144235,9144462,999773
2020-05-27 01:12:28,mainnet,10144245,9144462,999783
2020-05-27 01:14:39,mainnet,10144256,9144462,999794
2020-05-27 01:16:33,mainnet,10144262,9144462,999800
2020-05-27 01:18:17,mainnet,10144266,9144462,999804
2020-05-27 01:20:12,mainnet,10144274,9144462,999812
2020-05-27 01:22:06,mainnet,10144286,9144462,999824
2020-05-27 01:25:00,mainnet,10144301,9144462,999839
2020-05-27 01:26:53,mainnet,10144314,9144462,999852
2020-05-27 01:30:16,mainnet,10144330,9144462,999868
2020-05-27 01:32:16,mainnet,10144336,9144462,999874
2020-05-27 01:33:38,mainnet,10144341,9144462,999879
2020-05-27 01:35:01,mainnet,10144349,9144462,999887
2020-05-27 01:36:23,mainnet,10144359,9144462,999897
2020-05-27 01:37:48,mainnet,10144364,9144462,999902
2020-05-27 01:39:11,mainnet,10144371,9144462,999909
2020-05-27 01:40:35,mainnet,10144381,9144462,999919
2020-05-27 01:41:59,mainnet,10144388,9144462,999926
2020-05-27 01:43:29,mainnet,10144393,9144462,999931
2020-05-27 01:44:53,mainnet,10144398,9144462,999936
2020-05-27 01:46:17,mainnet,10144402,9144462,999940
2020-05-27 01:47:39,mainnet,10144408,9144462,999946
2020-05-27 01:49:20,mainnet,10144420,9144462,999958
2020-05-27 01:50:44,mainnet,10144427,9144462,999965
2020-05-27 01:52:07,mainnet,10144434,9144462,999972
2020-05-27 01:53:33,mainnet,10144444,9144462,999982
2020-05-27 01:54:57,mainnet,10144451,9144462,999989
2020-05-27 01:56:21,mainnet,10144457,9144462,999995
2020-05-27 01:57:45,mainnet,10144464,9144462,1000002
2020-05-27 01:59:07,mainnet,10144474,9144462,1000012
2020-05-27 02:00:31,mainnet,10144486,9144462,1000024
2020-05-27 02:01:54,mainnet,10144493,9910000,234493
2020-05-27 02:03:20,mainnet,10144500,9910000,234500
2020-05-27 02:04:43,mainnet,10144511,9910000,234511
2020-05-27 02:06:18,mainnet,10144519,9910000,234519
2020-05-27 02:07:52,mainnet,10144529,9910000,234529
2020-05-27 02:09:16,mainnet,10144534,9910000,234534
2020-05-27 02:10:51,mainnet,10144539,9910000,234539
2020-05-27 02:12:36,mainnet,10144545,9910000,234545
2020-05-27 02:14:09,mainnet,10144553,9910000,234553
2020-05-27 02:15:31,mainnet,10144556,9910000,234556
2020-05-27 02:16:53,mainnet,10144561,9910000,234561
2020-05-27 02:18:37,mainnet,10144573,9910000,234573
2020-05-27 02:20:06,mainnet,10144580,9910000,234580
2020-05-27 02:21:44,mainnet,10144588,9910000,234588
2020-05-27 02:23:19,mainnet,10144594,9910000,234594
2020-05-27 02:24:47,mainnet,10144598,9910000,234598
2020-05-27 02:26:09,mainnet,10144601,9910000,234601
2020-05-27 02:29:12,mainnet,10144613,9910000,234613
2020-05-27 02:30:46,mainnet,10144622,9910000,234622
2020-05-27 02:32:08,mainnet,10144630,9910000,234630
2020-05-27 02:33:30,mainnet,10144634,9910000,234634
2020-05-27 02:34:57,mainnet,10144637,9910000,234637
2020-05-27 02:36:23,mainnet,10144645,9910000,234645
2020-05-27 02:37:46,mainnet,10144650,9910000,234650
2020-05-27 02:39:08,mainnet,10144658,9910000,234658
2020-05-27 02:40:32,mainnet,10144665,9910000,234665
2020-05-27 02:41:54,mainnet,10144670,9910000,234670
2020-05-27 02:43:17,mainnet,10144676,9910000,234676
2020-05-27 02:44:39,mainnet,10144679,9910000,234679
2020-05-27 02:46:03,mainnet,10144683,9910000,234683
2020-05-27 02:47:26,mainnet,10144688,9910000,234688
2020-05-27 02:48:48,mainnet,10144693,9910000,234693
2020-05-27 02:50:10,mainnet,10144698,9910000,234698
2020-05-27 02:51:34,mainnet,10144704,9910000,234704
2020-05-27 02:53:01,mainnet,10144709,9910000,234709
2020-05-27 02:54:23,mainnet,10144716,9910000,234716
2020-05-27 02:55:45,mainnet,10144720,9910000,234720
2020-05-27 02:57:07,mainnet,10144724,9910000,234724
2020-05-27 02:58:30,mainnet,10144730,9910000,234730
2020-05-27 02:59:52,mainnet,10144734,9910000,234734
2020-05-27 03:01:14,mainnet,10144739,9910000,234739
2020-05-27 03:02:37,mainnet,10144747,9910000,234747
2020-05-27 03:03:59,mainnet,10144758,9910000,234758
2020-05-27 03:05:26,mainnet,10144766,9910000,234766
2020-05-27 03:06:49,mainnet,10144771,9910000,234771
2020-05-27 03:08:13,mainnet,10144774,9910000,234774
2020-05-27 03:10:14,mainnet,10144784,9910000,234784
2020-05-27 03:11:40,mainnet,10144794,9910000,234794
2020-05-27 03:13:51,mainnet,10144806,9910000,234806
2020-05-27 03:15:32,mainnet,10144814,9910000,234814
2020-05-27 03:16:59,mainnet,10144825,9910000,234825
2020-05-27 03:18:35,mainnet,10144832,9910000,234832
2020-05-27 03:20:06,mainnet,10144836,9910000,234836
2020-05-27 03:21:29,mainnet,10144836,9910000,234836
2020-05-27 03:23:01,mainnet,10144849,9910000,234849
2020-05-27 03:24:42,mainnet,10144858,9910000,234858
2020-05-27 03:26:06,mainnet,10144864,9910000,234864
2020-05-27 03:27:40,mainnet,10144871,9910000,234871
2020-05-27 03:29:08,mainnet,10144877,9910000,234877
2020-05-27 03:30:42,mainnet,10144889,9910000,234889
2020-05-27 03:32:14,mainnet,10144895,9910000,234895
2020-05-27 03:33:46,mainnet,10144905,9910000,234905
2020-05-27 03:35:26,mainnet,10144911,9910000,234911
2020-05-27 03:36:50,mainnet,10144918,9910000,234918
2020-05-27 03:38:27,mainnet,10144922,9910000,234922
2020-05-27 03:40:10,mainnet,10144933,9910000,234933
2020-05-27 03:41:34,mainnet,10144940,9910000,234940
2020-05-27 03:43:01,mainnet,10144945,9910000,234945
2020-05-27 03:44:28,mainnet,10144948,9910000,234948
2020-05-27 03:45:50,mainnet,10144957,9910000,234957
2020-05-27 03:47:19,mainnet,10144960,9910000,234960
2020-05-27 03:48:42,mainnet,10144968,9910000,234968
2020-05-27 03:50:12,mainnet,10144974,9910000,234974
2020-05-27 03:51:36,mainnet,10144980,9910000,234980
2020-05-27 03:53:10,mainnet,10144986,9910000,234986
2020-05-27 03:54:58,mainnet,10144992,9910000,234992
2020-05-27 03:56:37,mainnet,10145002,9910000,235002
2020-05-27 03:58:02,mainnet,10145006,9910000,235006
2020-05-27 03:59:32,mainnet,10145017,9910000,235017
2020-05-27 04:01:08,mainnet,10145023,9910000,235023
2020-05-27 04:02:42,mainnet,10145026,9910000,235026
2020-05-27 04:04:25,mainnet,10145032,9910000,235032
2020-05-27 04:06:10,mainnet,10145040,9910000,235040
2020-05-27 04:07:36,mainnet,10145044,9910000,235044
2020-05-27 04:09:35,mainnet,10145052,9910000,235052
2020-05-27 04:10:59,mainnet,10145057,9910000,235057
2020-05-27 04:12:31,mainnet,10145064,9910000,235064
2020-05-27 04:13:59,mainnet,10145069,9910000,235069
2020-05-27 04:15:36,mainnet,10145078,9910000,235078
2020-05-27 04:17:03,mainnet,10145091,9910000,235091
2020-05-27 04:18:38,mainnet,10145100,9910000,235100
2020-05-27 04:20:03,mainnet,10145104,9910000,235104
2020-05-27 04:21:25,mainnet,10145115,9910000,235115
2020-05-27 04:22:48,mainnet,10145123,9910000,235123
2020-05-27 04:24:12,mainnet,10145130,9910000,235130
2020-05-27 04:25:35,mainnet,10145140,9910000,235140
2020-05-27 04:26:59,mainnet,10145144,9910000,235144
2020-05-27 04:28:23,mainnet,10145147,9910000,235147
2020-05-27 04:29:56,mainnet,10145155,9910000,235155
2020-05-27 04:31:31,mainnet,10145164,9910000,235164
2020-05-27 04:33:02,mainnet,10145171,9910000,235171
2020-05-27 04:34:33,mainnet,10145177,9910000,235177
2020-05-27 04:36:03,mainnet,10145188,9910000,235188
2020-05-27 04:37:27,mainnet,10145197,9910000,235197
2020-05-27 04:38:55,mainnet,10145204,9910000,235204
2020-05-27 04:40:25,mainnet,10145208,9910000,235208
2020-05-27 04:41:51,mainnet,10145212,9910000,235212
2020-05-27 04:43:15,mainnet,10145217,9910000,235217
2020-05-27 04:44:52,mainnet,10145221,9910000,235221
2020-05-27 04:46:16,mainnet,10145231,9910000,235231
2020-05-27 04:47:40,mainnet,10145236,9910000,235236
2020-05-27 04:49:03,mainnet,10145246,9910000,235246
2020-05-27 04:50:31,mainnet,10145253,9910000,235253
2020-05-27 04:52:04,mainnet,10145254,9910000,235254
2020-05-27 04:53:36,mainnet,10145264,9910000,235264
2020-05-27 04:55:11,mainnet,10145273,9910000,235273
2020-05-27 04:56:36,mainnet,10145278,9910000,235278
2020-05-27 04:58:03,mainnet,10145283,9910000,235283
2020-05-27 04:59:36,mainnet,10145287,9910000,235287
2020-05-27 05:01:00,mainnet,10145290,9910000,235290
2020-05-27 05:02:35,mainnet,10145295,9910000,235295
2020-05-27 05:03:57,mainnet,10145300,9910000,235300
2020-05-27 05:05:19,mainnet,10145304,9910000,235304
2020-05-27 05:06:45,mainnet,10145310,9910000,235310
2020-05-27 05:08:07,mainnet,10145317,9910000,235317
2020-05-27 05:09:31,mainnet,10145319,9910000,235319
2020-05-27 05:11:10,mainnet,10145328,9910000,235328
2020-05-27 05:12:34,mainnet,10145330,9910000,235330
2020-05-27 05:14:03,mainnet,10145336,9910000,235336
2020-05-27 05:15:35,mainnet,10145345,9910000,235345
2020-05-27 05:17:21,mainnet,10145354,9910000,235354
2020-05-27 05:18:51,mainnet,10145358,9910000,235358
2020-05-27 05:20:15,mainnet,10145364,9910000,235364
2020-05-27 05:21:38,mainnet,10145372,9910000,235372
2020-05-27 05:23:07,mainnet,10145378,9910000,235378
2020-05-27 05:24:29,mainnet,10145383,9910000,235383
2020-05-27 05:25:58,mainnet,10145391,9910000,235391
2020-05-27 05:27:33,mainnet,10145395,9910000,235395
2020-05-27 05:29:03,mainnet,10145398,9910000,235398
2020-05-27 05:30:25,mainnet,10145405,9910000,235405
2020-05-27 05:31:47,mainnet,10145413,9910000,235413
2020-05-27 05:33:26,mainnet,10145418,9910000,235418
2020-05-27 05:34:50,mainnet,10145429,9910000,235429
2020-05-27 05:36:21,mainnet,10145437,9910000,235437
2020-05-27 05:37:43,mainnet,10145445,9910000,235445
2020-05-27 05:39:07,mainnet,10145452,9910000,235452
2020-05-27 05:40:32,mainnet,10145457,9910000,235457
2020-05-27 05:42:00,mainnet,10145461,9910000,235461
2020-05-27 05:43:25,mainnet,10145470,9910000,235470
2020-05-27 05:45:01,mainnet,10145475,9910000,235475
2020-05-27 05:46:23,mainnet,10145478,9910000,235478
2020-05-27 05:47:48,mainnet,10145485,9910000,235485
2020-05-27 05:49:15,mainnet,10145489,9910000,235489
2020-05-27 05:50:56,mainnet,10145494,9910000,235494
2020-05-27 05:52:37,mainnet,10145500,9910000,235500
2020-05-27 05:54:03,mainnet,10145507,9910000,235507
2020-05-27 05:55:30,mainnet,10145511,9910000,235511
2020-05-27 05:56:53,mainnet,10145517,9910000,235517
2020-05-27 05:58:22,mainnet,10145522,9910000,235522
2020-05-27 05:59:53,mainnet,10145530,9910000,235530
2020-05-27 06:01:27,mainnet,10145537,9910000,235537
2020-05-27 06:02:54,mainnet,10145543,9910000,235543
2020-05-27 06:04:30,mainnet,10145549,9910000,235549
2020-05-27 06:06:10,mainnet,10145555,9910000,235555
2020-05-27 06:07:44,mainnet,10145562,9910000,235562
2020-05-27 06:09:19,mainnet,10145566,9910000,235566
2020-05-27 06:10:51,mainnet,10145573,9910000,235573
2020-05-27 06:12:18,mainnet,10145581,9910000,235581
2020-05-27 06:13:41,mainnet,10145584,9910000,235584
2020-05-27 06:15:12,mainnet,10145593,9910000,235593
2020-05-27 06:16:36,mainnet,10145599,9910000,235599
2020-05-27 06:18:44,mainnet,10145608,9910000,235608
2020-05-27 06:20:20,mainnet,10145615,9910000,235615
2020-05-27 06:22:04,mainnet,10145623,9910000,235623
2020-05-27 06:23:43,mainnet,10145630,9910000,235630
2020-05-27 06:25:15,mainnet,10145634,9910000,235634
2020-05-27 06:26:40,mainnet,10145647,9910000,235647
2020-05-27 06:29:07,mainnet,10145652,9910000,235652
2020-05-27 06:31:04,mainnet,10145663,9910000,235663
2020-05-27 06:32:56,mainnet,10145666,9910000,235666
2020-05-27 06:34:28,mainnet,10145671,9910000,235671
2020-05-27 06:35:56,mainnet,10145680,9910000,235680
2020-05-27 06:37:28,mainnet,10145686,9910000,235686
2020-05-27 06:39:18,mainnet,10145699,9910000,235699
2020-05-27 06:40:42,mainnet,10145704,9910000,235704
2020-05-27 06:42:30,mainnet,10145709,9910000,235709
2020-05-27 06:44:01,mainnet,10145715,9910000,235715
2020-05-27 06:45:28,mainnet,10145720,9910000,235720
2020-05-27 06:46:57,mainnet,10145727,9910000,235727
2020-05-27 06:48:21,mainnet,10145735,9910000,235735
2020-05-27 06:49:56,mainnet,10145738,9910000,235738
2020-05-27 06:51:29,mainnet,10145745,9910000,235745
2020-05-27 06:53:01,mainnet,10145748,9910000,235748
2020-05-27 06:54:36,mainnet,10145759,9910000,235759
2020-05-27 06:56:01,mainnet,10145769,9910000,235769
2020-05-27 06:57:54,mainnet,10145779,9910000,235779
2020-05-27 06:59:19,mainnet,10145785,9910000,235785
2020-05-27 07:01:04,mainnet,10145793,9910000,235793
2020-05-27 07:02:27,mainnet,10145802,9910000,235802
2020-05-27 07:03:49,mainnet,10145806,9910000,235806
2020-05-27 07:05:11,mainnet,10145815,9910000,235815
2020-05-27 07:06:34,mainnet,10145824,9910000,235824
2020-05-27 07:07:57,mainnet,10145832,9910000,235832
2020-05-27 07:09:21,mainnet,10145837,9910000,235837
2020-05-27 07:10:43,mainnet,10145845,9910000,235845
2020-05-27 07:12:05,mainnet,10145848,9910000,235848
2020-05-27 07:13:29,mainnet,10145857,9910000,235857
2020-05-27 07:14:51,mainnet,10145863,9910000,235863
2020-05-27 07:16:13,mainnet,10145869,9910000,235869
2020-05-27 07:17:36,mainnet,10145873,9910000,235873
2020-05-27 07:19:05,mainnet,10145883,9910000,235883
2020-05-27 07:20:44,mainnet,10145887,9910000,235887
2020-05-27 07:22:14,mainnet,10145896,9910000,235896
2020-05-27 07:23:42,mainnet,10145900,9910000,235900
2020-05-27 07:25:12,mainnet,10145907,9910000,235907
2020-05-27 07:26:38,mainnet,10145916,9910000,235916
2020-05-27 07:28:16,mainnet,10145925,9910000,235925
2020-05-27 07:30:01,mainnet,10145936,9910000,235936
2020-05-27 07:31:24,mainnet,10145944,9910000,235944
2020-05-27 07:32:49,mainnet,10145947,9910000,235947
2020-05-27 07:34:17,mainnet,10145954,9910000,235954
2020-05-27 07:35:50,mainnet,10145963,9910000,235963
2020-05-27 07:37:34,mainnet,10145971,9910000,235971
2020-05-27 07:39:10,mainnet,10145978,9910000,235978
2020-05-27 07:40:47,mainnet,10145986,9910000,235986
2020-05-27 07:42:26,mainnet,10145993,9910000,235993
2020-05-27 07:43:57,mainnet,10146000,9910000,236000
2020-05-27 07:45:27,mainnet,10146004,9910000,236004
2020-05-27 07:46:52,mainnet,10146007,9910000,236007
2020-05-27 07:48:15,mainnet,10146013,9910000,236013
2020-05-27 07:49:45,mainnet,10146018,9910000,236018
2020-05-27 07:51:28,mainnet,10146035,9910000,236035
2020-05-27 07:53:06,mainnet,10146040,9910000,236040
2020-05-27 07:54:44,mainnet,10146043,9910000,236043
2020-05-27 07:56:08,mainnet,10146050,9910000,236050
2020-05-27 07:57:31,mainnet,10146054,9910000,236054
2020-05-27 07:59:04,mainnet,10146068,9910000,236068
2020-05-27 08:01:22,mainnet,10146083,9910000,236083
2020-05-27 08:02:55,mainnet,10146094,9910000,236094
2020-05-27 08:04:42,mainnet,10146104,9910000,236104
2020-05-27 08:06:43,mainnet,10146111,9910000,236111
2020-05-27 08:08:15,mainnet,10146119,9910000,236119
2020-05-27 08:09:42,mainnet,10146124,9910000,236124
2020-05-27 08:11:20,mainnet,10146130,9910000,236130
2020-05-27 08:12:44,mainnet,10146140,9910000,236140
2020-05-27 08:14:16,mainnet,10146149,9910000,236149
2020-05-27 08:15:53,mainnet,10146157,9910000,236157
2020-05-27 08:17:34,mainnet,10146163,9910000,236163
2020-05-27 08:19:31,mainnet,10146179,9910000,236179
2020-05-27 08:21:23,mainnet,10146191,9910000,236191
2020-05-27 08:23:14,mainnet,10146201,9910000,236201
2020-05-27 08:25:09,mainnet,10146205,9910000,236205
2020-05-27 08:26:56,mainnet,10146220,9910000,236220
2020-05-27 08:29:54,mainnet,10146226,9910000,236226
2020-05-27 08:31:36,mainnet,10146234,9910000,236234
2020-05-27 08:33:43,mainnet,10146244,9910000,236244
2020-05-27 08:35:15,mainnet,10146249,9910000,236249
2020-05-27 08:37:05,mainnet,10146256,9910000,236256
2020-05-27 08:38:43,mainnet,10146263,9910000,236263
2020-05-27 08:40:26,mainnet,10146273,9910000,236273
2020-05-27 08:41:56,mainnet,10146283,9910000,236283
2020-05-27 08:43:33,mainnet,10146295,9910000,236295
2020-05-27 08:45:24,mainnet,10146299,9910000,236299
2020-05-27 08:47:07,mainnet,10146311,9910000,236311
2020-05-27 08:48:54,mainnet,10146318,9910000,236318
2020-05-27 08:50:37,mainnet,10146329,9910000,236329
2020-05-27 08:52:25,mainnet,10146334,9910000,236334
2020-05-27 08:54:11,mainnet,10146338,9910000,236338
2020-05-27 08:55:57,mainnet,10146342,9910000,236342
2020-05-27 08:57:42,mainnet,10146350,9910000,236350
2020-05-27 08:59:05,mainnet,10146356,9910000,236356
2020-05-27 09:00:49,mainnet,10146361,9910000,236361
2020-05-27 09:02:17,mainnet,10146369,9910000,236369
2020-05-27 09:03:43,mainnet,10146373,9910000,236373
2020-05-27 09:05:05,mainnet,10146378,9910000,236378
2020-05-27 09:06:27,mainnet,10146382,9910000,236382
2020-05-27 09:08:11,mainnet,10146390,9910000,236390
2020-05-27 09:09:47,mainnet,10146396,9910000,236396
2020-05-27 09:11:14,mainnet,10146399,9910000,236399
2020-05-27 09:12:53,mainnet,10146406,9910000,236406
2020-05-27 09:14:23,mainnet,10146412,9910000,236412
2020-05-27 09:15:48,mainnet,10146419,9910000,236419
2020-05-27 09:17:29,mainnet,10146426,9910000,236426
2020-05-27 09:19:11,mainnet,10146436,9910000,236436
2020-05-27 09:20:37,mainnet,10146443,9910000,236443
2020-05-27 09:22:20,mainnet,10146445,9910000,236445
2020-05-27 09:23:43,mainnet,10146454,9910000,236454
2020-05-27 09:25:10,mainnet,10146458,9910000,236458
2020-05-27 09:26:42,mainnet,10146459,9910000,236459
2020-05-27 09:28:06,mainnet,10146470,9910000,236470
2020-05-27 09:29:35,mainnet,10146478,9910000,236478
2020-05-27 09:30:58,mainnet,10146483,9910000,236483
2020-05-27 09:32:21,mainnet,10146495,9910000,236495
2020-05-27 09:33:55,mainnet,10146501,9910000,236501
2020-05-27 09:35:21,mainnet,10146508,9910000,236508
2020-05-27 09:36:43,mainnet,10146517,9910000,236517
2020-05-27 09:38:29,mainnet,10146529,9910000,236529
2020-05-27 09:41:26,mainnet,10146543,9910000,236543
2020-05-27 09:43:32,mainnet,10146551,9910000,236551
2020-05-27 09:45:56,mainnet,10146560,9910000,236560
2020-05-27 09:47:55,mainnet,10146570,9910000,236570
2020-05-27 09:50:27,mainnet,10146580,9910000,236580
2020-05-27 09:53:09,mainnet,10146588,9910000,236588
2020-05-27 09:56:15,mainnet,10146601,9910000,236601
2020-05-27 10:01:33,mainnet,10146622,9910000,236622
2020-05-27 10:03:59,mainnet,10146630,9910000,236630
2020-05-27 10:06:15,mainnet,10146634,9910000,236634
2020-05-27 10:08:29,mainnet,10146638,9910000,236638
2020-05-27 10:10:34,mainnet,10146643,9910000,236643
2020-05-27 10:12:53,mainnet,10146652,9910000,236652
2020-05-27 10:14:58,mainnet,10146661,9910000,236661
2020-05-27 10:17:20,mainnet,10146682,9910000,236682
2020-05-27 10:19:41,mainnet,10146691,9910000,236691
2020-05-27 10:23:00,mainnet,10146700,9910000,236700
2020-05-27 10:25:06,mainnet,10146710,9910000,236710
2020-05-27 10:27:16,mainnet,10146715,9910000,236715
2020-05-27 10:30:52,mainnet,10146729,9910000,236729
2020-05-27 10:32:58,mainnet,10146736,9910000,236736
2020-05-27 10:34:49,mainnet,10146746,9910000,236746
2020-05-27 10:36:31,mainnet,10146754,9910000,236754
2020-05-27 10:37:57,mainnet,10146758,9910000,236758
2020-05-27 10:39:42,mainnet,10146767,9910000,236767
2020-05-27 10:41:36,mainnet,10146770,9910000,236770
2020-05-27 10:43:04,mainnet,10146778,9910000,236778
2020-05-27 10:44:50,mainnet,10146786,9910000,236786
2020-05-27 10:46:28,mainnet,10146790,9910000,236790
2020-05-27 10:48:03,mainnet,10146795,9910000,236795
2020-05-27 10:49:42,mainnet,10146803,9910000,236803
2020-05-27 10:51:42,mainnet,10146812,9910000,236812
2020-05-27 10:53:05,mainnet,10146817,9910000,236817
2020-05-27 10:54:33,mainnet,10146828,9910000,236828
2020-05-27 10:56:08,mainnet,10146832,9910000,236832
2020-05-27 10:57:35,mainnet,10146841,9910000,236841
2020-05-27 10:59:15,mainnet,10146850,9910000,236850
2020-05-27 11:00:40,mainnet,10146858,9910000,236858
2020-05-27 11:02:08,mainnet,10146864,9910000,236864
2020-05-27 11:03:49,mainnet,10146874,9910000,236874
2020-05-27 11:05:27,mainnet,10146878,9910000,236878
2020-05-27 11:07:09,mainnet,10146886,9910000,236886
2020-05-27 11:08:35,mainnet,10146894,9910000,236894
2020-05-27 11:10:11,mainnet,10146904,9910000,236904
2020-05-27 11:11:53,mainnet,10146910,9910000,236910
2020-05-27 11:13:33,mainnet,10146916,9910000,236916
2020-05-27 11:15:41,mainnet,10146926,9910000,236926
2020-05-27 11:17:45,mainnet,10146941,9910000,236941
2020-05-27 11:19:57,mainnet,10146945,9910000,236945
2020-05-27 11:21:52,mainnet,10146954,9910000,236954
2020-05-27 11:23:53,mainnet,10146964,9910000,236964
2020-05-27 11:25:35,mainnet,10146970,9910000,236970
2020-05-27 11:27:14,mainnet,10146983,9910000,236983
2020-05-27 11:29:09,mainnet,10146991,9910000,236991
2020-05-27 11:30:52,mainnet,10146999,9910000,236999
2020-05-27 11:33:05,mainnet,10147011,9910000,237011
2020-05-27 11:34:50,mainnet,10147021,9910000,237021
2020-05-27 11:36:45,mainnet,10147029,9910000,237029
2020-05-27 11:38:36,mainnet,10147036,9910000,237036
2020-05-27 11:40:09,mainnet,10147047,9910000,237047
2020-05-27 11:41:34,mainnet,10147054,9910000,237054
2020-05-27 11:44:03,mainnet,10147068,9910000,237068
2020-05-27 11:47:39,mainnet,10147083,9910000,237083
2020-05-27 11:49:31,mainnet,10147091,9910000,237091
2020-05-27 11:51:36,mainnet,10147101,9910000,237101
2020-05-27 11:52:58,mainnet,10147109,9910000,237109
2020-05-27 11:54:36,mainnet,10147119,9910000,237119
2020-05-27 11:56:41,mainnet,10147128,9910000,237128
2020-05-27 11:58:30,mainnet,10147139,9910000,237139
2020-05-27 12:00:48,mainnet,10147144,9910000,237144
2020-05-27 12:02:27,mainnet,10147153,9910000,237153
2020-05-27 12:04:09,mainnet,10147159,9910000,237159
2020-05-27 12:06:03,mainnet,10147165,9910000,237165
2020-05-27 12:07:30,mainnet,10147173,9910000,237173
2020-05-27 12:08:56,mainnet,10147179,9910000,237179
2020-05-27 12:10:23,mainnet,10147186,9910000,237186
2020-05-27 12:11:55,mainnet,10147194,9910000,237194
2020-05-27 12:13:27,mainnet,10147199,9910000,237199
2020-05-27 12:14:52,mainnet,10147203,9910000,237203
2020-05-27 12:16:27,mainnet,10147209,9910000,237209
2020-05-27 12:17:58,mainnet,10147213,9910000,237213
2020-05-27 12:19:34,mainnet,10147217,9910000,237217
2020-05-27 12:21:21,mainnet,10147225,9910000,237225
2020-05-27 12:22:52,mainnet,10147229,9910000,237229
2020-05-27 12:24:18,mainnet,10147240,9910000,237240
2020-05-27 12:26:02,mainnet,10147242,9910000,237242
2020-05-27 12:27:40,mainnet,10147251,9910000,237251
2020-05-27 12:29:07,mainnet,10147259,9910000,237259
2020-05-27 12:30:31,mainnet,10147264,9910000,237264
2020-05-27 12:31:56,mainnet,10147270,9910000,237270
2020-05-27 12:33:34,mainnet,10147282,9910000,237282
2020-05-27 12:34:59,mainnet,10147287,9910000,237287
2020-05-27 12:36:26,mainnet,10147290,9910000,237290
2020-05-27 12:38:06,mainnet,10147295,9910000,237295
2020-05-27 12:39:30,mainnet,10147302,9910000,237302
2020-05-27 12:41:10,mainnet,10147309,9910000,237309
2020-05-27 12:42:54,mainnet,10147324,9910000,237324
2020-05-27 12:45:22,mainnet,10147329,9910000,237329
2020-05-27 12:47:06,mainnet,10147333,9910000,237333
2020-05-27 12:49:00,mainnet,10147342,9910000,237342
2020-05-27 12:50:26,mainnet,10147350,9910000,237350
2020-05-27 12:52:18,mainnet,10147354,9910000,237354
2020-05-27 12:54:23,mainnet,10147366,9910000,237366
2020-05-27 12:56:57,mainnet,10147384,9910000,237384
2020-05-27 12:58:43,mainnet,10147391,9910000,237391
2020-05-27 13:00:38,mainnet,10147397,9910000,237397
2020-05-27 13:02:59,mainnet,10147405,9910000,237405
2020-05-27 13:04:36,mainnet,10147416,9910000,237416
2020-05-27 13:06:15,mainnet,10147426,9910000,237426
2020-05-27 13:07:59,mainnet,10147436,9910000,237436
2020-05-27 13:09:39,mainnet,10147442,9910000,237442
2020-05-27 13:11:23,mainnet,10147450,9910000,237450
2020-05-27 13:13:29,mainnet,10147459,9910000,237459
2020-05-27 13:15:31,mainnet,10147472,9910000,237472
2020-05-27 13:17:23,mainnet,10147482,9910000,237482
2020-05-27 13:19:11,mainnet,10147490,9910000,237490
2020-05-27 13:21:45,mainnet,10147508,9910000,237508
2020-05-27 13:24:16,mainnet,10147526,9910000,237526
2020-05-27 13:26:47,mainnet,10147533,9910000,237533
2020-05-27 13:29:16,mainnet,10147538,9910000,237538
2020-05-27 13:30:55,mainnet,10147550,9910000,237550
2020-05-27 13:33:31,mainnet,10147556,9910000,237556
2020-05-27 13:35:06,mainnet,10147564,9910000,237564
2020-05-27 13:36:32,mainnet,10147570,9910000,237570
2020-05-27 13:37:58,mainnet,10147579,9910000,237579
2020-05-27 13:39:25,mainnet,10147592,9910000,237592
2020-05-27 13:42:31,mainnet,10147598,9910000,237598
2020-05-27 13:44:14,mainnet,10147606,9910000,237606
2020-05-27 13:46:13,mainnet,10147615,9910000,237615
2020-05-27 13:48:17,mainnet,10147624,9910000,237624
2020-05-27 13:50:31,mainnet,10147634,9910000,237634
2020-05-27 13:52:19,mainnet,10147639,9910000,237639
2020-05-27 13:53:56,mainnet,10147648,9910000,237648
2020-05-27 13:55:25,mainnet,10147657,9910000,237657
2020-05-27 13:57:09,mainnet,10147661,9910000,237661
2020-05-27 13:58:48,mainnet,10147666,9910000,237666
2020-05-27 14:00:30,mainnet,10147674,9910000,237674
2020-05-27 14:02:11,mainnet,10147679,9910000,237679
2020-05-27 14:04:03,mainnet,10147687,9910000,237687
2020-05-27 14:05:39,mainnet,10147695,9910000,237695
2020-05-27 14:07:15,mainnet,10147703,9910000,237703
2020-05-27 14:09:05,mainnet,10147713,9910000,237713
2020-05-27 14:10:46,mainnet,10147724,9910000,237724
2020-05-27 14:12:19,mainnet,10147732,9910000,237732
2020-05-27 14:13:47,mainnet,10147745,9910000,237745
2020-05-27 14:15:19,mainnet,10147750,9910000,237750
2020-05-27 14:16:54,mainnet,10147755,9910000,237755
2020-05-27 14:18:39,mainnet,10147767,9910000,237767
2020-05-27 14:20:03,mainnet,10147774,9910000,237774
2020-05-27 14:21:27,mainnet,10147790,9910000,237790
2020-05-27 14:22:54,mainnet,10147797,9910000,237797
2020-05-27 14:24:28,mainnet,10147805,9910000,237805
2020-05-27 14:26:14,mainnet,10147809,9910000,237809
2020-05-27 14:27:39,mainnet,10147818,9910000,237818
2020-05-27 14:29:02,mainnet,10147823,9910000,237823
2020-05-27 14:30:25,mainnet,10147829,9910000,237829
2020-05-27 14:31:48,mainnet,10147830,9910000,237830
2020-05-27 14:33:10,mainnet,10147839,9910000,237839
2020-05-27 14:34:36,mainnet,10147850,9910000,237850
2020-05-27 14:36:00,mainnet,10147854,9910000,237854
2020-05-27 14:37:23,mainnet,10147860,9910000,237860
2020-05-27 14:38:45,mainnet,10147867,9910000,237867
2020-05-27 14:40:16,mainnet,10147874,9910000,237874
2020-05-27 14:41:48,mainnet,10147879,9910000,237879
2020-05-27 14:43:10,mainnet,10147882,10020000,127882
2020-05-27 14:45:19,mainnet,10147887,10020000,127887
2020-05-27 14:50:30,mainnet,10147915,10020000,127915
2020-05-27 14:53:22,mainnet,10147923,10020000,127923
2020-05-27 14:55:38,mainnet,10147940,10020000,127940
2020-05-27 14:58:12,mainnet,10147949,10020000,127949
2020-05-27 15:00:00,mainnet,10147956,10020000,127956
2020-05-27 15:02:10,mainnet,10147968,10020000,127968
2020-05-27 15:04:10,mainnet,10147977,10020000,127977
2020-05-27 15:05:49,mainnet,10147983,10020000,127983
2020-05-27 15:08:17,mainnet,10147995,10020000,127995
2020-05-27 15:10:01,mainnet,10148003,10020000,128003
2020-05-27 15:11:51,mainnet,10148010,10020000,128010
2020-05-27 15:13:38,mainnet,10148015,10020000,128015
2020-05-27 15:15:27,mainnet,10148022,10020000,128022
2020-05-27 15:17:14,mainnet,10148027,10020000,128027
2020-05-27 15:18:59,mainnet,10148037,10020000,128037
2020-05-27 15:20:48,mainnet,10148044,10020000,128044
2020-05-27 15:22:31,mainnet,10148049,10020000,128049
2020-05-27 15:24:29,mainnet,10148066,10020000,128066
2020-05-27 15:26:22,mainnet,10148072,10020000,128072
2020-05-27 15:28:11,mainnet,10148079,10020000,128079
2020-05-27 15:30:05,mainnet,10148086,10020000,128086
2020-05-27 15:32:11,mainnet,10148102,10020000,128102
2020-05-27 15:34:21,mainnet,10148108,10020000,128108
2020-05-27 15:35:57,mainnet,10148119,10020000,128119
2020-05-27 15:38:27,mainnet,10148132,10020000,128132
2020-05-27 15:40:51,mainnet,10148147,10020000,128147
2020-05-27 15:42:49,mainnet,10148155,10020000,128155
2020-05-27 15:44:41,mainnet,10148163,10020000,128163
2020-05-27 15:46:25,mainnet,10148175,10020000,128175
2020-05-27 15:48:58,mainnet,10148184,10020000,128184
2020-05-27 15:50:45,mainnet,10148189,10020000,128189
2020-05-27 15:52:36,mainnet,10148200,10020000,128200
2020-05-27 15:54:25,mainnet,10148208,10020000,128208
2020-05-27 15:56:38,mainnet,10148224,10020000,128224
2020-05-27 15:58:38,mainnet,10148232,10020000,128232
2020-05-27 16:00:39,mainnet,10148237,10020000,128237
2020-05-27 16:02:33,mainnet,10148246,10020000,128246
2020-05-27 16:04:44,mainnet,10148259,10020000,128259
2020-05-27 16:06:24,mainnet,10148267,10020000,128267
2020-05-27 16:08:12,mainnet,10148271,10020000,128271
2020-05-27 16:10:02,mainnet,10148279,10020000,128279
2020-05-27 16:11:45,mainnet,10148290,10020000,128290
2020-05-27 16:13:48,mainnet,10148304,10020000,128304
2020-05-27 16:16:18,mainnet,10148315,10020000,128315
2020-05-27 16:17:46,mainnet,10148323,10020000,128323
2020-05-27 16:19:27,mainnet,10148330,10020000,128330
2020-05-27 16:21:02,mainnet,10148341,10020000,128341
2020-05-27 16:22:36,mainnet,10148349,10020000,128349
2020-05-27 16:24:09,mainnet,10148358,10020000,128358
2020-05-27 16:25:41,mainnet,10148370,10020000,128370
2020-05-27 16:27:18,mainnet,10148372,10020000,128372
2020-05-27 16:28:52,mainnet,10148381,10020000,128381
2020-05-27 16:30:22,mainnet,10148384,10020000,128384
2020-05-27 16:32:01,mainnet,10148386,10020000,128386
2020-05-27 16:33:34,mainnet,10148392,10020000,128392
2020-05-27 16:35:07,mainnet,10148396,10020000,128396
2020-05-27 16:36:44,mainnet,10148400,10020000,128400
2020-05-27 16:38:17,mainnet,10148407,10020000,128407
2020-05-27 16:39:48,mainnet,10148413,10020000,128413
2020-05-27 16:41:25,mainnet,10148425,10020000,128425
2020-05-27 16:42:58,mainnet,10148428,10020000,128428
2020-05-27 16:44:33,mainnet,10148434,10020000,128434
2020-05-27 16:46:07,mainnet,10148444,10020000,128444
2020-05-27 16:47:45,mainnet,10148451,10020000,128451
2020-05-27 16:49:24,mainnet,10148459,10020000,128459
2020-05-27 16:50:59,mainnet,10148468,10020000,128468
2020-05-27 16:52:38,mainnet,10148482,10020000,128482
2020-05-27 16:54:08,mainnet,10148492,10020000,128492
2020-05-27 16:55:39,mainnet,10148498,10020000,128498
2020-05-27 16:57:21,mainnet,10148508,10020000,128508
2020-05-27 16:58:58,mainnet,10148515,10020000,128515
2020-05-27 17:00:37,mainnet,10148525,10020000,128525
2020-05-27 17:02:26,mainnet,10148532,10020000,128532
2020-05-27 17:04:01,mainnet,10148534,10020000,128534
2020-05-27 17:05:46,mainnet,10148540,10020000,128540
2020-05-27 17:07:20,mainnet,10148546,10020000,128546
2020-05-27 17:08:55,mainnet,10148555,10020000,128555
2020-05-27 17:10:33,mainnet,10148561,10020000,128561
2020-05-27 17:12:06,mainnet,10148567,10020000,128567
2020-05-27 17:13:47,mainnet,10148573,10020000,128573
2020-05-27 17:15:16,mainnet,10148580,10020000,128580
2020-05-27 17:16:51,mainnet,10148586,10020000,128586
2020-05-27 17:18:26,mainnet,10148591,10020000,128591
2020-05-27 17:20:03,mainnet,10148599,10020000,128599
2020-05-27 17:21:38,mainnet,10148607,10020000,128607
2020-05-27 17:23:11,mainnet,10148612,10020000,128612
2020-05-27 17:24:39,mainnet,10148620,10020000,128620
2020-05-27 17:26:10,mainnet,10148625,10020000,128625
2020-05-27 17:27:41,mainnet,10148633,10020000,128633
2020-05-27 17:29:13,mainnet,10148641,10020000,128641
2020-05-27 17:30:44,mainnet,10148647,10020000,128647
2020-05-27 17:32:22,mainnet,10148658,10020000,128658
2020-05-27 17:34:00,mainnet,10148666,10020000,128666
2020-05-27 17:35:45,mainnet,10148666,10020000,128666
2020-05-27 17:37:19,mainnet,10148673,10020000,128673
2020-05-27 17:38:54,mainnet,10148680,10020000,128680
2020-05-27 17:40:27,mainnet,10148683,10020000,128683
2020-05-27 17:42:04,mainnet,10148699,10020000,128699
2020-05-27 17:43:43,mainnet,10148704,10020000,128704
2020-05-27 17:45:18,mainnet,10148711,10020000,128711
2020-05-27 17:46:55,mainnet,10148718,10020000,128718
2020-05-27 17:48:25,mainnet,10148726,10020000,128726
2020-05-27 17:49:54,mainnet,10148732,10020000,128732
2020-05-27 17:51:31,mainnet,10148738,10020000,128738
2020-05-27 17:53:16,mainnet,10148748,10020000,128748
2020-05-27 17:54:48,mainnet,10148757,10020000,128757
2020-05-27 17:56:21,mainnet,10148765,10020000,128765
2020-05-27 17:57:53,mainnet,10148776,10020000,128776
2020-05-27 17:59:27,mainnet,10148790,10020000,128790
2020-05-27 18:00:58,mainnet,10148796,10020000,128796
2020-05-27 18:02:30,mainnet,10148806,10020000,128806
2020-05-27 18:04:05,mainnet,10148813,10020000,128813
2020-05-27 18:05:37,mainnet,10148818,10020000,128818
2020-05-27 18:07:10,mainnet,10148827,10020000,128827
2020-05-27 18:08:39,mainnet,10148836,10020000,128836
2020-05-27 18:10:08,mainnet,10148840,10020000,128840
2020-05-27 18:11:41,mainnet,10148844,10020000,128844
2020-05-27 18:13:09,mainnet,10148853,10020000,128853
2020-05-27 18:14:37,mainnet,10148864,10020000,128864
2020-05-27 18:16:11,mainnet,10148873,10020000,128873
2020-05-27 18:17:48,mainnet,10148878,10020000,128878
2020-05-27 18:19:21,mainnet,10148882,10020000,128882
2020-05-27 18:21:07,mainnet,10148886,10020000,128886
2020-05-27 18:22:39,mainnet,10148897,10020000,128897
2020-05-27 18:24:12,mainnet,10148904,10020000,128904
2020-05-27 18:25:40,mainnet,10148911,10020000,128911
2020-05-27 18:27:12,mainnet,10148915,10020000,128915
2020-05-27 18:28:44,mainnet,10148921,10020000,128921
2020-05-27 18:30:17,mainnet,10148927,10020000,128927
2020-05-27 18:31:50,mainnet,10148934,10020000,128934
2020-05-27 18:33:19,mainnet,10148942,10020000,128942
2020-05-27 18:35:08,mainnet,10148951,10020000,128951
2020-05-27 18:36:52,mainnet,10148953,10020000,128953
2020-05-27 18:38:32,mainnet,10148961,10020000,128961
2020-05-27 18:40:03,mainnet,10148969,10020000,128969
2020-05-27 18:41:41,mainnet,10148973,10020000,128973
2020-05-27 18:43:14,mainnet,10148978,10020000,128978
2020-05-27 18:44:52,mainnet,10148986,10020000,128986
2020-05-27 18:46:30,mainnet,10148993,10020000,128993
2020-05-27 18:48:15,mainnet,10148996,10020000,128996
2020-05-27 18:49:50,mainnet,10149008,10020000,129008
2020-05-27 18:51:28,mainnet,10149013,10020000,129013
2020-05-27 18:53:11,mainnet,10149023,10020000,129023
2020-05-27 18:54:47,mainnet,10149035,10020000,129035
2020-05-27 18:56:22,mainnet,10149044,10020000,129044
2020-05-27 18:57:56,mainnet,10149049,10020000,129049
2020-05-27 18:59:18,mainnet,10149058,10020000,129058
2020-05-27 19:00:42,mainnet,10149062,10020000,129062
2020-05-27 19:02:05,mainnet,10149069,10020000,129069
2020-05-27 19:03:29,mainnet,10149076,10020000,129076
2020-05-27 19:04:56,mainnet,10149081,10020000,129081
2020-05-27 19:06:21,mainnet,10149085,10020000,129085
2020-05-27 19:07:47,mainnet,10149098,10020000,129098
2020-05-27 19:09:10,mainnet,10149104,10020000,129104
2020-05-27 19:10:36,mainnet,10149110,10020000,129110
2020-05-27 19:12:00,mainnet,10149113,10020000,129113
2020-05-27 19:13:27,mainnet,10149119,10020000,129119
2020-05-27 19:14:56,mainnet,10149127,10020000,129127
2020-05-27 19:16:21,mainnet,10149134,10020000,129134
2020-05-27 19:17:49,mainnet,10149142,10020000,129142
2020-05-27 19:19:16,mainnet,10149150,10020000,129150
2020-05-27 19:20:39,mainnet,10149153,10020000,129153
2020-05-27 19:22:04,mainnet,10149156,10020000,129156
2020-05-27 19:23:30,mainnet,10149162,10020000,129162
2020-05-27 19:24:53,mainnet,10149172,10020000,129172
2020-05-27 19:26:17,mainnet,10149180,10020003,129177
2020-05-27 19:27:42,mainnet,10149188,10020094,129094
2020-05-27 19:29:04,mainnet,10149199,10020193,129006
2020-05-27 19:30:26,mainnet,10149208,10020308,128900
2020-05-27 19:31:48,mainnet,10149211,10020427,128784
2020-05-27 19:33:11,mainnet,10149215,10020579,128636
2020-05-27 19:34:33,mainnet,10149224,10020750,128474
2020-05-27 19:36:22,mainnet,10149230,10020914,128316
2020-05-27 19:37:45,mainnet,10149234,10021057,128177
2020-05-27 19:39:08,mainnet,10149245,10021179,128066
2020-05-27 19:40:31,mainnet,10149250,10021303,127947
2020-05-27 19:41:54,mainnet,10149257,10021436,127821
2020-05-27 19:43:16,mainnet,10149262,10021548,127714
2020-05-27 19:44:40,mainnet,10149268,10021633,127635
2020-05-27 19:46:02,mainnet,10149276,10021723,127553
2020-05-27 19:47:55,mainnet,10149280,10021806,127474
2020-05-27 19:49:19,mainnet,10149286,10021877,127409
2020-05-27 19:50:41,mainnet,10149293,10021972,127321
2020-05-27 19:52:04,mainnet,10149298,10022086,127212
2020-05-27 19:53:26,mainnet,10149302,10022213,127089
2020-05-27 19:54:48,mainnet,10149311,10022342,126969
2020-05-27 19:56:12,mainnet,10149312,10022474,126838
2020-05-27 19:57:36,mainnet,10149319,10022602,126717
2020-05-27 19:58:58,mainnet,10149325,10022744,126581
2020-05-27 20:00:20,mainnet,10149335,10022876,126459
2020-05-27 20:01:45,mainnet,10149343,10023016,126327
2020-05-27 20:03:09,mainnet,10149348,10023170,126178
2020-05-27 20:04:33,mainnet,10149352,10023309,126043
2020-05-27 20:05:56,mainnet,10149356,10023448,125908
2020-05-27 20:07:18,mainnet,10149367,10023601,125766
2020-05-27 20:08:50,mainnet,10149371,10023734,125637
2020-05-27 20:10:13,mainnet,10149376,10023884,125492
2020-05-27 20:11:37,mainnet,10149382,10024027,125355
2020-05-27 20:12:59,mainnet,10149387,10024174,125213
2020-05-27 20:14:22,mainnet,10149393,10024304,125089
2020-05-27 20:16:00,mainnet,10149396,10024448,124948
2020-05-27 20:17:23,mainnet,10149401,10024593,124808
2020-05-27 20:19:38,mainnet,10149414,10024816,124598
2020-05-27 20:21:18,mainnet,10149420,10024843,124577
2020-05-27 20:22:40,mainnet,10149435,10024994,124441
2020-05-27 20:24:04,mainnet,10149439,10025144,124295
2020-05-27 20:25:29,mainnet,10149446,10025306,124140
2020-05-27 20:26:53,mainnet,10149453,10025479,123974
2020-05-27 20:28:23,mainnet,10149458,10025637,123821
2020-05-27 20:29:46,mainnet,10149462,10025810,123652
2020-05-27 20:31:12,mainnet,10149466,10025965,123501
2020-05-27 20:32:38,mainnet,10149479,10026170,123309
2020-05-27 20:34:29,mainnet,10149484,10026256,123228
2020-05-27 20:35:53,mainnet,10149488,10026335,123153
2020-05-27 20:37:17,mainnet,10149491,10026412,123079
2020-05-27 20:38:39,mainnet,10149494,10026536,122958
2020-05-27 20:40:02,mainnet,10149498,10026694,122804
2020-05-27 20:41:26,mainnet,10149503,10026843,122660
2020-05-27 20:42:51,mainnet,10149514,10026970,122544
2020-05-27 20:44:14,mainnet,10149522,10027118,122404
2020-05-27 20:45:36,mainnet,10149530,10027281,122249
2020-05-27 20:47:01,mainnet,10149539,10027433,122106
2020-05-27 20:48:25,mainnet,10149542,10027580,121962
2020-05-27 20:49:52,mainnet,10149550,10027757,121793
2020-05-27 20:51:16,mainnet,10149551,10027883,121668
2020-05-27 20:52:39,mainnet,10149561,10028037,121524
2020-05-27 20:54:01,mainnet,10149570,10028175,121395
2020-05-27 20:55:26,mainnet,10149576,10028313,121263
2020-05-27 20:56:48,mainnet,10149584,10028472,121112
2020-05-27 20:58:11,mainnet,10149590,10028631,120959
2020-05-27 20:59:34,mainnet,10149593,10028798,120795
2020-05-27 21:00:56,mainnet,10149601,10028963,120638
2020-05-27 21:02:19,mainnet,10149609,10029143,120466
2020-05-27 21:03:43,mainnet,10149617,10029288,120329
2020-05-27 21:05:06,mainnet,10149629,10029461,120168
2020-05-27 21:06:30,mainnet,10149631,10029579,120052
2020-05-27 21:07:53,mainnet,10149634,10029733,119901
2020-05-27 21:09:16,mainnet,10149637,10029916,119721
2020-05-27 21:10:40,mainnet,10149641,10030103,119538
2020-05-27 21:12:02,mainnet,10149645,10030288,119357
2020-05-27 21:13:28,mainnet,10149654,10030460,119194
2020-05-27 21:14:51,mainnet,10149663,10030628,119035
2020-05-27 21:16:13,mainnet,10149668,10030804,118864
2020-05-27 21:17:40,mainnet,10149677,10030952,118725
2020-05-27 21:23:41,mainnet,10149701,10031784,117917
2020-05-27 21:25:17,mainnet,10149710,10031951,117759
2020-05-27 21:26:41,mainnet,10149719,10032120,117599
2020-05-27 21:28:10,mainnet,10149723,10032253,117470
2020-05-27 21:29:43,mainnet,10149732,10032380,117352
2020-05-27 21:31:15,mainnet,10149739,10032575,117164
2020-05-27 21:32:56,mainnet,10149744,10032775,116969
2020-05-27 21:34:28,mainnet,10149749,10032965,116784
2020-05-27 21:35:55,mainnet,10149757,10033132,116625
2020-05-27 21:38:03,mainnet,10149763,10033334,116429
2020-05-27 21:39:33,mainnet,10149771,10033493,116278
2020-05-27 21:41:09,mainnet,10149781,10033649,116132
2020-05-27 21:42:53,mainnet,10149789,10033849,115940
2020-05-27 21:44:35,mainnet,10149797,10034054,115743
2020-05-27 21:46:19,mainnet,10149804,10034263,115541
2020-05-27 21:48:54,mainnet,10149815,10034527,115288
2020-05-27 21:50:32,mainnet,10149821,10034710,115111
2020-05-27 21:52:24,mainnet,10149825,10034883,114942
2020-05-27 21:53:53,mainnet,10149831,10034978,114853
2020-05-27 21:55:28,mainnet,10149837,10035102,114735
2020-05-27 21:57:08,mainnet,10149844,10035315,114529
2020-05-27 21:58:42,mainnet,10149857,10035495,114362
2020-05-27 22:00:08,mainnet,10149867,10035667,114200
2020-05-27 22:01:51,mainnet,10149879,10035878,114001
2020-05-27 22:03:51,mainnet,10149889,10036115,113774
2020-05-27 22:05:24,mainnet,10149900,10036286,113614
2020-05-27 22:07:12,mainnet,10149906,10036517,113389
2020-05-27 22:10:55,mainnet,10149925,10037171,112754
2020-05-27 22:13:41,mainnet,10149928,10037413,112515
2020-05-27 22:15:15,mainnet,10149936,10037600,112336
2020-05-27 22:17:07,mainnet,10149941,10037770,112171
2020-05-27 22:19:09,mainnet,10149951,10037903,112048
2020-05-27 22:20:44,mainnet,10149957,10038067,111890
2020-05-27 22:22:28,mainnet,10149963,10038275,111688
2020-05-27 22:24:16,mainnet,10149968,10038463,111505
2020-05-27 22:26:00,mainnet,10149976,10038635,111341
2020-05-27 22:27:37,mainnet,10149983,10038799,111184
2020-05-27 22:29:07,mainnet,10149987,10038947,111040
2020-05-27 22:30:38,mainnet,10149992,10039130,110862
2020-05-27 22:32:14,mainnet,10149996,10039321,110675
2020-05-27 22:34:06,mainnet,10150004,10039589,110415
2020-05-27 22:36:12,mainnet,10150011,10039819,110192
2020-05-27 22:37:43,mainnet,10150018,10039996,110022
2020-05-27 22:39:21,mainnet,10150028,10040154,109874
2020-05-27 22:40:48,mainnet,10150036,10040301,109735
2020-05-27 22:43:43,mainnet,10150054,10040474,109580
2020-05-27 22:45:15,mainnet,10150062,10040573,109489
2020-05-27 22:47:01,mainnet,10150070,10040733,109337
2020-05-27 22:48:30,mainnet,10150074,10040888,109186
2020-05-27 22:50:00,mainnet,10150082,10041035,109047
2020-05-27 22:51:41,mainnet,10150091,10041258,108833
2020-05-27 22:53:48,mainnet,10150097,10041429,108668
2020-05-27 22:55:23,mainnet,10150105,10041615,108490
2020-05-27 22:56:48,mainnet,10150112,10041750,108362
2020-05-27 22:58:12,mainnet,10150116,10041917,108199
2020-05-27 22:59:40,mainnet,10150124,10042089,108035
2020-05-27 23:01:07,mainnet,10150138,10042256,107882
2020-05-27 23:02:46,mainnet,10150151,10042545,107606
2020-05-27 23:06:20,mainnet,10150165,10042888,107277
2020-05-27 23:08:00,mainnet,10150171,10043047,107124
2020-05-27 23:09:29,mainnet,10150181,10043173,107008
2020-05-27 23:11:15,mainnet,10150187,10043266,106921
2020-05-27 23:13:08,mainnet,10150194,10043407,106787
2020-05-27 23:14:42,mainnet,10150203,10043599,106604
2020-05-27 23:16:22,mainnet,10150209,10043813,106396
2020-05-27 23:17:53,mainnet,10150217,10044007,106210
2020-05-27 23:19:38,mainnet,10150221,10044170,106051
2020-05-27 23:21:05,mainnet,10150229,10044359,105870
2020-05-27 23:22:38,mainnet,10150240,10044571,105669
2020-05-27 23:24:18,mainnet,10150249,10044774,105475
2020-05-27 23:25:46,mainnet,10150258,10044994,105264
2020-05-27 23:27:14,mainnet,10150264,10045187,105077
2020-05-27 23:28:37,mainnet,10150268,10045378,104890
2020-05-27 23:30:03,mainnet,10150274,10045560,104714
2020-05-27 23:31:27,mainnet,10150282,10045706,104576
2020-05-27 23:32:55,mainnet,10150287,10045814,104473
2020-05-27 23:34:18,mainnet,10150291,10045914,104377
2020-05-27 23:35:40,mainnet,10150295,10046044,104251
2020-05-27 23:37:05,mainnet,10150299,10046211,104088
2020-05-27 23:38:37,mainnet,10150307,10046407,103900
2020-05-27 23:39:59,mainnet,10150318,10046593,103725
2020-05-27 23:41:21,mainnet,10150326,10046793,103533
2020-05-27 23:43:08,mainnet,10150333,10047007,103326
2020-05-27 23:44:33,mainnet,10150339,10047161,103178
2020-05-27 23:46:02,mainnet,10150344,10047378,102966
2020-05-27 23:48:03,mainnet,10150353,10047619,102734
2020-05-27 23:49:28,mainnet,10150363,10047809,102554
2020-05-27 23:50:55,mainnet,10150373,10048012,102361
2020-05-27 23:52:26,mainnet,10150379,10048189,102190
2020-05-27 23:53:49,mainnet,10150385,10048367,102018
2020-05-27 23:55:11,mainnet,10150391,10048503,101888
2020-05-27 23:56:33,mainnet,10150399,10048622,101777
2020-05-27 23:58:03,mainnet,10150403,10048728,101675
2020-05-27 23:59:28,mainnet,10150409,10048849,101560
2020-05-28 00:01:03,mainnet,10150419,10049010,101409
2020-05-28 00:02:27,mainnet,10150426,10049228,101198
2020-05-28 00:04:14,mainnet,10150432,10049416,101016
2020-05-28 00:05:48,mainnet,10150439,10049597,100842
2020-05-28 00:07:24,mainnet,10150445,10049740,100705
2020-05-28 00:08:50,mainnet,10150448,10049882,100566
2020-05-28 00:10:17,mainnet,10150454,10050041,100413
2020-05-28 00:11:39,mainnet,10150463,10050288,100175
2020-05-28 00:13:39,mainnet,10150470,10050473,99997
2020-05-28 00:15:03,mainnet,10150480,10050652,99828
2020-05-28 00:16:26,mainnet,10150485,10050827,99658
2020-05-28 00:17:59,mainnet,10150491,10051014,99477
2020-05-28 00:19:24,mainnet,10150497,10051236,99261
2020-05-28 00:20:47,mainnet,10150504,10051373,99131
2020-05-28 00:22:11,mainnet,10150512,10051459,99053
2020-05-28 00:23:42,mainnet,10150514,10051550,98964
2020-05-28 00:25:05,mainnet,10150524,10051679,98845
2020-05-28 00:26:29,mainnet,10150530,10051829,98701
2020-05-28 00:27:54,mainnet,10150536,10051979,98557
2020-05-28 00:29:17,mainnet,10150545,10052167,98378
2020-05-28 00:30:46,mainnet,10150550,10052338,98212
2020-05-28 00:32:14,mainnet,10150558,10052503,98055
2020-05-28 00:33:39,mainnet,10150565,10052650,97915
2020-05-28 00:35:06,mainnet,10150570,10052814,97756
2020-05-28 00:36:38,mainnet,10150574,10052994,97580
2020-05-28 00:38:10,mainnet,10150588,10053155,97433
2020-05-28 00:39:38,mainnet,10150592,10053298,97294
2020-05-28 00:41:10,mainnet,10150609,10053555,97054
2020-05-28 00:43:38,mainnet,10150613,10053746,96867
2020-05-28 00:45:04,mainnet,10150619,10053916,96703
2020-05-28 00:46:29,mainnet,10150626,10054075,96551
2020-05-28 00:48:24,mainnet,10150631,10054160,96471
2020-05-28 00:49:47,mainnet,10150640,10054239,96401
2020-05-28 00:51:12,mainnet,10150647,10054349,96298
2020-05-28 00:53:02,mainnet,10150657,10054520,96137
2020-05-28 00:54:26,mainnet,10150663,10054717,95946
2020-05-28 00:56:15,mainnet,10150667,10054916,95751
2020-05-28 00:57:42,mainnet,10150675,10055111,95564
2020-05-28 00:59:18,mainnet,10150686,10055283,95403
2020-05-28 01:00:57,mainnet,10150692,10055449,95243
2020-05-28 01:02:29,mainnet,10150697,10055627,95070
2020-05-28 01:03:54,mainnet,10150699,10055822,94877
2020-05-28 01:05:32,mainnet,10150707,10056000,94707
2020-05-28 01:06:55,mainnet,10150713,10056185,94528
2020-05-28 01:08:20,mainnet,10150721,10056387,94334
2020-05-28 01:09:45,mainnet,10150731,10056590,94141
2020-05-28 01:11:10,mainnet,10150736,10056758,93978
2020-05-28 01:12:44,mainnet,10150744,10056907,93837
2020-05-28 01:14:28,mainnet,10150749,10057021,93728
2020-05-28 01:15:52,mainnet,10150754,10057114,93640
2020-05-28 01:17:26,mainnet,10150762,10057296,93466
2020-05-28 01:18:57,mainnet,10150767,10057452,93315
2020-05-28 01:20:22,mainnet,10150774,10057652,93122
2020-05-28 01:22:02,mainnet,10150783,10057822,92961
2020-05-28 01:23:27,mainnet,10150789,10058025,92764
2020-05-28 01:25:02,mainnet,10150797,10058199,92598
2020-05-28 01:26:36,mainnet,10150800,10058403,92397
2020-05-28 01:28:01,mainnet,10150807,10058583,92224
2020-05-28 01:29:35,mainnet,10150813,10058775,92038
2020-05-28 01:30:58,mainnet,10150816,10058960,91856
2020-05-28 01:32:35,mainnet,10150823,10059158,91665
2020-05-28 01:34:10,mainnet,10150826,10059328,91498
2020-05-28 01:35:32,mainnet,10150828,10059465,91363
2020-05-28 01:37:03,mainnet,10150832,10059620,91212
2020-05-28 01:38:59,mainnet,10150836,10059739,91097
2020-05-28 01:40:28,mainnet,10150846,10059822,91024
2020-05-28 01:42:06,mainnet,10150853,10059944,90909
2020-05-28 01:43:33,mainnet,10150861,10060116,90745
2020-05-28 01:44:56,mainnet,10150868,10060281,90587
2020-05-28 01:46:19,mainnet,10150871,10060482,90389
2020-05-28 01:47:49,mainnet,10150872,10060671,90201
2020-05-28 01:49:12,mainnet,10150885,10060850,90035
2020-05-28 01:50:38,mainnet,10150897,10061104,89793
2020-05-28 01:52:45,mainnet,10150900,10061288,89612
2020-05-28 01:54:07,mainnet,10150905,10061485,89420
2020-05-28 01:55:31,mainnet,10150911,10061659,89252
2020-05-28 01:56:56,mainnet,10150917,10061893,89024
2020-05-28 01:59:01,mainnet,10150921,10062073,88848
2020-05-28 02:00:26,mainnet,10150929,10062240,88689
2020-05-28 02:01:55,mainnet,10150938,10062355,88583
2020-05-28 02:03:17,mainnet,10150945,10062466,88479
2020-05-28 02:04:51,mainnet,10150952,10062575,88377
2020-05-28 02:06:18,mainnet,10150960,10062756,88204
2020-05-28 02:07:52,mainnet,10150969,10062928,88041
2020-05-28 02:09:16,mainnet,10150974,10063111,87863
2020-05-28 02:10:42,mainnet,10150983,10063296,87687
2020-05-28 02:12:07,mainnet,10150988,10063512,87476
2020-05-28 02:13:50,mainnet,10150997,10063711,87286
2020-05-28 02:15:25,mainnet,10151003,10063929,87074
2020-05-28 02:17:05,mainnet,10151013,10064288,86725
2020-05-28 02:19:42,mainnet,10151021,10064442,86579
2020-05-28 02:21:21,mainnet,10151028,10064649,86379
2020-05-28 02:22:54,mainnet,10151036,10064862,86174
2020-05-28 02:24:20,mainnet,10151043,10065062,85981
2020-05-28 02:26:05,mainnet,10151050,10065237,85813
2020-05-28 02:27:54,mainnet,10151058,10065339,85719
2020-05-28 02:29:20,mainnet,10151063,10065437,85626
2020-05-28 02:30:42,mainnet,10151070,10065586,85484
2020-05-28 02:32:06,mainnet,10151075,10065755,85320
2020-05-28 02:33:30,mainnet,10151084,10065902,85182
2020-05-28 02:34:59,mainnet,10151086,10066105,84981
2020-05-28 02:36:30,mainnet,10151089,10066294,84795
2020-05-28 02:38:03,mainnet,10151096,10066463,84633
2020-05-28 02:39:31,mainnet,10151105,10066674,84431
2020-05-28 02:41:01,mainnet,10151110,10066882,84228
2020-05-28 02:42:35,mainnet,10151114,10067076,84038
2020-05-28 02:44:07,mainnet,10151120,10067279,83841
2020-05-28 02:45:42,mainnet,10151126,10067478,83648
2020-05-28 02:47:09,mainnet,10151132,10067682,83450
2020-05-28 02:48:56,mainnet,10151137,10067853,83284
2020-05-28 02:50:20,mainnet,10151144,10067961,83183
2020-05-28 02:51:46,mainnet,10151149,10068074,83075
2020-05-28 02:53:13,mainnet,10151158,10068169,82989
2020-05-28 02:54:36,mainnet,10151162,10068280,82882
2020-05-28 02:56:07,mainnet,10151167,10068412,82755
2020-05-28 02:57:39,mainnet,10151172,10068609,82563
2020-05-28 02:59:09,mainnet,10151182,10068793,82389
2020-05-28 03:00:43,mainnet,10151191,10069006,82185
2020-05-28 03:02:07,mainnet,10151197,10069194,82003
2020-05-28 03:03:29,mainnet,10151201,10069385,81816
2020-05-28 03:05:05,mainnet,10151207,10069613,81594
2020-05-28 03:06:30,mainnet,10151212,10069804,81408
2020-05-28 03:07:57,mainnet,10151220,10069997,81223
2020-05-28 03:09:21,mainnet,10151226,10070182,81044
2020-05-28 03:10:43,mainnet,10151234,10070350,80884
2020-05-28 03:12:07,mainnet,10151240,10070530,80710
2020-05-28 03:14:17,mainnet,10151249,10070700,80549
2020-05-28 03:15:42,mainnet,10151254,10070784,80470
2020-05-28 03:17:07,mainnet,10151259,10070865,80394
2020-05-28 03:18:36,mainnet,10151264,10070943,80321
2020-05-28 03:19:59,mainnet,10151273,10071043,80230
2020-05-28 03:21:58,mainnet,10151279,10071189,80090
2020-05-28 03:23:29,mainnet,10151284,10071385,79899
2020-05-28 03:24:58,mainnet,10151288,10071593,79695
2020-05-28 03:26:34,mainnet,10151291,10071787,79504
2020-05-28 03:28:27,mainnet,10151298,10071973,79325
2020-05-28 03:29:49,mainnet,10151302,10072150,79152
2020-05-28 03:31:13,mainnet,10151313,10072338,78975
2020-05-28 03:32:41,mainnet,10151320,10072519,78801
2020-05-28 03:34:03,mainnet,10151323,10072695,78628
2020-05-28 03:35:29,mainnet,10151329,10072890,78439
2020-05-28 03:37:29,mainnet,10151338,10073117,78221
2020-05-28 03:38:54,mainnet,10151346,10073307,78039
2020-05-28 03:40:57,mainnet,10151351,10073469,77882
2020-05-28 03:42:29,mainnet,10151354,10073560,77794
2020-05-28 03:43:59,mainnet,10151358,10073642,77716
2020-05-28 03:45:24,mainnet,10151361,10073715,77646
2020-05-28 03:46:47,mainnet,10151371,10073841,77530
2020-05-28 03:48:35,mainnet,10151378,10074039,77339
2020-05-28 03:50:00,mainnet,10151380,10074208,77172
2020-05-28 03:51:22,mainnet,10151391,10074393,76998
2020-05-28 03:52:52,mainnet,10151397,10074582,76815
2020-05-28 03:54:22,mainnet,10151407,10074770,76637
2020-05-28 03:55:48,mainnet,10151413,10075008,76405
2020-05-28 03:58:01,mainnet,10151421,10075254,76167
2020-05-28 03:59:24,mainnet,10151429,10075483,75946
2020-05-28 04:01:20,mainnet,10151438,10075756,75682
2020-05-28 04:02:50,mainnet,10151446,10076102,75344
2020-05-28 04:05:10,mainnet,10151454,10076249,75205
2020-05-28 04:06:33,mainnet,10151457,10076369,75088
2020-05-28 04:08:09,mainnet,10151461,10076470,74991
2020-05-28 04:09:32,mainnet,10151466,10076557,74909
2020-05-28 04:10:57,mainnet,10151475,10076712,74763
2020-05-28 04:12:33,mainnet,10151485,10076876,74609
2020-05-28 04:14:03,mainnet,10151491,10077048,74443
2020-05-28 04:15:32,mainnet,10151498,10077256,74242
2020-05-28 04:17:31,mainnet,10151509,10077463,74046
2020-05-28 04:19:17,mainnet,10151514,10077642,73872
2020-05-28 04:20:47,mainnet,10151520,10077848,73672
2020-05-28 04:22:19,mainnet,10151532,10078047,73485
2020-05-28 04:24:07,mainnet,10151544,10078265,73279
2020-05-28 04:25:33,mainnet,10151549,10078477,73072
2020-05-28 04:27:12,mainnet,10151554,10078635,72919
2020-05-28 04:28:36,mainnet,10151561,10078798,72763
2020-05-28 04:29:58,mainnet,10151570,10078913,72657
2020-05-28 04:31:31,mainnet,10151577,10079000,72577
2020-05-28 04:33:01,mainnet,10151583,10079065,72518
2020-05-28 04:34:30,mainnet,10151590,10079145,72445
2020-05-28 04:35:58,mainnet,10151593,10079228,72365
2020-05-28 04:37:25,mainnet,10151601,10079336,72265
2020-05-28 04:38:54,mainnet,10151609,10079478,72131
2020-05-28 04:40:18,mainnet,10151618,10079723,71895
2020-05-28 04:42:38,mainnet,10151626,10079911,71715
2020-05-28 04:44:20,mainnet,10151639,10080165,71474
2020-05-28 04:48:47,mainnet,10151653,10080557,71096
2020-05-28 04:50:12,mainnet,10151663,10080747,70916
2020-05-28 04:51:46,mainnet,10151669,10080978,70691
2020-05-28 04:53:17,mainnet,10151676,10081187,70489
2020-05-28 04:54:57,mainnet,10151685,10081388,70297
2020-05-28 04:56:36,mainnet,10151697,10081594,70103
2020-05-28 04:58:17,mainnet,10151709,10081751,69958
2020-05-28 05:00:22,mainnet,10151715,10081841,69874
2020-05-28 05:01:54,mainnet,10151723,10081937,69786
2020-05-28 05:03:43,mainnet,10151736,10082080,69656
2020-05-28 05:05:19,mainnet,10151740,10082217,69523
2020-05-28 05:06:45,mainnet,10151744,10082368,69376
2020-05-28 05:08:09,mainnet,10151754,10082548,69206
2020-05-28 05:09:51,mainnet,10151759,10082713,69046
2020-05-28 05:11:15,mainnet,10151763,10082854,68909
2020-05-28 05:12:41,mainnet,10151770,10082980,68790
2020-05-28 05:14:04,mainnet,10151773,10083134,68639
2020-05-28 05:15:36,mainnet,10151776,10083296,68480
2020-05-28 05:17:01,mainnet,10151781,10083458,68323
2020-05-28 05:18:32,mainnet,10151790,10083643,68147
2020-05-28 05:20:03,mainnet,10151793,10083821,67972
2020-05-28 05:21:38,mainnet,10151800,10084007,67793
2020-05-28 05:23:14,mainnet,10151806,10084211,67595
2020-05-28 05:25:07,mainnet,10151809,10084310,67499
2020-05-28 05:26:32,mainnet,10151815,10084408,67407
2020-05-28 05:28:17,mainnet,10151817,10084494,67323
2020-05-28 05:29:46,mainnet,10151822,10084560,67262
2020-05-28 05:31:09,mainnet,10151828,10084667,67161
2020-05-28 05:32:40,mainnet,10151836,10084817,67019
2020-05-28 05:34:05,mainnet,10151843,10084978,66865
2020-05-28 05:35:29,mainnet,10151850,10085137,66713
2020-05-28 05:36:54,mainnet,10151855,10085342,66513
2020-05-28 05:39:16,mainnet,10151864,10085548,66316
2020-05-28 05:41:16,mainnet,10151874,10085743,66131
2020-05-28 05:42:52,mainnet,10151883,10085901,65982
2020-05-28 05:44:25,mainnet,10151891,10086075,65816
2020-05-28 05:45:57,mainnet,10151897,10086270,65627
2020-05-28 05:47:40,mainnet,10151904,10086451,65453
2020-05-28 05:49:17,mainnet,10151917,10086664,65253
2020-05-28 05:51:28,mainnet,10151928,10086854,65074
2020-05-28 05:53:07,mainnet,10151935,10087035,64900
2020-05-28 05:54:36,mainnet,10151945,10087175,64770
2020-05-28 05:56:18,mainnet,10151948,10087273,64675
2020-05-28 05:58:02,mainnet,10151957,10087396,64561
2020-05-28 06:00:03,mainnet,10151967,10087568,64399
2020-05-28 06:01:44,mainnet,10151978,10087855,64123
2020-05-28 06:04:20,mainnet,10151981,10088014,63967
2020-05-28 06:05:46,mainnet,10151988,10088177,63811
2020-05-28 06:07:15,mainnet,10151994,10088390,63604
2020-05-28 06:09:11,mainnet,10152003,10088635,63368
2020-05-28 06:11:04,mainnet,10152006,10088828,63178
2020-05-28 06:12:36,mainnet,10152013,10089054,62959
2020-05-28 06:14:28,mainnet,10152022,10089244,62778
2020-05-28 06:15:57,mainnet,10152031,10089435,62596
2020-05-28 06:17:35,mainnet,10152038,10089656,62382
2020-05-28 06:19:29,mainnet,10152042,10089766,62276
2020-05-28 06:21:06,mainnet,10152050,10089882,62168
2020-05-28 06:22:39,mainnet,10152060,10089955,62105
2020-05-28 06:24:11,mainnet,10152070,10090054,62016
2020-05-28 06:26:05,mainnet,10152074,10090159,61915
2020-05-28 06:27:51,mainnet,10152081,10090308,61773
2020-05-28 06:29:21,mainnet,10152089,10090480,61609
2020-05-28 06:31:44,mainnet,10152103,10090753,61350
2020-05-28 06:33:51,mainnet,10152106,10090920,61186
2020-05-28 06:35:21,mainnet,10152111,10091077,61034
2020-05-28 06:37:33,mainnet,10152118,10091326,60792
2020-05-28 06:39:07,mainnet,10152124,10091534,60590
2020-05-28 06:40:51,mainnet,10152142,10091881,60261
2020-05-28 06:43:45,mainnet,10152146,10092045,60101
2020-05-28 06:45:19,mainnet,10152156,10092207,59949
2020-05-28 06:46:56,mainnet,10152162,10092356,59806
2020-05-28 06:48:30,mainnet,10152171,10092493,59678
2020-05-28 06:50:22,mainnet,10152181,10092594,59587
2020-05-28 06:52:14,mainnet,10152189,10092673,59516
2020-05-28 06:53:51,mainnet,10152193,10092832,59361
2020-05-28 06:55:51,mainnet,10152197,10092982,59215
2020-05-28 06:57:19,mainnet,10152213,10093172,59041
2020-05-28 06:59:27,mainnet,10152226,10093425,58801
2020-05-28 07:01:36,mainnet,10152231,10093610,58621
2020-05-28 07:03:11,mainnet,10152236,10093782,58454
2020-05-28 07:04:42,mainnet,10152242,10093983,58259
2020-05-28 07:06:58,mainnet,10152254,10094277,57977
2020-05-28 07:08:31,mainnet,10152264,10094515,57749
2020-05-28 07:10:33,mainnet,10152271,10094733,57538
2020-05-28 07:12:36,mainnet,10152277,10094893,57384
2020-05-28 07:14:03,mainnet,10152281,10095065,57216
2020-05-28 07:15:42,mainnet,10152287,10095196,57091
2020-05-28 07:17:19,mainnet,10152297,10095295,57002
2020-05-28 07:18:51,mainnet,10152303,10095400,56903
2020-05-28 07:20:23,mainnet,10152309,10095508,56801
2020-05-28 07:22:06,mainnet,10152318,10095641,56677
2020-05-28 07:24:12,mainnet,10152329,10095960,56369
2020-05-28 07:26:42,mainnet,10152341,10096209,56132
2020-05-28 07:29:04,mainnet,10152348,10096345,56003
2020-05-28 07:30:35,mainnet,10152353,10096520,55833
2020-05-28 07:32:46,mainnet,10152359,10096830,55529
2020-05-28 07:34:25,mainnet,10152366,10097071,55295
2020-05-28 07:36:15,mainnet,10152376,10097317,55059
2020-05-28 07:38:36,mainnet,10152384,10097494,54890
2020-05-28 07:40:04,mainnet,10152391,10097653,54738
2020-05-28 07:41:37,mainnet,10152397,10097818,54579
2020-05-28 07:43:16,mainnet,10152403,10097905,54498
2020-05-28 07:44:42,mainnet,10152413,10097979,54434
2020-05-28 07:46:08,mainnet,10152419,10098052,54367
2020-05-28 07:47:42,mainnet,10152425,10098152,54273
2020-05-28 07:49:11,mainnet,10152431,10098304,54127
2020-05-28 07:51:06,mainnet,10152437,10098449,53988
2020-05-28 07:52:46,mainnet,10152441,10098605,53836
2020-05-28 07:54:11,mainnet,10152447,10098754,53693
2020-05-28 07:55:37,mainnet,10152455,10098923,53532
2020-05-28 07:57:32,mainnet,10152462,10099115,53347
2020-05-28 07:59:11,mainnet,10152468,10099279,53189
2020-05-28 08:00:58,mainnet,10152478,10099472,53006
2020-05-28 08:02:32,mainnet,10152486,10099687,52799
2020-05-28 08:04:13,mainnet,10152496,10099961,52535
2020-05-28 08:06:12,mainnet,10152507,10100256,52251
2020-05-28 08:08:08,mainnet,10152513,10100479,52034
2020-05-28 08:09:41,mainnet,10152517,10100595,51922
2020-05-28 08:11:10,mainnet,10152526,10100721,51805
2020-05-28 08:12:41,mainnet,10152537,10100808,51729
2020-05-28 08:14:07,mainnet,10152542,10100892,51650
2020-05-28 08:15:40,mainnet,10152546,10100990,51556
2020-05-28 08:17:07,mainnet,10152554,10101150,51404
2020-05-28 08:18:31,mainnet,10152563,10101333,51230
2020-05-28 08:20:06,mainnet,10152571,10101525,51046
2020-05-28 08:21:31,mainnet,10152580,10101711,50869
2020-05-28 08:22:59,mainnet,10152585,10101877,50708
2020-05-28 08:24:37,mainnet,10152590,10102055,50535
2020-05-28 08:26:00,mainnet,10152596,10102266,50330
2020-05-28 08:27:35,mainnet,10152606,10102527,50079
2020-05-28 08:29:40,mainnet,10152614,10102737,49877
2020-05-28 08:31:02,mainnet,10152620,10102995,49625
2020-05-28 08:33:00,mainnet,10152624,10103175,49449
2020-05-28 08:34:28,mainnet,10152629,10103307,49322
2020-05-28 08:36:01,mainnet,10152633,10103417,49216
2020-05-28 08:37:45,mainnet,10152640,10103522,49118
2020-05-28 08:39:15,mainnet,10152647,10103612,49035
2020-05-28 08:40:40,mainnet,10152650,10103776,48874
2020-05-28 08:42:11,mainnet,10152660,10103972,48688
2020-05-28 08:43:44,mainnet,10152669,10104154,48515
2020-05-28 08:45:17,mainnet,10152681,10104408,48273
2020-05-28 08:47:21,mainnet,10152697,10104716,47981
2020-05-28 08:49:41,mainnet,10152703,10104905,47798
2020-05-28 08:51:07,mainnet,10152711,10105076,47635
2020-05-28 08:52:36,mainnet,10152717,10105260,47457
2020-05-28 08:54:21,mainnet,10152721,10105444,47277
2020-05-28 08:55:47,mainnet,10152727,10105613,47114
2020-05-28 08:57:15,mainnet,10152731,10105785,46946
2020-05-28 08:58:41,mainnet,10152738,10105992,46746
2020-05-28 09:00:12,mainnet,10152748,10106216,46532
2020-05-28 09:01:56,mainnet,10152750,10106371,46379
2020-05-28 09:03:19,mainnet,10152754,10106493,46261
2020-05-28 09:04:48,mainnet,10152764,10106605,46159
2020-05-28 09:06:15,mainnet,10152771,10106717,46054
2020-05-28 09:07:43,mainnet,10152777,10106954,45823
2020-05-28 09:09:22,mainnet,10152784,10107166,45618
2020-05-28 09:10:50,mainnet,10152791,10107394,45397
2020-05-28 09:12:14,mainnet,10152796,10107606,45190
2020-05-28 09:13:48,mainnet,10152799,10107827,44972
2020-05-28 09:15:15,mainnet,10152806,10108037,44769
2020-05-28 09:16:44,mainnet,10152815,10108272,44543
2020-05-28 09:18:23,mainnet,10152822,10108459,44363
2020-05-28 09:19:50,mainnet,10152835,10108697,44138
2020-05-28 09:21:48,mainnet,10152844,10108910,43934
2020-05-28 09:23:14,mainnet,10152849,10109014,43835
2020-05-28 09:24:42,mainnet,10152854,10109126,43728
2020-05-28 09:26:09,mainnet,10152859,10109208,43651
2020-05-28 09:27:38,mainnet,10152866,10109284,43582
2020-05-28 09:29:01,mainnet,10152871,10109393,43478
2020-05-28 09:30:27,mainnet,10152888,10109673,43215
2020-05-28 09:32:47,mainnet,10152893,10109869,43024
2020-05-28 09:34:13,mainnet,10152898,10110038,42860
2020-05-28 09:35:54,mainnet,10152904,10110266,42638
2020-05-28 09:37:50,mainnet,10152913,10110492,42421
2020-05-28 09:39:35,mainnet,10152924,10110707,42217
2020-05-28 09:41:26,mainnet,10152933,10110927,42006
2020-05-28 09:43:33,mainnet,10152940,10111128,41812
2020-05-28 09:44:55,mainnet,10152949,10111302,41647
2020-05-28 09:46:18,mainnet,10152957,10111479,41478
2020-05-28 09:47:50,mainnet,10152964,10111625,41339
2020-05-28 09:49:17,mainnet,10152975,10111770,41205
2020-05-28 09:51:46,mainnet,10152988,10111911,41077
2020-05-28 09:53:41,mainnet,10152993,10111982,41011
2020-05-28 09:55:06,mainnet,10153005,10112180,40825
2020-05-28 09:57:50,mainnet,10153010,10112288,40722
2020-05-28 09:59:15,mainnet,10153016,10112461,40555
2020-05-28 10:00:54,mainnet,10153020,10112639,40381
2020-05-28 10:02:43,mainnet,10153031,10112827,40204
2020-05-28 10:04:05,mainnet,10153039,10113001,40038
2020-05-28 10:05:40,mainnet,10153045,10113193,39852
2020-05-28 10:07:23,mainnet,10153052,10113395,39657
2020-05-28 10:08:46,mainnet,10153060,10113567,39493
2020-05-28 10:10:23,mainnet,10153068,10113779,39289
2020-05-28 10:11:48,mainnet,10153073,10113961,39112
2020-05-28 10:13:13,mainnet,10153085,10114161,38924
2020-05-28 10:14:58,mainnet,10153095,10114347,38748
2020-05-28 10:16:27,mainnet,10153101,10114487,38614
2020-05-28 10:18:04,mainnet,10153106,10114611,38495
2020-05-28 10:19:50,mainnet,10153109,10114708,38401
2020-05-28 10:21:19,mainnet,10153114,10114849,38265
2020-05-28 10:22:55,mainnet,10153119,10115103,38016
2020-05-28 10:24:53,mainnet,10153130,10115272,37858
2020-05-28 10:26:38,mainnet,10153145,10115581,37564
2020-05-28 10:28:55,mainnet,10153148,10115734,37414
2020-05-28 10:30:25,mainnet,10153151,10115918,37233
2020-05-28 10:31:59,mainnet,10153160,10116128,37032
2020-05-28 10:33:35,mainnet,10153168,10116306,36862
2020-05-28 10:35:04,mainnet,10153176,10116481,36695
2020-05-28 10:36:38,mainnet,10153186,10116664,36522
2020-05-28 10:38:14,mainnet,10153194,10116849,36345
2020-05-28 10:39:49,mainnet,10153201,10116969,36232
2020-05-28 10:41:21,mainnet,10153205,10117069,36136
2020-05-28 10:42:44,mainnet,10153213,10117148,36065
2020-05-28 10:44:11,mainnet,10153223,10117218,36005
2020-05-28 10:45:34,mainnet,10153230,10117330,35900
2020-05-28 10:47:08,mainnet,10153241,10117541,35700
2020-05-28 10:49:11,mainnet,10153247,10117695,35552
2020-05-28 10:50:35,mainnet,10153252,10117840,35412
2020-05-28 10:52:03,mainnet,10153258,10117981,35277
2020-05-28 10:53:30,mainnet,10153266,10118120,35146
2020-05-28 10:54:52,mainnet,10153276,10118245,35031
2020-05-28 10:56:37,mainnet,10153280,10118416,34864
2020-05-28 10:58:09,mainnet,10153285,10118589,34696
2020-05-28 10:59:47,mainnet,10153289,10118750,34539
2020-05-28 11:01:21,mainnet,10153298,10118978,34320
2020-05-28 11:02:56,mainnet,10153305,10119169,34136
2020-05-28 11:05:29,mainnet,10153322,10119452,33870
2020-05-28 11:06:58,mainnet,10153328,10119589,33739
2020-05-28 11:08:24,mainnet,10153334,10119693,33641
2020-05-28 11:09:57,mainnet,10153344,10119825,33519
2020-05-28 11:12:16,mainnet,10153353,10119897,33456
2020-05-28 11:13:44,mainnet,10153355,10120014,33341
2020-05-28 11:15:07,mainnet,10153359,10120185,33174
2020-05-28 11:16:30,mainnet,10153364,10120337,33027
2020-05-28 11:17:52,mainnet,10153367,10120500,32867
2020-05-28 11:19:22,mainnet,10153371,10120677,32694
2020-05-28 11:20:46,mainnet,10153374,10120830,32544
2020-05-28 11:22:36,mainnet,10153382,10121018,32364
2020-05-28 11:24:07,mainnet,10153387,10121205,32182
2020-05-28 11:25:33,mainnet,10153393,10121409,31984
2020-05-28 11:27:18,mainnet,10153401,10121579,31822
2020-05-28 11:28:43,mainnet,10153410,10121742,31668
2020-05-28 11:30:09,mainnet,10153418,10121929,31489
2020-05-28 11:31:40,mainnet,10153428,10122092,31336
2020-05-28 11:33:15,mainnet,10153435,10122230,31205
2020-05-28 11:34:58,mainnet,10153440,10122350,31090
2020-05-28 11:36:26,mainnet,10153451,10122441,31010
2020-05-28 11:38:19,mainnet,10153458,10122559,30899
2020-05-28 11:39:50,mainnet,10153462,10122691,30771
2020-05-28 11:41:32,mainnet,10153470,10122883,30587
2020-05-28 11:43:20,mainnet,10153478,10123059,30419
2020-05-28 11:44:46,mainnet,10153484,10123199,30285
2020-05-28 11:46:14,mainnet,10153490,10123346,30144
2020-05-28 11:47:40,mainnet,10153500,10123507,29993
2020-05-28 11:49:51,mainnet,10153506,10123732,29774
2020-05-28 11:51:22,mainnet,10153512,10123892,29620
2020-05-28 11:52:56,mainnet,10153518,10124074,29444
2020-05-28 11:54:29,mainnet,10153523,10124221,29302
2020-05-28 11:55:52,mainnet,10153528,10124418,29110
2020-05-28 11:57:46,mainnet,10153542,10124563,28979
2020-05-28 11:59:13,mainnet,10153544,10124702,28842
2020-05-28 12:00:37,mainnet,10153548,10124850,28698
2020-05-28 12:01:59,mainnet,10153554,10124951,28603
2020-05-28 12:03:29,mainnet,10153561,10125044,28517
2020-05-28 12:04:55,mainnet,10153570,10125110,28460
2020-05-28 12:06:18,mainnet,10153576,10125171,28405
2020-05-28 12:07:48,mainnet,10153585,10125241,28344
2020-05-28 12:09:34,mainnet,10153592,10125396,28196
2020-05-28 12:11:03,mainnet,10153600,10125581,28019
2020-05-28 12:12:45,mainnet,10153606,10125760,27846
2020-05-28 12:14:08,mainnet,10153610,10125927,27683
2020-05-28 12:15:31,mainnet,10153615,10126094,27521
2020-05-28 12:16:55,mainnet,10153622,10126263,27359
2020-05-28 12:18:21,mainnet,10153627,10126421,27206
2020-05-28 12:19:44,mainnet,10153633,10126586,27047
2020-05-28 12:21:25,mainnet,10153640,10126815,26825
2020-05-28 12:23:05,mainnet,10153649,10126995,26654
2020-05-28 12:24:40,mainnet,10153656,10127187,26469
2020-05-28 12:26:10,mainnet,10153661,10127379,26282
2020-05-28 12:27:44,mainnet,10153666,10127559,26107
2020-05-28 12:29:16,mainnet,10153675,10127721,25954
2020-05-28 12:30:57,mainnet,10153680,10127840,25840
2020-05-28 12:32:42,mainnet,10153686,10127930,25756
2020-05-28 12:34:06,mainnet,10153693,10127999,25694
2020-05-28 12:35:30,mainnet,10153698,10128069,25629
2020-05-28 12:36:54,mainnet,10153701,10128192,25509
2020-05-28 12:38:20,mainnet,10153704,10128367,25337
2020-05-28 12:40:01,mainnet,10153710,10128535,25175
2020-05-28 12:41:24,mainnet,10153717,10128728,24989
2020-05-28 12:43:30,mainnet,10153723,10128931,24792
2020-05-28 12:44:52,mainnet,10153728,10129072,24656
2020-05-28 12:46:15,mainnet,10153736,10129236,24500
2020-05-28 12:47:42,mainnet,10153741,10129381,24360
2020-05-28 12:49:07,mainnet,10153747,10129565,24182
2020-05-28 12:50:36,mainnet,10153756,10129730,24026
2020-05-28 12:52:12,mainnet,10153764,10129877,23887
2020-05-28 12:53:34,mainnet,10153771,10130067,23704
2020-05-28 12:54:56,mainnet,10153779,10130263,23516
2020-05-28 12:56:19,mainnet,10153791,10130397,23394
2020-05-28 12:57:55,mainnet,10153798,10130500,23298
2020-05-28 12:59:22,mainnet,10153806,10130598,23208
2020-05-28 13:00:50,mainnet,10153809,10130662,23147
2020-05-28 13:02:18,mainnet,10153816,10130741,23075
2020-05-28 13:03:46,mainnet,10153822,10130893,22929
2020-05-28 13:05:16,mainnet,10153832,10131010,22822
2020-05-28 13:06:42,mainnet,10153836,10131148,22688
2020-05-28 13:08:09,mainnet,10153842,10131277,22565
2020-05-28 13:09:33,mainnet,10153854,10131413,22441
2020-05-28 13:10:57,mainnet,10153862,10131609,22253
2020-05-28 13:13:03,mainnet,10153871,10131826,22045
2020-05-28 13:14:55,mainnet,10153875,10131993,21882
2020-05-28 13:16:24,mainnet,10153885,10132191,21694
2020-05-28 13:18:15,mainnet,10153892,10132384,21508
2020-05-28 13:19:37,mainnet,10153903,10132560,21343
2020-05-28 13:21:10,mainnet,10153909,10132804,21105
2020-05-28 13:23:17,mainnet,10153917,10132992,20925
2020-05-28 13:25:25,mainnet,10153929,10133242,20687
2020-05-28 13:27:43,mainnet,10153934,10133340,20594
2020-05-28 13:29:08,mainnet,10153940,10133423,20517
2020-05-28 13:30:41,mainnet,10153952,10133500,20452
2020-05-28 13:32:04,mainnet,10153961,10133577,20384
2020-05-28 13:33:38,mainnet,10153971,10133710,20261
2020-05-28 13:35:02,mainnet,10153979,10133878,20101
2020-05-28 13:36:25,mainnet,10153984,10134066,19918
2020-05-28 13:37:54,mainnet,10153991,10134281,19710
2020-05-28 13:39:34,mainnet,10154003,10134554,19449
2020-05-28 13:41:54,mainnet,10154009,10134773,19236
2020-05-28 13:43:59,mainnet,10154013,10134987,19026
2020-05-28 13:45:24,mainnet,10154020,10135158,18862
2020-05-28 13:46:46,mainnet,10154023,10135342,18681
2020-05-28 13:48:29,mainnet,10154034,10135543,18491
2020-05-28 13:49:54,mainnet,10154039,10135722,18317
2020-05-28 13:51:48,mainnet,10154050,10135838,18212
2020-05-28 13:53:14,mainnet,10154056,10135935,18121
2020-05-28 13:54:45,mainnet,10154062,10136010,18052
2020-05-28 13:56:37,mainnet,10154075,10136093,17982
2020-05-28 13:58:00,mainnet,10154079,10136161,17918
2020-05-28 13:59:26,mainnet,10154087,10136267,17820
2020-05-28 14:00:51,mainnet,10154091,10136414,17677
2020-05-28 14:02:22,mainnet,10154109,10136653,17456
2020-05-28 14:05:03,mainnet,10154119,10136863,17256
2020-05-28 14:06:28,mainnet,10154123,10137013,17110
2020-05-28 14:07:53,mainnet,10154133,10137179,16954
2020-05-28 14:09:34,mainnet,10154143,10137339,16804
2020-05-28 14:10:56,mainnet,10154152,10137496,16656
2020-05-28 14:12:29,mainnet,10154154,10137682,16472
2020-05-28 14:14:12,mainnet,10154161,10137843,16318
2020-05-28 14:15:35,mainnet,10154171,10138001,16170
2020-05-28 14:17:00,mainnet,10154174,10138168,16006
2020-05-28 14:18:36,mainnet,10154178,10138362,15816
2020-05-28 14:20:15,mainnet,10154187,10138570,15617
2020-05-28 14:22:07,mainnet,10154193,10138692,15501
2020-05-28 14:23:30,mainnet,10154199,10138755,15444
2020-05-28 14:25:02,mainnet,10154204,10138835,15369
2020-05-28 14:26:30,mainnet,10154213,10138922,15291
2020-05-28 14:28:01,mainnet,10154220,10139101,15119
2020-05-28 14:29:38,mainnet,10154224,10139273,14951
2020-05-28 14:31:05,mainnet,10154232,10139460,14772
2020-05-28 14:32:36,mainnet,10154234,10139650,14584
2020-05-28 14:33:58,mainnet,10154244,10139805,14439
2020-05-28 14:35:21,mainnet,10154250,10139971,14279
2020-05-28 14:36:46,mainnet,10154257,10140145,14112
2020-05-28 14:38:09,mainnet,10154266,10140328,13938
2020-05-28 14:39:33,mainnet,10154275,10140507,13768
2020-05-28 14:40:55,mainnet,10154284,10140711,13573
2020-05-28 14:42:48,mainnet,10154292,10140891,13401
2020-05-28 14:44:12,mainnet,10154297,10141054,13243
2020-05-28 14:45:37,mainnet,10154304,10141166,13138
2020-05-28 14:47:09,mainnet,10154309,10141284,13025
2020-05-28 14:48:46,mainnet,10154318,10141357,12961
2020-05-28 14:50:08,mainnet,10154327,10141435,12892
2020-05-28 14:51:38,mainnet,10154333,10141571,12762
2020-05-28 14:53:08,mainnet,10154338,10141734,12604
2020-05-28 14:54:38,mainnet,10154348,10141895,12453
2020-05-28 14:56:00,mainnet,10154356,10142081,12275
2020-05-28 14:57:44,mainnet,10154364,10142302,12062
2020-05-28 14:59:34,mainnet,10154375,10142490,11885
2020-05-28 15:01:19,mainnet,10154383,10142622,11761
2020-05-28 15:02:41,mainnet,10154392,10142769,11623
2020-05-28 15:04:05,mainnet,10154396,10142917,11479
2020-05-28 15:05:27,mainnet,10154401,10143065,11336
2020-05-28 15:06:49,mainnet,10154410,10143242,11168
2020-05-28 15:08:30,mainnet,10154417,10143410,11007
2020-05-28 15:10:00,mainnet,10154420,10143596,10824
2020-05-28 15:11:23,mainnet,10154427,10143723,10704
2020-05-28 15:12:51,mainnet,10154432,10143839,10593
2020-05-28 15:14:15,mainnet,10154438,10143920,10518
2020-05-28 15:15:44,mainnet,10154447,10144001,10446
2020-05-28 15:17:14,mainnet,10154454,10144084,10370
2020-05-28 15:18:57,mainnet,10154459,10144239,10220
2020-05-28 15:20:28,mainnet,10154474,10144434,10040
2020-05-28 15:22:19,mainnet,10154483,10144733,9750
2020-05-28 15:24:55,mainnet,10154488,10144987,9501
2020-05-28 15:26:19,mainnet,10154496,10145155,9341
2020-05-28 15:27:41,mainnet,10154501,10145458,9043
2020-05-28 15:29:40,mainnet,10154507,10145661,8846
2020-05-28 15:31:03,mainnet,10154516,10145917,8599
2020-05-28 15:33:04,mainnet,10154526,10146151,8375
2020-05-28 15:34:42,mainnet,10154532,10146349,8183
2020-05-28 15:36:09,mainnet,10154541,10146490,8051
2020-05-28 15:37:46,mainnet,10154547,10146613,7934
2020-05-28 15:39:13,mainnet,10154551,10146706,7845
2020-05-28 15:40:45,mainnet,10154553,10146798,7755
2020-05-28 15:42:09,mainnet,10154558,10146901,7657
2020-05-28 15:43:46,mainnet,10154565,10147051,7514
2020-05-28 15:45:14,mainnet,10154571,10147223,7348
2020-05-28 15:46:41,mainnet,10154576,10147439,7137
2020-05-28 15:48:08,mainnet,10154582,10147658,6924
2020-05-28 15:49:31,mainnet,10154585,10147860,6725
2020-05-28 15:50:56,mainnet,10154591,10148075,6516
2020-05-28 15:52:21,mainnet,10154594,10148275,6319
2020-05-28 15:53:48,mainnet,10154599,10148458,6141
2020-05-28 15:55:12,mainnet,10154601,10148644,5957
2020-05-28 15:56:37,mainnet,10154611,10148825,5786
2020-05-28 15:58:05,mainnet,10154615,10148994,5621
2020-05-28 15:59:34,mainnet,10154619,10149156,5463
2020-05-28 16:01:22,mainnet,10154626,10149311,5315
2020-05-28 16:03:40,mainnet,10154633,10149399,5234
2020-05-28 16:05:07,mainnet,10154645,10149508,5137
2020-05-28 16:07:13,mainnet,10154655,10149654,5001
2020-05-28 16:08:54,mainnet,10154665,10149820,4845
2020-05-28 16:10:36,mainnet,10154676,10149983,4693
2020-05-28 16:13:01,mainnet,10154689,10150197,4492
2020-05-28 16:14:33,mainnet,10154691,10150373,4318
2020-05-28 16:16:03,mainnet,10154705,10150527,4178
2020-05-28 16:17:39,mainnet,10154714,10150702,4012
2020-05-28 16:19:21,mainnet,10154722,10150894,3828
2020-05-28 16:20:45,mainnet,10154728,10151047,3681
2020-05-28 16:22:30,mainnet,10154733,10151215,3518
2020-05-28 16:23:54,mainnet,10154739,10151371,3368
2020-05-28 16:25:16,mainnet,10154749,10151559,3190
2020-05-28 16:26:43,mainnet,10154755,10151740,3015
2020-05-28 16:28:20,mainnet,10154759,10151877,2882
2020-05-28 16:29:42,mainnet,10154764,10151967,2797
2020-05-28 16:31:07,mainnet,10154771,10152048,2723
2020-05-28 16:32:38,mainnet,10154781,10152130,2651
2020-05-28 16:34:09,mainnet,10154788,10152206,2582
2020-05-28 16:35:34,mainnet,10154794,10152340,2454
2020-05-28 16:37:01,mainnet,10154797,10152491,2306
2020-05-28 16:38:27,mainnet,10154802,10152647,2155
2020-05-28 16:39:50,mainnet,10154815,10152884,1931
2020-05-28 16:41:41,mainnet,10154820,10153081,1739
2020-05-28 16:43:14,mainnet,10154826,10153254,1572
2020-05-28 16:44:41,mainnet,10154831,10153426,1405
2020-05-28 16:46:03,mainnet,10154837,10153588,1249
2020-05-28 16:47:40,mainnet,10154848,10153768,1080
2020-05-28 16:49:03,mainnet,10154855,10153912,943
2020-05-28 16:50:30,mainnet,10154857,10154067,790
2020-05-28 16:51:53,mainnet,10154864,10154238,626
2020-05-28 16:53:23,mainnet,10154870,10154399,471
2020-05-28 16:54:56,mainnet,10154878,10154498,380
2020-05-28 16:56:30,mainnet,10154885,10154604,281
2020-05-28 16:58:06,mainnet,10154892,10154683,209
2020-05-28 16:59:43,mainnet,10154901,10154755,146
2020-05-28 17:01:07,mainnet,10154915,10154841,74
2020-05-28 17:02:53,mainnet,10154923,10154923,0
2020-05-28 17:04:32,mainnet,10154935,10154927,8
2020-05-28 17:06:06,mainnet,10154940,10154940,0
2020-05-28 17:07:35,mainnet,10154946,10154942,4
2020-05-28 18:33:01,mainnet,10155316,10154947,369
2020-05-28 18:34:32,mainnet,10155321,10155038,283
2020-05-28 18:35:57,mainnet,10155328,10155139,189
2020-05-28 18:37:19,mainnet,10155335,10155304,31
2020-05-28 18:38:44,mainnet,10155347,10155344,3
2020-05-28 18:41:10,mainnet,10155354,10155344,10
2020-05-28 18:42:32,mainnet,10155365,10155361,4
2020-05-28 18:46:55,mainnet,10155387,10155388,-1
2020-05-28 18:48:33,mainnet,10155397,10155397,0
2020-05-28 18:50:02,mainnet,10155402,10155402,0
2020-05-28 18:51:36,mainnet,10155405,10155407,-2
2020-05-28 18:53:13,mainnet,10155414,10155412,2
2020-05-28 18:54:39,mainnet,10155420,10155415,5
2020-05-28 18:56:06,mainnet,10155423,10155422,1
2020-05-28 18:57:36,mainnet,10155429,10155428,1
2020-05-28 18:59:05,mainnet,10155440,10155433,7
2020-05-28 19:00:31,mainnet,10155446,10155445,1
2020-05-28 19:01:54,mainnet,10155452,10155447,5
2020-05-28 19:03:52,mainnet,10155462,10155459,3
2020-05-28 19:05:23,mainnet,10155469,10155469,0
2020-05-28 19:06:55,mainnet,10155473,10155473,0
2020-05-28 19:08:27,mainnet,10155485,10155485,0
2020-05-28 19:10:09,mainnet,10155492,10155492,0
2020-05-28 19:11:44,mainnet,10155503,10155503,0
2020-05-28 19:13:30,mainnet,10155509,10155509,0
2020-05-28 19:14:57,mainnet,10155513,10155513,0
2020-05-28 19:16:21,mainnet,10155521,10155521,0
2020-05-28 19:17:55,mainnet,10155528,10155528,0
2020-05-28 19:19:42,mainnet,10155535,10155535,0
2020-05-28 19:21:32,mainnet,10155542,10155542,0
2020-05-28 19:23:17,mainnet,10155548,10155547,1
2020-05-28 19:24:47,mainnet,10155558,10155558,0
2020-05-28 19:26:38,mainnet,10155571,10155572,-1
2020-05-28 19:28:18,mainnet,10155578,10155578,0
2020-05-28 19:29:46,mainnet,10155584,10155583,1
2020-05-28 19:31:28,mainnet,10155592,10155590,2
2020-05-28 19:33:01,mainnet,10155605,10155602,3
2020-05-28 19:34:53,mainnet,10155609,10155609,0
2020-05-28 19:36:58,mainnet,10155619,10155613,6
2020-05-28 19:39:00,mainnet,10155626,10155622,4
2020-05-28 19:40:57,mainnet,10155637,10155637,0
2020-05-28 19:42:28,mainnet,10155650,10155640,10
2020-05-28 19:44:31,mainnet,10155663,10155640,23
2020-05-28 19:46:42,mainnet,10155678,10155640,38
2020-05-28 19:48:39,mainnet,10155687,10155661,26
2020-05-28 19:50:43,mainnet,10155695,10155661,34
2020-05-28 19:56:36,mainnet,10155718,10155661,57
2020-05-28 19:58:51,mainnet,10155724,10155661,63
2020-05-28 20:00:54,mainnet,10155736,10155736,0
2020-05-28 20:03:19,mainnet,10155745,10155745,0
2020-05-28 20:04:57,mainnet,10155754,10155754,0
2020-05-28 20:06:35,mainnet,10155761,10155761,0
2020-05-28 20:08:15,mainnet,10155763,10155763,0
2020-05-28 20:09:44,mainnet,10155771,10155769,2
2020-05-28 20:11:28,mainnet,10155778,10155779,-1
2020-05-28 20:13:30,mainnet,10155791,10155790,1
2020-05-28 20:15:10,mainnet,10155802,10155802,0
2020-05-28 20:17:04,mainnet,10155808,10155808,0
2020-05-28 20:18:44,mainnet,10155823,10155823,0
2020-05-28 20:20:32,mainnet,10155830,10155830,0
2020-05-28 20:22:06,mainnet,10155837,10155835,2
2020-05-28 20:23:43,mainnet,10155852,10155835,17
2020-05-28 20:25:21,mainnet,10155860,10155859,1
2020-05-28 20:27:03,mainnet,10155866,10155866,0
2020-05-28 20:28:33,mainnet,10155871,10155872,-1
2020-05-28 20:30:11,mainnet,10155883,10155883,0
2020-05-28 20:32:19,mainnet,10155889,10155888,1
2020-05-28 20:33:57,mainnet,10155891,10155888,3
2020-05-28 20:35:27,mainnet,10155895,10155888,7
2020-05-28 20:36:56,mainnet,10155905,10155903,2
2020-05-28 20:38:54,mainnet,10155911,10155911,0
2020-05-28 20:40:28,mainnet,10155919,10155919,0
2020-05-28 20:41:55,mainnet,10155929,10155928,1
2020-05-28 20:43:27,mainnet,10155936,10155936,0
2020-05-28 20:45:04,mainnet,10155943,10155944,-1
2020-05-28 20:46:38,mainnet,10155953,10155953,0
2020-05-28 20:48:22,mainnet,10155957,10155957,0
2020-05-28 20:49:56,mainnet,10155966,10155964,2
2020-05-28 20:51:25,mainnet,10155970,10155969,1
2020-05-28 20:52:58,mainnet,10155974,10155974,0
2020-05-28 20:54:38,mainnet,10155981,10155981,0
2020-05-28 20:56:10,mainnet,10155988,10155987,1
2020-05-28 20:57:39,mainnet,10155992,10155989,3
2020-05-28 20:59:48,mainnet,10155998,10155998,0
2020-05-28 21:01:35,mainnet,10156005,10156003,2
2020-05-28 21:03:05,mainnet,10156007,10156007,0
2020-05-28 21:04:40,mainnet,10156012,10156011,1
2020-05-28 21:06:24,mainnet,10156020,10156020,0
2020-05-28 21:08:03,mainnet,10156029,10156029,0
2020-05-28 21:10:07,mainnet,10156035,10156035,0
2020-05-28 21:11:45,mainnet,10156042,10156042,0
2020-05-28 21:13:25,mainnet,10156049,10156049,0
2020-05-28 21:14:53,mainnet,10156053,10156053,0
2020-05-28 21:16:31,mainnet,10156055,10156055,0
2020-05-28 21:18:02,mainnet,10156064,10156064,0
2020-05-28 21:19:40,mainnet,10156075,10156075,0
2020-05-28 21:21:26,mainnet,10156081,10156081,0
2020-05-28 21:23:09,mainnet,10156093,10156092,1
2020-05-28 21:24:43,mainnet,10156103,10156099,4
2020-05-28 21:26:12,mainnet,10156109,10156109,0
2020-05-28 21:27:47,mainnet,10156115,10156115,0
2020-05-28 21:29:21,mainnet,10156119,10156116,3
2020-05-28 21:30:56,mainnet,10156126,10156126,0
2020-05-28 21:32:33,mainnet,10156131,10156128,3
2020-05-28 21:34:12,mainnet,10156138,10156131,7
2020-05-28 21:35:47,mainnet,10156150,10156148,2
2020-05-28 21:37:27,mainnet,10156158,10156155,3
2020-05-28 21:39:08,mainnet,10156164,10156164,0
2020-05-28 21:40:52,mainnet,10156169,10156170,-1
2020-05-28 21:42:27,mainnet,10156174,10156173,1
2020-05-28 21:44:05,mainnet,10156181,10156181,0
2020-05-28 21:45:37,mainnet,10156185,10156185,0
2020-05-28 21:47:06,mainnet,10156198,10156198,0
2020-05-28 21:48:59,mainnet,10156206,10156199,7
2020-05-28 21:50:34,mainnet,10156214,10156213,1
2020-05-28 21:52:35,mainnet,10156220,10156220,0
2020-05-28 21:54:14,mainnet,10156226,10156226,0
2020-05-28 21:55:50,mainnet,10156230,10156230,0
2020-05-28 21:57:28,mainnet,10156233,10156233,0
2020-05-28 21:59:10,mainnet,10156238,10156233,5
2020-05-28 22:00:45,mainnet,10156246,10156245,1
2020-05-28 22:02:21,mainnet,10156253,10156253,0
2020-05-28 22:04:23,mainnet,10156259,10156260,-1
2020-05-28 22:05:58,mainnet,10156269,10156269,0
2020-05-28 22:07:27,mainnet,10156277,10156277,0
2020-05-28 22:09:14,mainnet,10156287,10156284,3
2020-05-28 22:10:49,mainnet,10156296,10156290,6
2020-05-28 22:12:19,mainnet,10156303,10156304,-1
2020-05-28 22:14:09,mainnet,10156311,10156311,0
2020-05-28 22:15:47,mainnet,10156320,10156320,0
2020-05-28 22:17:22,mainnet,10156326,10156326,0
2020-05-28 22:18:58,mainnet,10156335,10156335,0
2020-05-28 22:20:37,mainnet,10156343,10156343,0
2020-05-28 22:22:12,mainnet,10156349,10156348,1
2020-05-28 22:24:11,mainnet,10156358,10156358,0
2020-05-28 22:25:56,mainnet,10156368,10156365,3
2020-05-28 22:28:01,mainnet,10156374,10156372,2
2020-05-28 22:29:39,mainnet,10156379,10156372,7
2020-05-28 22:31:16,mainnet,10156386,10156372,14
2020-05-28 22:32:48,mainnet,10156390,10156390,0
2020-05-28 22:34:28,mainnet,10156396,10156392,4
2020-05-28 22:36:10,mainnet,10156414,10156405,9
2020-05-28 22:38:11,mainnet,10156424,10156405,19
2020-05-28 22:39:50,mainnet,10156434,10156434,0
2020-05-28 22:42:01,mainnet,10156443,10156439,4
2020-05-28 22:43:42,mainnet,10156448,10156443,5
2020-05-28 22:45:19,mainnet,10156453,10156443,10
2020-05-28 22:46:45,mainnet,10156461,10156461,0
2020-05-28 22:48:17,mainnet,10156468,10156468,0
2020-05-28 22:50:04,mainnet,10156473,10156472,1
2020-05-28 22:51:46,mainnet,10156482,10156482,0
2020-05-28 22:53:34,mainnet,10156487,10156482,5
2020-05-28 22:55:13,mainnet,10156491,10156491,0
2020-05-28 22:56:48,mainnet,10156497,10156497,0
2020-05-28 22:58:38,mainnet,10156506,10156504,2
2020-05-28 23:00:12,mainnet,10156515,10156513,2
2020-05-28 23:02:01,mainnet,10156520,10156520,0
2020-05-28 23:03:32,mainnet,10156529,10156526,3
2020-05-28 23:05:01,mainnet,10156533,10156533,0
2020-05-28 23:06:32,mainnet,10156543,10156538,5
2020-05-28 23:08:11,mainnet,10156546,10156543,3
2020-05-28 23:09:58,mainnet,10156560,10156553,7
2020-05-28 23:11:32,mainnet,10156567,10156567,0
2020-05-28 23:13:21,mainnet,10156576,10156576,0
2020-05-28 23:15:02,mainnet,10156587,10156587,0
2020-05-28 23:16:49,mainnet,10156591,10156591,0
2020-05-28 23:18:24,mainnet,10156593,10156593,0
2020-05-28 23:19:57,mainnet,10156606,10156606,0
2020-05-28 23:21:31,mainnet,10156613,10156613,0
2020-05-28 23:23:40,mainnet,10156624,10156623,1
2020-05-28 23:25:09,mainnet,10156629,10156627,2
2020-05-28 23:26:48,mainnet,10156634,10156632,2
2020-05-28 23:28:32,mainnet,10156637,10156632,5
2020-05-28 23:30:12,mainnet,10156640,10156637,3
2020-05-28 23:31:47,mainnet,10156653,10156647,6
2020-05-28 23:33:40,mainnet,10156658,10156647,11
2020-05-28 23:35:18,mainnet,10156666,10156666,0
2020-05-28 23:36:54,mainnet,10156673,10156669,4
2020-05-28 23:38:23,mainnet,10156682,10156680,2
2020-05-28 23:39:55,mainnet,10156685,10156685,0
2020-05-28 23:41:29,mainnet,10156696,10156694,2
2020-05-28 23:43:10,mainnet,10156701,10156701,0
2020-05-28 23:44:40,mainnet,10156709,10156709,0
2020-05-28 23:46:21,mainnet,10156714,10156714,0
2020-05-28 23:47:53,mainnet,10156721,10156721,0
2020-05-28 23:49:27,mainnet,10156727,10156722,5
2020-05-28 23:51:05,mainnet,10156735,10156735,0
2020-05-28 23:52:44,mainnet,10156744,10156744,0
2020-05-28 23:54:44,mainnet,10156754,10156754,0
2020-05-28 23:56:30,mainnet,10156757,10156757,0
2020-05-28 23:57:56,mainnet,10156759,10156759,0
2020-05-28 23:59:33,mainnet,10156765,10156765,0
2020-05-29 00:01:23,mainnet,10156774,10156772,2
2020-05-29 00:03:02,mainnet,10156785,10156780,5
2020-05-29 00:04:44,mainnet,10156789,10156787,2
2020-05-29 00:06:11,mainnet,10156795,10156795,0
2020-05-29 00:07:39,mainnet,10156800,10156797,3
2020-05-29 00:09:12,mainnet,10156808,10156806,2
2020-05-29 00:10:53,mainnet,10156819,10156811,8
2020-05-29 00:12:21,mainnet,10156826,10156811,15
2020-05-29 00:13:54,mainnet,10156836,10156811,25
2020-05-29 00:15:19,mainnet,10156844,10156845,-1
2020-05-29 00:17:16,mainnet,10156858,10156859,-1
2020-05-29 00:18:49,mainnet,10156872,10156868,4
2020-05-29 00:20:41,mainnet,10156880,10156880,0
2020-05-29 00:22:09,mainnet,10156888,10156888,0
2020-05-29 00:23:43,mainnet,10156896,10156896,0
2020-05-29 00:25:17,mainnet,10156902,10156902,0
2020-05-29 00:27:02,mainnet,10156909,10156909,0
2020-05-29 00:28:41,mainnet,10156917,10156917,0
2020-05-29 00:30:13,mainnet,10156926,10156924,2
2020-05-29 00:31:44,mainnet,10156932,10156932,0
2020-05-29 00:33:21,mainnet,10156937,10156936,1
2020-05-29 00:35:26,mainnet,10156943,10156942,1
2020-05-29 00:36:54,mainnet,10156952,10156947,5
2020-05-29 00:38:38,mainnet,10156959,10156958,1
2020-05-29 00:40:02,mainnet,10156968,10156958,10
2020-05-29 00:41:35,mainnet,10156979,10156976,3
2020-05-29 00:43:15,mainnet,10156989,10156989,0
2020-05-29 00:44:43,mainnet,10156997,10156994,3
2020-05-29 00:46:20,mainnet,10157004,10157000,4
2020-05-29 00:47:53,mainnet,10157009,10157000,9
2020-05-29 00:49:23,mainnet,10157012,10157000,12
2020-05-29 00:50:57,mainnet,10157015,10157010,5
2020-05-29 00:52:22,mainnet,10157024,10157022,2
2020-05-29 00:54:01,mainnet,10157031,10157030,1
2020-05-29 00:55:38,mainnet,10157040,10157040,0
2020-05-29 00:57:16,mainnet,10157046,10157041,5
2020-05-29 00:58:54,mainnet,10157053,10157052,1
2020-05-29 01:00:40,mainnet,10157059,10157059,0
2020-05-29 01:02:14,mainnet,10157069,10157069,0
2020-05-29 01:03:58,mainnet,10157076,10157076,0
2020-05-29 01:05:37,mainnet,10157084,10157082,2
2020-05-29 01:07:02,mainnet,10157089,10157087,2
2020-05-29 01:08:36,mainnet,10157096,10157096,0
2020-05-29 01:10:11,mainnet,10157102,10157102,0
2020-05-29 01:11:52,mainnet,10157115,10157110,5
2020-05-29 01:13:28,mainnet,10157125,10157124,1
2020-05-29 01:15:13,mainnet,10157136,10157124,12
2020-05-29 01:16:49,mainnet,10157143,10157143,0
2020-05-29 01:18:21,mainnet,10157150,10157149,1
2020-05-29 01:20:07,mainnet,10157158,10157158,0
2020-05-29 01:21:37,mainnet,10157165,10157164,1
2020-05-29 01:23:03,mainnet,10157169,10157164,5
2020-05-29 01:24:38,mainnet,10157175,10157175,0
2020-05-29 01:26:06,mainnet,10157178,10157178,0
2020-05-29 01:27:37,mainnet,10157183,10157183,0
2020-05-29 01:29:10,mainnet,10157195,10157196,-1
2020-05-29 01:30:50,mainnet,10157210,10157210,0
2020-05-29 01:32:43,mainnet,10157217,10157216,1
2020-05-29 01:34:26,mainnet,10157228,10157227,1
2020-05-29 01:35:59,mainnet,10157236,10157236,0
2020-05-29 01:37:40,mainnet,10157239,10157239,0
2020-05-29 01:39:24,mainnet,10157246,10157246,0
2020-05-29 01:41:00,mainnet,10157255,10157255,0
2020-05-29 01:42:33,mainnet,10157263,10157262,1
2020-05-29 01:44:13,mainnet,10157267,10157267,0
2020-05-29 01:45:41,mainnet,10157271,10157271,0
2020-05-29 01:47:09,mainnet,10157281,10157280,1
2020-05-29 01:49:09,mainnet,10157293,10157293,0
2020-05-29 01:50:40,mainnet,10157300,10157297,3
2020-05-29 01:52:18,mainnet,10157309,10157307,2
2020-05-29 01:53:44,mainnet,10157315,10157308,7
2020-05-29 01:55:09,mainnet,10157327,10157327,0
2020-05-29 01:56:55,mainnet,10157334,10157334,0
2020-05-29 01:58:49,mainnet,10157337,10157334,3
2020-05-29 02:00:21,mainnet,10157339,10157339,0
2020-05-29 02:01:46,mainnet,10157346,10157346,0
2020-05-29 02:03:14,mainnet,10157352,10157352,0
2020-05-29 02:05:04,mainnet,10157363,10157354,9
2020-05-29 02:06:30,mainnet,10157371,10157372,-1
2020-05-29 02:08:40,mainnet,10157381,10157377,4
2020-05-29 02:10:09,mainnet,10157400,10157396,4
2020-05-29 02:12:32,mainnet,10157407,10157407,0
2020-05-29 02:14:12,mainnet,10157415,10157415,0
2020-05-29 02:15:52,mainnet,10157422,10157423,-1
2020-05-29 02:17:23,mainnet,10157429,10157429,0
2020-05-29 02:19:01,mainnet,10157436,10157436,0
2020-05-29 02:20:31,mainnet,10157443,10157443,0
2020-05-29 02:22:23,mainnet,10157451,10157451,0
2020-05-29 02:23:59,mainnet,10157459,10157458,1
2020-05-29 02:25:30,mainnet,10157466,10157467,-1
2020-05-29 02:27:18,mainnet,10157472,10157472,0
2020-05-29 02:28:59,mainnet,10157477,10157478,-1
2020-05-29 02:30:51,mainnet,10157486,10157486,0
2020-05-29 02:32:35,mainnet,10157491,10157491,0
2020-05-29 02:34:13,mainnet,10157498,10157498,0
2020-05-29 02:35:49,mainnet,10157507,10157506,1
2020-05-29 02:37:25,mainnet,10157512,10157512,0
2020-05-29 02:38:56,mainnet,10157518,10157517,1
2020-05-29 02:40:59,mainnet,10157521,10157521,0
2020-05-29 02:42:23,mainnet,10157526,10157523,3
2020-05-29 02:44:05,mainnet,10157535,10157523,12
2020-05-29 02:45:46,mainnet,10157542,10157524,18
2020-05-29 02:47:14,mainnet,10157551,10157551,0
2020-05-29 02:48:47,mainnet,10157555,10157555,0
2020-05-29 02:50:19,mainnet,10157562,10157562,0
2020-05-29 02:51:51,mainnet,10157572,10157571,1
2020-05-29 02:53:28,mainnet,10157579,10157579,0
2020-05-29 02:54:59,mainnet,10157587,10157587,0
2020-05-29 02:56:42,mainnet,10157595,10157595,0
2020-05-29 02:58:10,mainnet,10157605,10157605,0
2020-05-29 02:59:42,mainnet,10157610,10157610,0
2020-05-29 03:01:13,mainnet,10157616,10157615,1
2020-05-29 03:03:00,mainnet,10157620,10157620,0
2020-05-29 03:04:39,mainnet,10157625,10157625,0
2020-05-29 03:06:07,mainnet,10157636,10157635,1
2020-05-29 03:07:52,mainnet,10157643,10157643,0
2020-05-29 03:09:48,mainnet,10157653,10157653,0
2020-05-29 03:11:24,mainnet,10157665,10157664,1
2020-05-29 03:13:26,mainnet,10157672,10157666,6
2020-05-29 03:14:51,mainnet,10157677,10157676,1
2020-05-29 03:16:20,mainnet,10157681,10157682,-1
2020-05-29 03:17:57,mainnet,10157688,10157688,0
2020-05-29 03:19:37,mainnet,10157695,10157695,0
2020-05-29 03:21:07,mainnet,10157706,10157706,0
2020-05-29 03:22:31,mainnet,10157709,10157709,0
2020-05-29 03:24:15,mainnet,10157719,10157720,-1
2020-05-29 03:25:46,mainnet,10157727,10157727,0
2020-05-29 03:27:39,mainnet,10157740,10157727,13
2020-05-29 03:29:09,mainnet,10157747,10157747,0
2020-05-29 03:30:44,mainnet,10157755,10157754,1
2020-05-29 03:32:17,mainnet,10157763,10157762,1
2020-05-29 03:33:55,mainnet,10157772,10157762,10
2020-05-29 03:35:28,mainnet,10157776,10157775,1
2020-05-29 03:37:20,mainnet,10157783,10157783,0
2020-05-29 03:38:55,mainnet,10157790,10157790,0
2020-05-29 03:40:21,mainnet,10157797,10157797,0
2020-05-29 03:41:59,mainnet,10157804,10157801,3
2020-05-29 03:43:24,mainnet,10157810,10157810,0
2020-05-29 03:44:55,mainnet,10157815,10157815,0
2020-05-29 03:46:38,mainnet,10157819,10157818,1
2020-05-29 03:48:03,mainnet,10157822,10157822,0
2020-05-29 03:49:29,mainnet,10157829,10157828,1
2020-05-29 03:50:54,mainnet,10157835,10157834,1
2020-05-29 03:52:27,mainnet,10157838,10157838,0
2020-05-29 03:54:00,mainnet,10157844,10157843,1
2020-05-29 03:55:42,mainnet,10157849,10157849,0
2020-05-29 03:57:12,mainnet,10157854,10157854,0
2020-05-29 03:58:39,mainnet,10157862,10157862,0
2020-05-29 04:00:11,mainnet,10157868,10157868,0
2020-05-29 04:01:45,mainnet,10157876,10157876,0
2020-05-29 04:03:30,mainnet,10157877,10157877,0
2020-05-29 04:05:00,mainnet,10157881,10157881,0
2020-05-29 04:06:23,mainnet,10157885,10157885,0
2020-05-29 04:08:05,mainnet,10157893,10157893,0
2020-05-29 04:10:02,mainnet,10157899,10157899,0
2020-05-29 04:11:31,mainnet,10157908,10157908,0
2020-05-29 04:13:14,mainnet,10157916,10157917,-1
2020-05-29 04:14:40,mainnet,10157925,10157925,0
2020-05-29 04:16:09,mainnet,10157928,10157928,0
2020-05-29 04:17:49,mainnet,10157930,10157930,0
2020-05-29 04:19:21,mainnet,10157934,10157934,0
2020-05-29 04:21:04,mainnet,10157944,10157936,8
2020-05-29 04:22:33,mainnet,10157954,10157947,7
2020-05-29 04:24:07,mainnet,10157959,10157959,0
2020-05-29 04:25:30,mainnet,10157967,10157964,3
2020-05-29 04:27:04,mainnet,10157972,10157972,0
2020-05-29 04:28:31,mainnet,10157981,10157981,0
2020-05-29 04:29:56,mainnet,10157985,10157985,0
2020-05-29 04:31:31,mainnet,10157991,10157991,0
2020-05-29 04:33:05,mainnet,10157998,10157998,0
2020-05-29 04:34:37,mainnet,10158006,10158006,0
2020-05-29 04:36:36,mainnet,10158014,10158015,-1
2020-05-29 04:38:07,mainnet,10158026,10158027,-1
2020-05-29 04:39:44,mainnet,10158036,10158036,0
2020-05-29 04:41:27,mainnet,10158038,10158038,0
2020-05-29 04:43:08,mainnet,10158045,10158045,0
2020-05-29 04:44:37,mainnet,10158048,10158048,0
2020-05-29 04:46:13,mainnet,10158054,10158055,-1
2020-05-29 04:47:55,mainnet,10158062,10158060,2
2020-05-29 04:49:20,mainnet,10158072,10158072,0
2020-05-29 04:50:57,mainnet,10158078,10158073,5
2020-05-29 04:52:44,mainnet,10158090,10158090,0
2020-05-29 04:54:20,mainnet,10158097,10158097,0
2020-05-29 04:55:54,mainnet,10158105,10158105,0
2020-05-29 04:57:20,mainnet,10158110,10158110,0
2020-05-29 04:59:05,mainnet,10158126,10158123,3
2020-05-29 05:01:23,mainnet,10158138,10158129,9
2020-05-29 05:03:23,mainnet,10158144,10158144,0
2020-05-29 05:04:57,mainnet,10158151,10158151,0
2020-05-29 05:06:45,mainnet,10158158,10158158,0
2020-05-29 05:08:20,mainnet,10158163,10158163,0
2020-05-29 05:10:01,mainnet,10158170,10158170,0
2020-05-29 05:11:36,mainnet,10158179,10158179,0
2020-05-29 05:13:13,mainnet,10158189,10158189,0
2020-05-29 05:14:37,mainnet,10158201,10158196,5
2020-05-29 05:16:02,mainnet,10158210,10158209,1
2020-05-29 05:17:38,mainnet,10158219,10158219,0
2020-05-29 05:19:26,mainnet,10158225,10158225,0
2020-05-29 05:21:07,mainnet,10158230,10158230,0
2020-05-29 05:22:41,mainnet,10158241,10158230,11
2020-05-29 05:24:17,mainnet,10158250,10158250,0
2020-05-29 05:25:47,mainnet,10158256,10158256,0
2020-05-29 05:27:44,mainnet,10158262,10158261,1
2020-05-29 05:29:22,mainnet,10158269,10158266,3
2020-05-29 05:30:56,mainnet,10158278,10158278,0
2020-05-29 05:32:28,mainnet,10158286,10158286,0
2020-05-29 05:34:10,mainnet,10158293,10158293,0
2020-05-29 05:36:24,mainnet,10158304,10158304,0
2020-05-29 05:38:16,mainnet,10158318,10158309,9
2020-05-29 05:39:49,mainnet,10158324,10158324,0
2020-05-29 05:41:16,mainnet,10158329,10158329,0
2020-05-29 05:42:48,mainnet,10158338,10158337,1
2020-05-29 05:44:14,mainnet,10158342,10158339,3
2020-05-29 05:45:42,mainnet,10158347,10158339,8
2020-05-29 05:47:17,mainnet,10158357,10158357,0
2020-05-29 05:49:03,mainnet,10158370,10158364,6
2020-05-29 05:50:50,mainnet,10158376,10158372,4
2020-05-29 05:52:57,mainnet,10158382,10158379,3
2020-05-29 05:54:34,mainnet,10158393,10158383,10
2020-05-29 05:55:57,mainnet,10158398,10158398,0
2020-05-29 05:57:43,mainnet,10158404,10158404,0
2020-05-29 05:59:27,mainnet,10158410,10158409,1
2020-05-29 06:01:07,mainnet,10158414,10158414,0
2020-05-29 06:02:45,mainnet,10158421,10158416,5
2020-05-29 06:04:21,mainnet,10158424,10158424,0
2020-05-29 06:05:56,mainnet,10158430,10158430,0
2020-05-29 06:07:53,mainnet,10158437,10158437,0
2020-05-29 06:09:29,mainnet,10158447,10158447,0
2020-05-29 06:10:58,mainnet,10158454,10158454,0
2020-05-29 06:12:30,mainnet,10158462,10158459,3
2020-05-29 06:14:10,mainnet,10158471,10158471,0
2020-05-29 06:15:46,mainnet,10158481,10158480,1
2020-05-29 06:17:16,mainnet,10158486,10158480,6
2020-05-29 06:18:47,mainnet,10158495,10158480,15
2020-05-29 06:20:23,mainnet,10158500,10158500,0
2020-05-29 06:21:56,mainnet,10158507,10158506,1
2020-05-29 06:23:27,mainnet,10158511,10158511,0
2020-05-29 06:25:03,mainnet,10158519,10158519,0
2020-05-29 06:26:39,mainnet,10158534,10158532,2
2020-05-29 06:28:17,mainnet,10158540,10158540,0
2020-05-29 06:29:46,mainnet,10158546,10158546,0
2020-05-29 06:31:10,mainnet,10158548,10158548,0
2020-05-29 06:32:42,mainnet,10158552,10158552,0
2020-05-29 06:34:22,mainnet,10158556,10158555,1
2020-05-29 06:36:16,mainnet,10158563,10158563,0
2020-05-29 06:37:47,mainnet,10158574,10158574,0
2020-05-29 06:39:26,mainnet,10158581,10158577,4
2020-05-29 06:40:51,mainnet,10158590,10158590,0
2020-05-29 06:42:20,mainnet,10158598,10158596,2
2020-05-29 06:44:09,mainnet,10158600,10158600,0
2020-05-29 06:45:39,mainnet,10158604,10158604,0
2020-05-29 06:47:05,mainnet,10158611,10158611,0
2020-05-29 06:48:45,mainnet,10158621,10158621,0
2020-05-29 06:50:13,mainnet,10158626,10158626,0
2020-05-29 06:51:45,mainnet,10158632,10158632,0
2020-05-29 06:53:13,mainnet,10158639,10158639,0
2020-05-29 06:55:08,mainnet,10158644,10158643,1
2020-05-29 06:56:40,mainnet,10158652,10158651,1
2020-05-29 06:58:21,mainnet,10158662,10158661,1
2020-05-29 07:00:17,mainnet,10158674,10158672,2
2020-05-29 07:01:49,mainnet,10158682,10158679,3
2020-05-29 07:03:17,mainnet,10158690,10158687,3
2020-05-29 07:04:46,mainnet,10158695,10158694,1
2020-05-29 07:06:38,mainnet,10158707,10158707,0
2020-05-29 07:08:32,mainnet,10158714,10158714,0
2020-05-29 07:10:02,mainnet,10158726,10158726,0
2020-05-29 07:11:35,mainnet,10158736,10158730,6
2020-05-29 07:13:16,mainnet,10158740,10158740,0
2020-05-29 07:14:51,mainnet,10158742,10158742,0
2020-05-29 07:16:24,mainnet,10158749,10158748,1
2020-05-29 07:17:50,mainnet,10158752,10158752,0
2020-05-29 07:19:31,mainnet,10158762,10158757,5
2020-05-29 07:20:58,mainnet,10158766,10158766,0
2020-05-29 07:22:35,mainnet,10158781,10158776,5
2020-05-29 07:24:17,mainnet,10158789,10158789,0
2020-05-29 07:26:01,mainnet,10158793,10158793,0
2020-05-29 07:27:33,mainnet,10158799,10158798,1
2020-05-29 07:29:06,mainnet,10158805,10158805,0
2020-05-29 07:30:38,mainnet,10158816,10158810,6
2020-05-29 07:32:06,mainnet,10158823,10158810,13
2020-05-29 07:33:42,mainnet,10158828,10158827,1
2020-05-29 07:35:12,mainnet,10158839,10158838,1
2020-05-29 07:37:31,mainnet,10158848,10158846,2
2020-05-29 07:39:09,mainnet,10158853,10158852,1
2020-05-29 07:40:43,mainnet,10158864,10158857,7
2020-05-29 07:42:58,mainnet,10158875,10158857,18
2020-05-29 07:44:37,mainnet,10158887,10158880,7
2020-05-29 07:46:04,mainnet,10158896,10158886,10
2020-05-29 07:47:34,mainnet,10158901,10158895,6
2020-05-29 07:49:02,mainnet,10158907,10158907,0
2020-05-29 07:50:32,mainnet,10158911,10158911,0
2020-05-29 07:52:01,mainnet,10158919,10158911,8
2020-05-29 07:53:31,mainnet,10158924,10158911,13
2020-05-29 07:55:04,mainnet,10158932,10158932,0
2020-05-29 07:56:34,mainnet,10158942,10158942,0
2020-05-29 07:58:04,mainnet,10158952,10158952,0
2020-05-29 07:59:45,mainnet,10158961,10158961,0
2020-05-29 08:01:21,mainnet,10158966,10158966,0
2020-05-29 08:02:52,mainnet,10158972,10158972,0
2020-05-29 08:04:28,mainnet,10158978,10158978,0
2020-05-29 08:06:01,mainnet,10158987,10158978,9
2020-05-29 08:07:27,mainnet,10158993,10158992,1
2020-05-29 08:09:20,mainnet,10159002,10159002,0
2020-05-29 08:11:04,mainnet,10159005,10159005,0
2020-05-29 08:12:47,mainnet,10159015,10159015,0
2020-05-29 08:14:27,mainnet,10159021,10159021,0
2020-05-29 08:16:02,mainnet,10159027,10159027,0
2020-05-29 08:17:53,mainnet,10159034,10159027,7
2020-05-29 08:19:19,mainnet,10159040,10159037,3
2020-05-29 08:20:48,mainnet,10159047,10159045,2
2020-05-29 08:22:23,mainnet,10159054,10159045,9
2020-05-29 08:23:54,mainnet,10159060,10159059,1
2020-05-29 08:25:28,mainnet,10159067,10159064,3
2020-05-29 08:26:54,mainnet,10159074,10159072,2
2020-05-29 08:28:32,mainnet,10159079,10159079,0
2020-05-29 08:30:15,mainnet,10159084,10159084,0
2020-05-29 08:31:55,mainnet,10159093,10159093,0
2020-05-29 08:33:34,mainnet,10159101,10159100,1
2020-05-29 08:35:08,mainnet,10159108,10159108,0
2020-05-29 08:36:39,mainnet,10159112,10159112,0
2020-05-29 08:38:21,mainnet,10159121,10159115,6
2020-05-29 08:40:41,mainnet,10159136,10159136,0
2020-05-29 08:42:05,mainnet,10159142,10159139,3
2020-05-29 08:43:38,mainnet,10159146,10159139,7
2020-05-29 08:45:10,mainnet,10159152,10159146,6
2020-05-29 08:47:16,mainnet,10159162,10159161,1
2020-05-29 08:49:26,mainnet,10159170,10159170,0
2020-05-29 08:50:53,mainnet,10159178,10159176,2
2020-05-29 08:52:27,mainnet,10159187,10159186,1
2020-05-29 08:54:15,mainnet,10159196,10159196,0
2020-05-29 08:56:18,mainnet,10159203,10159199,4
2020-05-29 08:57:51,mainnet,10159212,10159212,0
2020-05-29 08:59:27,mainnet,10159219,10159219,0
2020-05-29 09:01:15,mainnet,10159224,10159222,2
2020-05-29 09:02:40,mainnet,10159227,10159227,0
2020-05-29 09:04:05,mainnet,10159234,10159231,3
2020-05-29 09:05:35,mainnet,10159239,10159239,0
2020-05-29 09:07:40,mainnet,10159246,10159245,1
2020-05-29 09:09:13,mainnet,10159251,10159251,0
2020-05-29 09:10:41,mainnet,10159253,10159254,-1
2020-05-29 09:12:07,mainnet,10159263,10159263,0
2020-05-29 09:13:36,mainnet,10159272,10159266,6
2020-05-29 09:15:07,mainnet,10159278,10159276,2
2020-05-29 09:16:35,mainnet,10159287,10159287,0
2020-05-29 09:18:09,mainnet,10159293,10159291,2
2020-05-29 09:19:51,mainnet,10159299,10159298,1
2020-05-29 09:21:20,mainnet,10159306,10159307,-1
2020-05-29 09:22:49,mainnet,10159316,10159311,5
2020-05-29 09:24:12,mainnet,10159323,10159318,5
2020-05-29 09:25:41,mainnet,10159334,10159330,4
2020-05-29 09:27:16,mainnet,10159342,10159340,2
2020-05-29 09:28:50,mainnet,10159348,10159348,0
2020-05-29 09:30:27,mainnet,10159355,10159355,0
2020-05-29 09:31:57,mainnet,10159359,10159359,0
2020-05-29 09:33:26,mainnet,10159366,10159362,4
2020-05-29 09:34:56,mainnet,10159368,10159368,0
2020-05-29 09:36:22,mainnet,10159372,10159372,0
2020-05-29 09:37:50,mainnet,10159382,10159376,6
2020-05-29 09:39:36,mainnet,10159384,10159384,0
2020-05-29 09:41:10,mainnet,10159387,10159386,1
2020-05-29 09:42:52,mainnet,10159394,10159393,1
2020-05-29 09:44:31,mainnet,10159402,10159402,0
2020-05-29 09:46:02,mainnet,10159406,10159405,1
2020-05-29 09:47:27,mainnet,10159412,10159410,2
2020-05-29 09:48:56,mainnet,10159422,10159422,0
2020-05-29 09:50:35,mainnet,10159429,10159429,0
2020-05-29 09:52:14,mainnet,10159436,10159436,0
2020-05-29 09:54:00,mainnet,10159440,10159436,4
2020-05-29 09:55:33,mainnet,10159447,10159447,0
2020-05-29 09:57:17,mainnet,10159456,10159456,0
2020-05-29 09:59:04,mainnet,10159460,10159459,1
2020-05-29 10:00:44,mainnet,10159463,10159463,0
2020-05-29 10:02:20,mainnet,10159465,10159465,0
2020-05-29 10:03:56,mainnet,10159467,10159468,-1
2020-05-29 10:05:21,mainnet,10159472,10159472,0
2020-05-29 10:07:10,mainnet,10159484,10159484,0
2020-05-29 10:08:39,mainnet,10159487,10159487,0
2020-05-29 10:10:05,mainnet,10159495,10159494,1
2020-05-29 10:11:33,mainnet,10159505,10159505,0
2020-05-29 10:13:08,mainnet,10159512,10159512,0
2020-05-29 10:14:49,mainnet,10159519,10159519,0
2020-05-29 10:16:27,mainnet,10159531,10159531,0
2020-05-29 10:18:01,mainnet,10159540,10159540,0
2020-05-29 10:19:35,mainnet,10159547,10159547,0
2020-05-29 10:21:06,mainnet,10159553,10159553,0
2020-05-29 10:22:39,mainnet,10159562,10159562,0
2020-05-29 10:24:17,mainnet,10159569,10159569,0
2020-05-29 10:25:47,mainnet,10159577,10159577,0
2020-05-29 10:27:14,mainnet,10159583,10159582,1
2020-05-29 10:28:54,mainnet,10159590,10159590,0
2020-05-29 10:30:18,mainnet,10159598,10159597,1
2020-05-29 10:31:48,mainnet,10159606,10159606,0
2020-05-29 10:33:34,mainnet,10159610,10159610,0
2020-05-29 10:35:10,mainnet,10159612,10159613,-1
2020-05-29 10:37:22,mainnet,10159622,10159622,0
2020-05-29 10:39:13,mainnet,10159632,10159632,0
2020-05-29 10:40:50,mainnet,10159643,10159641,2
2020-05-29 10:42:39,mainnet,10159650,10159650,0
2020-05-29 10:44:26,mainnet,10159657,10159657,0
2020-05-29 10:45:55,mainnet,10159661,10159661,0
2020-05-29 10:47:25,mainnet,10159670,10159670,0
2020-05-29 10:49:04,mainnet,10159679,10159679,0
2020-05-29 10:50:45,mainnet,10159688,10159688,0
2020-05-29 10:52:44,mainnet,10159695,10159695,0
2020-05-29 10:54:18,mainnet,10159704,10159704,0
2020-05-29 10:56:18,mainnet,10159717,10159716,1
2020-05-29 10:57:48,mainnet,10159719,10159719,0
2020-05-29 10:59:14,mainnet,10159724,10159724,0
2020-05-29 11:00:41,mainnet,10159729,10159729,0
2020-05-29 11:02:20,mainnet,10159734,10159734,0
2020-05-29 11:03:56,mainnet,10159735,10159735,0
2020-05-29 11:05:29,mainnet,10159746,10159746,0
2020-05-29 11:07:11,mainnet,10159755,10159755,0
2020-05-29 11:08:35,mainnet,10159770,10159767,3
2020-05-29 11:10:05,mainnet,10159777,10159774,3
2020-05-29 11:11:35,mainnet,10159783,10159783,0
2020-05-29 11:13:03,mainnet,10159793,10159793,0
2020-05-29 11:14:35,mainnet,10159806,10159807,-1
2020-05-29 11:16:18,mainnet,10159815,10159815,0
2020-05-29 11:17:48,mainnet,10159820,10159820,0
2020-05-29 11:19:29,mainnet,10159827,10159827,0
2020-05-29 11:20:54,mainnet,10159833,10159833,0
2020-05-29 11:22:19,mainnet,10159840,10159835,5
2020-05-29 11:23:54,mainnet,10159848,10159849,-1
2020-05-29 11:26:08,mainnet,10159857,10159857,0
2020-05-29 11:28:03,mainnet,10159863,10159862,1
2020-05-29 11:29:42,mainnet,10159869,10159869,0
2020-05-29 11:31:08,mainnet,10159875,10159875,0
2020-05-29 11:32:41,mainnet,10159882,10159882,0
2020-05-29 11:34:15,mainnet,10159888,10159887,1
2020-05-29 11:35:47,mainnet,10159892,10159892,0
2020-05-29 11:37:23,mainnet,10159903,10159900,3
2020-05-29 11:38:51,mainnet,10159909,10159909,0
2020-05-29 11:40:15,mainnet,10159915,10159915,0
2020-05-29 11:41:47,mainnet,10159924,10159924,0
2020-05-29 11:43:35,mainnet,10159933,10159933,0
2020-05-29 11:45:25,mainnet,10159942,10159942,0
2020-05-29 11:47:06,mainnet,10159948,10159948,0
2020-05-29 11:48:49,mainnet,10159955,10159955,0
2020-05-29 11:50:12,mainnet,10159958,10159958,0
2020-05-29 11:51:42,mainnet,10159967,10159967,0
2020-05-29 11:53:07,mainnet,10159971,10159971,0
2020-05-29 11:54:34,mainnet,10159980,10159979,1
2020-05-29 11:56:00,mainnet,10159993,10159993,0
2020-05-29 11:57:48,mainnet,10160004,10160000,4
2020-05-29 11:59:15,mainnet,10160015,10160014,1
2020-05-29 12:00:47,mainnet,10160021,10160021,0
2020-05-29 12:02:25,mainnet,10160031,10160026,5
2020-05-29 12:03:56,mainnet,10160036,10160036,0
2020-05-29 12:05:22,mainnet,10160040,10160037,3
2020-05-29 12:07:02,mainnet,10160045,10160045,0
2020-05-29 12:08:27,mainnet,10160051,10160051,0
2020-05-29 12:09:59,mainnet,10160059,10160059,0
2020-05-29 12:11:26,mainnet,10160066,10160066,0
2020-05-29 12:13:11,mainnet,10160077,10160077,0
2020-05-29 12:15:01,mainnet,10160081,10160081,0
2020-05-29 12:16:26,mainnet,10160086,10160084,2
2020-05-29 12:18:01,mainnet,10160093,10160093,0
2020-05-29 12:19:38,mainnet,10160098,10160099,-1
2020-05-29 12:21:15,mainnet,10160104,10160104,0
2020-05-29 12:22:40,mainnet,10160111,10160111,0
2020-05-29 12:24:06,mainnet,10160114,10160114,0
2020-05-29 12:25:36,mainnet,10160120,10160120,0
2020-05-29 12:27:04,mainnet,10160125,10160126,-1
2020-05-29 12:28:33,mainnet,10160134,10160134,0
2020-05-29 12:30:13,mainnet,10160140,10160140,0
2020-05-29 12:31:38,mainnet,10160146,10160146,0
2020-05-29 12:33:18,mainnet,10160159,10160159,0
2020-05-29 12:34:43,mainnet,10160163,10160163,0
2020-05-29 12:36:37,mainnet,10160170,10160168,2
2020-05-29 12:38:09,mainnet,10160173,10160173,0
2020-05-29 12:40:48,mainnet,10160183,10160183,0
2020-05-29 12:42:22,mainnet,10160190,10160190,0
2020-05-29 12:43:55,mainnet,10160200,10160200,0
2020-05-29 12:45:23,mainnet,10160205,10160205,0
2020-05-29 12:46:49,mainnet,10160214,10160214,0
2020-05-29 12:48:12,mainnet,10160222,10160222,0
2020-05-29 12:49:57,mainnet,10160226,10160227,-1
2020-05-29 12:51:22,mainnet,10160236,10160236,0
2020-05-29 12:52:47,mainnet,10160246,10160244,2
2020-05-29 12:54:23,mainnet,10160251,10160251,0
2020-05-29 12:55:49,mainnet,10160260,10160260,0
2020-05-29 12:57:14,mainnet,10160264,10160264,0
2020-05-29 12:58:43,mainnet,10160270,10160270,0
2020-05-29 13:00:18,mainnet,10160276,10160276,0
2020-05-29 13:01:47,mainnet,10160279,10160279,0
2020-05-29 13:03:18,mainnet,10160286,10160286,0
2020-05-29 13:04:50,mainnet,10160296,10160296,0
2020-05-29 13:06:54,mainnet,10160304,10160304,0
2020-05-29 13:08:28,mainnet,10160315,10160315,0
2020-05-29 13:10:03,mainnet,10160322,10160323,-1
2020-05-29 13:11:27,mainnet,10160330,10160330,0
2020-05-29 13:13:10,mainnet,10160342,10160341,1
2020-05-29 13:14:42,mainnet,10160347,10160347,0
2020-05-29 13:16:11,mainnet,10160353,10160354,-1
2020-05-29 13:17:53,mainnet,10160360,10160360,0
2020-05-29 13:19:42,mainnet,10160366,10160366,0
2020-05-29 13:21:05,mainnet,10160371,10160371,0
2020-05-29 13:22:41,mainnet,10160376,10160376,0
2020-05-29 13:24:15,mainnet,10160384,10160380,4
2020-05-29 13:25:59,mainnet,10160392,10160392,0
2020-05-29 13:27:23,mainnet,10160398,10160398,0
2020-05-29 13:28:56,mainnet,10160404,10160404,0
2020-05-29 13:30:34,mainnet,10160414,10160411,3
2020-05-29 13:32:00,mainnet,10160416,10160416,0
2020-05-29 13:33:24,mainnet,10160421,10160421,0
2020-05-29 13:34:53,mainnet,10160429,10160428,1
2020-05-29 13:36:30,mainnet,10160436,10160436,0
2020-05-29 13:38:13,mainnet,10160448,10160446,2
2020-05-29 13:39:56,mainnet,10160450,10160450,0
2020-05-29 13:41:22,mainnet,10160462,10160462,0
2020-05-29 13:42:55,mainnet,10160467,10160467,0
2020-05-29 13:44:33,mainnet,10160475,10160475,0
2020-05-29 13:46:11,mainnet,10160482,10160483,-1
2020-05-29 13:47:47,mainnet,10160489,10160489,0
2020-05-29 13:49:32,mainnet,10160498,10160498,0
2020-05-29 13:51:04,mainnet,10160511,10160511,0
2020-05-29 13:53:03,mainnet,10160514,10160514,0
2020-05-29 13:54:36,mainnet,10160517,10160517,0
2020-05-29 13:56:04,mainnet,10160525,10160525,0
2020-05-29 13:58:08,mainnet,10160534,10160534,0
2020-05-29 13:59:42,mainnet,10160537,10160537,0
2020-05-29 14:01:22,mainnet,10160548,10160548,0
2020-05-29 14:03:04,mainnet,10160556,10160556,0
2020-05-29 14:04:31,mainnet,10160562,10160562,0
2020-05-29 14:06:02,mainnet,10160570,10160570,0
2020-05-29 14:07:26,mainnet,10160574,10160574,0
2020-05-29 14:09:02,mainnet,10160585,10160585,0
2020-05-29 14:10:48,mainnet,10160592,10160592,0
2020-05-29 14:12:28,mainnet,10160596,10160596,0
2020-05-29 14:14:10,mainnet,10160602,10160602,0
2020-05-29 14:16:25,mainnet,10160613,10160612,1
2020-05-29 14:18:02,mainnet,10160622,10160620,2
2020-05-29 14:19:43,mainnet,10160633,10160621,12
2020-05-29 14:21:09,mainnet,10160643,10160640,3
2020-05-29 14:22:45,mainnet,10160645,10160645,0
2020-05-29 14:24:12,mainnet,10160656,10160656,0
2020-05-29 14:25:38,mainnet,10160662,10160663,-1
2020-05-29 14:27:33,mainnet,10160674,10160674,0
2020-05-29 14:29:07,mainnet,10160683,10160683,0
2020-05-29 14:30:47,mainnet,10160687,10160688,-1
2020-05-29 14:32:15,mainnet,10160699,10160697,2
2020-05-29 14:33:53,mainnet,10160706,10160706,0
2020-05-29 14:35:34,mainnet,10160714,10160714,0
2020-05-29 14:37:10,mainnet,10160716,10160716,0
2020-05-29 14:38:48,mainnet,10160723,10160723,0
2020-05-29 14:40:35,mainnet,10160732,10160732,0
2020-05-29 14:42:07,mainnet,10160741,10160738,3
2020-05-29 14:43:51,mainnet,10160751,10160751,0
2020-05-29 14:45:18,mainnet,10160758,10160758,0
2020-05-29 14:47:02,mainnet,10160763,10160764,-1
2020-05-29 14:48:34,mainnet,10160773,10160771,2
2020-05-29 14:50:01,mainnet,10160777,10160778,-1
2020-05-29 14:51:24,mainnet,10160786,10160786,0
2020-05-29 14:53:03,mainnet,10160789,10160789,0
2020-05-29 14:54:47,mainnet,10160797,10160797,0
2020-05-29 14:56:28,mainnet,10160804,10160804,0
2020-05-29 14:58:08,mainnet,10160810,10160810,0
2020-05-29 14:59:39,mainnet,10160812,10160812,0
2020-05-29 15:01:06,mainnet,10160817,10160817,0
2020-05-29 15:02:49,mainnet,10160826,10160826,0
2020-05-29 15:04:52,mainnet,10160829,10160829,0
2020-05-29 15:06:27,mainnet,10160833,10160833,0
2020-05-29 15:08:01,mainnet,10160838,10160838,0
2020-05-29 15:09:36,mainnet,10160844,10160844,0
2020-05-29 15:11:06,mainnet,10160854,10160854,0
2020-05-29 15:12:37,mainnet,10160865,10160861,4
2020-05-29 15:14:40,mainnet,10160874,10160872,2
2020-05-29 15:16:12,mainnet,10160883,10160881,2
2020-05-29 15:17:55,mainnet,10160893,10160893,0
2020-05-29 15:19:17,mainnet,10160894,10160894,0
2020-05-29 15:20:44,mainnet,10160901,10160901,0
2020-05-29 15:22:07,mainnet,10160909,10160909,0
2020-05-29 15:23:45,mainnet,10160915,10160915,0
2020-05-29 15:25:22,mainnet,10160921,10160921,0
2020-05-29 15:27:13,mainnet,10160930,10160930,0
2020-05-29 15:28:43,mainnet,10160943,10160933,10
2020-05-29 15:30:05,mainnet,10160950,10160950,0
2020-05-29 15:32:04,mainnet,10160959,10160957,2
2020-05-29 15:33:37,mainnet,10160963,10160963,0
2020-05-29 15:35:16,mainnet,10160971,10160970,1
2020-05-29 15:36:39,mainnet,10160983,10160983,0
2020-05-29 15:38:19,mainnet,10160992,10160992,0
2020-05-29 15:39:45,mainnet,10160996,10160996,0
2020-05-29 15:41:18,mainnet,10161006,10161003,3
2020-05-29 15:42:53,mainnet,10161010,10161010,0
2020-05-29 15:44:25,mainnet,10161017,10161017,0
2020-05-29 15:46:00,mainnet,10161024,10161024,0
2020-05-29 15:47:29,mainnet,10161029,10161029,0
2020-05-29 15:49:03,mainnet,10161036,10161036,0
2020-05-29 15:51:01,mainnet,10161041,10161041,0
2020-05-29 15:52:27,mainnet,10161048,10161048,0
2020-05-29 15:54:27,mainnet,10161058,10161058,0
2020-05-29 15:55:52,mainnet,10161064,10161064,0
2020-05-29 15:57:22,mainnet,10161069,10161069,0
2020-05-29 15:58:59,mainnet,10161076,10161076,0
2020-05-29 16:00:33,mainnet,10161087,10161087,0
2020-05-29 16:02:27,mainnet,10161093,10161093,0
2020-05-29 16:04:04,mainnet,10161096,10161096,0
2020-05-29 16:05:39,mainnet,10161103,10161104,-1
2020-05-29 16:07:12,mainnet,10161109,10161109,0
2020-05-29 16:08:41,mainnet,10161115,10161115,0
2020-05-29 16:10:18,mainnet,10161119,10161119,0
2020-05-29 16:11:47,mainnet,10161123,10161123,0
2020-05-29 16:13:20,mainnet,10161132,10161132,0
2020-05-29 16:14:58,mainnet,10161143,10161143,0
2020-05-29 16:16:56,mainnet,10161149,10161148,1
2020-05-29 16:18:21,mainnet,10161164,10161164,0
2020-05-29 16:20:24,mainnet,10161179,10161179,0
2020-05-29 16:22:04,mainnet,10161182,10161182,0
2020-05-29 16:23:30,mainnet,10161187,10161188,-1
2020-05-29 16:25:06,mainnet,10161198,10161196,2
2020-05-29 16:27:15,mainnet,10161211,10161211,0
2020-05-29 16:29:06,mainnet,10161219,10161219,0
2020-05-29 16:30:50,mainnet,10161223,10161224,-1
2020-05-29 16:32:35,mainnet,10161234,10161234,0
2020-05-29 16:34:00,mainnet,10161240,10161240,0
2020-05-29 16:35:34,mainnet,10161244,10161244,0
2020-05-29 16:37:15,mainnet,10161251,10161251,0
2020-05-29 16:38:51,mainnet,10161256,10161256,0
2020-05-29 16:40:24,mainnet,10161261,10161261,0
2020-05-29 16:41:49,mainnet,10161271,10161271,0
2020-05-29 16:43:20,mainnet,10161275,10161275,0
2020-05-29 16:45:15,mainnet,10161287,10161286,1
2020-05-29 16:46:51,mainnet,10161297,10161296,1
2020-05-29 16:48:27,mainnet,10161302,10161304,-2
2020-05-29 16:50:22,mainnet,10161313,10161314,-1
2020-05-29 16:52:02,mainnet,10161321,10161321,0
2020-05-29 16:53:34,mainnet,10161326,10161326,0
2020-05-29 16:55:02,mainnet,10161337,10161337,0
2020-05-29 16:56:30,mainnet,10161343,10161343,0
2020-05-29 16:58:02,mainnet,10161351,10161350,1
2020-05-29 16:59:37,mainnet,10161354,10161354,0
2020-05-29 17:01:07,mainnet,10161359,10161358,1
2020-05-29 17:02:40,mainnet,10161365,10161361,4
2020-05-29 17:04:47,mainnet,10161375,10161375,0
2020-05-29 17:06:19,mainnet,10161384,10161377,7
2020-05-29 17:07:58,mainnet,10161394,10161388,6
2020-05-29 17:09:41,mainnet,10161398,10161398,0
2020-05-29 17:11:12,mainnet,10161412,10161398,14
2020-05-29 17:13:27,mainnet,10161419,10161398,21
2020-05-29 17:15:27,mainnet,10161431,10161431,0
2020-05-29 17:17:58,mainnet,10161442,10161432,10
2020-05-29 17:19:26,mainnet,10161446,10161432,14
2020-05-29 17:21:00,mainnet,10161453,10161453,0
2020-05-29 17:22:31,mainnet,10161458,10161457,1
2020-05-29 17:24:38,mainnet,10161461,10161457,4
2020-05-29 17:26:20,mainnet,10161472,10161457,15
2020-05-29 17:27:51,mainnet,10161478,10161478,0
2020-05-29 17:29:37,mainnet,10161482,10161482,0
2020-05-29 17:31:30,mainnet,10161488,10161488,0
2020-05-29 17:33:48,mainnet,10161496,10161489,7
2020-05-29 17:35:15,mainnet,10161503,10161501,2
2020-05-29 17:37:10,mainnet,10161506,10161506,0
2020-05-29 17:38:51,mainnet,10161513,10161509,4
2020-05-29 17:40:30,mainnet,10161517,10161515,2
2020-05-29 17:42:00,mainnet,10161524,10161524,0
2020-05-29 17:43:42,mainnet,10161530,10161530,0
2020-05-29 17:45:06,mainnet,10161535,10161535,0
2020-05-29 17:47:04,mainnet,10161545,10161543,2
2020-05-29 17:48:29,mainnet,10161549,10161545,4
2020-05-29 17:50:09,mainnet,10161554,10161551,3
2020-05-29 17:51:49,mainnet,10161564,10161551,13
2020-05-29 17:53:31,mainnet,10161575,10161551,24
2020-05-29 17:54:55,mainnet,10161582,10161578,4
2020-05-29 17:56:31,mainnet,10161596,10161593,3
2020-05-29 17:58:03,mainnet,10161607,10161602,5
2020-05-29 17:59:28,mainnet,10161616,10161615,1
2020-05-29 18:00:53,mainnet,10161618,10161618,0
2020-05-29 18:02:31,mainnet,10161623,10161618,5
2020-05-29 18:03:55,mainnet,10161626,10161626,0
2020-05-29 18:05:23,mainnet,10161632,10161631,1
2020-05-29 18:06:59,mainnet,10161638,10161633,5
2020-05-29 18:08:23,mainnet,10161648,10161640,8
2020-05-29 18:09:49,mainnet,10161653,10161640,13
2020-05-29 18:11:16,mainnet,10161661,10161660,1
2020-05-29 18:12:45,mainnet,10161669,10161669,0
2020-05-29 18:14:13,mainnet,10161675,10161675,0
2020-05-29 18:15:41,mainnet,10161682,10161682,0
2020-05-29 18:17:07,mainnet,10161688,10161688,0
2020-05-29 18:19:19,mainnet,10161695,10161693,2
2020-05-29 18:20:56,mainnet,10161697,10161697,0
2020-05-29 18:22:29,mainnet,10161706,10161699,7
2020-05-29 18:23:52,mainnet,10161713,10161713,0
2020-05-29 18:25:41,mainnet,10161723,10161723,0
2020-05-29 18:27:39,mainnet,10161728,10161729,-1
2020-05-29 18:29:13,mainnet,10161739,10161740,-1
2020-05-29 18:30:46,mainnet,10161743,10161744,-1
2020-05-29 18:32:42,mainnet,10161749,10161749,0
2020-05-29 18:34:17,mainnet,10161758,10161758,0
2020-05-29 18:35:43,mainnet,10161762,10161762,0
2020-05-29 18:37:13,mainnet,10161773,10161770,3
2020-05-29 18:38:52,mainnet,10161784,10161770,14
2020-05-29 18:40:21,mainnet,10161796,10161795,1
2020-05-29 18:42:04,mainnet,10161802,10161802,0
2020-05-29 18:43:31,mainnet,10161807,10161807,0
2020-05-29 18:45:10,mainnet,10161815,10161815,0
2020-05-29 18:46:49,mainnet,10161821,10161821,0
2020-05-29 18:48:22,mainnet,10161831,10161829,2
2020-05-29 18:50:05,mainnet,10161836,10161836,0
2020-05-29 18:51:49,mainnet,10161839,10161839,0
2020-05-29 18:53:43,mainnet,10161845,10161840,5
2020-05-29 18:55:11,mainnet,10161853,10161851,2
2020-05-29 18:56:33,mainnet,10161860,10161860,0
2020-05-29 18:58:06,mainnet,10161868,10161868,0
2020-05-29 18:59:41,mainnet,10161876,10161876,0
2020-05-29 19:01:13,mainnet,10161882,10161882,0
2020-05-29 19:02:42,mainnet,10161886,10161886,0
2020-05-29 19:04:17,mainnet,10161890,10161890,0
2020-05-29 19:05:50,mainnet,10161898,10161898,0
2020-05-29 19:07:18,mainnet,10161905,10161905,0
2020-05-29 19:09:11,mainnet,10161914,10161913,1
2020-05-29 19:10:46,mainnet,10161920,10161919,1
2020-05-29 19:12:25,mainnet,10161928,10161926,2
2020-05-29 19:14:19,mainnet,10161934,10161934,0
2020-05-29 19:15:55,mainnet,10161940,10161940,0
2020-05-29 19:17:26,mainnet,10161947,10161947,0
2020-05-29 19:18:58,mainnet,10161952,10161952,0
2020-05-29 19:20:28,mainnet,10161962,10161961,1
2020-05-29 19:21:54,mainnet,10161967,10161967,0
2020-05-29 19:23:19,mainnet,10161972,10161973,-1
2020-05-29 19:24:43,mainnet,10161983,10161982,1
2020-05-29 19:26:53,mainnet,10161993,10161990,3
2020-05-29 19:28:20,mainnet,10162001,10161998,3
2020-05-29 19:30:01,mainnet,10162008,10162008,0
2020-05-29 19:31:46,mainnet,10162014,10162014,0
2020-05-29 19:33:09,mainnet,10162021,10162021,0
2020-05-29 19:34:43,mainnet,10162031,10162031,0
2020-05-29 19:36:23,mainnet,10162036,10162036,0
2020-05-29 19:38:17,mainnet,10162050,10162050,0
2020-05-29 19:39:54,mainnet,10162062,10162062,0
2020-05-29 19:41:24,mainnet,10162067,10162067,0
2020-05-29 19:42:53,mainnet,10162077,10162073,4
2020-05-29 19:44:23,mainnet,10162083,10162083,0
2020-05-29 19:45:54,mainnet,10162095,10162092,3
2020-05-29 19:48:08,mainnet,10162100,10162096,4
2020-05-29 19:49:44,mainnet,10162107,10162104,3
2020-05-29 19:51:12,mainnet,10162113,10162113,0
2020-05-29 19:53:13,mainnet,10162115,10162115,0
2020-05-29 19:54:36,mainnet,10162119,10162119,0
2020-05-29 19:56:21,mainnet,10162125,10162125,0
2020-05-29 19:57:48,mainnet,10162139,10162138,1
2020-05-29 19:59:38,mainnet,10162145,10162144,1
2020-05-29 20:01:10,mainnet,10162155,10162155,0
2020-05-29 20:02:36,mainnet,10162161,10162161,0
2020-05-29 20:04:17,mainnet,10162170,10162169,1
2020-05-29 20:05:43,mainnet,10162175,10162175,0
2020-05-29 20:07:11,mainnet,10162183,10162182,1
2020-05-29 20:08:54,mainnet,10162187,10162186,1
2020-05-29 20:10:31,mainnet,10162191,10162191,0
2020-05-29 20:12:07,mainnet,10162198,10162195,3
2020-05-29 20:13:34,mainnet,10162204,10162204,0
2020-05-29 20:15:18,mainnet,10162212,10162208,4
2020-05-29 20:16:45,mainnet,10162218,10162213,5
2020-05-29 20:18:13,mainnet,10162226,10162221,5
2020-05-29 20:19:56,mainnet,10162233,10162231,2
2020-05-29 20:21:25,mainnet,10162243,10162242,1
2020-05-29 20:22:53,mainnet,10162250,10162243,7
2020-05-29 20:24:44,mainnet,10162260,10162260,0
2020-05-29 20:26:37,mainnet,10162267,10162264,3
2020-05-29 20:28:06,mainnet,10162271,10162271,0
2020-05-29 20:29:43,mainnet,10162280,10162278,2
2020-05-29 20:31:24,mainnet,10162283,10162281,2
2020-05-29 20:33:05,mainnet,10162290,10162288,2
2020-05-29 20:34:46,mainnet,10162300,10162288,12
2020-05-29 20:36:35,mainnet,10162303,10162303,0
2020-05-29 20:38:19,mainnet,10162309,10162309,0
2020-05-29 20:40:28,mainnet,10162324,10162324,0
2020-05-29 20:42:09,mainnet,10162329,10162329,0
2020-05-29 20:44:01,mainnet,10162336,10162336,0
2020-05-29 20:45:44,mainnet,10162348,10162346,2
2020-05-29 20:47:41,mainnet,10162356,10162354,2
2020-05-29 20:49:33,mainnet,10162364,10162363,1
2020-05-29 20:51:04,mainnet,10162370,10162367,3
2020-05-29 20:52:30,mainnet,10162380,10162371,9
2020-05-29 20:53:54,mainnet,10162388,10162374,14
2020-05-29 20:55:22,mainnet,10162399,10162374,25
2020-05-29 20:57:09,mainnet,10162409,10162406,3
2020-05-29 20:58:59,mainnet,10162417,10162411,6
2020-05-29 21:00:21,mainnet,10162423,10162423,0
2020-05-29 21:02:29,mainnet,10162433,10162433,0
2020-05-29 21:03:54,mainnet,10162440,10162437,3
2020-05-29 21:05:30,mainnet,10162448,10162446,2
2020-05-29 21:06:57,mainnet,10162456,10162450,6
2020-05-29 21:08:27,mainnet,10162464,10162464,0
2020-05-29 21:09:59,mainnet,10162470,10162469,1
2020-05-29 21:11:22,mainnet,10162478,10162476,2
2020-05-29 21:13:09,mainnet,10162485,10162485,0
2020-05-29 21:14:38,mainnet,10162489,10162489,0
2020-05-29 21:16:23,mainnet,10162495,10162495,0
2020-05-29 21:18:03,mainnet,10162505,10162505,0
2020-05-29 21:19:26,mainnet,10162509,10162508,1
2020-05-29 21:20:48,mainnet,10162518,10162515,3
2020-05-29 21:22:28,mainnet,10162526,10162527,-1
2020-05-29 21:23:57,mainnet,10162530,10162529,1
2020-05-29 21:25:27,mainnet,10162540,10162540,0
2020-05-29 21:26:51,mainnet,10162547,10162548,-1
2020-05-29 21:28:20,mainnet,10162555,10162554,1
2020-05-29 21:29:49,mainnet,10162566,10162566,0
2020-05-29 21:31:21,mainnet,10162569,10162569,0
2020-05-29 21:33:12,mainnet,10162577,10162577,0
2020-05-29 21:35:01,mainnet,10162588,10162587,1
2020-05-29 21:36:53,mainnet,10162592,10162592,0
2020-05-29 21:38:37,mainnet,10162599,10162599,0
2020-05-29 21:40:11,mainnet,10162605,10162605,0
2020-05-29 21:41:36,mainnet,10162614,10162614,0
2020-05-29 21:43:19,mainnet,10162622,10162621,1
2020-05-29 21:44:45,mainnet,10162632,10162631,1
2020-05-29 21:46:24,mainnet,10162637,10162637,0
2020-05-29 21:48:01,mainnet,10162641,10162640,1
2020-05-29 21:49:25,mainnet,10162651,10162651,0
2020-05-29 21:50:54,mainnet,10162655,10162655,0
2020-05-29 21:52:32,mainnet,10162662,10162662,0
2020-05-29 21:54:04,mainnet,10162670,10162670,0
2020-05-29 21:55:31,mainnet,10162678,10162678,0
2020-05-29 21:57:00,mainnet,10162683,10162683,0
2020-05-29 21:58:45,mainnet,10162690,10162690,0
2020-05-29 22:00:26,mainnet,10162697,10162696,1
2020-05-29 22:01:50,mainnet,10162702,10162702,0
2020-05-29 22:03:29,mainnet,10162709,10162709,0
2020-05-29 22:05:14,mainnet,10162715,10162715,0
2020-05-29 22:06:43,mainnet,10162722,10162722,0
2020-05-29 22:08:29,mainnet,10162729,10162729,0
2020-05-29 22:10:05,mainnet,10162733,10162733,0
2020-05-29 22:11:38,mainnet,10162741,10162739,2
2020-05-29 22:13:21,mainnet,10162748,10162748,0
2020-05-29 22:15:10,mainnet,10162756,10162756,0
2020-05-29 22:16:41,mainnet,10162764,10162764,0
2020-05-29 22:18:15,mainnet,10162771,10162771,0
2020-05-29 22:19:47,mainnet,10162777,10162777,0
2020-05-29 22:21:16,mainnet,10162788,10162788,0
2020-05-29 22:22:42,mainnet,10162795,10162795,0
2020-05-29 22:24:14,mainnet,10162804,10162804,0
2020-05-29 22:25:50,mainnet,10162817,10162806,11
2020-05-29 22:28:24,mainnet,10162818,10162819,-1
2020-05-29 22:29:50,mainnet,10162823,10162823,0
2020-05-29 22:31:16,mainnet,10162834,10162834,0
2020-05-29 22:32:50,mainnet,10162847,10162847,0
2020-05-29 22:34:45,mainnet,10162856,10162856,0
2020-05-29 22:36:16,mainnet,10162868,10162867,1
2020-05-29 22:37:49,mainnet,10162872,10162872,0
2020-05-29 22:39:55,mainnet,10162880,10162879,1
2020-05-29 22:41:30,mainnet,10162882,10162882,0
2020-05-29 22:43:01,mainnet,10162890,10162890,0
2020-05-29 22:44:33,mainnet,10162899,10162898,1
2020-05-29 22:46:08,mainnet,10162909,10162906,3
2020-05-29 22:47:42,mainnet,10162915,10162912,3
2020-05-29 22:49:10,mainnet,10162922,10162922,0
2020-05-29 22:50:43,mainnet,10162928,10162928,0
2020-05-29 22:52:40,mainnet,10162933,10162933,0
2020-05-29 22:54:28,mainnet,10162938,10162938,0
2020-05-29 22:56:05,mainnet,10162944,10162943,1
2020-05-29 22:57:38,mainnet,10162949,10162949,0
2020-05-29 22:59:15,mainnet,10162954,10162953,1
2020-05-29 23:00:38,mainnet,10162960,10162960,0
2020-05-29 23:02:15,mainnet,10162970,10162969,1
2020-05-29 23:03:59,mainnet,10162978,10162978,0
2020-05-29 23:05:55,mainnet,10162985,10162985,0
2020-05-29 23:07:28,mainnet,10162989,10162988,1
2020-05-29 23:09:24,mainnet,10163003,10163003,0
2020-05-29 23:10:56,mainnet,10163007,10163007,0
2020-05-29 23:12:40,mainnet,10163014,10163014,0
2020-05-29 23:14:26,mainnet,10163022,10163022,0
2020-05-29 23:16:09,mainnet,10163030,10163030,0
2020-05-29 23:17:52,mainnet,10163035,10163035,0
2020-05-29 23:19:26,mainnet,10163044,10163044,0
2020-05-29 23:20:59,mainnet,10163051,10163051,0
2020-05-29 23:22:54,mainnet,10163055,10163055,0
2020-05-29 23:25:03,mainnet,10163063,10163062,1
2020-05-29 23:26:34,mainnet,10163072,10163072,0
2020-05-29 23:28:01,mainnet,10163079,10163080,-1
2020-05-29 23:29:58,mainnet,10163089,10163088,1
2020-05-29 23:31:24,mainnet,10163098,10163098,0
2020-05-29 23:32:50,mainnet,10163110,10163108,2
2020-05-29 23:34:28,mainnet,10163122,10163122,0
2020-05-29 23:36:02,mainnet,10163129,10163129,0
2020-05-29 23:37:31,mainnet,10163135,10163135,0
2020-05-29 23:39:09,mainnet,10163145,10163145,0
2020-05-29 23:40:43,mainnet,10163151,10163151,0
2020-05-29 23:42:36,mainnet,10163163,10163162,1
2020-05-29 23:43:59,mainnet,10163169,10163169,0
2020-05-29 23:45:23,mainnet,10163174,10163174,0
2020-05-29 23:46:48,mainnet,10163180,10163180,0
2020-05-29 23:48:20,mainnet,10163185,10163185,0
2020-05-29 23:49:53,mainnet,10163193,10163193,0
2020-05-29 23:51:20,mainnet,10163195,10163195,0
2020-05-29 23:52:49,mainnet,10163200,10163200,0
2020-05-29 23:54:16,mainnet,10163206,10163205,1
2020-05-29 23:55:45,mainnet,10163213,10163213,0
2020-05-29 23:57:16,mainnet,10163218,10163218,0
2020-05-29 23:58:48,mainnet,10163224,10163224,0
2020-05-30 00:00:16,mainnet,10163229,10163228,1
2020-05-30 00:01:43,mainnet,10163233,10163233,0
2020-05-30 00:03:11,mainnet,10163237,10163238,-1
2020-05-30 00:04:44,mainnet,10163247,10163246,1
2020-05-30 00:06:10,mainnet,10163256,10163256,0
2020-05-30 00:07:50,mainnet,10163262,10163261,1
2020-05-30 00:09:32,mainnet,10163269,10163269,0
2020-05-30 00:11:08,mainnet,10163275,10163275,0
2020-05-30 00:12:40,mainnet,10163281,10163280,1
2020-05-30 00:14:42,mainnet,10163289,10163289,0
2020-05-30 00:16:22,mainnet,10163295,10163294,1
2020-05-30 00:20:38,mainnet,10163317,10163294,23
2020-05-30 00:22:00,mainnet,10163321,10163321,0
2020-05-30 00:23:31,mainnet,10163329,10163328,1
2020-05-30 00:24:55,mainnet,10163336,10163336,0
2020-05-30 00:26:40,mainnet,10163340,10163340,0
2020-05-30 00:28:28,mainnet,10163348,10163349,-1
2020-05-30 00:29:58,mainnet,10163360,10163360,0
2020-05-30 00:31:46,mainnet,10163370,10163369,1
2020-05-30 00:33:16,mainnet,10163378,10163378,0
2020-05-30 00:34:41,mainnet,10163383,10163383,0
2020-05-30 00:36:19,mainnet,10163396,10163396,0
2020-05-30 00:38:08,mainnet,10163404,10163402,2
2020-05-30 00:39:50,mainnet,10163409,10163409,0
2020-05-30 00:41:20,mainnet,10163413,10163413,0
2020-05-30 00:42:59,mainnet,10163419,10163419,0
2020-05-30 00:44:25,mainnet,10163428,10163428,0
2020-05-30 00:46:03,mainnet,10163435,10163436,-1
2020-05-30 00:47:40,mainnet,10163444,10163444,0
2020-05-30 00:49:21,mainnet,10163447,10163447,0
2020-05-30 00:50:50,mainnet,10163453,10163453,0
2020-05-30 00:52:27,mainnet,10163456,10163456,0
2020-05-30 00:54:05,mainnet,10163462,10163462,0
2020-05-30 00:55:32,mainnet,10163468,10163468,0
2020-05-30 00:57:10,mainnet,10163475,10163475,0
2020-05-30 00:58:42,mainnet,10163483,10163482,1
2020-05-30 01:00:07,mainnet,10163496,10163493,3
2020-05-30 01:01:32,mainnet,10163504,10163503,1
2020-05-30 01:02:57,mainnet,10163513,10163513,0
2020-05-30 01:04:21,mainnet,10163524,10163524,0
2020-05-30 01:05:47,mainnet,10163533,10163532,1
2020-05-30 01:07:15,mainnet,10163533,10163533,0
2020-05-30 01:08:44,mainnet,10163539,10163539,0
2020-05-30 01:10:10,mainnet,10163542,10163542,0
2020-05-30 01:11:57,mainnet,10163555,10163554,1
2020-05-30 01:13:30,mainnet,10163562,10163562,0
2020-05-30 01:14:54,mainnet,10163571,10163571,0
2020-05-30 01:16:17,mainnet,10163580,10163579,1
2020-05-30 01:17:51,mainnet,10163583,10163583,0
2020-05-30 01:19:34,mainnet,10163592,10163592,0
2020-05-30 01:21:12,mainnet,10163600,10163598,2
2020-05-30 01:22:42,mainnet,10163604,10163604,0
2020-05-30 01:24:08,mainnet,10163608,10163608,0
2020-05-30 01:25:59,mainnet,10163616,10163616,0
2020-05-30 01:27:29,mainnet,10163622,10163622,0
2020-05-30 01:29:01,mainnet,10163629,10163628,1
2020-05-30 01:30:26,mainnet,10163633,10163633,0
2020-05-30 01:32:06,mainnet,10163642,10163642,0
2020-05-30 01:33:37,mainnet,10163643,10163643,0
2020-05-30 01:35:05,mainnet,10163648,10163648,0
2020-05-30 01:36:45,mainnet,10163657,10163656,1
2020-05-30 01:38:07,mainnet,10163661,10163661,0
2020-05-30 01:39:38,mainnet,10163667,10163667,0
2020-05-30 01:41:19,mainnet,10163677,10163677,0
2020-05-30 01:42:46,mainnet,10163683,10163684,-1
2020-05-30 01:44:16,mainnet,10163694,10163694,0
2020-05-30 01:45:51,mainnet,10163701,10163701,0
2020-05-30 01:47:22,mainnet,10163706,10163706,0
2020-05-30 01:48:47,mainnet,10163713,10163713,0
2020-05-30 01:50:19,mainnet,10163723,10163722,1
2020-05-30 01:51:46,mainnet,10163728,10163729,-1
2020-05-30 01:53:19,mainnet,10163737,10163737,0
2020-05-30 01:54:43,mainnet,10163742,10163742,0
2020-05-30 01:56:46,mainnet,10163755,10163755,0
2020-05-30 01:58:44,mainnet,10163766,10163765,1
2020-05-30 02:00:17,mainnet,10163776,10163775,1
2020-05-30 02:01:51,mainnet,10163782,10163782,0
2020-05-30 02:03:17,mainnet,10163793,10163792,1
2020-05-30 02:04:45,mainnet,10163799,10163799,0
2020-05-30 02:06:13,mainnet,10163803,10163803,0
2020-05-30 02:07:52,mainnet,10163810,10163809,1
2020-05-30 02:09:32,mainnet,10163814,10163813,1
2020-05-30 02:11:12,mainnet,10163820,10163820,0
2020-05-30 02:12:54,mainnet,10163834,10163832,2
2020-05-30 02:14:19,mainnet,10163839,10163839,0
2020-05-30 02:15:50,mainnet,10163846,10163845,1
2020-05-30 02:17:26,mainnet,10163853,10163852,1
2020-05-30 02:19:01,mainnet,10163859,10163859,0
2020-05-30 02:20:28,mainnet,10163866,10163866,0
2020-05-30 02:21:59,mainnet,10163873,10163873,0
2020-05-30 02:23:35,mainnet,10163880,10163880,0
2020-05-30 02:25:04,mainnet,10163885,10163885,0
2020-05-30 02:26:44,mainnet,10163891,10163892,-1
2020-05-30 02:28:24,mainnet,10163899,10163899,0
2020-05-30 02:30:02,mainnet,10163905,10163905,0
2020-05-30 02:31:32,mainnet,10163912,10163912,0
2020-05-30 02:33:04,mainnet,10163921,10163921,0
2020-05-30 02:34:39,mainnet,10163927,10163927,0
2020-05-30 02:36:03,mainnet,10163937,10163937,0
2020-05-30 02:37:39,mainnet,10163942,10163942,0
2020-05-30 02:39:09,mainnet,10163948,10163948,0
2020-05-30 02:40:42,mainnet,10163956,10163957,-1
2020-05-30 02:42:19,mainnet,10163962,10163962,0
2020-05-30 02:44:08,mainnet,10163968,10163968,0
2020-05-30 02:45:46,mainnet,10163976,10163973,3
2020-05-30 02:47:16,mainnet,10163985,10163985,0
2020-05-30 02:48:46,mainnet,10163991,10163991,0
2020-05-30 02:50:17,mainnet,10163995,10163995,0
2020-05-30 02:51:59,mainnet,10164000,10164000,0
2020-05-30 02:53:28,mainnet,10164004,10164004,0
2020-05-30 02:55:08,mainnet,10164009,10164009,0
2020-05-30 02:57:04,mainnet,10164019,10164019,0
2020-05-30 02:58:27,mainnet,10164024,10164024,0
2020-05-30 02:59:50,mainnet,10164031,10164029,2
2020-05-30 03:01:15,mainnet,10164039,10164039,0
2020-05-30 03:02:45,mainnet,10164048,10164048,0
2020-05-30 03:04:12,mainnet,10164059,10164059,0
2020-05-30 03:05:51,mainnet,10164066,10164067,-1
2020-05-30 03:07:20,mainnet,10164076,10164075,1
2020-05-30 03:08:51,mainnet,10164083,10164083,0
2020-05-30 03:10:19,mainnet,10164092,10164093,-1
2020-05-30 03:11:46,mainnet,10164098,10164099,-1
2020-05-30 03:13:09,mainnet,10164106,10164105,1
2020-05-30 03:14:55,mainnet,10164116,10164116,0
2020-05-30 03:16:26,mainnet,10164121,10164121,0
2020-05-30 03:18:14,mainnet,10164131,10164130,1
2020-05-30 03:19:41,mainnet,10164136,10164136,0
2020-05-30 03:21:05,mainnet,10164143,10164143,0
2020-05-30 03:22:33,mainnet,10164149,10164149,0
2020-05-30 03:24:00,mainnet,10164155,10164155,0
2020-05-30 03:25:25,mainnet,10164160,10164159,1
2020-05-30 03:26:52,mainnet,10164166,10164165,1
2020-05-30 03:28:17,mainnet,10164171,10164171,0
2020-05-30 03:29:50,mainnet,10164177,10164177,0
2020-05-30 03:31:19,mainnet,10164187,10164187,0
2020-05-30 03:32:57,mainnet,10164197,10164197,0
2020-05-30 03:34:28,mainnet,10164204,10164204,0
2020-05-30 03:35:59,mainnet,10164209,10164210,-1
2020-05-30 03:37:38,mainnet,10164213,10164213,0
2020-05-30 03:39:36,mainnet,10164220,10164220,0
2020-05-30 03:41:37,mainnet,10164229,10164230,-1
2020-05-30 03:43:10,mainnet,10164240,10164240,0
2020-05-30 03:44:42,mainnet,10164246,10164246,0
2020-05-30 03:46:34,mainnet,10164258,10164259,-1
2020-05-30 03:48:01,mainnet,10164263,10164263,0
2020-05-30 03:49:49,mainnet,10164270,10164270,0
2020-05-30 03:51:25,mainnet,10164280,10164280,0
2020-05-30 03:52:59,mainnet,10164286,10164286,0
2020-05-30 03:55:02,mainnet,10164294,10164294,0
2020-05-30 03:56:51,mainnet,10164301,10164301,0
2020-05-30 03:58:25,mainnet,10164310,10164310,0
2020-05-30 04:00:08,mainnet,10164317,10164317,0
2020-05-30 04:01:46,mainnet,10164328,10164326,2
2020-05-30 04:03:10,mainnet,10164332,10164332,0
2020-05-30 04:04:43,mainnet,10164340,10164340,0
2020-05-30 04:06:18,mainnet,10164347,10164347,0
2020-05-30 04:07:51,mainnet,10164353,10164352,1
2020-05-30 04:09:31,mainnet,10164358,10164358,0
2020-05-30 04:11:03,mainnet,10164367,10164367,0
2020-05-30 04:13:10,mainnet,10164377,10164377,0
2020-05-30 04:14:45,mainnet,10164384,10164383,1
2020-05-30 04:16:13,mainnet,10164391,10164391,0
2020-05-30 04:17:55,mainnet,10164401,10164401,0
2020-05-30 04:19:50,mainnet,10164407,10164406,1
2020-05-30 04:21:23,mainnet,10164412,10164412,0
2020-05-30 04:22:57,mainnet,10164419,10164419,0
2020-05-30 04:24:29,mainnet,10164428,10164427,1
2020-05-30 04:26:00,mainnet,10164433,10164433,0
2020-05-30 04:27:31,mainnet,10164442,10164442,0
2020-05-30 04:29:03,mainnet,10164447,10164447,0
2020-05-30 04:30:43,mainnet,10164455,10164455,0
2020-05-30 04:32:22,mainnet,10164460,10164460,0
2020-05-30 04:33:59,mainnet,10164469,10164469,0
2020-05-30 04:35:34,mainnet,10164475,10164475,0
2020-05-30 04:37:07,mainnet,10164482,10164482,0
2020-05-30 04:38:44,mainnet,10164492,10164490,2
2020-05-30 04:40:16,mainnet,10164497,10164497,0
2020-05-30 04:42:00,mainnet,10164506,10164506,0
2020-05-30 04:43:25,mainnet,10164509,10164509,0
2020-05-30 04:44:58,mainnet,10164515,10164516,-1
2020-05-30 04:46:27,mainnet,10164528,10164528,0
2020-05-30 04:48:35,mainnet,10164538,10164538,0
2020-05-30 04:50:11,mainnet,10164546,10164546,0
2020-05-30 04:52:06,mainnet,10164555,10164556,-1
2020-05-30 04:53:56,mainnet,10164561,10164561,0
2020-05-30 04:55:24,mainnet,10164563,10164563,0
2020-05-30 04:56:52,mainnet,10164568,10164568,0
2020-05-30 04:58:22,mainnet,10164575,10164575,0
2020-05-30 05:00:05,mainnet,10164578,10164578,0
2020-05-30 05:01:46,mainnet,10164586,10164586,0
2020-05-30 05:03:20,mainnet,10164592,10164592,0
2020-05-30 05:04:56,mainnet,10164603,10164602,1
2020-05-30 05:06:36,mainnet,10164612,10164612,0
2020-05-30 05:08:12,mainnet,10164622,10164621,1
2020-05-30 05:09:46,mainnet,10164624,10164623,1
2020-05-30 05:11:19,mainnet,10164632,10164631,1
2020-05-30 05:12:58,mainnet,10164638,10164638,0
2020-05-30 05:14:34,mainnet,10164654,10164654,0
2020-05-30 05:16:24,mainnet,10164662,10164662,0
2020-05-30 05:17:59,mainnet,10164667,10164666,1
2020-05-30 05:19:45,mainnet,10164679,10164679,0
2020-05-30 05:21:23,mainnet,10164685,10164685,0
2020-05-30 05:22:54,mainnet,10164690,10164690,0
2020-05-30 05:24:29,mainnet,10164698,10164698,0
2020-05-30 05:26:09,mainnet,10164704,10164704,0
2020-05-30 05:27:47,mainnet,10164713,10164712,1
2020-05-30 05:29:19,mainnet,10164724,10164722,2
2020-05-30 05:30:57,mainnet,10164733,10164733,0
2020-05-30 05:32:36,mainnet,10164740,10164740,0
2020-05-30 05:34:14,mainnet,10164746,10164746,0
2020-05-30 05:35:56,mainnet,10164752,10164752,0
2020-05-30 05:37:22,mainnet,10164755,10164755,0
2020-05-30 05:38:53,mainnet,10164762,10164761,1
2020-05-30 05:40:22,mainnet,10164765,10164765,0
2020-05-30 05:41:58,mainnet,10164770,10164770,0
2020-05-30 05:43:28,mainnet,10164776,10164776,0
2020-05-30 05:45:09,mainnet,10164790,10164790,0
2020-05-30 05:46:53,mainnet,10164798,10164798,0
2020-05-30 05:48:17,mainnet,10164801,10164801,0
2020-05-30 05:49:55,mainnet,10164807,10164807,0
2020-05-30 05:51:32,mainnet,10164814,10164814,0
2020-05-30 05:53:00,mainnet,10164819,10164819,0
2020-05-30 05:54:31,mainnet,10164829,10164829,0
2020-05-30 05:56:05,mainnet,10164833,10164833,0
2020-05-30 05:57:42,mainnet,10164840,10164840,0
2020-05-30 05:59:20,mainnet,10164848,10164848,0
2020-05-30 06:01:14,mainnet,10164856,10164856,0
2020-05-30 06:02:55,mainnet,10164864,10164864,0
2020-05-30 06:05:12,mainnet,10164871,10164871,0
2020-05-30 06:06:35,mainnet,10164878,10164878,0
2020-05-30 06:08:17,mainnet,10164886,10164886,0
2020-05-30 06:09:55,mainnet,10164891,10164891,0
2020-05-30 06:11:29,mainnet,10164895,10164895,0
2020-05-30 06:13:08,mainnet,10164908,10164904,4
2020-05-30 06:14:53,mainnet,10164916,10164916,0
2020-05-30 06:16:42,mainnet,10164925,10164925,0
2020-05-30 06:18:33,mainnet,10164932,10164932,0
2020-05-30 06:20:09,mainnet,10164940,10164940,0
2020-05-30 06:21:50,mainnet,10164948,10164948,0
2020-05-30 06:23:37,mainnet,10164957,10164957,0
2020-05-30 06:25:41,mainnet,10164967,10164966,1
2020-05-30 06:27:14,mainnet,10164971,10164972,-1
2020-05-30 06:28:48,mainnet,10164979,10164979,0
2020-05-30 06:30:21,mainnet,10164986,10164987,-1
2020-05-30 06:32:04,mainnet,10164991,10164991,0
2020-05-30 06:33:48,mainnet,10165004,10165004,0
2020-05-30 06:35:26,mainnet,10165007,10165007,0
2020-05-30 06:36:57,mainnet,10165013,10165013,0
2020-05-30 06:38:30,mainnet,10165017,10165019,-2
2020-05-30 06:40:00,mainnet,10165021,10165021,0
2020-05-30 06:41:30,mainnet,10165027,10165025,2
2020-05-30 06:43:10,mainnet,10165042,10165042,0
2020-05-30 06:44:48,mainnet,10165047,10165047,0
2020-05-30 06:46:24,mainnet,10165053,10165053,0
2020-05-30 06:48:08,mainnet,10165057,10165057,0
2020-05-30 06:49:50,mainnet,10165060,10165060,0
2020-05-30 06:51:31,mainnet,10165066,10165066,0
2020-05-30 06:53:14,mainnet,10165074,10165074,0
2020-05-30 06:55:33,mainnet,10165085,10165085,0
2020-05-30 06:57:04,mainnet,10165094,10165095,-1
2020-05-30 06:58:33,mainnet,10165100,10165100,0
2020-05-30 07:00:34,mainnet,10165107,10165107,0
2020-05-30 07:02:08,mainnet,10165119,10165119,0
2020-05-30 07:04:27,mainnet,10165124,10165123,1
2020-05-30 07:05:49,mainnet,10165131,10165131,0
2020-05-30 07:07:19,mainnet,10165134,10165134,0
2020-05-30 07:08:51,mainnet,10165142,10165140,2
2020-05-30 07:10:13,mainnet,10165150,10165150,0
2020-05-30 07:11:42,mainnet,10165157,10165157,0
2020-05-30 07:13:18,mainnet,10165165,10165165,0
2020-05-30 07:14:45,mainnet,10165172,10165172,0
2020-05-30 07:16:18,mainnet,10165179,10165180,-1
2020-05-30 07:17:43,mainnet,10165182,10165182,0
2020-05-30 07:19:14,mainnet,10165191,10165191,0
2020-05-30 07:20:43,mainnet,10165197,10165197,0
2020-05-30 07:22:22,mainnet,10165202,10165202,0
2020-05-30 07:23:57,mainnet,10165209,10165208,1
2020-05-30 07:25:41,mainnet,10165222,10165222,0
2020-05-30 07:27:17,mainnet,10165227,10165228,-1
2020-05-30 07:28:56,mainnet,10165237,10165237,0
2020-05-30 07:30:32,mainnet,10165243,10165243,0
2020-05-30 07:31:55,mainnet,10165249,10165249,0
2020-05-30 07:33:29,mainnet,10165252,10165252,0
2020-05-30 07:34:55,mainnet,10165260,10165260,0
2020-05-30 07:36:28,mainnet,10165265,10165265,0
2020-05-30 07:38:03,mainnet,10165274,10165273,1
2020-05-30 07:39:29,mainnet,10165282,10165282,0
2020-05-30 07:41:16,mainnet,10165285,10165285,0
2020-05-30 07:42:38,mainnet,10165290,10165289,1
2020-05-30 07:44:01,mainnet,10165303,10165303,0
2020-05-30 07:45:34,mainnet,10165310,10165310,0
2020-05-30 07:47:10,mainnet,10165318,10165318,0
2020-05-30 07:48:41,mainnet,10165328,10165327,1
2020-05-30 07:50:05,mainnet,10165343,10165343,0
2020-05-30 07:52:16,mainnet,10165355,10165353,2
2020-05-30 07:53:45,mainnet,10165361,10165361,0
2020-05-30 07:55:11,mainnet,10165365,10165365,0
2020-05-30 07:56:48,mainnet,10165370,10165370,0
2020-05-30 07:58:21,mainnet,10165381,10165381,0
2020-05-30 07:59:51,mainnet,10165386,10165386,0
2020-05-30 08:01:19,mainnet,10165393,10165393,0
2020-05-30 08:02:51,mainnet,10165403,10165403,0
2020-05-30 08:04:27,mainnet,10165408,10165408,0
2020-05-30 08:06:13,mainnet,10165418,10165418,0
2020-05-30 08:07:48,mainnet,10165424,10165424,0
2020-05-30 08:09:25,mainnet,10165431,10165431,0
2020-05-30 08:11:03,mainnet,10165443,10165443,0
2020-05-30 08:13:00,mainnet,10165451,10165451,0
2020-05-30 08:14:37,mainnet,10165461,10165461,0
2020-05-30 08:16:01,mainnet,10165468,10165468,0
2020-05-30 08:17:27,mainnet,10165473,10165473,0
2020-05-30 08:19:01,mainnet,10165486,10165482,4
2020-05-30 08:20:24,mainnet,10165494,10165494,0
2020-05-30 08:21:46,mainnet,10165498,10165498,0
2020-05-30 08:23:21,mainnet,10165508,10165508,0
2020-05-30 08:25:37,mainnet,10165516,10165516,0
2020-05-30 08:27:25,mainnet,10165520,10165520,0
2020-05-30 08:28:58,mainnet,10165529,10165528,1
2020-05-30 08:30:25,mainnet,10165536,10165536,0
2020-05-30 08:31:48,mainnet,10165541,10165541,0
2020-05-30 08:33:16,mainnet,10165548,10165548,0
2020-05-30 08:34:52,mainnet,10165556,10165555,1
2020-05-30 08:36:52,mainnet,10165560,10165560,0
2020-05-30 08:38:32,mainnet,10165570,10165570,0
2020-05-30 08:39:55,mainnet,10165577,10165577,0
2020-05-30 08:41:34,mainnet,10165585,10165585,0
2020-05-30 08:43:05,mainnet,10165589,10165589,0
2020-05-30 08:44:35,mainnet,10165594,10165594,0
2020-05-30 08:46:01,mainnet,10165601,10165601,0
2020-05-30 08:47:24,mainnet,10165603,10165603,0
2020-05-30 08:48:51,mainnet,10165614,10165614,0
2020-05-30 08:50:23,mainnet,10165618,10165618,0
2020-05-30 08:51:57,mainnet,10165626,10165625,1
2020-05-30 08:53:22,mainnet,10165629,10165629,0
2020-05-30 08:54:50,mainnet,10165635,10165635,0
2020-05-30 08:56:41,mainnet,10165649,10165649,0
2020-05-30 08:58:28,mainnet,10165654,10165654,0
2020-05-30 08:59:55,mainnet,10165663,10165659,4
2020-05-30 09:01:18,mainnet,10165667,10165659,8
2020-05-30 09:02:44,mainnet,10165673,10165672,1
2020-05-30 09:04:08,mainnet,10165676,10165676,0
2020-05-30 09:05:32,mainnet,10165680,10165680,0
2020-05-30 09:07:05,mainnet,10165690,10165689,1
2020-05-30 09:08:34,mainnet,10165693,10165694,-1
2020-05-30 09:10:08,mainnet,10165704,10165704,0
2020-05-30 09:11:35,mainnet,10165705,10165705,0
2020-05-30 09:13:06,mainnet,10165713,10165713,0
2020-05-30 09:14:46,mainnet,10165717,10165717,0
2020-05-30 09:16:28,mainnet,10165722,10165723,-1
2020-05-30 09:18:08,mainnet,10165731,10165731,0
2020-05-30 09:19:34,mainnet,10165737,10165737,0
2020-05-30 09:21:00,mainnet,10165740,10165740,0
2020-05-30 09:22:31,mainnet,10165742,10165742,0
2020-05-30 09:24:13,mainnet,10165752,10165752,0
2020-05-30 09:25:54,mainnet,10165760,10165760,0
2020-05-30 09:27:50,mainnet,10165768,10165768,0
2020-05-30 09:29:15,mainnet,10165772,10165772,0
2020-05-30 09:30:59,mainnet,10165775,10165776,-1
2020-05-30 09:32:40,mainnet,10165786,10165786,0
2020-05-30 09:34:17,mainnet,10165794,10165794,0
2020-05-30 09:36:10,mainnet,10165801,10165801,0
2020-05-30 09:37:57,mainnet,10165809,10165809,0
2020-05-30 09:39:52,mainnet,10165813,10165814,-1
2020-05-30 09:41:21,mainnet,10165824,10165824,0
2020-05-30 09:42:56,mainnet,10165836,10165836,0
2020-05-30 09:44:31,mainnet,10165848,10165847,1
2020-05-30 09:46:07,mainnet,10165852,10165852,0
2020-05-30 09:47:43,mainnet,10165860,10165860,0
2020-05-30 09:49:12,mainnet,10165868,10165866,2
2020-05-30 09:50:35,mainnet,10165879,10165876,3
2020-05-30 09:52:24,mainnet,10165886,10165886,0
2020-05-30 09:54:05,mainnet,10165892,10165892,0
2020-05-30 09:55:29,mainnet,10165902,10165902,0
2020-05-30 09:56:54,mainnet,10165907,10165906,1
2020-05-30 09:58:17,mainnet,10165911,10165911,0
2020-05-30 09:59:59,mainnet,10165921,10165921,0
2020-05-30 10:01:27,mainnet,10165927,10165927,0
2020-05-30 10:02:59,mainnet,10165930,10165930,0
2020-05-30 10:04:25,mainnet,10165934,10165934,0
2020-05-30 10:05:50,mainnet,10165947,10165947,0
2020-05-30 10:07:49,mainnet,10165953,10165952,1
2020-05-30 10:09:16,mainnet,10165964,10165964,0
2020-05-30 10:10:45,mainnet,10165972,10165972,0
2020-05-30 10:12:20,mainnet,10165982,10165982,0
2020-05-30 10:13:51,mainnet,10165991,10165991,0
2020-05-30 10:15:33,mainnet,10165997,10165997,0
2020-05-30 10:16:58,mainnet,10166004,10166002,2
2020-05-30 10:18:35,mainnet,10166010,10166010,0
2020-05-30 10:20:02,mainnet,10166015,10166015,0
2020-05-30 10:21:48,mainnet,10166021,10166021,0
2020-05-30 10:23:20,mainnet,10166029,10166029,0
2020-05-30 10:24:50,mainnet,10166034,10166034,0
2020-05-30 10:26:50,mainnet,10166041,10166041,0
2020-05-30 10:28:22,mainnet,10166051,10166051,0
2020-05-30 10:29:59,mainnet,10166056,10166056,0
2020-05-30 10:31:43,mainnet,10166064,10166064,0
2020-05-30 10:33:17,mainnet,10166072,10166072,0
2020-05-30 10:34:57,mainnet,10166079,10166079,0
2020-05-30 10:36:46,mainnet,10166084,10166084,0
2020-05-30 10:38:22,mainnet,10166091,10166091,0
2020-05-30 10:39:52,mainnet,10166103,10166100,3
2020-05-30 10:41:31,mainnet,10166113,10166113,0
2020-05-30 10:42:59,mainnet,10166122,10166122,0
2020-05-30 10:44:35,mainnet,10166130,10166130,0
2020-05-30 10:46:29,mainnet,10166136,10166136,0
2020-05-30 10:48:00,mainnet,10166145,10166145,0
2020-05-30 10:49:26,mainnet,10166148,10166148,0
2020-05-30 10:51:00,mainnet,10166151,10166151,0
2020-05-30 10:52:29,mainnet,10166158,10166158,0
2020-05-30 10:54:16,mainnet,10166165,10166165,0
2020-05-30 10:55:55,mainnet,10166172,10166172,0
2020-05-30 10:57:30,mainnet,10166179,10166179,0
2020-05-30 10:59:23,mainnet,10166187,10166187,0
2020-05-30 11:00:56,mainnet,10166198,10166198,0
2020-05-30 11:02:37,mainnet,10166205,10166202,3
2020-05-30 11:04:06,mainnet,10166214,10166214,0
2020-05-30 11:05:45,mainnet,10166223,10166223,0
2020-05-30 11:07:17,mainnet,10166235,10166235,0
2020-05-30 11:09:07,mainnet,10166241,10166241,0
2020-05-30 11:10:40,mainnet,10166248,10166248,0
2020-05-30 11:12:27,mainnet,10166250,10166250,0
2020-05-30 11:13:58,mainnet,10166255,10166255,0
2020-05-30 11:15:28,mainnet,10166269,10166267,2
2020-05-30 11:16:50,mainnet,10166274,10166274,0
2020-05-30 11:18:27,mainnet,10166278,10166279,-1
2020-05-30 11:20:20,mainnet,10166284,10166284,0
2020-05-30 11:21:53,mainnet,10166295,10166295,0
2020-05-30 11:23:28,mainnet,10166301,10166301,0
2020-05-30 11:25:13,mainnet,10166312,10166312,0
2020-05-30 11:26:47,mainnet,10166319,10166319,0
2020-05-30 11:28:40,mainnet,10166323,10166323,0
2020-05-30 11:30:42,mainnet,10166331,10166331,0
2020-05-30 11:32:23,mainnet,10166338,10166337,1
2020-05-30 11:33:53,mainnet,10166347,10166348,-1
2020-05-30 11:35:40,mainnet,10166354,10166354,0
2020-05-30 11:37:06,mainnet,10166359,10166359,0
2020-05-30 11:57:52,mainnet,10166447,10166362,85
2020-05-30 11:59:15,mainnet,10166451,10166399,52
2020-05-30 12:00:46,mainnet,10166458,10166458,0
2020-05-30 12:02:29,mainnet,10166465,10166465,0
2020-05-30 12:04:03,mainnet,10166470,10166470,0
2020-05-30 12:05:41,mainnet,10166480,10166480,0
2020-05-30 12:07:16,mainnet,10166489,10166489,0
2020-05-30 12:08:51,mainnet,10166498,10166498,0
2020-05-30 12:10:19,mainnet,10166502,10166502,0
2020-05-30 12:11:52,mainnet,10166504,10166504,0
2020-05-30 12:13:19,mainnet,10166510,10166510,0
2020-05-30 12:14:57,mainnet,10166521,10166518,3
2020-05-30 12:16:27,mainnet,10166526,10166526,0
2020-05-30 12:18:06,mainnet,10166531,10166531,0
2020-05-30 12:19:48,mainnet,10166541,10166541,0
2020-05-30 12:21:18,mainnet,10166547,10166547,0
2020-05-30 12:23:12,mainnet,10166554,10166554,0
2020-05-30 12:24:44,mainnet,10166559,10166560,-1
2020-05-30 12:26:20,mainnet,10166567,10166567,0
2020-05-30 12:28:06,mainnet,10166573,10166573,0
2020-05-30 12:29:53,mainnet,10166577,10166577,0
2020-05-30 12:32:02,mainnet,10166584,10166584,0
2020-05-30 12:33:49,mainnet,10166590,10166591,-1
2020-05-30 12:35:30,mainnet,10166601,10166601,0
2020-05-30 12:37:01,mainnet,10166609,10166610,-1
2020-05-30 12:38:41,mainnet,10166620,10166622,-2
2020-05-30 12:40:11,mainnet,10166629,10166629,0
2020-05-30 12:41:55,mainnet,10166635,10166633,2
2020-05-30 12:43:20,mainnet,10166643,10166633,10
2020-05-30 12:44:43,mainnet,10166656,10166656,0
2020-05-30 12:46:21,mainnet,10166663,10166663,0
2020-05-30 12:47:56,mainnet,10166667,10166667,0
2020-05-30 12:49:24,mainnet,10166674,10166674,0
2020-05-30 12:50:57,mainnet,10166684,10166684,0
2020-05-30 12:52:59,mainnet,10166699,10166699,0
2020-05-30 12:54:59,mainnet,10166707,10166708,-1
2020-05-30 12:56:40,mainnet,10166712,10166712,0
2020-05-30 12:58:16,mainnet,10166719,10166719,0
2020-05-30 12:59:46,mainnet,10166729,10166729,0
2020-05-30 13:01:09,mainnet,10166732,10166732,0
2020-05-30 13:02:41,mainnet,10166740,10166741,-1
2020-05-30 13:04:36,mainnet,10166747,10166747,0
2020-05-30 13:06:16,mainnet,10166757,10166757,0
2020-05-30 13:07:54,mainnet,10166766,10166765,1
2020-05-30 13:09:30,mainnet,10166774,10166774,0
2020-05-30 13:11:12,mainnet,10166786,10166786,0
2020-05-30 13:12:51,mainnet,10166794,10166794,0
2020-05-30 13:14:46,mainnet,10166800,10166800,0
2020-05-30 13:16:09,mainnet,10166806,10166806,0
2020-05-30 13:17:38,mainnet,10166816,10166817,-1
2020-05-30 13:19:08,mainnet,10166830,10166829,1
2020-05-30 13:21:07,mainnet,10166836,10166835,1
2020-05-30 13:22:40,mainnet,10166843,10166843,0
2020-05-30 13:24:10,mainnet,10166849,10166849,0
2020-05-30 13:26:02,mainnet,10166856,10166856,0
2020-05-30 13:27:39,mainnet,10166867,10166867,0
2020-05-30 13:29:39,mainnet,10166876,10166876,0
2020-05-30 13:31:11,mainnet,10166882,10166882,0
2020-05-30 13:32:56,mainnet,10166891,10166887,4
2020-05-30 13:34:30,mainnet,10166899,10166899,0
2020-05-30 13:36:13,mainnet,10166907,10166907,0
2020-05-30 13:38:00,mainnet,10166917,10166917,0
2020-05-30 13:40:20,mainnet,10166926,10166925,1
2020-05-30 13:41:55,mainnet,10166929,10166929,0
2020-05-30 13:43:30,mainnet,10166938,10166938,0
2020-05-30 13:45:03,mainnet,10166942,10166942,0
2020-05-30 13:46:50,mainnet,10166949,10166949,0
2020-05-30 13:48:44,mainnet,10166959,10166959,0
2020-05-30 13:50:36,mainnet,10166965,10166965,0
2020-05-30 13:52:23,mainnet,10166974,10166973,1
2020-05-30 13:54:00,mainnet,10166987,10166987,0
2020-05-30 13:55:45,mainnet,10166996,10166996,0
2020-05-30 13:57:25,mainnet,10167004,10167004,0
2020-05-30 13:59:04,mainnet,10167015,10167013,2
2020-05-30 14:00:34,mainnet,10167020,10167020,0
2020-05-30 14:02:10,mainnet,10167029,10167029,0
2020-05-30 14:04:05,mainnet,10167038,10167038,0
2020-05-30 14:05:37,mainnet,10167047,10167047,0
2020-05-30 14:07:14,mainnet,10167053,10167053,0
2020-05-30 14:08:49,mainnet,10167064,10167065,-1
2020-05-30 14:11:01,mainnet,10167070,10167071,-1
2020-05-30 14:12:24,mainnet,10167081,10167081,0
2020-05-30 14:13:52,mainnet,10167085,10167085,0
2020-05-30 14:15:31,mainnet,10167091,10167092,-1
2020-05-30 14:17:06,mainnet,10167100,10167100,0
2020-05-30 14:18:42,mainnet,10167107,10167103,4
2020-05-30 14:20:06,mainnet,10167111,10167111,0
2020-05-30 14:21:35,mainnet,10167119,10167118,1
2020-05-30 14:23:02,mainnet,10167123,10167123,0
2020-05-30 14:24:35,mainnet,10167133,10167132,1
2020-05-30 14:26:03,mainnet,10167138,10167138,0
2020-05-30 14:27:36,mainnet,10167145,10167145,0
2020-05-30 14:29:05,mainnet,10167150,10167149,1
2020-05-30 14:30:45,mainnet,10167158,10167158,0
2020-05-30 14:32:46,mainnet,10167167,10167167,0
2020-05-30 14:34:23,mainnet,10167176,10167176,0
2020-05-30 14:36:08,mainnet,10167184,10167184,0
2020-05-30 14:37:47,mainnet,10167185,10167185,0
2020-05-30 14:39:20,mainnet,10167188,10167188,0
2020-05-30 14:40:57,mainnet,10167194,10167193,1
2020-05-30 14:42:53,mainnet,10167198,10167198,0
2020-05-30 14:44:44,mainnet,10167208,10167208,0
2020-05-30 14:47:07,mainnet,10167215,10167215,0
2020-05-30 14:48:48,mainnet,10167219,10167219,0
2020-05-30 14:50:14,mainnet,10167227,10167227,0
2020-05-30 14:51:48,mainnet,10167236,10167233,3
2020-05-30 14:53:15,mainnet,10167244,10167244,0
2020-05-30 14:55:05,mainnet,10167255,10167255,0
2020-05-30 14:56:45,mainnet,10167259,10167259,0
2020-05-30 14:58:30,mainnet,10167264,10167264,0
2020-05-30 15:00:14,mainnet,10167270,10167270,0
2020-05-30 15:01:38,mainnet,10167275,10167275,0
2020-05-30 15:03:12,mainnet,10167284,10167278,6
2020-05-30 15:04:37,mainnet,10167291,10167291,0
2020-05-30 15:06:17,mainnet,10167294,10167292,2
2020-05-30 15:07:39,mainnet,10167301,10167301,0
2020-05-30 15:09:15,mainnet,10167309,10167309,0
2020-05-30 15:10:54,mainnet,10167319,10167319,0
2020-05-30 15:12:47,mainnet,10167327,10167326,1
2020-05-30 15:14:15,mainnet,10167334,10167334,0
2020-05-30 15:16:07,mainnet,10167343,10167343,0
2020-05-30 15:17:59,mainnet,10167346,10167346,0
2020-05-30 15:19:41,mainnet,10167358,10167353,5
2020-05-30 15:21:25,mainnet,10167367,10167366,1
2020-05-30 15:22:57,mainnet,10167379,10167380,-1
2020-05-30 15:24:33,mainnet,10167382,10167382,0
2020-05-30 15:26:12,mainnet,10167390,10167389,1
2020-05-30 15:27:53,mainnet,10167398,10167398,0
2020-05-30 15:29:29,mainnet,10167405,10167405,0
2020-05-30 15:31:12,mainnet,10167414,10167414,0
2020-05-30 15:32:39,mainnet,10167417,10167417,0
2020-05-30 15:34:13,mainnet,10167427,10167427,0
2020-05-30 15:36:22,mainnet,10167432,10167432,0
2020-05-30 15:37:59,mainnet,10167441,10167441,0
2020-05-30 15:39:44,mainnet,10167446,10167446,0
2020-05-30 15:41:13,mainnet,10167451,10167451,0
2020-05-30 15:43:01,mainnet,10167459,10167459,0
2020-05-30 15:44:37,mainnet,10167466,10167462,4
2020-05-30 15:46:45,mainnet,10167472,10167470,2
2020-05-30 15:48:09,mainnet,10167478,10167478,0
2020-05-30 15:49:46,mainnet,10167486,10167486,0
2020-05-30 15:51:18,mainnet,10167494,10167494,0
2020-05-30 15:53:05,mainnet,10167508,10167508,0
2020-05-30 15:54:58,mainnet,10167518,10167517,1
2020-05-30 15:56:33,mainnet,10167525,10167525,0
2020-05-30 15:58:04,mainnet,10167532,10167529,3
2020-05-30 15:59:47,mainnet,10167537,10167537,0
2020-05-30 16:01:30,mainnet,10167540,10167540,0
2020-05-30 16:03:54,mainnet,10167549,10167549,0
2020-05-30 16:05:42,mainnet,10167557,10167557,0
2020-05-30 16:07:14,mainnet,10167567,10167567,0
2020-05-30 16:09:38,mainnet,10167574,10167574,0
2020-05-30 16:11:27,mainnet,10167583,10167582,1
2020-05-30 16:12:50,mainnet,10167586,10167587,-1
2020-05-30 16:14:39,mainnet,10167593,10167593,0
2020-05-30 16:16:14,mainnet,10167600,10167600,0
2020-05-30 16:17:51,mainnet,10167605,10167605,0
2020-05-30 16:19:36,mainnet,10167614,10167614,0
2020-05-30 16:21:11,mainnet,10167623,10167623,0
2020-05-30 16:22:51,mainnet,10167632,10167632,0
2020-05-30 16:24:41,mainnet,10167641,10167640,1
2020-05-30 16:26:09,mainnet,10167649,10167648,1
2020-05-30 16:27:48,mainnet,10167652,10167652,0
2020-05-30 16:29:30,mainnet,10167663,10167663,0
2020-05-30 16:31:09,mainnet,10167666,10167666,0
2020-05-30 16:33:01,mainnet,10167671,10167672,-1
2020-05-30 16:35:14,mainnet,10167678,10167677,1
2020-05-30 16:36:50,mainnet,10167682,10167682,0
2020-05-30 16:38:26,mainnet,10167690,10167690,0
2020-05-30 16:40:08,mainnet,10167695,10167695,0
2020-05-30 16:41:49,mainnet,10167698,10167698,0
2020-05-30 16:43:19,mainnet,10167707,10167707,0
2020-05-30 16:44:56,mainnet,10167716,10167716,0
2020-05-30 16:46:51,mainnet,10167728,10167728,0
2020-05-30 16:48:52,mainnet,10167733,10167733,0
2020-05-30 16:50:33,mainnet,10167738,10167737,1
2020-05-30 16:52:06,mainnet,10167741,10167742,-1
2020-05-30 16:54:02,mainnet,10167751,10167751,0
2020-05-30 16:55:44,mainnet,10167760,10167760,0
2020-05-30 16:57:18,mainnet,10167765,10167765,0
2020-05-30 16:58:48,mainnet,10167773,10167773,0
2020-05-30 17:00:38,mainnet,10167782,10167780,2
2020-05-30 17:02:05,mainnet,10167790,10167790,0
2020-05-30 17:03:38,mainnet,10167795,10167796,-1
2020-05-30 17:05:32,mainnet,10167806,10167806,0
2020-05-30 17:07:12,mainnet,10167814,10167812,2
2020-05-30 17:08:49,mainnet,10167817,10167817,0
2020-05-30 17:10:35,mainnet,10167828,10167828,0
2020-05-30 17:12:14,mainnet,10167833,10167833,0
2020-05-30 17:14:05,mainnet,10167841,10167842,-1
2020-05-30 17:15:37,mainnet,10167851,10167851,0
2020-05-30 17:17:28,mainnet,10167860,10167860,0
2020-05-30 17:19:05,mainnet,10167864,10167864,0
2020-05-30 17:20:50,mainnet,10167870,10167870,0
2020-05-30 17:22:33,mainnet,10167876,10167876,0
2020-05-30 17:24:05,mainnet,10167883,10167883,0
2020-05-30 17:25:42,mainnet,10167892,10167892,0
2020-05-30 17:27:28,mainnet,10167897,10167897,0
2020-05-30 17:29:05,mainnet,10167910,10167910,0
2020-05-30 17:31:00,mainnet,10167916,10167915,1
2020-05-30 17:32:35,mainnet,10167922,10167922,0
2020-05-30 17:34:13,mainnet,10167930,10167930,0
2020-05-30 17:36:11,mainnet,10167942,10167940,2
2020-05-30 17:37:50,mainnet,10167949,10167949,0
2020-05-30 17:39:27,mainnet,10167957,10167957,0
2020-05-30 17:41:16,mainnet,10167962,10167959,3
2020-05-30 17:42:53,mainnet,10167970,10167968,2
2020-05-30 17:44:16,mainnet,10167980,10167976,4
2020-05-30 17:45:43,mainnet,10167989,10167989,0
2020-05-30 17:47:26,mainnet,10167997,10167997,0
2020-05-30 17:49:01,mainnet,10168013,10168010,3
2020-05-30 17:50:28,mainnet,10168019,10168019,0
2020-05-30 17:52:18,mainnet,10168026,10168025,1
2020-05-30 17:53:43,mainnet,10168035,10168035,0
2020-05-30 17:55:09,mainnet,10168042,10168041,1
2020-05-30 17:56:43,mainnet,10168057,10168056,1
2020-05-30 17:58:24,mainnet,10168061,10168061,0
2020-05-30 17:59:53,mainnet,10168070,10168070,0
2020-05-30 18:01:20,mainnet,10168079,10168070,9
2020-05-30 18:03:12,mainnet,10168086,10168086,0
2020-05-30 18:05:07,mainnet,10168090,10168089,1
2020-05-30 18:06:33,mainnet,10168094,10168094,0
2020-05-30 18:08:15,mainnet,10168103,10168101,2
2020-05-30 18:09:38,mainnet,10168111,10168101,10
2020-05-30 18:11:01,mainnet,10168121,10168120,1
2020-05-30 18:12:35,mainnet,10168132,10168131,1
2020-05-30 18:14:03,mainnet,10168142,10168142,0
2020-05-30 18:15:44,mainnet,10168147,10168147,0
2020-05-30 18:17:15,mainnet,10168154,10168152,2
2020-05-30 18:18:51,mainnet,10168162,10168152,10
2020-05-30 18:20:19,mainnet,10168169,10168158,11
2020-05-30 18:21:41,mainnet,10168173,10168173,0
2020-05-30 18:23:07,mainnet,10168185,10168183,2
2020-05-30 18:24:44,mainnet,10168191,10168191,0
2020-05-30 18:26:24,mainnet,10168196,10168195,1
2020-05-30 18:27:55,mainnet,10168201,10168200,1
2020-05-30 18:30:02,mainnet,10168210,10168200,10
2020-05-30 18:31:34,mainnet,10168215,10168200,15
2020-05-30 18:33:02,mainnet,10168224,10168217,7
2020-05-30 18:34:28,mainnet,10168238,10168217,21
2020-05-30 18:36:35,mainnet,10168248,10168245,3
2020-05-30 18:38:04,mainnet,10168250,10168250,0
2020-05-30 18:39:36,mainnet,10168255,10168255,0
2020-05-30 18:41:23,mainnet,10168264,10168263,1
2020-05-30 18:43:05,mainnet,10168271,10168272,-1
2020-05-30 18:44:45,mainnet,10168279,10168279,0
2020-05-30 18:46:36,mainnet,10168285,10168284,1
2020-05-30 18:48:01,mainnet,10168295,10168295,0
2020-05-30 18:49:33,mainnet,10168301,10168300,1
2020-05-30 18:51:17,mainnet,10168308,10168307,1
2020-05-30 18:53:10,mainnet,10168313,10168313,0
2020-05-30 18:55:00,mainnet,10168320,10168319,1
2020-05-30 18:56:35,mainnet,10168332,10168332,0
2020-05-30 18:58:13,mainnet,10168336,10168336,0
2020-05-30 18:59:47,mainnet,10168341,10168340,1
2020-05-30 19:01:15,mainnet,10168346,10168347,-1
2020-05-30 19:02:54,mainnet,10168352,10168352,0
2020-05-30 19:04:39,mainnet,10168361,10168362,-1
2020-05-30 19:06:16,mainnet,10168369,10168367,2
2020-05-30 19:07:51,mainnet,10168378,10168378,0
2020-05-30 19:09:20,mainnet,10168386,10168386,0
2020-05-30 19:10:53,mainnet,10168395,10168395,0
2020-05-30 19:12:23,mainnet,10168403,10168402,1
2020-05-30 19:14:17,mainnet,10168408,10168406,2
2020-05-30 19:15:54,mainnet,10168417,10168417,0
2020-05-30 19:17:25,mainnet,10168427,10168427,0
2020-05-30 19:18:58,mainnet,10168433,10168433,0
2020-05-30 19:20:40,mainnet,10168440,10168438,2
2020-05-30 19:22:07,mainnet,10168449,10168444,5
2020-05-30 19:24:02,mainnet,10168457,10168452,5
2020-05-30 19:25:28,mainnet,10168461,10168461,0
2020-05-30 19:26:55,mainnet,10168471,10168464,7
2020-05-30 19:28:45,mainnet,10168480,10168471,9
2020-05-30 19:30:23,mainnet,10168483,10168482,1
2020-05-30 19:32:10,mainnet,10168491,10168491,0
2020-05-30 19:33:47,mainnet,10168498,10168497,1
2020-05-30 19:35:18,mainnet,10168508,10168509,-1
2020-05-30 19:37:19,mainnet,10168520,10168520,0
2020-05-30 19:39:13,mainnet,10168526,10168526,0
2020-05-30 19:40:40,mainnet,10168536,10168537,-1
2020-05-30 19:42:35,mainnet,10168544,10168544,0
2020-05-30 19:44:07,mainnet,10168551,10168551,0
2020-05-30 19:45:43,mainnet,10168558,10168558,0
2020-05-30 19:47:18,mainnet,10168563,10168563,0
2020-05-30 19:48:59,mainnet,10168570,10168565,5
2020-05-30 19:50:22,mainnet,10168577,10168576,1
2020-05-30 19:51:47,mainnet,10168587,10168587,0
2020-05-30 19:53:22,mainnet,10168596,10168596,0
2020-05-30 19:55:11,mainnet,10168606,10168605,1
2020-05-30 19:56:47,mainnet,10168608,10168608,0
2020-05-30 19:58:12,mainnet,10168612,10168612,0
2020-05-30 19:59:42,mainnet,10168617,10168617,0
2020-05-30 20:01:12,mainnet,10168623,10168621,2
2020-05-30 20:02:34,mainnet,10168629,10168629,0
2020-05-30 20:04:05,mainnet,10168633,10168633,0
2020-05-30 20:05:49,mainnet,10168640,10168640,0
2020-05-30 20:08:04,mainnet,10168649,10168649,0
2020-05-30 20:10:13,mainnet,10168655,10168653,2
2020-05-30 20:11:50,mainnet,10168664,10168663,1
2020-05-30 20:13:20,mainnet,10168671,10168670,1
2020-05-30 20:14:50,mainnet,10168678,10168678,0
2020-05-30 20:16:43,mainnet,10168683,10168684,-1
2020-05-30 20:18:30,mainnet,10168694,10168694,0
2020-05-30 20:20:03,mainnet,10168703,10168703,0
2020-05-30 20:21:37,mainnet,10168707,10168707,0
2020-05-30 20:23:00,mainnet,10168713,10168713,0
2020-05-30 20:24:30,mainnet,10168721,10168720,1
2020-05-30 20:25:57,mainnet,10168730,10168731,-1
2020-05-30 20:27:30,mainnet,10168737,10168737,0
2020-05-30 20:29:19,mainnet,10168747,10168747,0
2020-05-30 20:30:52,mainnet,10168753,10168753,0
2020-05-30 20:32:19,mainnet,10168759,10168759,0
2020-05-30 20:33:50,mainnet,10168767,10168765,2
2020-05-30 20:35:13,mainnet,10168773,10168771,2
2020-05-30 20:36:42,mainnet,10168779,10168779,0
2020-05-30 20:38:12,mainnet,10168793,10168792,1
2020-05-30 20:39:44,mainnet,10168798,10168796,2
2020-05-30 20:41:07,mainnet,10168802,10168802,0
2020-05-30 20:42:31,mainnet,10168814,10168807,7
2020-05-30 20:43:54,mainnet,10168819,10168819,0
2020-05-30 20:45:52,mainnet,10168837,10168837,0
2020-05-30 20:47:51,mainnet,10168846,10168847,-1
2020-05-30 20:49:22,mainnet,10168857,10168850,7
2020-05-30 20:50:56,mainnet,10168863,10168863,0
2020-05-30 20:52:53,mainnet,10168871,10168871,0
2020-05-30 20:54:19,mainnet,10168876,10168876,0
2020-05-30 20:55:41,mainnet,10168881,10168882,-1
2020-05-30 20:57:20,mainnet,10168885,10168885,0
2020-05-30 20:58:55,mainnet,10168888,10168887,1
2020-05-30 21:00:34,mainnet,10168894,10168894,0
2020-05-30 21:02:06,mainnet,10168903,10168899,4
2020-05-30 21:03:32,mainnet,10168912,10168908,4
2020-05-30 21:05:24,mainnet,10168920,10168920,0
2020-05-30 21:06:53,mainnet,10168927,10168927,0
2020-05-30 21:08:23,mainnet,10168932,10168931,1
2020-05-30 21:10:02,mainnet,10168940,10168940,0
2020-05-30 21:11:33,mainnet,10168945,10168945,0
2020-05-30 21:13:11,mainnet,10168954,10168954,0
2020-05-30 21:14:53,mainnet,10168959,10168958,1
2020-05-30 21:16:26,mainnet,10168967,10168967,0
2020-05-30 21:18:08,mainnet,10168969,10168969,0
2020-05-30 21:19:59,mainnet,10168974,10168974,0
2020-05-30 21:22:16,mainnet,10168978,10168978,0
2020-05-30 21:23:51,mainnet,10168989,10168989,0
2020-05-30 21:25:32,mainnet,10169001,10168999,2
2020-05-30 21:27:11,mainnet,10169010,10169010,0
2020-05-30 21:28:52,mainnet,10169018,10169018,0
2020-05-30 21:30:29,mainnet,10169025,10169025,0
2020-05-30 21:31:57,mainnet,10169034,10169034,0
2020-05-30 21:33:31,mainnet,10169047,10169046,1
2020-05-30 21:34:58,mainnet,10169048,10169048,0
2020-05-30 21:36:24,mainnet,10169060,10169060,0
2020-05-30 21:38:11,mainnet,10169063,10169063,0
2020-05-30 21:39:53,mainnet,10169069,10169069,0
2020-05-30 21:41:30,mainnet,10169073,10169073,0
2020-05-30 21:43:05,mainnet,10169082,10169082,0
2020-05-30 21:45:01,mainnet,10169087,10169087,0
2020-05-30 21:46:29,mainnet,10169094,10169094,0
2020-05-30 21:48:16,mainnet,10169099,10169099,0
2020-05-30 21:49:46,mainnet,10169108,10169107,1
2020-05-30 21:51:49,mainnet,10169117,10169117,0
2020-05-30 21:53:38,mainnet,10169124,10169124,0
2020-05-30 21:55:09,mainnet,10169132,10169133,-1
2020-05-30 21:56:44,mainnet,10169139,10169139,0
2020-05-30 21:58:27,mainnet,10169149,10169149,0
2020-05-30 22:00:03,mainnet,10169152,10169152,0
2020-05-30 22:01:37,mainnet,10169161,10169161,0
2020-05-30 22:03:11,mainnet,10169169,10169168,1
2020-05-30 22:04:38,mainnet,10169176,10169176,0
2020-05-30 22:06:21,mainnet,10169184,10169184,0
2020-05-30 22:08:01,mainnet,10169190,10169190,0
2020-05-30 22:09:37,mainnet,10169199,10169199,0
2020-05-30 22:11:01,mainnet,10169208,10169208,0
2020-05-30 22:12:37,mainnet,10169215,10169215,0
2020-05-30 22:14:09,mainnet,10169222,10169222,0
2020-05-30 22:15:48,mainnet,10169230,10169230,0
2020-05-30 22:20:10,mainnet,10169249,10169248,1
2020-05-30 22:21:33,mainnet,10169261,10169262,-1
2020-05-30 22:23:18,mainnet,10169269,10169267,2
2020-05-30 22:24:44,mainnet,10169277,10169277,0
2020-05-30 22:26:25,mainnet,10169283,10169283,0
2020-05-30 22:28:16,mainnet,10169292,10169291,1
2020-05-30 22:29:50,mainnet,10169298,10169299,-1
2020-05-30 22:31:23,mainnet,10169306,10169306,0
2020-05-30 22:33:13,mainnet,10169314,10169314,0
2020-05-30 22:35:04,mainnet,10169323,10169323,0
2020-05-30 22:36:42,mainnet,10169331,10169332,-1
2020-05-30 22:38:16,mainnet,10169342,10169343,-1
2020-05-30 22:40:04,mainnet,10169350,10169350,0
2020-05-30 22:41:38,mainnet,10169355,10169355,0
2020-05-30 22:43:09,mainnet,10169363,10169363,0
2020-05-30 22:45:14,mainnet,10169368,10169368,0
2020-05-30 22:46:45,mainnet,10169378,10169378,0
2020-05-30 22:48:23,mainnet,10169384,10169384,0
2020-05-30 22:50:09,mainnet,10169395,10169395,0
2020-05-30 22:51:52,mainnet,10169406,10169406,0
2020-05-30 22:53:29,mainnet,10169411,10169411,0
2020-05-30 22:55:11,mainnet,10169421,10169419,2
2020-05-30 22:56:43,mainnet,10169429,10169428,1
2020-05-30 22:58:19,mainnet,10169435,10169435,0
2020-05-30 23:00:07,mainnet,10169440,10169440,0
2020-05-30 23:01:39,mainnet,10169444,10169443,1
2020-05-30 23:03:33,mainnet,10169455,10169455,0
2020-05-30 23:05:17,mainnet,10169463,10169463,0
2020-05-30 23:06:54,mainnet,10169474,10169474,0
2020-05-30 23:08:39,mainnet,10169483,10169483,0
2020-05-30 23:10:23,mainnet,10169492,10169492,0
2020-05-30 23:11:52,mainnet,10169497,10169497,0
2020-05-30 23:13:37,mainnet,10169505,10169505,0
2020-05-30 23:15:32,mainnet,10169514,10169513,1
2020-05-30 23:17:07,mainnet,10169522,10169522,0
2020-05-30 23:18:55,mainnet,10169525,10169526,-1
2020-05-30 23:20:38,mainnet,10169531,10169529,2
2020-05-30 23:22:05,mainnet,10169539,10169533,6
2020-05-30 23:23:29,mainnet,10169549,10169548,1
2020-05-30 23:25:21,mainnet,10169563,10169563,0
2020-05-30 23:26:52,mainnet,10169567,10169567,0
2020-05-30 23:28:26,mainnet,10169573,10169573,0
2020-05-30 23:30:08,mainnet,10169578,10169579,-1
2020-05-30 23:31:37,mainnet,10169589,10169589,0
2020-05-30 23:33:48,mainnet,10169596,10169596,0
2020-05-30 23:35:38,mainnet,10169602,10169602,0
2020-05-30 23:37:37,mainnet,10169610,10169610,0
2020-05-30 23:39:20,mainnet,10169620,10169620,0
2020-05-30 23:40:57,mainnet,10169627,10169627,0
2020-05-30 23:42:41,mainnet,10169635,10169635,0
2020-05-30 23:44:16,mainnet,10169645,10169645,0
2020-05-30 23:46:11,mainnet,10169653,10169649,4
2020-05-30 23:47:42,mainnet,10169659,10169659,0
2020-05-30 23:49:37,mainnet,10169664,10169663,1
2020-05-30 23:51:23,mainnet,10169672,10169671,1
2020-05-30 23:53:08,mainnet,10169682,10169681,1
2020-05-30 23:54:41,mainnet,10169692,10169689,3
2020-05-30 23:56:12,mainnet,10169696,10169696,0
2020-05-30 23:57:51,mainnet,10169703,10169697,6
2020-05-30 23:59:14,mainnet,10169709,10169709,0
2020-05-31 00:00:51,mainnet,10169714,10169714,0
2020-05-31 00:02:30,mainnet,10169717,10169717,0
2020-05-31 00:03:58,mainnet,10169720,10169720,0
2020-05-31 00:05:33,mainnet,10169727,10169725,2
2020-05-31 00:06:57,mainnet,10169736,10169734,2
2020-05-31 00:08:34,mainnet,10169742,10169742,0
2020-05-31 00:10:20,mainnet,10169749,10169749,0
2020-05-31 00:11:59,mainnet,10169755,10169754,1
2020-05-31 00:13:29,mainnet,10169768,10169767,1
2020-05-31 00:15:41,mainnet,10169775,10169773,2
2020-05-31 00:17:07,mainnet,10169784,10169782,2
2020-05-31 00:18:38,mainnet,10169790,10169788,2
2020-05-31 00:20:12,mainnet,10169798,10169790,8
2020-05-31 00:21:52,mainnet,10169808,10169805,3
2020-05-31 00:23:17,mainnet,10169817,10169813,4
2020-05-31 00:24:52,mainnet,10169829,10169829,0
2020-05-31 00:26:53,mainnet,10169834,10169834,0
2020-05-31 00:28:44,mainnet,10169836,10169836,0
2020-05-31 00:30:33,mainnet,10169845,10169845,0
2020-05-31 00:32:12,mainnet,10169857,10169857,0
2020-05-31 00:33:54,mainnet,10169859,10169858,1
2020-05-31 00:35:48,mainnet,10169863,10169864,-1
2020-05-31 00:37:26,mainnet,10169871,10169869,2
2020-05-31 00:39:06,mainnet,10169877,10169877,0
2020-05-31 00:40:57,mainnet,10169886,10169885,1
2020-05-31 00:42:22,mainnet,10169890,10169890,0
2020-05-31 00:44:07,mainnet,10169894,10169894,0
2020-05-31 00:45:51,mainnet,10169904,10169904,0
2020-05-31 00:47:33,mainnet,10169912,10169912,0
2020-05-31 00:49:08,mainnet,10169916,10169916,0
2020-05-31 00:50:46,mainnet,10169923,10169924,-1
2020-05-31 00:52:39,mainnet,10169937,10169937,0
2020-05-31 00:54:53,mainnet,10169944,10169944,0
2020-05-31 00:56:46,mainnet,10169951,10169951,0
2020-05-31 00:58:20,mainnet,10169957,10169957,0
2020-05-31 01:00:08,mainnet,10169968,10169968,0
2020-05-31 01:01:46,mainnet,10169979,10169978,1
2020-05-31 01:03:30,mainnet,10169986,10169986,0
2020-05-31 01:05:04,mainnet,10169994,10169995,-1
2020-05-31 01:06:32,mainnet,10170004,10170003,1
2020-05-31 01:08:42,mainnet,10170009,10170009,0
2020-05-31 01:10:25,mainnet,10170018,10170018,0
2020-05-31 01:12:05,mainnet,10170025,10170025,0
2020-05-31 01:14:02,mainnet,10170033,10170033,0
2020-05-31 01:15:41,mainnet,10170038,10170038,0
2020-05-31 01:17:24,mainnet,10170045,10170045,0
2020-05-31 01:19:12,mainnet,10170054,10170051,3
2020-05-31 01:20:37,mainnet,10170058,10170057,1
2020-05-31 01:22:14,mainnet,10170064,10170061,3
2020-05-31 01:23:38,mainnet,10170073,10170072,1
2020-05-31 01:25:14,mainnet,10170079,10170079,0
2020-05-31 01:26:47,mainnet,10170084,10170084,0
2020-05-31 01:28:17,mainnet,10170092,10170092,0
2020-05-31 01:30:15,mainnet,10170097,10170097,0
2020-05-31 01:31:57,mainnet,10170100,10170100,0
2020-05-31 01:33:29,mainnet,10170106,10170106,0
2020-05-31 01:34:59,mainnet,10170109,10170109,0
2020-05-31 01:36:39,mainnet,10170117,10170117,0
2020-05-31 01:38:13,mainnet,10170122,10170122,0
2020-05-31 01:39:53,mainnet,10170127,10170127,0
2020-05-31 01:41:29,mainnet,10170132,10170132,0
2020-05-31 01:43:03,mainnet,10170140,10170140,0
2020-05-31 01:44:33,mainnet,10170145,10170144,1
2020-05-31 01:46:01,mainnet,10170149,10170149,0
2020-05-31 01:47:27,mainnet,10170153,10170153,0
2020-05-31 01:49:08,mainnet,10170163,10170162,1
2020-05-31 01:50:37,mainnet,10170168,10170168,0
2020-05-31 01:52:13,mainnet,10170175,10170172,3
2020-05-31 01:53:44,mainnet,10170184,10170172,12
2020-05-31 01:55:18,mainnet,10170189,10170190,-1
2020-05-31 01:56:57,mainnet,10170199,10170199,0
2020-05-31 01:58:40,mainnet,10170205,10170205,0
2020-05-31 02:00:23,mainnet,10170216,10170216,0
2020-05-31 02:02:01,mainnet,10170225,10170225,0
2020-05-31 02:03:44,mainnet,10170235,10170235,0
2020-05-31 02:05:30,mainnet,10170244,10170239,5
2020-05-31 02:07:18,mainnet,10170250,10170250,0
2020-05-31 02:09:01,mainnet,10170259,10170259,0
2020-05-31 02:10:30,mainnet,10170269,10170269,0
2020-05-31 02:12:27,mainnet,10170286,10170286,0
2020-05-31 02:14:15,mainnet,10170295,10170295,0
2020-05-31 02:16:16,mainnet,10170306,10170306,0
2020-05-31 02:18:35,mainnet,10170310,10170310,0
2020-05-31 02:20:24,mainnet,10170318,10170318,0
2020-05-31 02:22:34,mainnet,10170332,10170332,0
2020-05-31 02:24:25,mainnet,10170340,10170341,-1
2020-05-31 02:26:19,mainnet,10170349,10170349,0
2020-05-31 02:27:54,mainnet,10170357,10170357,0
2020-05-31 02:29:27,mainnet,10170365,10170363,2
2020-05-31 02:30:54,mainnet,10170372,10170367,5
2020-05-31 02:32:21,mainnet,10170379,10170378,1
2020-05-31 02:33:44,mainnet,10170388,10170382,6
2020-05-31 02:35:17,mainnet,10170397,10170382,15
2020-05-31 02:36:40,mainnet,10170405,10170382,23
2020-05-31 02:38:10,mainnet,10170410,10170409,1
2020-05-31 02:39:40,mainnet,10170418,10170417,1
2020-05-31 02:41:36,mainnet,10170425,10170425,0
2020-05-31 02:43:24,mainnet,10170446,10170444,2
2020-05-31 02:45:50,mainnet,10170453,10170452,1
2020-05-31 02:47:33,mainnet,10170458,10170458,0
2020-05-31 02:49:07,mainnet,10170467,10170465,2
2020-05-31 02:50:50,mainnet,10170472,10170472,0
2020-05-31 02:52:25,mainnet,10170477,10170477,0
2020-05-31 02:54:36,mainnet,10170488,10170488,0
2020-05-31 02:56:39,mainnet,10170494,10170494,0
2020-05-31 02:58:28,mainnet,10170504,10170502,2
2020-05-31 03:00:01,mainnet,10170510,10170510,0
2020-05-31 03:01:58,mainnet,10170520,10170520,0
2020-05-31 03:03:38,mainnet,10170530,10170529,1
2020-05-31 03:05:18,mainnet,10170539,10170538,1
2020-05-31 03:07:01,mainnet,10170547,10170547,0
2020-05-31 03:08:41,mainnet,10170554,10170554,0
2020-05-31 03:10:24,mainnet,10170567,10170566,1
2020-05-31 03:11:51,mainnet,10170575,10170575,0
2020-05-31 03:13:31,mainnet,10170583,10170583,0
2020-05-31 03:15:24,mainnet,10170591,10170591,0
2020-05-31 03:16:56,mainnet,10170600,10170595,5
2020-05-31 03:18:28,mainnet,10170606,10170604,2
2020-05-31 03:20:00,mainnet,10170614,10170614,0
2020-05-31 03:22:02,mainnet,10170622,10170622,0
2020-05-31 03:23:47,mainnet,10170631,10170627,4
2020-05-31 03:25:30,mainnet,10170637,10170636,1
2020-05-31 03:27:01,mainnet,10170648,10170641,7
2020-05-31 03:28:28,mainnet,10170651,10170651,0
2020-05-31 03:30:21,mainnet,10170658,10170658,0
2020-05-31 03:31:53,mainnet,10170664,10170661,3
2020-05-31 03:33:24,mainnet,10170667,10170667,0
2020-05-31 03:35:08,mainnet,10170674,10170674,0
2020-05-31 03:36:58,mainnet,10170681,10170681,0
2020-05-31 03:38:24,mainnet,10170685,10170685,0
2020-05-31 03:39:57,mainnet,10170690,10170691,-1
2020-05-31 03:41:33,mainnet,10170695,10170695,0
2020-05-31 03:42:59,mainnet,10170700,10170700,0
2020-05-31 03:44:50,mainnet,10170710,10170710,0
2020-05-31 03:46:31,mainnet,10170714,10170714,0
2020-05-31 03:48:26,mainnet,10170724,10170717,7
2020-05-31 03:49:53,mainnet,10170730,10170730,0
2020-05-31 03:51:21,mainnet,10170737,10170734,3
2020-05-31 03:52:54,mainnet,10170743,10170743,0
2020-05-31 03:54:31,mainnet,10170747,10170747,0
2020-05-31 03:56:33,mainnet,10170757,10170756,1
2020-05-31 03:58:06,mainnet,10170761,10170760,1
2020-05-31 03:59:40,mainnet,10170772,10170772,0
2020-05-31 04:01:19,mainnet,10170780,10170780,0
2020-05-31 04:02:56,mainnet,10170790,10170790,0
2020-05-31 04:05:23,mainnet,10170797,10170793,4
2020-05-31 04:06:48,mainnet,10170806,10170806,0
2020-05-31 04:08:37,mainnet,10170815,10170814,1
2020-05-31 04:10:10,mainnet,10170818,10170816,2
2020-05-31 04:11:50,mainnet,10170825,10170823,2
2020-05-31 04:13:21,mainnet,10170832,10170832,0
2020-05-31 04:14:57,mainnet,10170842,10170840,2
2020-05-31 04:16:39,mainnet,10170851,10170851,0
2020-05-31 04:18:07,mainnet,10170858,10170858,0
2020-05-31 04:20:09,mainnet,10170872,10170864,8
2020-05-31 04:21:41,mainnet,10170879,10170879,0
2020-05-31 04:23:13,mainnet,10170885,10170884,1
2020-05-31 04:24:54,mainnet,10170897,10170897,0
2020-05-31 04:26:52,mainnet,10170904,10170903,1
2020-05-31 04:28:23,mainnet,10170910,10170910,0
2020-05-31 04:30:19,mainnet,10170916,10170916,0
2020-05-31 04:31:50,mainnet,10170925,10170923,2
2020-05-31 04:33:22,mainnet,10170931,10170929,2
2020-05-31 04:34:50,mainnet,10170937,10170936,1
2020-05-31 04:36:19,mainnet,10170942,10170942,0
2020-05-31 04:37:49,mainnet,10170947,10170947,0
2020-05-31 04:39:27,mainnet,10170955,10170955,0
2020-05-31 04:41:12,mainnet,10170963,10170963,0
2020-05-31 04:42:41,mainnet,10170967,10170967,0
2020-05-31 04:44:14,mainnet,10170972,10170972,0
2020-05-31 04:46:24,mainnet,10170979,10170979,0
2020-05-31 04:48:01,mainnet,10170989,10170988,1
2020-05-31 04:49:31,mainnet,10170993,10170992,1
2020-05-31 04:51:00,mainnet,10171001,10170999,2
2020-05-31 04:52:56,mainnet,10171007,10171008,-1
2020-05-31 04:54:42,mainnet,10171015,10171013,2
2020-05-31 04:56:10,mainnet,10171020,10171021,-1
2020-05-31 04:58:01,mainnet,10171028,10171028,0
2020-05-31 04:59:40,mainnet,10171035,10171030,5
2020-05-31 05:01:14,mainnet,10171041,10171041,0
2020-05-31 05:03:29,mainnet,10171048,10171048,0
2020-05-31 05:05:10,mainnet,10171053,10171053,0
2020-05-31 05:06:50,mainnet,10171065,10171064,1
2020-05-31 05:08:41,mainnet,10171071,10171070,1
2020-05-31 05:10:19,mainnet,10171077,10171077,0
2020-05-31 05:12:00,mainnet,10171085,10171084,1
2020-05-31 05:13:34,mainnet,10171092,10171092,0
2020-05-31 05:15:32,mainnet,10171100,10171100,0
2020-05-31 05:17:09,mainnet,10171111,10171111,0
2020-05-31 05:19:09,mainnet,10171117,10171117,0
2020-05-31 05:21:36,mainnet,10171126,10171126,0
2020-05-31 05:23:17,mainnet,10171136,10171135,1
2020-05-31 05:24:55,mainnet,10171140,10171140,0
2020-05-31 05:26:59,mainnet,10171151,10171151,0
2020-05-31 05:28:47,mainnet,10171155,10171155,0
2020-05-31 05:31:02,mainnet,10171163,10171163,0
2020-05-31 05:33:11,mainnet,10171170,10171170,0
2020-05-31 05:34:43,mainnet,10171174,10171174,0
2020-05-31 05:36:21,mainnet,10171183,10171183,0
2020-05-31 05:38:02,mainnet,10171187,10171187,0
2020-05-31 05:39:38,mainnet,10171196,10171194,2
2020-05-31 05:41:22,mainnet,10171204,10171203,1
2020-05-31 05:42:51,mainnet,10171214,10171213,1
2020-05-31 05:44:42,mainnet,10171223,10171222,1
2020-05-31 05:46:30,mainnet,10171233,10171233,0
2020-05-31 05:48:17,mainnet,10171239,10171239,0
2020-05-31 05:50:04,mainnet,10171243,10171243,0
2020-05-31 05:51:39,mainnet,10171252,10171252,0
2020-05-31 05:53:27,mainnet,10171264,10171264,0
2020-05-31 05:55:16,mainnet,10171276,10171275,1
2020-05-31 05:56:52,mainnet,10171281,10171281,0
2020-05-31 05:58:39,mainnet,10171290,10171290,0
2020-05-31 06:00:28,mainnet,10171302,10171301,1
2020-05-31 06:02:36,mainnet,10171314,10171314,0
2020-05-31 06:04:36,mainnet,10171321,10171320,1
2020-05-31 06:06:27,mainnet,10171327,10171327,0
2020-05-31 06:08:10,mainnet,10171334,10171334,0
2020-05-31 06:09:57,mainnet,10171341,10171341,0
2020-05-31 06:12:13,mainnet,10171350,10171350,0
2020-05-31 06:14:55,mainnet,10171355,10171355,0
2020-05-31 06:17:06,mainnet,10171362,10171361,1
2020-05-31 06:18:42,mainnet,10171365,10171365,0
2020-05-31 06:21:10,mainnet,10171372,10171373,-1
2020-05-31 06:22:59,mainnet,10171382,10171382,0
2020-05-31 06:24:40,mainnet,10171388,10171388,0
2020-05-31 06:26:13,mainnet,10171391,10171391,0
2020-05-31 06:27:47,mainnet,10171401,10171401,0
2020-05-31 06:29:30,mainnet,10171410,10171409,1
2020-05-31 06:31:19,mainnet,10171417,10171417,0
2020-05-31 06:32:54,mainnet,10171425,10171425,0
2020-05-31 06:34:37,mainnet,10171435,10171435,0
2020-05-31 06:36:44,mainnet,10171444,10171444,0
2020-05-31 06:38:19,mainnet,10171450,10171450,0
2020-05-31 06:40:07,mainnet,10171463,10171453,10
2020-05-31 06:41:50,mainnet,10171469,10171469,0
2020-05-31 06:43:39,mainnet,10171479,10171479,0
2020-05-31 06:45:10,mainnet,10171489,10171489,0
2020-05-31 06:47:25,mainnet,10171498,10171493,5
2020-05-31 06:49:00,mainnet,10171507,10171507,0
2020-05-31 06:50:52,mainnet,10171521,10171520,1
2020-05-31 06:52:47,mainnet,10171524,10171524,0
2020-05-31 06:54:22,mainnet,10171532,10171527,5
2020-05-31 06:55:55,mainnet,10171540,10171540,0
2020-05-31 06:57:41,mainnet,10171548,10171546,2
2020-05-31 06:59:09,mainnet,10171556,10171555,1
2020-05-31 07:00:58,mainnet,10171562,10171562,0
2020-05-31 07:02:37,mainnet,10171570,10171567,3
2020-05-31 07:04:03,mainnet,10171576,10171575,1
2020-05-31 07:05:52,mainnet,10171583,10171583,0
2020-05-31 07:07:24,mainnet,10171589,10171589,0
2020-05-31 07:09:09,mainnet,10171599,10171596,3
2020-05-31 07:11:02,mainnet,10171609,10171607,2
2020-05-31 07:12:34,mainnet,10171614,10171614,0
2020-05-31 07:14:00,mainnet,10171620,10171619,1
2020-05-31 07:15:57,mainnet,10171632,10171632,0
2020-05-31 07:18:01,mainnet,10171640,10171636,4
2020-05-31 07:19:33,mainnet,10171644,10171642,2
2020-05-31 07:20:58,mainnet,10171648,10171648,0
2020-05-31 07:22:26,mainnet,10171656,10171652,4
2020-05-31 07:23:58,mainnet,10171662,10171662,0
2020-05-31 07:26:03,mainnet,10171672,10171671,1
2020-05-31 07:27:55,mainnet,10171678,10171678,0
2020-05-31 07:29:32,mainnet,10171683,10171683,0
2020-05-31 07:31:12,mainnet,10171688,10171687,1
2020-05-31 07:32:41,mainnet,10171693,10171691,2
2020-05-31 07:34:18,mainnet,10171701,10171700,1
2020-05-31 07:36:00,mainnet,10171712,10171712,0
2020-05-31 07:37:40,mainnet,10171719,10171718,1
2020-05-31 07:39:32,mainnet,10171725,10171725,0
2020-05-31 07:41:07,mainnet,10171732,10171732,0
2020-05-31 07:43:00,mainnet,10171741,10171738,3
2020-05-31 07:44:34,mainnet,10171750,10171750,0
2020-05-31 07:46:32,mainnet,10171757,10171757,0
2020-05-31 07:48:29,mainnet,10171762,10171760,2
2020-05-31 07:49:53,mainnet,10171771,10171763,8
2020-05-31 07:51:22,mainnet,10171778,10171777,1
2020-05-31 07:52:45,mainnet,10171783,10171779,4
2020-05-31 07:54:11,mainnet,10171790,10171790,0
2020-05-31 07:55:59,mainnet,10171794,10171794,0
2020-05-31 07:57:48,mainnet,10171806,10171805,1
2020-05-31 07:59:42,mainnet,10171814,10171812,2
2020-05-31 08:01:23,mainnet,10171827,10171827,0
2020-05-31 08:03:34,mainnet,10171840,10171838,2
2020-05-31 08:05:39,mainnet,10171848,10171847,1
2020-05-31 08:07:15,mainnet,10171852,10171852,0
2020-05-31 08:08:42,mainnet,10171852,10171852,0
2020-05-31 08:10:10,mainnet,10171863,10171859,4
2020-05-31 08:12:06,mainnet,10171869,10171869,0
2020-05-31 08:13:31,mainnet,10171878,10171877,1
2020-05-31 08:15:14,mainnet,10171885,10171882,3
2020-05-31 08:16:37,mainnet,10171890,10171888,2
2020-05-31 08:18:05,mainnet,10171898,10171895,3
2020-05-31 08:19:38,mainnet,10171907,10171904,3
2020-05-31 08:21:08,mainnet,10171916,10171915,1
2020-05-31 08:23:24,mainnet,10171922,10171924,-2
2020-05-31 08:25:02,mainnet,10171939,10171937,2
2020-05-31 08:27:02,mainnet,10171945,10171944,1
2020-05-31 08:28:29,mainnet,10171953,10171950,3
2020-05-31 08:29:57,mainnet,10171959,10171958,1
2020-05-31 08:31:24,mainnet,10171966,10171966,0
2020-05-31 08:33:02,mainnet,10171974,10171973,1
2020-05-31 08:34:37,mainnet,10171981,10171981,0
2020-05-31 08:36:15,mainnet,10171986,10171985,1
2020-05-31 08:37:41,mainnet,10171992,10171992,0
2020-05-31 08:39:08,mainnet,10171998,10171998,0
2020-05-31 08:40:49,mainnet,10172012,10172012,0
2020-05-31 08:42:55,mainnet,10172023,10172023,0
2020-05-31 08:44:55,mainnet,10172032,10172028,4
2020-05-31 08:46:24,mainnet,10172043,10172043,0
2020-05-31 08:48:04,mainnet,10172052,10172043,9
2020-05-31 08:49:30,mainnet,10172058,10172057,1
2020-05-31 08:50:58,mainnet,10172065,10172065,0
2020-05-31 08:52:27,mainnet,10172069,10172069,0
2020-05-31 08:53:54,mainnet,10172075,10172074,1
2020-05-31 08:55:30,mainnet,10172081,10172081,0
2020-05-31 08:57:03,mainnet,10172086,10172085,1
2020-05-31 08:58:40,mainnet,10172098,10172086,12
2020-05-31 09:00:17,mainnet,10172107,10172101,6
2020-05-31 09:01:49,mainnet,10172115,10172114,1
2020-05-31 09:03:19,mainnet,10172122,10172121,1
2020-05-31 09:05:29,mainnet,10172132,10172131,1
2020-05-31 09:07:01,mainnet,10172140,10172138,2
2020-05-31 09:08:50,mainnet,10172149,10172150,-1
2020-05-31 09:10:23,mainnet,10172158,10172157,1
2020-05-31 09:12:07,mainnet,10172166,10172161,5
2020-05-31 09:13:36,mainnet,10172172,10172170,2
2020-05-31 09:15:02,mainnet,10172176,10172176,0
2020-05-31 09:16:51,mainnet,10172183,10172183,0
2020-05-31 09:18:27,mainnet,10172192,10172192,0
2020-05-31 09:20:08,mainnet,10172201,10172197,4
2020-05-31 09:21:31,mainnet,10172212,10172210,2
2020-05-31 09:22:54,mainnet,10172214,10172213,1
2020-05-31 09:24:35,mainnet,10172218,10172214,4
2020-05-31 09:26:10,mainnet,10172228,10172228,0
2020-05-31 09:27:52,mainnet,10172236,10172234,2
2020-05-31 09:29:31,mainnet,10172246,10172245,1
2020-05-31 09:31:14,mainnet,10172258,10172258,0
2020-05-31 09:32:59,mainnet,10172263,10172263,0
2020-05-31 09:34:46,mainnet,10172272,10172272,0
2020-05-31 09:36:20,mainnet,10172279,10172279,0
2020-05-31 09:38:09,mainnet,10172287,10172287,0
2020-05-31 09:39:42,mainnet,10172294,10172293,1
2020-05-31 09:41:13,mainnet,10172304,10172303,1
2020-05-31 09:42:47,mainnet,10172312,10172311,1
2020-05-31 09:44:25,mainnet,10172325,10172317,8
2020-05-31 09:45:55,mainnet,10172332,10172332,0
2020-05-31 09:47:24,mainnet,10172342,10172342,0
2020-05-31 09:48:50,mainnet,10172352,10172352,0
2020-05-31 09:50:16,mainnet,10172361,10172361,0
2020-05-31 09:51:59,mainnet,10172368,10172368,0
2020-05-31 09:53:34,mainnet,10172380,10172380,0
2020-05-31 09:55:33,mainnet,10172391,10172389,2
2020-05-31 09:57:36,mainnet,10172397,10172397,0
2020-05-31 09:59:22,mainnet,10172402,10172402,0
2020-05-31 10:02:01,mainnet,10172414,10172414,0
2020-05-31 10:03:34,mainnet,10172421,10172421,0
2020-05-31 10:05:23,mainnet,10172432,10172432,0
2020-05-31 10:06:59,mainnet,10172438,10172438,0
2020-05-31 10:08:53,mainnet,10172444,10172444,0
2020-05-31 10:10:32,mainnet,10172454,10172453,1
2020-05-31 10:12:05,mainnet,10172460,10172460,0
2020-05-31 10:13:35,mainnet,10172464,10172464,0
2020-05-31 10:15:07,mainnet,10172468,10172468,0
2020-05-31 10:16:33,mainnet,10172473,10172473,0
2020-05-31 10:18:00,mainnet,10172479,10172477,2
2020-05-31 10:19:23,mainnet,10172483,10172482,1
2020-05-31 10:20:59,mainnet,10172490,10172490,0
2020-05-31 10:22:33,mainnet,10172499,10172499,0
2020-05-31 10:24:19,mainnet,10172511,10172511,0
2020-05-31 10:28:48,mainnet,10172535,10172516,19
2020-05-31 10:30:13,mainnet,10172547,10172536,11
2020-05-31 10:32:11,mainnet,10172555,10172554,1
2020-05-31 10:33:40,mainnet,10172563,10172560,3
2020-05-31 10:35:06,mainnet,10172567,10172567,0
2020-05-31 10:36:34,mainnet,10172577,10172577,0
2020-05-31 10:38:18,mainnet,10172583,10172583,0
2020-05-31 10:40:11,mainnet,10172590,10172589,1
2020-05-31 10:41:45,mainnet,10172603,10172603,0
2020-05-31 10:43:21,mainnet,10172607,10172607,0
2020-05-31 10:45:12,mainnet,10172614,10172614,0
2020-05-31 10:46:48,mainnet,10172617,10172617,0
2020-05-31 10:48:34,mainnet,10172627,10172627,0
2020-05-31 10:50:43,mainnet,10172633,10172631,2
2020-05-31 10:52:06,mainnet,10172637,10172636,1
2020-05-31 10:53:40,mainnet,10172647,10172646,1
2020-05-31 10:55:10,mainnet,10172656,10172656,0
2020-05-31 10:56:51,mainnet,10172665,10172664,1
2020-05-31 10:58:36,mainnet,10172677,10172675,2
2020-05-31 11:00:15,mainnet,10172683,10172683,0
2020-05-31 11:01:54,mainnet,10172695,10172695,0
2020-05-31 11:04:00,mainnet,10172703,10172703,0
2020-05-31 11:05:45,mainnet,10172713,10172713,0
2020-05-31 11:07:43,mainnet,10172722,10172721,1
2020-05-31 11:09:17,mainnet,10172728,10172728,0
2020-05-31 11:11:11,mainnet,10172731,10172731,0
2020-05-31 11:12:55,mainnet,10172739,10172739,0
2020-05-31 11:14:44,mainnet,10172752,10172749,3
2020-05-31 11:16:08,mainnet,10172758,10172752,6
2020-05-31 11:17:32,mainnet,10172764,10172764,0
2020-05-31 11:19:22,mainnet,10172771,10172772,-1
2020-05-31 11:21:13,mainnet,10172780,10172780,0
2020-05-31 11:22:59,mainnet,10172789,10172789,0
2020-05-31 11:24:56,mainnet,10172795,10172794,1
2020-05-31 11:26:21,mainnet,10172798,10172798,0
2020-05-31 11:27:51,mainnet,10172802,10172802,0
2020-05-31 11:29:29,mainnet,10172810,10172810,0
2020-05-31 11:31:01,mainnet,10172814,10172814,0
2020-05-31 11:32:36,mainnet,10172820,10172820,0
2020-05-31 11:34:03,mainnet,10172828,10172820,8
2020-05-31 11:35:32,mainnet,10172832,10172833,-1
2020-05-31 11:37:03,mainnet,10172844,10172845,-1
2020-05-31 11:38:51,mainnet,10172853,10172850,3
2020-05-31 11:40:29,mainnet,10172860,10172860,0
2020-05-31 11:42:10,mainnet,10172864,10172863,1
2020-05-31 11:43:38,mainnet,10172870,10172869,1
2020-05-31 11:45:13,mainnet,10172877,10172877,0
2020-05-31 11:46:44,mainnet,10172884,10172884,0
2020-05-31 11:48:26,mainnet,10172893,10172893,0
2020-05-31 11:50:09,mainnet,10172901,10172900,1
2020-05-31 11:51:44,mainnet,10172907,10172906,1
2020-05-31 11:53:08,mainnet,10172913,10172912,1
2020-05-31 11:54:42,mainnet,10172921,10172921,0
2020-05-31 11:56:26,mainnet,10172925,10172925,0
2020-05-31 11:58:13,mainnet,10172933,10172933,0
2020-05-31 12:00:06,mainnet,10172946,10172945,1
2020-05-31 12:01:51,mainnet,10172952,10172952,0
2020-05-31 12:03:29,mainnet,10172963,10172963,0
2020-05-31 12:05:11,mainnet,10172974,10172974,0
2020-05-31 12:06:59,mainnet,10172984,10172985,-1
2020-05-31 12:08:33,mainnet,10172992,10172992,0
2020-05-31 12:10:25,mainnet,10173001,10173000,1
2020-05-31 12:12:10,mainnet,10173012,10173012,0
2020-05-31 12:13:44,mainnet,10173021,10173021,0
2020-05-31 12:15:30,mainnet,10173026,10173026,0
2020-05-31 12:17:11,mainnet,10173031,10173031,0
2020-05-31 12:18:52,mainnet,10173036,10173037,-1
2020-05-31 12:20:25,mainnet,10173046,10173046,0
2020-05-31 12:21:52,mainnet,10173054,10173055,-1
2020-05-31 12:23:32,mainnet,10173061,10173062,-1
2020-05-31 12:25:20,mainnet,10173066,10173066,0
2020-05-31 12:27:04,mainnet,10173070,10173070,0
2020-05-31 12:28:46,mainnet,10173075,10173073,2
2020-05-31 12:30:14,mainnet,10173081,10173079,2
2020-05-31 12:31:53,mainnet,10173087,10173087,0
2020-05-31 12:33:33,mainnet,10173097,10173094,3
2020-05-31 12:35:03,mainnet,10173106,10173103,3
2020-05-31 12:36:32,mainnet,10173111,10173111,0
2020-05-31 12:38:36,mainnet,10173116,10173116,0
2020-05-31 12:40:27,mainnet,10173120,10173120,0
2020-05-31 12:42:01,mainnet,10173126,10173126,0
2020-05-31 12:44:19,mainnet,10173132,10173132,0
2020-05-31 12:45:57,mainnet,10173137,10173137,0
2020-05-31 12:47:41,mainnet,10173145,10173145,0
2020-05-31 12:49:26,mainnet,10173153,10173153,0
2020-05-31 12:51:16,mainnet,10173155,10173155,0
2020-05-31 12:52:58,mainnet,10173163,10173162,1
2020-05-31 12:54:53,mainnet,10173170,10173170,0
2020-05-31 12:56:35,mainnet,10173175,10173172,3
2020-05-31 12:58:00,mainnet,10173186,10173182,4
2020-05-31 12:59:23,mainnet,10173193,10173193,0
2020-05-31 13:01:02,mainnet,10173199,10173199,0
2020-05-31 13:02:39,mainnet,10173206,10173205,1
2020-05-31 13:04:24,mainnet,10173215,10173215,0
2020-05-31 13:06:01,mainnet,10173224,10173223,1
2020-05-31 13:08:00,mainnet,10173232,10173227,5
2020-05-31 13:09:25,mainnet,10173237,10173234,3
2020-05-31 13:10:56,mainnet,10173240,10173240,0
2020-05-31 13:12:49,mainnet,10173249,10173248,1
2020-05-31 13:14:28,mainnet,10173254,10173251,3
2020-05-31 13:15:55,mainnet,10173257,10173257,0
2020-05-31 13:18:01,mainnet,10173268,10173259,9
2020-05-31 13:19:26,mainnet,10173276,10173274,2
2020-05-31 13:20:50,mainnet,10173285,10173285,0
2020-05-31 13:22:49,mainnet,10173294,10173294,0
2020-05-31 13:24:29,mainnet,10173301,10173301,0
2020-05-31 13:26:09,mainnet,10173311,10173310,1
2020-05-31 13:27:44,mainnet,10173319,10173315,4
2020-05-31 13:29:13,mainnet,10173325,10173315,10
2020-05-31 13:30:37,mainnet,10173331,10173330,1
2020-05-31 13:32:07,mainnet,10173338,10173338,0
2020-05-31 13:33:32,mainnet,10173344,10173344,0
2020-05-31 13:35:04,mainnet,10173349,10173344,5
2020-05-31 13:36:29,mainnet,10173353,10173353,0
2020-05-31 13:37:54,mainnet,10173360,10173360,0
2020-05-31 13:39:18,mainnet,10173368,10173361,7
2020-05-31 13:40:42,mainnet,10173369,10173369,0
2020-05-31 13:42:26,mainnet,10173378,10173372,6
2020-05-31 13:43:51,mainnet,10173382,10173372,10
2020-05-31 13:45:20,mainnet,10173391,10173373,18
2020-05-31 13:46:48,mainnet,10173400,10173400,0
2020-05-31 13:48:15,mainnet,10173402,10173401,1
2020-05-31 13:49:48,mainnet,10173406,10173401,5
2020-05-31 13:51:14,mainnet,10173411,10173411,0
2020-05-31 13:52:42,mainnet,10173420,10173411,9
2020-05-31 13:54:08,mainnet,10173421,10173420,1
2020-05-31 13:55:37,mainnet,10173427,10173425,2
2020-05-31 13:57:06,mainnet,10173430,10173427,3
2020-05-31 13:58:42,mainnet,10173436,10173427,9
2020-05-31 14:00:26,mainnet,10173438,10173437,1
2020-05-31 14:01:59,mainnet,10173440,10173440,0
2020-05-31 14:03:29,mainnet,10173450,10173450,0
2020-05-31 14:05:02,mainnet,10173459,10173457,2
2020-05-31 14:06:29,mainnet,10173464,10173462,2
2020-05-31 14:07:56,mainnet,10173472,10173472,0
2020-05-31 14:09:27,mainnet,10173483,10173475,8
2020-05-31 14:10:57,mainnet,10173488,10173488,0
2020-05-31 14:12:49,mainnet,10173494,10173494,0
2020-05-31 14:14:34,mainnet,10173499,10173494,5
2020-05-31 14:16:14,mainnet,10173511,10173510,1
2020-05-31 14:17:43,mainnet,10173512,10173511,1
2020-05-31 14:19:17,mainnet,10173517,10173516,1
2020-05-31 14:20:47,mainnet,10173525,10173523,2
2020-05-31 14:22:13,mainnet,10173534,10173527,7
2020-05-31 14:23:41,mainnet,10173541,10173536,5
2020-05-31 14:25:07,mainnet,10173548,10173548,0
2020-05-31 14:26:55,mainnet,10173560,10173560,0
2020-05-31 14:28:56,mainnet,10173565,10173565,0
2020-05-31 14:30:49,mainnet,10173571,10173571,0
2020-05-31 14:32:33,mainnet,10173580,10173580,0
2020-05-31 14:34:25,mainnet,10173590,10173589,1
2020-05-31 14:35:54,mainnet,10173598,10173598,0
2020-05-31 14:37:24,mainnet,10173609,10173603,6
2020-05-31 14:38:52,mainnet,10173614,10173612,2
2020-05-31 14:40:18,mainnet,10173620,10173614,6
2020-05-31 14:41:48,mainnet,10173633,10173618,15
2020-05-31 14:43:27,mainnet,10173640,10173633,7
2020-05-31 14:45:02,mainnet,10173644,10173633,11
2020-05-31 14:46:29,mainnet,10173649,10173646,3
2020-05-31 14:47:53,mainnet,10173656,10173653,3
2020-05-31 14:49:23,mainnet,10173661,10173653,8
2020-05-31 14:50:45,mainnet,10173671,10173666,5
2020-05-31 14:52:18,mainnet,10173677,10173677,0
2020-05-31 14:53:59,mainnet,10173685,10173685,0
2020-05-31 14:55:39,mainnet,10173692,10173691,1
2020-05-31 14:57:18,mainnet,10173705,10173701,4
2020-05-31 14:58:45,mainnet,10173713,10173711,2
2020-05-31 15:00:29,mainnet,10173721,10173719,2
2020-05-31 15:01:52,mainnet,10173731,10173731,0
2020-05-31 15:04:08,mainnet,10173736,10173736,0
2020-05-31 15:05:40,mainnet,10173740,10173740,0
2020-05-31 15:07:09,mainnet,10173746,10173744,2
2020-05-31 15:08:33,mainnet,10173754,10173751,3
2020-05-31 15:10:18,mainnet,10173761,10173761,0
2020-05-31 15:12:02,mainnet,10173768,10173764,4
2020-05-31 15:13:27,mainnet,10173773,10173772,1
2020-05-31 15:14:58,mainnet,10173779,10173779,0
2020-05-31 15:16:23,mainnet,10173780,10173780,0
2020-05-31 15:18:00,mainnet,10173787,10173783,4
2020-05-31 15:19:43,mainnet,10173795,10173793,2
2020-05-31 15:21:22,mainnet,10173798,10173798,0
2020-05-31 15:23:02,mainnet,10173806,10173805,1
2020-05-31 15:24:39,mainnet,10173813,10173813,0
2020-05-31 15:26:13,mainnet,10173821,10173821,0
2020-05-31 15:27:47,mainnet,10173834,10173832,2
2020-05-31 15:29:19,mainnet,10173838,10173837,1
2020-05-31 15:30:52,mainnet,10173845,10173845,0
2020-05-31 15:32:32,mainnet,10173856,10173856,0
2020-05-31 15:34:07,mainnet,10173863,10173863,0
2020-05-31 15:35:47,mainnet,10173870,10173869,1
2020-05-31 15:37:30,mainnet,10173878,10173878,0
2020-05-31 15:39:25,mainnet,10173885,10173885,0
2020-05-31 15:41:10,mainnet,10173891,10173891,0
2020-05-31 15:42:52,mainnet,10173895,10173893,2
2020-05-31 15:44:20,mainnet,10173902,10173902,0
2020-05-31 15:45:53,mainnet,10173910,10173902,8
2020-05-31 15:47:16,mainnet,10173917,10173918,-1
2020-05-31 15:48:51,mainnet,10173924,10173920,4
2020-05-31 15:50:19,mainnet,10173934,10173935,-1
2020-05-31 15:52:01,mainnet,10173941,10173941,0
2020-05-31 15:53:36,mainnet,10173947,10173947,0
2020-05-31 15:55:15,mainnet,10173956,10173956,0
2020-05-31 15:56:44,mainnet,10173966,10173959,7
2020-05-31 15:58:08,mainnet,10173971,10173969,2
2020-05-31 15:59:31,mainnet,10173980,10173979,1
2020-05-31 16:01:10,mainnet,10173990,10173990,0
2020-05-31 16:03:01,mainnet,10173998,10173998,0
2020-05-31 16:04:44,mainnet,10174012,10174012,0
2020-05-31 16:06:07,mainnet,10174022,10174022,0
2020-05-31 16:07:59,mainnet,10174032,10174030,2
2020-05-31 16:09:24,mainnet,10174038,10174038,0
2020-05-31 16:10:48,mainnet,10174042,10174042,0
2020-05-31 16:12:23,mainnet,10174046,10174046,0
2020-05-31 16:14:16,mainnet,10174056,10174056,0
2020-05-31 16:15:53,mainnet,10174060,10174060,0
2020-05-31 16:17:47,mainnet,10174067,10174066,1
2020-05-31 16:19:16,mainnet,10174073,10174071,2
2020-05-31 16:20:38,mainnet,10174081,10174081,0
2020-05-31 16:22:03,mainnet,10174085,10174084,1
2020-05-31 16:23:34,mainnet,10174089,10174089,0
2020-05-31 16:25:23,mainnet,10174097,10174097,0
2020-05-31 16:26:57,mainnet,10174107,10174105,2
2020-05-31 16:28:20,mainnet,10174114,10174113,1
2020-05-31 16:29:45,mainnet,10174117,10174117,0
2020-05-31 16:31:17,mainnet,10174120,10174119,1
2020-05-31 16:32:41,mainnet,10174122,10174122,0
2020-05-31 16:34:23,mainnet,10174128,10174129,-1
2020-05-31 16:36:01,mainnet,10174135,10174135,0
2020-05-31 16:37:51,mainnet,10174139,10174138,1
2020-05-31 16:39:20,mainnet,10174144,10174143,1
2020-05-31 16:40:48,mainnet,10174155,10174155,0
2020-05-31 16:42:40,mainnet,10174160,10174160,0
2020-05-31 16:44:27,mainnet,10174169,10174170,-1
2020-05-31 16:45:56,mainnet,10174179,10174179,0
2020-05-31 16:47:34,mainnet,10174187,10174187,0
2020-05-31 16:49:08,mainnet,10174196,10174196,0
2020-05-31 16:50:45,mainnet,10174203,10174203,0
2020-05-31 16:52:23,mainnet,10174208,10174206,2
2020-05-31 16:54:03,mainnet,10174216,10174216,0
2020-05-31 16:55:28,mainnet,10174218,10174217,1
2020-05-31 16:56:55,mainnet,10174227,10174224,3
2020-05-31 16:58:18,mainnet,10174233,10174233,0
2020-05-31 16:59:53,mainnet,10174240,10174238,2
2020-05-31 17:01:24,mainnet,10174245,10174242,3
2020-05-31 17:02:46,mainnet,10174249,10174250,-1
2020-05-31 17:04:26,mainnet,10174256,10174253,3
2020-05-31 17:05:48,mainnet,10174262,10174256,6
2020-05-31 17:07:17,mainnet,10174269,10174269,0
2020-05-31 17:08:42,mainnet,10174280,10174280,0
2020-05-31 17:10:22,mainnet,10174291,10174291,0
2020-05-31 17:11:52,mainnet,10174299,10174296,3
2020-05-31 17:13:18,mainnet,10174306,10174306,0
2020-05-31 17:15:06,mainnet,10174317,10174317,0
2020-05-31 17:16:44,mainnet,10174325,10174325,0
2020-05-31 17:18:38,mainnet,10174332,10174333,-1
2020-05-31 17:20:35,mainnet,10174341,10174341,0
2020-05-31 17:22:18,mainnet,10174354,10174354,0
2020-05-31 17:23:46,mainnet,10174358,10174358,0
2020-05-31 17:25:34,mainnet,10174364,10174363,1
2020-05-31 17:27:08,mainnet,10174371,10174371,0
2020-05-31 17:28:55,mainnet,10174380,10174376,4
2020-05-31 17:30:21,mainnet,10174383,10174383,0
2020-05-31 17:31:48,mainnet,10174389,10174386,3
2020-05-31 17:33:12,mainnet,10174397,10174395,2
2020-05-31 17:34:35,mainnet,10174400,10174399,1
2020-05-31 17:36:01,mainnet,10174407,10174406,1
2020-05-31 17:37:24,mainnet,10174415,10174415,0
2020-05-31 17:38:59,mainnet,10174423,10174423,0
2020-05-31 17:40:43,mainnet,10174434,10174434,0
2020-05-31 17:42:38,mainnet,10174443,10174443,0
2020-05-31 17:44:06,mainnet,10174453,10174452,1
2020-05-31 17:45:32,mainnet,10174464,10174464,0
2020-05-31 17:47:08,mainnet,10174473,10174474,-1
2020-05-31 17:48:37,mainnet,10174478,10174478,0
2020-05-31 17:50:20,mainnet,10174484,10174484,0
2020-05-31 17:51:58,mainnet,10174494,10174494,0
2020-05-31 17:53:29,mainnet,10174500,10174500,0
2020-05-31 17:55:25,mainnet,10174510,10174509,1
2020-05-31 17:57:08,mainnet,10174521,10174519,2
2020-05-31 17:58:42,mainnet,10174524,10174524,0
2020-05-31 18:00:13,mainnet,10174531,10174527,4
2020-05-31 18:01:40,mainnet,10174533,10174533,0
2020-05-31 18:03:20,mainnet,10174540,10174540,0
2020-05-31 18:04:55,mainnet,10174549,10174549,0
2020-05-31 18:06:22,mainnet,10174555,10174556,-1
2020-05-31 18:07:48,mainnet,10174562,10174562,0
2020-05-31 18:09:35,mainnet,10174569,10174569,0
2020-05-31 18:11:15,mainnet,10174580,10174579,1
2020-05-31 18:12:47,mainnet,10174585,10174585,0
2020-05-31 18:14:33,mainnet,10174593,10174593,0
2020-05-31 18:16:16,mainnet,10174599,10174598,1
2020-05-31 18:17:52,mainnet,10174604,10174604,0
2020-05-31 18:19:17,mainnet,10174615,10174615,0
2020-05-31 18:20:58,mainnet,10174626,10174626,0
2020-05-31 18:22:45,mainnet,10174633,10174633,0
2020-05-31 18:24:31,mainnet,10174637,10174637,0
2020-05-31 18:26:06,mainnet,10174645,10174645,0
2020-05-31 18:27:43,mainnet,10174654,10174654,0
2020-05-31 18:29:26,mainnet,10174659,10174658,1
2020-05-31 18:30:53,mainnet,10174663,10174662,1
2020-05-31 18:32:19,mainnet,10174669,10174663,6
2020-05-31 18:33:42,mainnet,10174674,10174672,2
2020-05-31 18:35:19,mainnet,10174679,10174677,2
2020-05-31 18:36:50,mainnet,10174685,10174685,0
2020-05-31 18:39:09,mainnet,10174693,10174689,4
2020-05-31 18:40:33,mainnet,10174699,10174699,0
2020-05-31 18:42:03,mainnet,10174701,10174701,0
2020-05-31 18:43:45,mainnet,10174708,10174707,1
2020-05-31 18:45:18,mainnet,10174719,10174712,7
2020-05-31 18:46:49,mainnet,10174730,10174730,0
2020-05-31 18:48:41,mainnet,10174736,10174735,1
2020-05-31 18:50:14,mainnet,10174740,10174738,2
2020-05-31 18:51:50,mainnet,10174745,10174745,0
2020-05-31 18:53:34,mainnet,10174754,10174754,0
2020-05-31 18:55:33,mainnet,10174766,10174766,0
2020-05-31 18:57:33,mainnet,10174773,10174774,-1
2020-05-31 18:59:15,mainnet,10174782,10174782,0
2020-05-31 19:01:01,mainnet,10174796,10174794,2
2020-05-31 19:02:34,mainnet,10174802,10174801,1
2020-05-31 19:04:10,mainnet,10174807,10174807,0
2020-05-31 19:05:49,mainnet,10174810,10174810,0
2020-05-31 19:07:18,mainnet,10174819,10174819,0
2020-05-31 19:08:42,mainnet,10174825,10174825,0
2020-05-31 19:10:30,mainnet,10174835,10174835,0
2020-05-31 19:12:42,mainnet,10174842,10174842,0
2020-05-31 19:14:19,mainnet,10174850,10174850,0
2020-05-31 19:16:01,mainnet,10174858,10174858,0
2020-05-31 19:18:06,mainnet,10174867,10174867,0
2020-05-31 19:19:59,mainnet,10174875,10174875,0
2020-05-31 19:21:43,mainnet,10174878,10174878,0
2020-05-31 19:23:36,mainnet,10174888,10174888,0
2020-05-31 19:25:17,mainnet,10174894,10174893,1
2020-05-31 19:26:58,mainnet,10174902,10174902,0
2020-05-31 19:28:39,mainnet,10174909,10174908,1
2020-05-31 19:30:05,mainnet,10174917,10174914,3
2020-05-31 19:31:36,mainnet,10174927,10174927,0
2020-05-31 19:33:08,mainnet,10174931,10174931,0
2020-05-31 19:34:40,mainnet,10174937,10174937,0
2020-05-31 19:36:24,mainnet,10174944,10174943,1
2020-05-31 19:38:05,mainnet,10174952,10174952,0
2020-05-31 19:40:02,mainnet,10174960,10174960,0
2020-05-31 19:41:57,mainnet,10174964,10174965,-1
2020-05-31 19:43:29,mainnet,10174974,10174974,0
2020-05-31 19:45:16,mainnet,10174979,10174979,0
2020-05-31 19:46:52,mainnet,10174990,10174989,1
2020-05-31 19:48:24,mainnet,10174997,10174997,0
2020-05-31 19:50:04,mainnet,10175001,10175001,0
2020-05-31 19:51:41,mainnet,10175007,10175008,-1
2020-05-31 19:53:19,mainnet,10175018,10175017,1
2020-05-31 19:55:08,mainnet,10175022,10175022,0
2020-05-31 19:56:38,mainnet,10175032,10175031,1
2020-05-31 19:58:08,mainnet,10175041,10175041,0
2020-05-31 19:59:39,mainnet,10175049,10175049,0
2020-05-31 20:01:21,mainnet,10175062,10175062,0
2020-05-31 20:03:12,mainnet,10175071,10175071,0
2020-05-31 20:04:49,mainnet,10175083,10175083,0
2020-05-31 20:06:28,mainnet,10175092,10175092,0
2020-05-31 20:08:05,mainnet,10175098,10175098,0
2020-05-31 20:09:39,mainnet,10175104,10175104,0
2020-05-31 20:11:23,mainnet,10175113,10175113,0
2020-05-31 20:13:05,mainnet,10175124,10175124,0
2020-05-31 20:14:35,mainnet,10175130,10175130,0
2020-05-31 20:16:33,mainnet,10175136,10175136,0
2020-05-31 20:18:10,mainnet,10175146,10175146,0
2020-05-31 20:19:37,mainnet,10175152,10175152,0
2020-05-31 20:21:07,mainnet,10175160,10175160,0
2020-05-31 20:23:11,mainnet,10175171,10175170,1
2020-05-31 20:24:41,mainnet,10175183,10175183,0
2020-05-31 20:26:21,mainnet,10175198,10175198,0
2020-05-31 20:28:29,mainnet,10175206,10175204,2
2020-05-31 20:30:00,mainnet,10175214,10175213,1
2020-05-31 20:31:29,mainnet,10175223,10175222,1
2020-05-31 20:33:09,mainnet,10175230,10175229,1
2020-05-31 20:34:38,mainnet,10175239,10175238,1
2020-05-31 20:36:12,mainnet,10175245,10175245,0
2020-05-31 20:37:45,mainnet,10175251,10175251,0
2020-05-31 20:39:21,mainnet,10175263,10175264,-1
2020-05-31 20:41:38,mainnet,10175273,10175270,3
2020-05-31 20:43:10,mainnet,10175282,10175281,1
2020-05-31 20:44:37,mainnet,10175289,10175288,1
2020-05-31 20:46:01,mainnet,10175292,10175292,0
2020-05-31 20:47:24,mainnet,10175299,10175299,0
2020-05-31 20:49:06,mainnet,10175303,10175303,0
2020-05-31 20:50:46,mainnet,10175313,10175313,0
2020-05-31 20:52:13,mainnet,10175321,10175321,0
2020-05-31 20:53:45,mainnet,10175327,10175327,0
2020-05-31 20:55:21,mainnet,10175334,10175335,-1
2020-05-31 20:57:08,mainnet,10175344,10175344,0
2020-05-31 20:58:41,mainnet,10175350,10175349,1
2020-05-31 21:00:17,mainnet,10175360,10175360,0
2020-05-31 21:01:55,mainnet,10175369,10175365,4
2020-05-31 21:03:19,mainnet,10175376,10175376,0
2020-05-31 21:04:44,mainnet,10175379,10175379,0
2020-05-31 21:06:20,mainnet,10175385,10175386,-1
2020-05-31 21:07:55,mainnet,10175396,10175396,0
2020-05-31 21:09:51,mainnet,10175405,10175405,0
2020-05-31 21:11:41,mainnet,10175413,10175411,2
2020-05-31 21:13:09,mainnet,10175416,10175417,-1
2020-05-31 21:15:03,mainnet,10175426,10175426,0
2020-05-31 21:16:52,mainnet,10175436,10175435,1
2020-05-31 21:18:30,mainnet,10175440,10175440,0
2020-05-31 21:20:05,mainnet,10175447,10175447,0
2020-05-31 21:21:56,mainnet,10175456,10175456,0
2020-05-31 21:23:47,mainnet,10175468,10175466,2
2020-05-31 21:25:20,mainnet,10175474,10175475,-1
2020-05-31 21:27:20,mainnet,10175482,10175483,-1
2020-05-31 21:28:45,mainnet,10175487,10175487,0
2020-05-31 21:30:22,mainnet,10175496,10175495,1
2020-05-31 21:32:00,mainnet,10175506,10175505,1
2020-05-31 21:33:39,mainnet,10175513,10175513,0
2020-05-31 21:35:05,mainnet,10175520,10175520,0
2020-05-31 21:36:28,mainnet,10175526,10175525,1
2020-05-31 21:38:15,mainnet,10175533,10175532,1
2020-05-31 21:39:49,mainnet,10175538,10175538,0
2020-05-31 21:41:24,mainnet,10175546,10175546,0
2020-05-31 21:43:04,mainnet,10175552,10175552,0
2020-05-31 21:44:41,mainnet,10175560,10175554,6
2020-05-31 21:46:04,mainnet,10175568,10175568,0
2020-05-31 21:47:31,mainnet,10175573,10175573,0
2020-05-31 21:48:55,mainnet,10175576,10175576,0
2020-05-31 21:50:22,mainnet,10175584,10175576,8
2020-05-31 21:52:10,mainnet,10175594,10175592,2
2020-05-31 21:53:35,mainnet,10175599,10175599,0
2020-05-31 21:55:02,mainnet,10175601,10175600,1
2020-05-31 21:56:27,mainnet,10175606,10175606,0
2020-05-31 21:58:25,mainnet,10175615,10175610,5
2020-05-31 22:00:06,mainnet,10175621,10175610,11
2020-05-31 22:01:47,mainnet,10175629,10175629,0
2020-05-31 22:03:26,mainnet,10175634,10175629,5
2020-05-31 22:04:49,mainnet,10175641,10175640,1
2020-05-31 22:06:12,mainnet,10175647,10175647,0
2020-05-31 22:07:37,mainnet,10175654,10175654,0
2020-05-31 22:09:02,mainnet,10175660,10175660,0
2020-05-31 22:10:27,mainnet,10175667,10175667,0
2020-05-31 22:11:55,mainnet,10175673,10175673,0
2020-05-31 22:13:29,mainnet,10175683,10175683,0
2020-05-31 22:14:55,mainnet,10175687,10175687,0
2020-05-31 22:16:19,mainnet,10175692,10175692,0
2020-05-31 22:17:42,mainnet,10175697,10175697,0
2020-05-31 22:19:10,mainnet,10175701,10175702,-1
2020-05-31 22:20:34,mainnet,10175708,10175708,0
2020-05-31 22:22:06,mainnet,10175714,10175714,0
2020-05-31 22:24:03,mainnet,10175721,10175716,5
2020-05-31 22:25:25,mainnet,10175730,10175730,0
2020-05-31 22:26:52,mainnet,10175736,10175736,0
2020-05-31 22:28:15,mainnet,10175741,10175741,0
2020-05-31 22:29:42,mainnet,10175744,10175744,0
2020-05-31 22:31:06,mainnet,10175751,10175751,0
2020-05-31 22:32:30,mainnet,10175762,10175761,1
2020-05-31 22:33:55,mainnet,10175771,10175771,0
2020-05-31 22:35:50,mainnet,10175778,10175778,0
2020-05-31 22:37:12,mainnet,10175785,10175785,0
2020-05-31 22:38:35,mainnet,10175789,10175789,0
2020-05-31 22:40:07,mainnet,10175800,10175800,0
2020-05-31 22:41:30,mainnet,10175806,10175806,0
2020-05-31 22:42:53,mainnet,10175814,10175813,1
2020-05-31 22:44:26,mainnet,10175821,10175821,0
2020-05-31 22:45:56,mainnet,10175824,10175824,0
2020-05-31 22:47:20,mainnet,10175833,10175833,0
2020-05-31 22:48:43,mainnet,10175842,10175842,0
2020-05-31 22:50:09,mainnet,10175850,10175850,0
2020-05-31 22:51:37,mainnet,10175852,10175852,0
2020-05-31 22:53:10,mainnet,10175857,10175857,0
2020-05-31 22:54:35,mainnet,10175861,10175861,0
2020-05-31 22:56:03,mainnet,10175868,10175868,0
2020-05-31 22:57:29,mainnet,10175871,10175871,0
2020-05-31 22:58:58,mainnet,10175875,10175875,0
2020-05-31 23:00:25,mainnet,10175881,10175880,1
2020-05-31 23:01:51,mainnet,10175890,10175890,0
2020-05-31 23:03:15,mainnet,10175896,10175896,0
2020-05-31 23:04:42,mainnet,10175900,10175900,0
2020-05-31 23:06:16,mainnet,10175904,10175905,-1
2020-05-31 23:07:42,mainnet,10175917,10175916,1
2020-05-31 23:09:08,mainnet,10175920,10175920,0
2020-05-31 23:10:36,mainnet,10175925,10175925,0
2020-05-31 23:12:01,mainnet,10175931,10175931,0
2020-05-31 23:13:24,mainnet,10175938,10175938,0
2020-05-31 23:14:53,mainnet,10175946,10175946,0
2020-05-31 23:16:24,mainnet,10175954,10175954,0
2020-05-31 23:17:49,mainnet,10175963,10175963,0
2020-05-31 23:19:27,mainnet,10175970,10175970,0
2020-05-31 23:20:51,mainnet,10175978,10175978,0
2020-05-31 23:22:21,mainnet,10175982,10175982,0
2020-05-31 23:23:48,mainnet,10175987,10175987,0
2020-05-31 23:25:16,mainnet,10175989,10175989,0
2020-05-31 23:26:43,mainnet,10175992,10175992,0
2020-05-31 23:28:20,mainnet,10175997,10175997,0
2020-05-31 23:29:43,mainnet,10176002,10176002,0
2020-05-31 23:31:13,mainnet,10176006,10176006,0
2020-05-31 23:32:39,mainnet,10176013,10176013,0
2020-05-31 23:34:03,mainnet,10176019,10176018,1
2020-05-31 23:35:26,mainnet,10176025,10176025,0
2020-05-31 23:37:06,mainnet,10176028,10176028,0
2020-05-31 23:38:35,mainnet,10176036,10176036,0
2020-05-31 23:40:02,mainnet,10176042,10176041,1
2020-05-31 23:41:27,mainnet,10176050,10176050,0
2020-05-31 23:42:55,mainnet,10176058,10176058,0
2020-05-31 23:44:34,mainnet,10176066,10176065,1
2020-05-31 23:46:01,mainnet,10176081,10176080,1
2020-05-31 23:47:34,mainnet,10176088,10176087,1
2020-05-31 23:48:59,mainnet,10176097,10176097,0
2020-05-31 23:50:28,mainnet,10176103,10176103,0
2020-05-31 23:51:53,mainnet,10176107,10176107,0
2020-05-31 23:53:24,mainnet,10176111,10176111,0
2020-05-31 23:54:56,mainnet,10176120,10176120,0
2020-05-31 23:56:31,mainnet,10176131,10176130,1
2020-05-31 23:58:02,mainnet,10176142,10176135,7
2020-05-31 23:59:29,mainnet,10176143,10176143,0
2020-06-01 00:00:53,mainnet,10176149,10176147,2
2020-06-01 00:02:17,mainnet,10176160,10176159,1
2020-06-01 00:03:45,mainnet,10176170,10176170,0
2020-06-01 00:05:24,mainnet,10176173,10176173,0
2020-06-01 00:06:51,mainnet,10176178,10176178,0
2020-06-01 00:08:29,mainnet,10176187,10176187,0
2020-06-01 00:10:04,mainnet,10176198,10176198,0
2020-06-01 00:11:32,mainnet,10176200,10176200,0
2020-06-01 00:13:04,mainnet,10176208,10176208,0
2020-06-01 00:14:31,mainnet,10176213,10176213,0
2020-06-01 00:16:04,mainnet,10176224,10176223,1
2020-06-01 00:17:33,mainnet,10176228,10176228,0
2020-06-01 00:19:05,mainnet,10176236,10176235,1
2020-06-01 00:20:30,mainnet,10176245,10176245,0
2020-06-01 00:22:01,mainnet,10176248,10176248,0
2020-06-01 00:23:26,mainnet,10176254,10176254,0
2020-06-01 00:24:52,mainnet,10176261,10176261,0
2020-06-01 00:26:20,mainnet,10176265,10176265,0
2020-06-01 00:27:52,mainnet,10176274,10176275,-1
2020-06-01 11:46:20,mainnet,10179249,10154979,24270
2020-06-01 11:47:42,mainnet,10179258,10155065,24193
2020-06-01 11:49:04,mainnet,10179265,10155170,24095
2020-06-01 11:50:26,mainnet,10179274,10155366,23908
2020-06-01 11:52:30,mainnet,10179278,10155537,23741
2020-06-01 11:53:52,mainnet,10179286,10155688,23598
2020-06-01 11:55:14,mainnet,10179292,10155846,23446
2020-06-01 11:56:46,mainnet,10179303,10155980,23323
2020-06-01 11:58:08,mainnet,10179307,10156121,23186
2020-06-01 11:59:32,mainnet,10179315,10156271,23044
2020-06-01 12:00:54,mainnet,10179321,10156390,22931
2020-06-01 12:02:16,mainnet,10179326,10156533,22793
2020-06-01 12:03:39,mainnet,10179332,10156670,22662
2020-06-01 12:05:01,mainnet,10179339,10156809,22530
2020-06-01 12:06:24,mainnet,10179343,10156946,22397
2020-06-01 12:07:46,mainnet,10179348,10157085,22263
2020-06-01 12:09:09,mainnet,10179355,10157226,22129
2020-06-01 12:10:31,mainnet,10179361,10157353,22008
2020-06-01 12:11:53,mainnet,10179369,10157502,21867
2020-06-01 12:13:18,mainnet,10179377,10157642,21735
2020-06-01 12:14:42,mainnet,10179383,10157732,21651
2020-06-01 12:16:06,mainnet,10179388,10157813,21575
2020-06-01 12:17:33,mainnet,10179390,10157881,21509
2020-06-01 12:18:57,mainnet,10179395,10157959,21436
2020-06-01 12:20:20,mainnet,10179400,10158104,21296
2020-06-01 12:21:42,mainnet,10179408,10158264,21144
2020-06-01 12:23:06,mainnet,10179412,10158432,20980
2020-06-01 12:24:31,mainnet,10179422,10158591,20831
2020-06-01 12:26:00,mainnet,10179431,10158762,20669
2020-06-01 12:27:27,mainnet,10179436,10158899,20537
2020-06-01 12:28:49,mainnet,10179440,10159025,20415
2020-06-01 12:30:12,mainnet,10179446,10159204,20242
2020-06-01 12:31:44,mainnet,10179450,10159377,20073
2020-06-01 12:33:08,mainnet,10179455,10159542,19913
2020-06-01 12:34:30,mainnet,10179462,10159696,19766
2020-06-01 12:35:54,mainnet,10179471,10159863,19608
2020-06-01 12:37:27,mainnet,10179482,10160015,19467
2020-06-01 12:38:50,mainnet,10179485,10160138,19347
2020-06-01 12:40:13,mainnet,10179490,10160206,19284
2020-06-01 12:41:36,mainnet,10179495,10160278,19217
2020-06-01 12:42:59,mainnet,10179498,10160348,19150
2020-06-01 12:44:21,mainnet,10179505,10160426,19079
2020-06-01 12:45:43,mainnet,10179506,10160491,19015
2020-06-01 12:47:07,mainnet,10179511,10160546,18965
2020-06-01 12:48:29,mainnet,10179520,10160664,18856
2020-06-01 12:49:52,mainnet,10179529,10160841,18688
2020-06-01 12:51:27,mainnet,10179534,10160998,18536
2020-06-01 12:52:49,mainnet,10179545,10161157,18388
2020-06-01 12:54:12,mainnet,10179550,10161283,18267
2020-06-01 12:55:36,mainnet,10179557,10161441,18116
2020-06-01 12:57:03,mainnet,10179564,10161604,17960
2020-06-01 12:58:28,mainnet,10179570,10161769,17801
2020-06-01 12:59:50,mainnet,10179575,10161925,17650
2020-06-01 13:01:12,mainnet,10179582,10162058,17524
2020-06-01 13:02:35,mainnet,10179588,10162199,17389
2020-06-01 13:03:58,mainnet,10179594,10162350,17244
2020-06-01 13:05:35,mainnet,10179602,10162483,17119
2020-06-01 13:06:58,mainnet,10179606,10162641,16965
2020-06-01 13:08:21,mainnet,10179615,10162747,16868
2020-06-01 13:09:45,mainnet,10179624,10162838,16786
2020-06-01 13:11:07,mainnet,10179634,10162916,16718
2020-06-01 13:12:36,mainnet,10179645,10162976,16669
2020-06-01 13:14:00,mainnet,10179650,10163036,16614
2020-06-01 13:15:26,mainnet,10179656,10163093,16563
2020-06-01 13:16:53,mainnet,10179661,10163202,16459
2020-06-01 13:18:16,mainnet,10179665,10163329,16336
2020-06-01 13:19:38,mainnet,10179673,10163471,16202
2020-06-01 13:21:04,mainnet,10179678,10163607,16071
2020-06-01 13:22:27,mainnet,10179685,10163741,15944
2020-06-01 13:23:50,mainnet,10179695,10163901,15794
2020-06-01 13:25:40,mainnet,10179703,10164011,15692
2020-06-01 13:27:02,mainnet,10179709,10164118,15591
2020-06-01 13:28:26,mainnet,10179717,10164247,15470
2020-06-01 13:29:50,mainnet,10179723,10164383,15340
2020-06-01 13:31:17,mainnet,10179729,10164538,15191
2020-06-01 13:32:42,mainnet,10179734,10164682,15052
2020-06-01 13:34:06,mainnet,10179747,10164794,14953
2020-06-01 13:35:28,mainnet,10179756,10164878,14878
2020-06-01 13:36:56,mainnet,10179764,10165021,14743
2020-06-01 13:38:29,mainnet,10179770,10165182,14588
2020-06-01 13:39:54,mainnet,10179773,10165320,14453
2020-06-01 13:41:17,mainnet,10179780,10165439,14341
2020-06-01 13:42:43,mainnet,10179783,10165527,14256
2020-06-01 13:44:06,mainnet,10179790,10165616,14174
2020-06-01 13:45:33,mainnet,10179796,10165694,14102
2020-06-01 13:47:11,mainnet,10179802,10165773,14029
2020-06-01 13:48:41,mainnet,10179807,10165939,13868
2020-06-01 13:50:19,mainnet,10179814,10166086,13728
2020-06-01 13:51:41,mainnet,10179824,10166264,13560
2020-06-01 13:53:26,mainnet,10179835,10166419,13416
2020-06-01 13:54:58,mainnet,10179842,10166568,13274
2020-06-01 13:56:21,mainnet,10179850,10166703,13147
2020-06-01 13:57:51,mainnet,10179852,10166833,13019
2020-06-01 13:59:14,mainnet,10179862,10166999,12863
2020-06-01 14:00:37,mainnet,10179868,10167173,12695
2020-06-01 14:02:07,mainnet,10179869,10167339,12530
2020-06-01 14:03:30,mainnet,10179876,10167478,12398
2020-06-01 14:04:53,mainnet,10179888,10167660,12228
2020-06-01 14:06:20,mainnet,10179897,10167842,12055
2020-06-01 14:07:52,mainnet,10179907,10167976,11931
2020-06-01 14:09:14,mainnet,10179913,10168065,11848
2020-06-01 14:10:39,mainnet,10179924,10168143,11781
2020-06-01 14:12:03,mainnet,10179931,10168196,11735
2020-06-01 14:13:37,mainnet,10179936,10168249,11687
2020-06-01 14:15:00,mainnet,10179948,10168316,11632
2020-06-01 14:16:59,mainnet,10179954,10168390,11564
2020-06-01 14:18:28,mainnet,10179960,10168530,11430
2020-06-01 14:20:03,mainnet,10179961,10168667,11294
2020-06-01 14:21:30,mainnet,10179964,10168780,11184
2020-06-01 14:23:04,mainnet,10179969,10168914,11055
2020-06-01 14:24:35,mainnet,10179974,10169066,10908
2020-06-01 14:26:15,mainnet,10179976,10169197,10779
2020-06-01 14:27:40,mainnet,10179981,10169301,10680
2020-06-01 14:29:15,mainnet,10179988,10169453,10535
2020-06-01 14:30:49,mainnet,10179999,10169595,10404
2020-06-01 14:32:21,mainnet,10180008,10169788,10220
2020-06-01 14:34:28,mainnet,10180017,10169924,10093
2020-06-01 14:35:54,mainnet,10180024,10170037,9987
2020-06-01 14:37:27,mainnet,10180029,10170167,9862
2020-06-01 14:38:53,mainnet,10180033,10170307,9726
2020-06-01 14:40:28,mainnet,10180042,10170458,9584
2020-06-01 14:41:58,mainnet,10180051,10170602,9449
2020-06-01 14:43:40,mainnet,10180053,10170669,9384
2020-06-01 14:45:37,mainnet,10180059,10170764,9295
2020-06-01 14:47:09,mainnet,10180062,10170820,9242
2020-06-01 14:49:08,mainnet,10180072,10170879,9193
2020-06-01 14:50:34,mainnet,10180080,10170972,9108
2020-06-01 14:52:03,mainnet,10180084,10171109,8975
2020-06-01 14:53:30,mainnet,10180092,10171256,8836
2020-06-01 14:54:57,mainnet,10180095,10171385,8710
2020-06-01 14:56:28,mainnet,10180101,10171549,8552
2020-06-01 14:58:36,mainnet,10180109,10171737,8372
2020-06-01 15:00:06,mainnet,10180120,10171802,8318
2020-06-01 15:01:34,mainnet,10180130,10171854,8276
2020-06-01 15:02:58,mainnet,10180137,10171921,8216
2020-06-01 15:04:23,mainnet,10180147,10172062,8085
2020-06-01 15:05:55,mainnet,10180154,10172242,7912
2020-06-01 15:07:45,mainnet,10180162,10172440,7722
2020-06-01 15:09:20,mainnet,10180170,10172632,7538
2020-06-01 15:11:03,mainnet,10180181,10172825,7356
2020-06-01 15:12:41,mainnet,10180194,10173040,7154
2020-06-01 15:14:41,mainnet,10180199,10173191,7008
2020-06-01 15:16:05,mainnet,10180204,10173297,6907
2020-06-01 15:17:35,mainnet,10180212,10173405,6807
2020-06-01 15:19:18,mainnet,10180218,10173470,6748
2020-06-01 15:20:45,mainnet,10180226,10173542,6684
2020-06-01 15:22:11,mainnet,10180228,10173641,6587
2020-06-01 15:23:34,mainnet,10180233,10173778,6455
2020-06-01 15:24:58,mainnet,10180236,10173930,6306
2020-06-01 15:26:28,mainnet,10180242,10174092,6150
2020-06-01 15:27:51,mainnet,10180245,10174254,5991
2020-06-01 15:31:43,mainnet,10180260,10174622,5638
2020-06-01 15:33:06,mainnet,10180265,10174772,5493
2020-06-01 15:34:39,mainnet,10180274,10174917,5357
2020-06-01 15:36:02,mainnet,10180287,10175028,5259
2020-06-01 15:37:31,mainnet,10180291,10175146,5145
2020-06-01 15:38:56,mainnet,10180294,10175252,5042
2020-06-01 15:40:20,mainnet,10180300,10175304,4996
2020-06-01 15:41:54,mainnet,10180308,10175410,4898
2020-06-01 15:43:40,mainnet,10180315,10175551,4764
2020-06-01 15:45:14,mainnet,10180325,10175676,4649
2020-06-01 15:46:48,mainnet,10180329,10175800,4529
2020-06-01 15:48:17,mainnet,10180338,10175879,4459
2020-06-01 15:49:48,mainnet,10180344,10175950,4394
2020-06-01 15:51:10,mainnet,10180357,10176062,4295
2020-06-01 15:53:30,mainnet,10180368,10176155,4213
2020-06-01 15:55:39,mainnet,10180379,10176549,3830
2020-06-01 15:58:55,mainnet,10180388,10176775,3613
2020-06-01 16:00:45,mainnet,10180395,10176976,3419
2020-06-01 16:03:29,mainnet,10180405,10177238,3167
2020-06-01 16:05:58,mainnet,10180414,10177504,2910
2020-06-01 16:07:26,mainnet,10180426,10177937,2489
2020-06-01 16:10:31,mainnet,10180439,10178181,2258
2020-06-01 16:12:29,mainnet,10180448,10178430,2018
2020-06-01 16:15:04,mainnet,10180460,10178651,1809
2020-06-01 16:17:14,mainnet,10180464,10178771,1693
2020-06-01 16:19:29,mainnet,10180478,10178882,1596
2020-06-01 16:21:16,mainnet,10180481,10179060,1421
2020-06-01 16:25:18,mainnet,10180503,10179672,831
2020-06-01 16:28:42,mainnet,10180524,10180052,472
2020-06-01 16:32:01,mainnet,10180532,10180206,326
2020-06-01 16:33:23,mainnet,10180539,10180397,142
2020-06-01 16:35:10,mainnet,10180550,10180546,4
2020-06-01 16:37:40,mainnet,10180555,10180550,5
2020-06-01 16:39:02,mainnet,10180565,10180550,15
2020-06-01 16:41:24,mainnet,10180569,10180565,4
2020-06-01 16:43:39,mainnet,10180588,10180565,23
2020-06-01 16:46:24,mainnet,10180606,10180565,41
2020-06-01 16:48:56,mainnet,10180616,10180565,51
2020-06-01 16:52:02,mainnet,10180634,10180630,4
2020-06-01 16:56:36,mainnet,10180656,10180630,26
2020-06-01 16:58:19,mainnet,10180664,10180630,34
2020-06-01 17:00:08,mainnet,10180677,10180630,47
2020-06-01 17:02:11,mainnet,10180682,10180630,52
2020-06-01 17:03:58,mainnet,10180693,10180630,63
2020-06-01 17:05:29,mainnet,10180703,10180703,0
2020-06-01 17:08:32,mainnet,10180722,10180703,19
2020-06-01 17:11:07,mainnet,10180732,10180703,29
2020-06-01 17:14:15,mainnet,10180744,10180703,41
2020-06-01 17:15:37,mainnet,10180752,10180745,7
2020-06-01 17:18:09,mainnet,10180762,10180745,17
2020-06-01 17:20:37,mainnet,10180772,10180745,27
2020-06-01 17:21:59,mainnet,10180783,10180774,9
2020-06-01 17:24:21,mainnet,10180787,10180775,12
2020-06-01 17:26:21,mainnet,10180793,10180775,18
2020-06-01 17:27:54,mainnet,10180802,10180775,27
2020-06-01 17:29:25,mainnet,10180810,10180775,35
2020-06-01 17:33:00,mainnet,10180814,10180813,1
2020-06-01 17:35:01,mainnet,10180818,10180813,5
2020-06-01 17:37:30,mainnet,10180827,10180825,2
2020-06-01 17:39:33,mainnet,10180836,10180828,8
2020-06-01 17:40:59,mainnet,10180846,10180828,18
2020-06-01 17:45:43,mainnet,10180858,10180850,8
2020-06-01 17:47:56,mainnet,10180868,10180850,18
2020-06-01 17:54:12,mainnet,10180886,10180869,17
2020-06-01 17:57:03,mainnet,10180892,10180869,23
2020-06-01 17:58:35,mainnet,10180899,10180892,7
2020-06-01 17:59:57,mainnet,10180907,10180899,8
2020-06-01 18:02:11,mainnet,10180923,10180916,7
2020-06-01 18:04:45,mainnet,10180938,10180926,12
2020-06-01 18:08:35,mainnet,10180944,10180926,18
2020-06-01 18:10:30,mainnet,10180952,10180926,26
2020-06-01 18:12:16,mainnet,10180961,10180926,35
2020-06-01 18:13:38,mainnet,10180975,10180926,49
2020-06-01 18:15:42,mainnet,10180991,10180982,9
2020-06-01 18:18:24,mainnet,10180998,10180998,0
2020-06-01 18:20:06,mainnet,10181007,10181001,6
2020-06-01 18:23:24,mainnet,10181010,10181001,9
2020-06-01 18:26:16,mainnet,10181018,10181001,17
2020-06-01 18:27:41,mainnet,10181023,10181020,3
2020-06-01 18:29:12,mainnet,10181029,10181020,9
2020-06-01 18:30:39,mainnet,10181033,10181030,3
2020-06-01 18:32:15,mainnet,10181041,10181030,11
2020-06-01 18:34:21,mainnet,10181046,10181045,1
2020-06-01 18:35:43,mainnet,10181056,10181050,6
2020-06-01 18:38:18,mainnet,10181068,10181050,18
2020-06-01 18:40:19,mainnet,10181084,10181073,11
2020-06-01 18:42:08,mainnet,10181096,10181090,6
2020-06-01 18:44:02,mainnet,10181103,10181090,13
2020-06-01 18:48:24,mainnet,10181120,10181090,30
2020-06-01 18:50:49,mainnet,10181135,10181131,4
2020-06-01 18:53:04,mainnet,10181142,10181131,11
2020-06-01 18:56:06,mainnet,10181158,10181131,27
2020-06-01 18:58:22,mainnet,10181166,10181131,35
2020-06-01 18:59:48,mainnet,10181178,10181178,0
2020-06-01 19:01:16,mainnet,10181185,10181184,1
2020-06-01 19:02:52,mainnet,10181194,10181189,5
2020-06-01 19:04:19,mainnet,10181205,10181189,16
2020-06-01 19:06:01,mainnet,10181213,10181209,4
2020-06-01 19:07:29,mainnet,10181220,10181218,2
2020-06-01 19:10:24,mainnet,10181229,10181225,4
2020-06-01 19:11:46,mainnet,10181233,10181225,8
2020-06-01 19:13:13,mainnet,10181242,10181225,17
2020-06-01 19:15:42,mainnet,10181255,10181250,5
2020-06-01 19:17:31,mainnet,10181263,10181250,13
2020-06-01 19:19:03,mainnet,10181273,10181250,23
2020-06-01 19:20:58,mainnet,10181284,10181250,34
2020-06-01 19:22:33,mainnet,10181300,10181291,9
2020-06-01 19:27:07,mainnet,10181313,10181307,6
2020-06-01 19:29:11,mainnet,10181321,10181313,8
2020-06-01 19:30:33,mainnet,10181338,10181326,12
2020-06-01 19:33:25,mainnet,10181347,10181326,21
2020-06-01 19:35:19,mainnet,10181353,10181326,27
2020-06-01 19:37:00,mainnet,10181358,10181326,32
2020-06-01 19:38:26,mainnet,10181363,10181363,0
2020-06-01 19:39:52,mainnet,10181376,10181376,0
2020-06-01 19:41:49,mainnet,10181378,10181377,1
2020-06-01 19:43:11,mainnet,10181384,10181383,1
2020-06-01 19:44:41,mainnet,10181390,10181385,5
2020-06-01 19:46:08,mainnet,10181403,10181389,14
2020-06-01 19:48:22,mainnet,10181411,10181389,22
2020-06-01 19:49:58,mainnet,10181418,10181389,29
2020-06-01 19:51:30,mainnet,10181423,10181419,4
2020-06-01 19:54:14,mainnet,10181433,10181430,3
2020-06-01 19:56:13,mainnet,10181440,10181433,7
2020-06-01 19:57:57,mainnet,10181445,10181433,12
2020-06-01 19:59:52,mainnet,10181459,10181433,26
2020-06-01 20:02:03,mainnet,10181465,10181433,32
2020-06-01 20:03:41,mainnet,10181473,10181466,7
2020-06-01 20:05:12,mainnet,10181485,10181474,11
2020-06-01 20:07:26,mainnet,10181491,10181485,6
2020-06-01 20:10:02,mainnet,10181504,10181492,12
2020-06-01 20:12:09,mainnet,10181509,10181492,17
2020-06-01 20:14:11,mainnet,10181518,10181516,2
2020-06-01 20:15:42,mainnet,10181524,10181523,1
2020-06-01 20:17:04,mainnet,10181543,10181527,16
2020-06-01 20:19:10,mainnet,10181544,10181544,0
2020-06-01 20:21:21,mainnet,10181556,10181553,3
2020-06-01 20:23:35,mainnet,10181566,10181553,13
2020-06-01 20:25:23,mainnet,10181571,10181553,18
2020-06-01 20:26:52,mainnet,10181582,10181571,11
2020-06-01 20:29:32,mainnet,10181592,10181571,21
2020-06-01 20:32:08,mainnet,10181606,10181571,35
2020-06-01 20:34:59,mainnet,10181612,10181571,41
2020-06-01 20:36:41,mainnet,10181621,10181614,7
2020-06-01 20:38:23,mainnet,10181627,10181614,13
2020-06-01 20:40:11,mainnet,10181631,10181631,0
2020-06-01 20:41:38,mainnet,10181642,10181633,9
2020-06-01 20:43:04,mainnet,10181650,10181650,0
2020-06-01 20:45:23,mainnet,10181657,10181650,7
2020-06-01 20:46:53,mainnet,10181662,10181661,1
2020-06-01 20:48:17,mainnet,10181670,10181664,6
2020-06-01 20:50:29,mainnet,10181686,10181673,13
2020-06-01 20:53:48,mainnet,10181697,10181688,9
2020-06-01 20:55:47,mainnet,10181703,10181688,15
2020-06-01 20:57:09,mainnet,10181711,10181707,4
2020-06-01 20:58:31,mainnet,10181714,10181714,0
2020-06-01 20:59:53,mainnet,10181720,10181720,0
2020-06-01 21:01:25,mainnet,10181731,10181722,9
2020-06-01 21:06:53,mainnet,10181755,10181733,22
2020-06-01 21:09:27,mainnet,10181760,10181755,5
2020-06-01 21:11:13,mainnet,10181767,10181762,5
2020-06-01 21:12:40,mainnet,10181774,10181762,12
2020-06-01 21:14:49,mainnet,10181782,10181779,3
2020-06-01 21:16:39,mainnet,10181788,10181779,9
2020-06-01 21:18:15,mainnet,10181796,10181788,8
2020-06-01 21:20:35,mainnet,10181806,10181806,0
2020-06-01 21:21:57,mainnet,10181818,10181808,10
2020-06-01 21:23:48,mainnet,10181831,10181818,13
2020-06-01 23:56:41,mainnet,10182507,10181838,669
2020-06-02 00:01:40,mainnet,10182533,10182187,346
2020-06-02 00:03:39,mainnet,10182540,10182294,246
2020-06-02 00:05:10,mainnet,10182553,10182539,14
2020-06-02 00:07:20,mainnet,10182560,10182560,0
2020-06-02 00:08:50,mainnet,10182575,10182568,7
2020-06-02 00:10:46,mainnet,10182587,10182577,10
2020-06-02 00:13:06,mainnet,10182595,10182594,1
2020-06-02 00:15:11,mainnet,10182612,10182609,3
2020-06-02 00:18:47,mainnet,10182618,10182618,0
2020-06-02 00:20:23,mainnet,10182626,10182620,6
2020-06-02 00:22:44,mainnet,10182639,10182634,5
2020-06-02 00:24:09,mainnet,10182646,10182643,3
2020-06-02 00:27:17,mainnet,10182656,10182643,13
2020-06-02 00:29:30,mainnet,10182669,10182659,10
2020-06-02 00:31:47,mainnet,10182678,10182678,0
2020-06-02 00:33:14,mainnet,10182686,10182678,8
2020-06-02 00:34:41,mainnet,10182694,10182686,8
2020-06-02 00:36:12,mainnet,10182699,10182686,13
2020-06-02 00:37:45,mainnet,10182704,10182686,18
2020-06-02 00:39:15,mainnet,10182709,10182708,1
2020-06-02 00:40:47,mainnet,10182716,10182708,8
2020-06-02 00:42:19,mainnet,10182725,10182725,0
2020-06-02 00:44:03,mainnet,10182732,10182726,6
2020-06-02 00:45:25,mainnet,10182741,10182737,4
2020-06-02 00:47:35,mainnet,10182744,10182742,2
2020-06-02 00:49:04,mainnet,10182755,10182745,10
2020-06-02 00:50:52,mainnet,10182758,10182745,13
2020-06-02 00:52:23,mainnet,10182764,10182758,6
2020-06-02 00:54:01,mainnet,10182772,10182765,7
2020-06-02 00:55:52,mainnet,10182780,10182778,2
2020-06-02 00:57:17,mainnet,10182784,10182784,0
2020-06-02 00:58:52,mainnet,10182791,10182787,4
2020-06-02 01:00:42,mainnet,10182797,10182791,6
2020-06-02 01:02:42,mainnet,10182807,10182791,16
2020-06-02 01:04:21,mainnet,10182816,10182791,25
2020-06-02 01:06:52,mainnet,10182824,10182824,0
2020-06-02 01:08:16,mainnet,10182830,10182830,0
2020-06-02 01:09:46,mainnet,10182842,10182833,9
2020-06-02 01:12:17,mainnet,10182849,10182846,3
2020-06-02 01:13:52,mainnet,10182861,10182856,5
2020-06-02 01:16:27,mainnet,10182870,10182870,0
2020-06-02 01:17:57,mainnet,10182879,10182877,2
2020-06-02 01:19:21,mainnet,10182889,10182883,6
2020-06-02 01:21:02,mainnet,10182899,10182894,5
2020-06-02 01:22:37,mainnet,10182908,10182894,14
2020-06-02 01:24:13,mainnet,10182919,10182910,9
2020-06-02 01:26:16,mainnet,10182930,10182912,18
2020-06-02 01:27:54,mainnet,10182936,10182912,24
2020-06-02 01:29:26,mainnet,10182940,10182912,28
2020-06-02 01:30:58,mainnet,10182947,10182912,35
2020-06-02 01:32:20,mainnet,10182957,10182955,2
2020-06-02 01:33:59,mainnet,10182970,10182959,11
2020-06-02 01:37:11,mainnet,10182973,10182959,14
2020-06-02 01:39:09,mainnet,10182983,10182961,22
2020-06-02 01:40:31,mainnet,10182991,10182988,3
2020-06-02 01:42:33,mainnet,10183003,10183003,0
2020-06-02 01:45:04,mainnet,10183009,10183008,1
2020-06-02 01:46:27,mainnet,10183017,10183016,1
2020-06-02 01:47:52,mainnet,10183028,10183028,0
2020-06-02 01:50:00,mainnet,10183035,10183035,0
2020-06-02 01:51:22,mainnet,10183048,10183042,6
2020-06-02 01:53:02,mainnet,10183057,10183042,15
2020-06-02 01:54:28,mainnet,10183063,10183042,21
2020-06-02 01:56:03,mainnet,10183071,10183042,29
2020-06-02 01:57:30,mainnet,10183078,10183072,6
2020-06-02 01:59:28,mainnet,10183088,10183072,16
2020-06-02 02:01:21,mainnet,10183099,10183094,5
2020-06-02 02:03:40,mainnet,10183108,10183106,2
2020-06-02 02:05:39,mainnet,10183113,10183114,-1
2020-06-02 02:07:02,mainnet,10183123,10183119,4
2020-06-02 02:08:57,mainnet,10183133,10183125,8
2020-06-02 02:10:27,mainnet,10183141,10183137,4
2020-06-02 02:11:49,mainnet,10183151,10183147,4
2020-06-02 02:14:03,mainnet,10183154,10183147,7
2020-06-02 02:15:37,mainnet,10183161,10183147,14
2020-06-02 02:18:03,mainnet,10183176,10183177,-1
2020-06-02 02:20:11,mainnet,10183184,10183183,1
2020-06-02 02:21:40,mainnet,10183189,10183189,0
2020-06-02 02:23:16,mainnet,10183195,10183194,1
2020-06-02 02:25:01,mainnet,10183199,10183197,2
2020-06-02 02:26:27,mainnet,10183204,10183201,3
2020-06-02 02:27:55,mainnet,10183210,10183205,5
2020-06-02 02:29:18,mainnet,10183213,10183205,8
2020-06-02 02:30:43,mainnet,10183217,10183218,-1
2020-06-02 02:32:37,mainnet,10183227,10183221,6
2020-06-02 02:34:24,mainnet,10183235,10183232,3
2020-06-02 02:36:36,mainnet,10183245,10183233,12
2020-06-02 02:37:58,mainnet,10183252,10183250,2
2020-06-02 02:39:25,mainnet,10183260,10183250,10
2020-06-02 02:40:47,mainnet,10183268,10183266,2
2020-06-02 02:42:22,mainnet,10183276,10183269,7
2020-06-02 02:44:17,mainnet,10183284,10183283,1
2020-06-02 02:45:44,mainnet,10183291,10183288,3
2020-06-02 02:48:24,mainnet,10183294,10183294,0
2020-06-02 02:49:52,mainnet,10183306,10183298,8
2020-06-02 02:51:53,mainnet,10183310,10183310,0
2020-06-02 02:53:30,mainnet,10183313,10183313,0
2020-06-02 02:54:59,mainnet,10183321,10183314,7
2020-06-02 02:56:27,mainnet,10183332,10183329,3
2020-06-02 02:58:18,mainnet,10183336,10183329,7
2020-06-02 02:59:39,mainnet,10183340,10183338,2
2020-06-02 03:01:15,mainnet,10183349,10183338,11
2020-06-02 03:03:41,mainnet,10183360,10183351,9
2020-06-02 03:07:16,mainnet,10183371,10183367,4
2020-06-02 03:09:25,mainnet,10183387,10183369,18
2020-06-02 03:11:38,mainnet,10183394,10183380,14
2020-06-02 03:13:03,mainnet,10183402,10183393,9
2020-06-02 03:14:29,mainnet,10183408,10183401,7
2020-06-02 03:16:24,mainnet,10183422,10183401,21
2020-06-02 03:18:18,mainnet,10183431,10183422,9
2020-06-02 03:19:44,mainnet,10183437,10183422,15
2020-06-02 03:21:14,mainnet,10183444,10183422,22
2020-06-02 03:22:41,mainnet,10183450,10183422,28
2020-06-02 03:24:11,mainnet,10183454,10183451,3
2020-06-02 03:25:48,mainnet,10183462,10183451,11
2020-06-02 03:27:43,mainnet,10183467,10183466,1
2020-06-02 03:29:06,mainnet,10183470,10183470,0
2020-06-02 03:30:35,mainnet,10183479,10183479,0
2020-06-02 03:32:23,mainnet,10183487,10183483,4
2020-06-02 03:33:48,mainnet,10183493,10183491,2
2020-06-02 03:35:29,mainnet,10183501,10183491,10
2020-06-02 03:37:06,mainnet,10183508,10183503,5
2020-06-02 03:38:34,mainnet,10183514,10183514,0
2020-06-02 03:39:58,mainnet,10183517,10183514,3
2020-06-02 03:41:20,mainnet,10183523,10183514,9
2020-06-02 03:42:50,mainnet,10183531,10183529,2
2020-06-02 03:44:16,mainnet,10183536,10183537,-1
2020-06-02 03:45:41,mainnet,10183537,10183537,0
2020-06-02 03:47:09,mainnet,10183539,10183538,1
2020-06-02 03:48:35,mainnet,10183549,10183538,11
2020-06-02 03:50:39,mainnet,10183558,10183556,2
2020-06-02 03:52:46,mainnet,10183567,10183556,11
2020-06-02 03:54:40,mainnet,10183571,10183571,0
2020-06-02 03:56:02,mainnet,10183575,10183575,0
2020-06-02 03:57:24,mainnet,10183583,10183579,4
2020-06-02 03:58:50,mainnet,10183597,10183579,18
2020-06-02 04:00:56,mainnet,10183604,10183579,25
2020-06-02 04:02:25,mainnet,10183612,10183609,3
2020-06-02 04:03:47,mainnet,10183616,10183609,7
2020-06-02 04:05:25,mainnet,10183627,10183609,18
2020-06-02 04:07:02,mainnet,10183634,10183609,25
2020-06-02 04:08:30,mainnet,10183637,10183609,28
2020-06-02 04:10:32,mainnet,10183641,10183609,32
2020-06-02 04:11:54,mainnet,10183647,10183644,3
2020-06-02 04:13:26,mainnet,10183652,10183649,3
2020-06-02 04:15:42,mainnet,10183663,10183659,4
2020-06-02 04:17:07,mainnet,10183675,10183664,11
2020-06-02 04:18:55,mainnet,10183677,10183678,-1
2020-06-02 04:20:24,mainnet,10183690,10183678,12
2020-06-02 04:21:51,mainnet,10183695,10183693,2
2020-06-02 04:23:38,mainnet,10183700,10183698,2
2020-06-02 04:25:20,mainnet,10183706,10183706,0
2020-06-02 04:26:45,mainnet,10183713,10183709,4
2020-06-02 04:28:20,mainnet,10183726,10183709,17
2020-06-02 04:30:42,mainnet,10183730,10183730,0
2020-06-02 04:32:21,mainnet,10183739,10183731,8
2020-06-02 04:34:03,mainnet,10183744,10183742,2
2020-06-02 04:35:42,mainnet,10183748,10183748,0
2020-06-02 04:37:11,mainnet,10183755,10183753,2
2020-06-02 04:39:00,mainnet,10183760,10183760,0
2020-06-02 04:40:27,mainnet,10183769,10183762,7
2020-06-02 04:41:50,mainnet,10183775,10183762,13
2020-06-02 04:43:20,mainnet,10183781,10183774,7
2020-06-02 04:45:35,mainnet,10183784,10183784,0
2020-06-02 04:46:57,mainnet,10183790,10183790,0
2020-06-02 04:48:24,mainnet,10183798,10183792,6
2020-06-02 04:50:43,mainnet,10183809,10183809,0
2020-06-02 04:52:23,mainnet,10183811,10183811,0
2020-06-02 04:54:02,mainnet,10183823,10183813,10
2020-06-02 04:56:32,mainnet,10183829,10183813,16
2020-06-02 04:57:55,mainnet,10183839,10183839,0
2020-06-02 04:59:38,mainnet,10183848,10183848,0
2020-06-02 05:01:20,mainnet,10183855,10183855,0
2020-06-02 05:03:04,mainnet,10183862,10183857,5
2020-06-02 05:04:31,mainnet,10183866,10183861,5
2020-06-02 05:05:53,mainnet,10183870,10183868,2
2020-06-02 05:07:33,mainnet,10183879,10183875,4
2020-06-02 05:09:01,mainnet,10183883,10183880,3
2020-06-02 05:10:25,mainnet,10183890,10183888,2
2020-06-02 05:11:50,mainnet,10183895,10183889,6
2020-06-02 05:13:34,mainnet,10183907,10183889,18
2020-06-02 05:15:31,mainnet,10183917,10183889,28
2020-06-02 05:18:58,mainnet,10183931,10183923,8
2020-06-02 05:20:30,mainnet,10183936,10183923,13
2020-06-02 05:22:20,mainnet,10183952,10183936,16
2020-06-02 05:24:50,mainnet,10183956,10183936,20
2020-06-02 05:26:36,mainnet,10183962,10183936,26
2020-06-02 05:28:12,mainnet,10183966,10183936,30
2020-06-02 05:29:36,mainnet,10183972,10183936,36
2020-06-02 05:31:06,mainnet,10183977,10183977,0
2020-06-02 05:32:38,mainnet,10183983,10183983,0
2020-06-02 05:34:11,mainnet,10183990,10183983,7
2020-06-02 05:36:03,mainnet,10183992,10183992,0
2020-06-02 05:37:34,mainnet,10183999,10183999,0
2020-06-02 05:39:00,mainnet,10184016,10184008,8
2020-06-02 05:42:04,mainnet,10184021,10184018,3
2020-06-02 05:43:27,mainnet,10184024,10184022,2
2020-06-02 05:44:49,mainnet,10184028,10184025,3
2020-06-02 05:46:32,mainnet,10184037,10184025,12
2020-06-02 05:48:14,mainnet,10184045,10184025,20
2020-06-02 05:49:44,mainnet,10184053,10184052,1
2020-06-02 05:51:13,mainnet,10184057,10184053,4
2020-06-02 05:52:38,mainnet,10184060,10184053,7
2020-06-02 05:54:02,mainnet,10184071,10184053,18
2020-06-02 05:55:42,mainnet,10184077,10184053,24
2020-06-02 05:57:04,mainnet,10184088,10184053,35
2020-06-02 05:59:17,mainnet,10184092,10184091,1
2020-06-02 06:00:42,mainnet,10184103,10184100,3
2020-06-02 06:03:27,mainnet,10184113,10184100,13
2020-06-02 06:05:02,mainnet,10184117,10184104,13
2020-06-02 06:09:20,mainnet,10184138,10184121,17
2020-06-02 06:10:46,mainnet,10184144,10184144,0
2020-06-02 06:12:43,mainnet,10184151,10184144,7
2020-06-02 06:14:06,mainnet,10184155,10184155,0
2020-06-02 06:15:28,mainnet,10184159,10184159,0
2020-06-02 06:16:51,mainnet,10184165,10184161,4
2020-06-02 06:18:18,mainnet,10184173,10184161,12
2020-06-02 06:20:46,mainnet,10184181,10184181,0
2020-06-02 06:22:10,mainnet,10184186,10184181,5
2020-06-02 06:23:35,mainnet,10184195,10184181,14
2020-06-02 06:25:00,mainnet,10184200,10184198,2
2020-06-02 06:26:22,mainnet,10184204,10184200,4
2020-06-02 06:27:47,mainnet,10184209,10184206,3
2020-06-02 06:29:10,mainnet,10184215,10184216,-1
2020-06-02 06:30:56,mainnet,10184228,10184216,12
2020-06-02 06:32:35,mainnet,10184235,10184229,6
2020-06-02 06:34:05,mainnet,10184241,10184241,0
2020-06-02 06:35:51,mainnet,10184249,10184247,2
2020-06-02 06:37:50,mainnet,10184255,10184247,8
2020-06-02 06:39:20,mainnet,10184262,10184262,0
2020-06-02 06:40:47,mainnet,10184272,10184265,7
2020-06-02 06:42:44,mainnet,10184281,10184277,4
2020-06-02 06:44:16,mainnet,10184287,10184287,0
2020-06-02 06:46:27,mainnet,10184294,10184292,2
2020-06-02 06:47:54,mainnet,10184297,10184294,3
2020-06-02 06:49:50,mainnet,10184304,10184294,10
2020-06-02 06:51:27,mainnet,10184312,10184294,18
2020-06-02 06:53:01,mainnet,10184320,10184318,2
2020-06-02 06:54:51,mainnet,10184328,10184326,2
2020-06-02 06:56:16,mainnet,10184334,10184326,8
2020-06-02 06:58:01,mainnet,10184342,10184340,2
2020-06-02 06:59:39,mainnet,10184355,10184343,12
2020-06-02 07:04:27,mainnet,10184378,10184343,35
2020-06-02 07:06:10,mainnet,10184390,10184371,19
2020-06-02 07:07:43,mainnet,10184398,10184397,1
2020-06-02 07:09:27,mainnet,10184406,10184397,9
2020-06-02 07:11:10,mainnet,10184411,10184407,4
2020-06-02 07:12:49,mainnet,10184417,10184407,10
2020-06-02 07:14:34,mainnet,10184425,10184422,3
2020-06-02 07:16:12,mainnet,10184432,10184422,10
2020-06-02 07:18:01,mainnet,10184443,10184437,6
2020-06-02 07:19:27,mainnet,10184449,10184448,1
2020-06-02 07:21:03,mainnet,10184459,10184454,5
2020-06-02 07:22:50,mainnet,10184471,10184454,17
2020-06-02 07:25:13,mainnet,10184477,10184471,6
2020-06-02 07:26:47,mainnet,10184482,10184482,0
2020-06-02 07:28:15,mainnet,10184493,10184485,8
2020-06-02 07:30:09,mainnet,10184498,10184496,2
2020-06-02 07:31:37,mainnet,10184502,10184502,0
2020-06-02 07:33:01,mainnet,10184510,10184509,1
2020-06-02 07:34:44,mainnet,10184520,10184512,8
2020-06-02 07:36:25,mainnet,10184528,10184512,16
2020-06-02 07:38:55,mainnet,10184532,10184533,-1
2020-06-02 07:40:24,mainnet,10184542,10184539,3
2020-06-02 07:42:49,mainnet,10184547,10184547,0
2020-06-02 07:44:25,mainnet,10184550,10184550,0
2020-06-02 07:45:48,mainnet,10184558,10184556,2
2020-06-02 07:47:39,mainnet,10184564,10184559,5
2020-06-02 07:49:20,mainnet,10184570,10184559,11
2020-06-02 07:50:46,mainnet,10184579,10184574,5
2020-06-02 07:52:17,mainnet,10184587,10184582,5
2020-06-02 07:54:46,mainnet,10184598,10184582,16
2020-06-02 07:56:48,mainnet,10184609,10184582,27
2020-06-02 08:25:21,mainnet,10184728,10184621,107
2020-06-02 08:26:43,mainnet,10184734,10184705,29
2020-06-02 08:28:05,mainnet,10184740,10184740,0
2020-06-02 08:29:28,mainnet,10184751,10184751,0
2020-06-02 08:30:57,mainnet,10184763,10184763,0
2020-06-02 08:32:24,mainnet,10184768,10184768,0
2020-06-02 08:33:50,mainnet,10184775,10184775,0
2020-06-02 08:35:19,mainnet,10184784,10184784,0
2020-06-02 08:36:50,mainnet,10184787,10184787,0
2020-06-02 08:38:19,mainnet,10184792,10184792,0
2020-06-02 08:39:46,mainnet,10184797,10184797,0
2020-06-02 08:41:15,mainnet,10184806,10184806,0
2020-06-02 08:43:45,mainnet,10184816,10184816,0
2020-06-02 08:45:35,mainnet,10184829,10184829,0
2020-06-02 08:47:29,mainnet,10184836,10184836,0
2020-06-02 08:49:14,mainnet,10184843,10184843,0
2020-06-02 08:51:03,mainnet,10184850,10184850,0
2020-06-02 08:53:07,mainnet,10184860,10184860,0
2020-06-02 08:54:36,mainnet,10184866,10184866,0
2020-06-02 08:56:03,mainnet,10184875,10184876,-1
2020-06-02 08:57:35,mainnet,10184882,10184882,0
2020-06-02 08:59:00,mainnet,10184888,10184888,0
2020-06-02 09:00:29,mainnet,10184894,10184894,0
2020-06-02 09:01:57,mainnet,10184902,10184902,0
2020-06-02 09:03:30,mainnet,10184904,10184904,0
2020-06-02 09:04:56,mainnet,10184912,10184912,0
2020-06-02 09:06:28,mainnet,10184916,10184916,0
2020-06-02 09:07:59,mainnet,10184924,10184924,0
2020-06-02 09:09:36,mainnet,10184934,10184934,0
2020-06-02 09:11:10,mainnet,10184939,10184939,0
2020-06-02 09:12:38,mainnet,10184943,10184943,0
2020-06-02 09:14:07,mainnet,10184952,10184952,0
2020-06-02 09:15:34,mainnet,10184957,10184957,0
2020-06-02 09:17:01,mainnet,10184959,10184959,0
2020-06-02 09:18:32,mainnet,10184963,10184963,0
2020-06-02 09:20:06,mainnet,10184973,10184973,0
2020-06-02 09:21:44,mainnet,10184983,10184983,0
2020-06-02 09:23:11,mainnet,10184985,10184986,-1
2020-06-02 09:24:52,mainnet,10184995,10184995,0
2020-06-02 09:26:25,mainnet,10185002,10185002,0
2020-06-02 09:27:59,mainnet,10185012,10185012,0
2020-06-02 09:29:32,mainnet,10185019,10185019,0
2020-06-02 09:31:08,mainnet,10185027,10185027,0
2020-06-02 09:32:40,mainnet,10185032,10185030,2
2020-06-02 09:34:09,mainnet,10185034,10185031,3
2020-06-02 09:35:42,mainnet,10185041,10185041,0
2020-06-02 09:37:21,mainnet,10185051,10185051,0
2020-06-02 09:38:53,mainnet,10185058,10185058,0
2020-06-02 09:40:24,mainnet,10185074,10185071,3
2020-06-02 09:42:24,mainnet,10185083,10185083,0
2020-06-02 09:43:53,mainnet,10185089,10185089,0
2020-06-02 09:45:23,mainnet,10185100,10185100,0
2020-06-02 09:46:48,mainnet,10185108,10185108,0
2020-06-02 09:48:14,mainnet,10185116,10185116,0
2020-06-02 09:49:52,mainnet,10185119,10185119,0
2020-06-02 09:51:19,mainnet,10185123,10185123,0
2020-06-02 09:52:43,mainnet,10185129,10185129,0
2020-06-02 09:54:25,mainnet,10185136,10185136,0
2020-06-02 09:55:53,mainnet,10185142,10185143,-1
2020-06-02 09:57:27,mainnet,10185148,10185148,0
2020-06-02 09:58:59,mainnet,10185152,10185152,0
2020-06-02 10:00:30,mainnet,10185157,10185157,0
2020-06-02 10:01:58,mainnet,10185166,10185166,0
2020-06-02 10:03:20,mainnet,10185171,10185171,0
2020-06-02 10:04:50,mainnet,10185185,10185185,0
2020-06-02 10:06:16,mainnet,10185192,10185190,2
2020-06-02 10:07:38,mainnet,10185196,10185196,0
2020-06-02 10:09:08,mainnet,10185206,10185206,0
2020-06-02 10:10:40,mainnet,10185213,10185213,0
2020-06-02 10:12:18,mainnet,10185219,10185219,0
2020-06-02 10:13:57,mainnet,10185224,10185224,0
2020-06-02 10:15:33,mainnet,10185228,10185228,0
2020-06-02 10:16:59,mainnet,10185234,10185234,0
2020-06-02 10:18:22,mainnet,10185242,10185242,0
2020-06-02 10:20:06,mainnet,10185253,10185253,0
2020-06-02 10:21:34,mainnet,10185262,10185262,0
2020-06-02 10:22:59,mainnet,10185270,10185270,0
2020-06-02 10:24:22,mainnet,10185275,10185275,0
2020-06-02 10:25:45,mainnet,10185283,10185283,0
2020-06-02 10:27:07,mainnet,10185289,10185289,0
2020-06-02 10:28:36,mainnet,10185296,10185296,0
2020-06-02 10:30:11,mainnet,10185301,10185301,0
2020-06-02 10:31:34,mainnet,10185306,10185306,0
2020-06-02 10:32:56,mainnet,10185311,10185311,0
2020-06-02 10:34:20,mainnet,10185316,10185316,0
2020-06-02 10:35:50,mainnet,10185324,10185325,-1
2020-06-02 10:37:35,mainnet,10185334,10185334,0
2020-06-02 10:39:04,mainnet,10185339,10185339,0
2020-06-02 10:40:28,mainnet,10185343,10185344,-1
2020-06-02 10:41:52,mainnet,10185350,10185350,0
2020-06-02 10:43:16,mainnet,10185362,10185362,0
2020-06-02 10:44:39,mainnet,10185366,10185366,0
2020-06-02 10:46:07,mainnet,10185374,10185374,0
2020-06-02 10:47:32,mainnet,10185383,10185383,0
2020-06-02 10:48:59,mainnet,10185389,10185389,0
2020-06-02 10:50:26,mainnet,10185399,10185399,0
2020-06-02 10:51:49,mainnet,10185402,10185402,0
2020-06-02 10:53:17,mainnet,10185406,10185406,0
2020-06-02 10:54:45,mainnet,10185412,10185413,-1
2020-06-02 10:56:10,mainnet,10185424,10185424,0
2020-06-02 10:57:33,mainnet,10185432,10185432,0
2020-06-02 10:58:56,mainnet,10185438,10185438,0
2020-06-02 11:00:27,mainnet,10185447,10185447,0
2020-06-02 11:01:55,mainnet,10185455,10185455,0
2020-06-02 11:03:23,mainnet,10185460,10185460,0
2020-06-02 11:04:54,mainnet,10185467,10185467,0
2020-06-02 11:06:18,mainnet,10185473,10185473,0
2020-06-02 11:07:56,mainnet,10185482,10185482,0
2020-06-02 11:09:26,mainnet,10185491,10185491,0
2020-06-02 11:13:42,mainnet,10185512,10185495,17
2020-06-02 11:15:27,mainnet,10185517,10185495,22
2020-06-02 11:17:16,mainnet,10185528,10185495,33
2020-06-02 11:19:52,mainnet,10185537,10185495,42
2020-06-02 11:23:26,mainnet,10185549,10185495,54
2020-06-02 11:25:33,mainnet,10185565,10185495,70
2020-06-02 11:28:47,mainnet,10185569,10185495,74
2020-06-02 11:30:28,mainnet,10185581,10185495,86
2020-06-02 11:32:01,mainnet,10185599,10185495,104
2020-06-02 11:35:34,mainnet,10185608,10185495,113
2020-06-02 11:37:33,mainnet,10185616,10185495,121
2020-06-02 11:40:26,mainnet,10185631,10185495,136
2020-06-02 11:43:08,mainnet,10185639,10185495,144
2020-06-02 11:45:40,mainnet,10185649,10185495,154
2020-06-02 11:47:50,mainnet,10185661,10185495,166
2020-06-02 11:49:17,mainnet,10185676,10185495,181
2020-06-02 11:51:05,mainnet,10185687,10185495,192
2020-06-02 11:53:07,mainnet,10185695,10185535,160
2020-06-02 11:54:30,mainnet,10185701,10185691,10
2020-06-02 11:56:11,mainnet,10185706,10185703,3
2020-06-02 11:57:43,mainnet,10185714,10185709,5
2020-06-02 11:59:38,mainnet,10185726,10185709,17
2020-06-02 12:01:42,mainnet,10185732,10185727,5
2020-06-02 12:03:08,mainnet,10185736,10185737,-1
2020-06-02 12:04:57,mainnet,10185750,10185738,12
2020-06-02 12:06:55,mainnet,10185755,10185738,17
2020-06-02 12:08:24,mainnet,10185764,10185738,26
2020-06-02 12:10:02,mainnet,10185777,10185771,6
2020-06-02 12:12:36,mainnet,10185784,10185781,3
2020-06-02 12:14:57,mainnet,10185798,10185781,17
2020-06-02 12:18:06,mainnet,10185811,10185781,30
2020-06-02 12:19:57,mainnet,10185820,10185781,39
2020-06-02 12:21:38,mainnet,10185830,10185781,49
2020-06-02 12:26:04,mainnet,10185847,10185781,66
2020-06-02 12:27:44,mainnet,10185856,10185781,75
2020-06-02 12:29:31,mainnet,10185868,10185781,87
2020-06-02 12:32:39,mainnet,10185872,10185781,91
2020-06-02 12:34:27,mainnet,10185879,10185781,98
2020-06-02 12:36:09,mainnet,10185891,10185781,110
2020-06-02 12:37:58,mainnet,10185896,10185781,115
2020-06-02 12:43:08,mainnet,10185928,10185781,147
2020-06-02 12:45:22,mainnet,10185942,10185781,161
2020-06-02 12:48:01,mainnet,10185952,10185781,171
2020-06-02 12:49:27,mainnet,10185963,10185781,182
2020-06-02 12:51:02,mainnet,10185970,10185781,189
2020-06-02 12:52:26,mainnet,10185979,10185781,198
2020-06-02 12:55:39,mainnet,10185994,10185781,213
2020-06-02 12:58:45,mainnet,10186002,10185781,221
2020-06-02 13:00:26,mainnet,10186010,10185781,229
2020-06-02 13:02:07,mainnet,10186013,10185781,232
2020-06-02 13:03:29,mainnet,10186023,10185781,242
2020-06-02 13:05:37,mainnet,10186032,10185781,251
2020-06-02 13:08:30,mainnet,10186041,10185781,260
2020-06-02 13:12:55,mainnet,10186063,10185781,282
2020-06-02 13:14:38,mainnet,10186071,10185781,290
2020-06-02 13:16:08,mainnet,10186082,10186007,75
2020-06-02 13:18:21,mainnet,10186088,10186088,0
2020-06-02 13:20:14,mainnet,10186095,10186089,6
2020-06-02 13:22:10,mainnet,10186111,10186094,17
2020-06-02 13:23:55,mainnet,10186114,10186094,20
2020-06-02 13:25:26,mainnet,10186124,10186115,9
2020-06-02 13:27:20,mainnet,10186128,10186125,3
2020-06-02 13:28:51,mainnet,10186134,10186125,9
2020-06-02 13:30:35,mainnet,10186137,10186137,0
2020-06-02 13:32:10,mainnet,10186146,10186140,6
2020-06-02 13:34:51,mainnet,10186155,10186140,15
2020-06-02 13:36:45,mainnet,10186163,10186140,23
2020-06-02 13:38:28,mainnet,10186168,10186140,28
2020-06-02 13:39:50,mainnet,10186176,10186166,10
2020-06-02 13:41:17,mainnet,10186184,10186175,9
2020-06-02 13:42:39,mainnet,10186193,10186183,10
2020-06-02 13:44:06,mainnet,10186197,10186183,14
2020-06-02 13:45:46,mainnet,10186214,10186183,31
2020-06-02 13:50:06,mainnet,10186237,10186183,54
2020-06-02 13:51:35,mainnet,10186243,10186183,60
2020-06-02 13:52:58,mainnet,10186247,10186183,64
2020-06-02 13:54:27,mainnet,10186255,10186183,72
2020-06-02 13:56:12,mainnet,10186263,10186183,80
2020-06-02 13:58:04,mainnet,10186271,10186270,1
2020-06-02 13:59:39,mainnet,10186276,10186277,-1
2020-06-02 14:01:01,mainnet,10186280,10186278,2
2020-06-02 14:03:07,mainnet,10186292,10186284,8
2020-06-02 14:04:32,mainnet,10186298,10186298,0
2020-06-02 14:06:02,mainnet,10186304,10186300,4
2020-06-02 14:07:24,mainnet,10186310,10186310,0
2020-06-02 14:08:52,mainnet,10186319,10186314,5
2020-06-02 14:10:23,mainnet,10186325,10186314,11
2020-06-02 14:12:10,mainnet,10186331,10186332,-1
2020-06-02 14:13:56,mainnet,10186350,10186332,18
2020-06-02 14:16:55,mainnet,10186354,10186346,8
2020-06-02 14:18:32,mainnet,10186366,10186346,20
2020-06-02 14:19:57,mainnet,10186375,10186346,29
2020-06-02 14:21:27,mainnet,10186378,10186377,1
2020-06-02 14:23:18,mainnet,10186387,10186377,10
2020-06-02 14:25:18,mainnet,10186396,10186377,19
2020-06-02 14:26:41,mainnet,10186403,10186397,6
2020-06-02 14:28:11,mainnet,10186408,10186408,0
2020-06-02 14:29:37,mainnet,10186412,10186412,0
2020-06-02 14:31:15,mainnet,10186419,10186414,5
2020-06-02 14:33:06,mainnet,10186426,10186414,12
2020-06-02 14:34:28,mainnet,10186434,10186414,20
2020-06-02 14:36:40,mainnet,10186442,10186414,28
2020-06-02 14:38:18,mainnet,10186449,10186414,35
2020-06-02 14:39:55,mainnet,10186455,10186414,41
2020-06-02 14:41:17,mainnet,10186464,10186460,4
2020-06-02 14:43:12,mainnet,10186473,10186468,5
2020-06-02 14:44:42,mainnet,10186480,10186475,5
2020-06-02 14:46:06,mainnet,10186484,10186484,0
2020-06-02 14:47:28,mainnet,10186492,10186491,1
2020-06-02 14:48:55,mainnet,10186501,10186501,0
2020-06-02 14:50:28,mainnet,10186510,10186501,9
2020-06-02 14:52:12,mainnet,10186515,10186513,2
2020-06-02 14:53:39,mainnet,10186520,10186521,-1
2020-06-02 14:55:18,mainnet,10186531,10186521,10
2020-06-02 14:56:55,mainnet,10186542,10186521,21
2020-06-02 14:58:52,mainnet,10186548,10186521,27
2020-06-02 15:00:17,mainnet,10186550,10186545,5
2020-06-02 15:01:39,mainnet,10186558,10186558,0
2020-06-02 15:03:09,mainnet,10186563,10186564,-1
2020-06-02 15:04:36,mainnet,10186573,10186572,1
2020-06-02 15:06:17,mainnet,10186584,10186576,8
2020-06-02 15:08:09,mainnet,10186592,10186585,7
2020-06-02 15:09:36,mainnet,10186597,10186595,2
2020-06-02 15:11:01,mainnet,10186600,10186599,1
2020-06-02 15:12:23,mainnet,10186607,10186607,0
2020-06-02 15:13:50,mainnet,10186610,10186610,0
2020-06-02 15:15:13,mainnet,10186616,10186613,3
2020-06-02 15:16:36,mainnet,10186620,10186620,0
2020-06-02 15:18:21,mainnet,10186624,10186622,2
2020-06-02 15:19:49,mainnet,10186630,10186625,5
2020-06-02 15:21:27,mainnet,10186637,10186635,2
2020-06-02 15:23:15,mainnet,10186645,10186639,6
2020-06-02 15:25:03,mainnet,10186654,10186652,2
2020-06-02 15:26:25,mainnet,10186657,10186652,5
2020-06-02 15:27:50,mainnet,10186665,10186661,4
2020-06-02 15:29:12,mainnet,10186673,10186673,0
2020-06-02 15:30:43,mainnet,10186678,10186673,5
2020-06-02 15:32:05,mainnet,10186679,10186679,0
2020-06-02 15:33:28,mainnet,10186691,10186679,12
2020-06-02 15:34:50,mainnet,10186696,10186692,4
2020-06-02 15:36:15,mainnet,10186706,10186697,9
2020-06-02 15:37:39,mainnet,10186710,10186697,13
2020-06-02 15:39:01,mainnet,10186715,10186713,2
2020-06-02 15:40:46,mainnet,10186723,10186719,4
2020-06-02 15:42:12,mainnet,10186729,10186728,1
2020-06-02 15:43:43,mainnet,10186738,10186738,0
2020-06-02 15:45:05,mainnet,10186751,10186745,6
2020-06-02 15:46:27,mainnet,10186758,10186754,4
2020-06-02 15:48:00,mainnet,10186766,10186757,9
2020-06-02 15:49:33,mainnet,10186774,10186762,12
2020-06-02 15:52:33,mainnet,10186784,10186778,6
2020-06-02 15:54:33,mainnet,10186792,10186791,1
2020-06-02 15:55:55,mainnet,10186799,10186795,4
2020-06-02 15:57:17,mainnet,10186808,10186795,13
2020-06-02 15:58:49,mainnet,10186811,10186812,-1
2020-06-02 16:01:02,mainnet,10186821,10186812,9
2020-06-02 16:02:30,mainnet,10186826,10186826,0
2020-06-02 16:04:18,mainnet,10186837,10186835,2
2020-06-02 16:05:40,mainnet,10186846,10186843,3
2020-06-02 16:07:10,mainnet,10186851,10186845,6
2020-06-02 16:08:49,mainnet,10186858,10186845,13
2020-06-02 16:10:17,mainnet,10186864,10186845,19
2020-06-02 16:11:40,mainnet,10186867,10186867,0
2020-06-02 16:13:11,mainnet,10186874,10186874,0
2020-06-02 16:14:40,mainnet,10186883,10186879,4
2020-06-02 16:16:09,mainnet,10186888,10186885,3
2020-06-02 16:17:34,mainnet,10186895,10186893,2
2020-06-02 16:19:05,mainnet,10186900,10186898,2
2020-06-02 16:20:36,mainnet,10186906,10186905,1
2020-06-02 16:22:19,mainnet,10186914,10186913,1
2020-06-02 16:24:19,mainnet,10186919,10186913,6
2020-06-02 16:26:55,mainnet,10186934,10186913,21
2020-06-02 16:28:17,mainnet,10186940,10186913,27
2020-06-02 16:29:48,mainnet,10186954,10186945,9
2020-06-02 16:32:26,mainnet,10186960,10186956,4
2020-06-02 16:33:59,mainnet,10186967,10186956,11
2020-06-02 16:35:21,mainnet,10186974,10186957,17
2020-06-02 16:36:53,mainnet,10186983,10186977,6
2020-06-02 16:38:16,mainnet,10186986,10186985,1
2020-06-02 16:39:45,mainnet,10186991,10186990,1
2020-06-02 16:41:34,mainnet,10186997,10186995,2
2020-06-02 16:42:56,mainnet,10187003,10187003,0
2020-06-02 16:44:32,mainnet,10187008,10187008,0
2020-06-02 16:46:00,mainnet,10187015,10187009,6
2020-06-02 16:48:27,mainnet,10187025,10187022,3
2020-06-02 16:50:11,mainnet,10187032,10187025,7
2020-06-02 16:52:01,mainnet,10187039,10187037,2
2020-06-02 16:53:27,mainnet,10187047,10187045,2
2020-06-02 16:55:14,mainnet,10187056,10187053,3
2020-06-02 16:57:33,mainnet,10187064,10187059,5
2020-06-02 16:59:15,mainnet,10187074,10187068,6
2020-06-02 17:01:13,mainnet,10187080,10187080,0
2020-06-02 17:02:35,mainnet,10187085,10187083,2
2020-06-02 17:04:00,mainnet,10187090,10187087,3
2020-06-02 17:05:22,mainnet,10187095,10187094,1
2020-06-02 17:06:44,mainnet,10187100,10187098,2
2020-06-02 17:08:21,mainnet,10187109,10187098,11
2020-06-02 17:09:43,mainnet,10187115,10187110,5
2020-06-02 17:11:10,mainnet,10187122,10187118,4
2020-06-02 17:12:54,mainnet,10187124,10187122,2
2020-06-02 17:14:20,mainnet,10187131,10187131,0
2020-06-02 17:16:14,mainnet,10187138,10187132,6
2020-06-02 17:18:26,mainnet,10187145,10187132,13
2020-06-02 17:19:48,mainnet,10187152,10187149,3
2020-06-02 17:21:34,mainnet,10187159,10187153,6
2020-06-02 17:23:09,mainnet,10187167,10187153,14
2020-06-02 17:25:11,mainnet,10187173,10187168,5
2020-06-02 17:27:21,mainnet,10187183,10187168,15
2020-06-02 17:28:47,mainnet,10187190,10187168,22
2020-06-02 17:30:33,mainnet,10187195,10187194,1
2020-06-02 17:31:56,mainnet,10187206,10187194,12
2020-06-02 17:34:10,mainnet,10187218,10187211,7
2020-06-02 17:35:53,mainnet,10187226,10187211,15
2020-06-02 17:37:42,mainnet,10187230,10187229,1
2020-06-02 17:39:09,mainnet,10187243,10187232,11
2020-06-02 17:40:54,mainnet,10187248,10187248,0
2020-06-02 17:42:43,mainnet,10187270,10187265,5
2020-06-02 17:45:48,mainnet,10187278,10187277,1
2020-06-02 17:47:23,mainnet,10187290,10187286,4
2020-06-02 17:49:03,mainnet,10187295,10187294,1
2020-06-02 17:50:27,mainnet,10187306,10187303,3
2020-06-02 17:52:40,mainnet,10187313,10187310,3
2020-06-02 17:55:05,mainnet,10187319,10187311,8
2020-06-02 17:56:59,mainnet,10187332,10187311,21
2020-06-02 17:58:24,mainnet,10187341,10187340,1
2020-06-02 18:00:12,mainnet,10187345,10187344,1
2020-06-02 18:01:51,mainnet,10187354,10187345,9
2020-06-02 18:03:16,mainnet,10187362,10187361,1
2020-06-02 18:04:45,mainnet,10187369,10187364,5
2020-06-02 18:06:28,mainnet,10187381,10187373,8
2020-06-02 18:08:39,mainnet,10187391,10187373,18
2020-06-02 18:10:13,mainnet,10187395,10187373,22
2020-06-02 18:11:59,mainnet,10187401,10187399,2
2020-06-02 18:13:27,mainnet,10187412,10187409,3
2020-06-02 18:15:44,mainnet,10187419,10187414,5
2020-06-02 18:17:18,mainnet,10187427,10187423,4
2020-06-02 18:18:40,mainnet,10187437,10187431,6
2020-06-02 18:21:02,mainnet,10187447,10187444,3
2020-06-02 18:22:53,mainnet,10187453,10187450,3
2020-06-02 18:24:22,mainnet,10187461,10187455,6
2020-06-02 18:25:44,mainnet,10187467,10187455,12
2020-06-02 18:27:07,mainnet,10187472,10187472,0
2020-06-02 18:29:05,mainnet,10187479,10187478,1
2020-06-02 18:30:32,mainnet,10187484,10187484,0
2020-06-02 18:31:55,mainnet,10187490,10187487,3
2020-06-02 18:33:17,mainnet,10187499,10187497,2
2020-06-02 18:35:09,mainnet,10187502,10187501,1
2020-06-02 18:36:40,mainnet,10187508,10187501,7
2020-06-02 18:38:41,mainnet,10187510,10187509,1
2020-06-02 18:40:12,mainnet,10187519,10187510,9
2020-06-02 18:41:34,mainnet,10187526,10187521,5
2020-06-02 18:43:18,mainnet,10187535,10187521,14
2020-06-02 18:44:41,mainnet,10187545,10187523,22
2020-06-02 18:46:20,mainnet,10187551,10187546,5
2020-06-02 18:48:10,mainnet,10187558,10187553,5
2020-06-02 18:50:02,mainnet,10187563,10187561,2
2020-06-02 18:51:24,mainnet,10187567,10187566,1
2020-06-02 18:52:49,mainnet,10187576,10187573,3
2020-06-02 18:54:12,mainnet,10187582,10187575,7
2020-06-02 18:55:54,mainnet,10187592,10187588,4
2020-06-02 18:57:57,mainnet,10187600,10187595,5
2020-06-02 18:59:24,mainnet,10187603,10187595,8
2020-06-02 19:00:46,mainnet,10187613,10187607,6
2020-06-02 19:02:39,mainnet,10187618,10187617,1
2020-06-02 19:04:06,mainnet,10187627,10187620,7
2020-06-02 19:05:33,mainnet,10187636,10187634,2
2020-06-02 19:07:16,mainnet,10187649,10187639,10
2020-06-02 19:09:04,mainnet,10187656,10187656,0
2020-06-02 19:10:26,mainnet,10187669,10187658,11
2020-06-02 19:12:34,mainnet,10187681,10187673,8
2020-06-02 19:15:01,mainnet,10187687,10187687,0
2020-06-02 19:16:51,mainnet,10187693,10187689,4
2020-06-02 19:18:46,mainnet,10187700,10187689,11
2020-06-02 19:20:29,mainnet,10187705,10187700,5
2020-06-02 19:21:51,mainnet,10187714,10187707,7
2020-06-02 19:23:37,mainnet,10187719,10187719,0
2020-06-02 19:25:21,mainnet,10187724,10187721,3
2020-06-02 19:26:46,mainnet,10187729,10187724,5
2020-06-02 19:28:14,mainnet,10187734,10187724,10
2020-06-02 19:29:39,mainnet,10187740,10187724,16
2020-06-02 19:31:31,mainnet,10187749,10187744,5
2020-06-02 19:33:06,mainnet,10187757,10187750,7
2020-06-02 19:34:31,mainnet,10187765,10187760,5
2020-06-02 19:36:30,mainnet,10187775,10187768,7
2020-06-02 19:38:38,mainnet,10187780,10187780,0
2020-06-02 19:40:00,mainnet,10187789,10187788,1
2020-06-02 19:41:27,mainnet,10187793,10187793,0
2020-06-02 19:43:07,mainnet,10187799,10187798,1
2020-06-02 19:44:29,mainnet,10187807,10187798,9
2020-06-02 19:46:08,mainnet,10187825,10187816,9
2020-06-02 19:49:23,mainnet,10187833,10187827,6
2020-06-02 19:50:57,mainnet,10187844,10187844,0
2020-06-02 19:52:20,mainnet,10187855,10187847,8
2020-06-02 19:54:01,mainnet,10187869,10187863,6
2020-06-02 19:56:17,mainnet,10187877,10187863,14
2020-06-02 19:58:01,mainnet,10187884,10187863,21
2020-06-02 19:59:36,mainnet,10187888,10187863,25
2020-06-02 20:01:13,mainnet,10187894,10187894,0
2020-06-02 20:02:44,mainnet,10187903,10187897,6
2020-06-02 20:04:23,mainnet,10187919,10187905,14
2020-06-02 20:06:50,mainnet,10187926,10187905,21
2020-06-02 20:08:20,mainnet,10187934,10187930,4
2020-06-02 20:09:53,mainnet,10187942,10187939,3
2020-06-02 20:12:05,mainnet,10187954,10187951,3
2020-06-02 20:13:46,mainnet,10187961,10187951,10
2020-06-02 20:15:42,mainnet,10187971,10187967,4
2020-06-02 20:17:15,mainnet,10187988,10187973,15
2020-06-02 20:19:58,mainnet,10187996,10187995,1
2020-06-02 20:21:24,mainnet,10187998,10187998,0
2020-06-02 20:23:56,mainnet,10188010,10188008,2
2020-06-02 20:25:22,mainnet,10188019,10188018,1
2020-06-02 20:26:44,mainnet,10188026,10188023,3
2020-06-02 20:28:15,mainnet,10188035,10188028,7
2020-06-02 20:30:35,mainnet,10188043,10188038,5
2020-06-02 20:32:41,mainnet,10188046,10188044,2
2020-06-02 20:34:06,mainnet,10188050,10188050,0
2020-06-02 20:35:33,mainnet,10188059,10188058,1
2020-06-02 20:36:59,mainnet,10188066,10188061,5
2020-06-02 20:38:21,mainnet,10188074,10188061,13
2020-06-02 20:39:46,mainnet,10188082,10188076,6
2020-06-02 20:41:14,mainnet,10188089,10188084,5
2020-06-02 20:42:36,mainnet,10188097,10188084,13
2020-06-02 20:43:58,mainnet,10188100,10188097,3
2020-06-02 20:45:21,mainnet,10188108,10188098,10
2020-06-02 20:47:10,mainnet,10188114,10188114,0
2020-06-02 20:49:00,mainnet,10188117,10188117,0
2020-06-02 20:50:25,mainnet,10188123,10188118,5
2020-06-02 20:51:47,mainnet,10188129,10188123,6
2020-06-02 20:53:29,mainnet,10188139,10188123,16
2020-06-02 20:54:56,mainnet,10188146,10188123,23
2020-06-02 20:56:34,mainnet,10188156,10188153,3
2020-06-02 20:58:10,mainnet,10188168,10188156,12
2020-06-02 21:00:13,mainnet,10188174,10188164,10
2020-06-02 21:01:50,mainnet,10188185,10188181,4
2020-06-02 21:04:21,mainnet,10188196,10188187,9
2020-06-02 21:05:43,mainnet,10188206,10188206,0
2020-06-02 21:07:18,mainnet,10188212,10188206,6
2020-06-02 21:08:41,mainnet,10188214,10188209,5
2020-06-02 21:10:03,mainnet,10188219,10188216,3
2020-06-02 21:11:34,mainnet,10188222,10188219,3
2020-06-02 21:12:56,mainnet,10188227,10188224,3
2020-06-02 21:14:19,mainnet,10188230,10188224,6
2020-06-02 21:15:55,mainnet,10188243,10188237,6
2020-06-02 21:17:21,mainnet,10188250,10188244,6
2020-06-02 21:18:53,mainnet,10188257,10188248,9
2020-06-02 21:20:14,mainnet,10188265,10188258,7
2020-06-02 21:22:24,mainnet,10188271,10188267,4
2020-06-02 21:25:06,mainnet,10188282,10188267,15
2020-06-02 21:26:32,mainnet,10188284,10188285,-1
2020-06-02 21:27:58,mainnet,10188301,10188286,15
2020-06-02 21:29:26,mainnet,10188308,10188287,21
2020-06-02 21:30:58,mainnet,10188322,10188314,8
2020-06-02 21:34:47,mainnet,10188329,10188321,8
2020-06-02 21:36:44,mainnet,10188341,10188321,20
2020-06-02 21:38:06,mainnet,10188352,10188348,4
2020-06-02 21:40:15,mainnet,10188354,10188348,6
2020-06-02 21:41:38,mainnet,10188361,10188355,6
2020-06-02 21:43:21,mainnet,10188368,10188363,5
2020-06-02 21:44:53,mainnet,10188378,10188369,9
2020-06-02 21:46:29,mainnet,10188390,10188378,12
2020-06-02 21:48:22,mainnet,10188396,10188393,3
2020-06-02 21:49:54,mainnet,10188405,10188403,2
2020-06-02 21:51:43,mainnet,10188418,10188408,10
2020-06-02 21:53:17,mainnet,10188432,10188422,10
2020-06-02 21:55:35,mainnet,10188445,10188437,8
2020-06-02 21:57:03,mainnet,10188457,10188445,12
2020-06-02 21:58:54,mainnet,10188464,10188445,19
2020-06-02 22:00:49,mainnet,10188474,10188466,8
2020-06-02 22:02:39,mainnet,10188476,10188476,0
2020-06-02 22:04:39,mainnet,10188484,10188482,2
2020-06-02 22:06:01,mainnet,10188490,10188482,8
2020-06-02 22:07:28,mainnet,10188500,10188482,18
2020-06-02 22:08:58,mainnet,10188506,10188500,6
2020-06-02 22:10:30,mainnet,10188518,10188500,18
2020-06-02 22:12:40,mainnet,10188521,10188500,21
2020-06-02 22:14:27,mainnet,10188534,10188530,4
2020-06-02 22:16:20,mainnet,10188544,10188535,9
2020-06-02 22:18:22,mainnet,10188550,10188547,3
2020-06-02 22:19:56,mainnet,10188553,10188552,1
2020-06-02 22:21:28,mainnet,10188560,10188552,8
2020-06-02 22:22:56,mainnet,10188566,10188552,14
2020-06-02 22:24:21,mainnet,10188570,10188552,18
2020-06-02 22:25:43,mainnet,10188575,10188574,1
2020-06-02 22:27:20,mainnet,10188581,10188574,7
2020-06-02 22:29:13,mainnet,10188589,10188588,1
2020-06-02 22:30:42,mainnet,10188592,10188592,0
2020-06-02 22:32:10,mainnet,10188597,10188596,1
2020-06-02 22:33:32,mainnet,10188602,10188602,0
2020-06-02 22:35:11,mainnet,10188610,10188607,3
2020-06-02 22:36:56,mainnet,10188616,10188612,4
2020-06-02 22:39:45,mainnet,10188627,10188623,4
2020-06-02 22:41:10,mainnet,10188638,10188623,15
2020-06-02 22:43:01,mainnet,10188648,10188640,8
2020-06-02 22:45:20,mainnet,10188654,10188640,14
2020-06-02 22:46:48,mainnet,10188657,10188656,1
2020-06-02 22:48:38,mainnet,10188664,10188661,3
2020-06-02 22:51:14,mainnet,10188673,10188661,12
2020-06-02 22:52:42,mainnet,10188681,10188673,8
2020-06-02 22:54:42,mainnet,10188687,10188673,14
2020-06-02 22:56:08,mainnet,10188693,10188690,3
2020-06-02 22:57:50,mainnet,10188705,10188699,6
2020-06-02 22:59:59,mainnet,10188715,10188711,4
2020-06-02 23:02:04,mainnet,10188726,10188720,6
2020-06-02 23:04:09,mainnet,10188733,10188726,7
2020-06-02 23:06:03,mainnet,10188740,10188740,0
2020-06-02 23:07:27,mainnet,10188746,10188740,6
2020-06-02 23:08:56,mainnet,10188752,10188750,2
2020-06-02 23:10:44,mainnet,10188753,10188753,0
2020-06-02 23:12:52,mainnet,10188763,10188753,10
2020-06-02 23:14:28,mainnet,10188773,10188762,11
2020-06-02 23:16:08,mainnet,10188777,10188776,1
2020-06-02 23:17:45,mainnet,10188787,10188776,11
2020-06-02 23:19:22,mainnet,10188797,10188783,14
2020-06-02 23:20:51,mainnet,10188803,10188797,6
2020-06-02 23:25:54,mainnet,10188830,10188830,0
2020-06-02 23:27:25,mainnet,10188838,10188838,0
2020-06-02 23:28:58,mainnet,10188842,10188839,3
2020-06-02 23:30:20,mainnet,10188853,10188848,5
2020-06-02 23:31:42,mainnet,10188860,10188858,2
2020-06-02 23:33:20,mainnet,10188868,10188861,7
2020-06-02 23:34:42,mainnet,10188878,10188861,17
2020-06-02 23:36:24,mainnet,10188887,10188878,9
2020-06-02 23:38:01,mainnet,10188893,10188888,5
2020-06-02 23:39:23,mainnet,10188902,10188888,14
2020-06-02 23:40:51,mainnet,10188908,10188888,20
2020-06-02 23:42:22,mainnet,10188919,10188888,31
2020-06-02 23:45:13,mainnet,10188934,10188888,46
2020-06-02 23:47:14,mainnet,10188940,10188918,22
2020-06-02 23:48:36,mainnet,10188948,10188941,7
2020-06-02 23:50:03,mainnet,10188956,10188956,0
2020-06-02 23:51:39,mainnet,10188965,10188956,9
2020-06-02 23:53:04,mainnet,10188970,10188967,3
2020-06-02 23:54:41,mainnet,10188980,10188967,13
2020-06-02 23:56:08,mainnet,10188989,10188984,5
2020-06-02 23:57:50,mainnet,10188996,10188996,0
2020-06-02 23:59:17,mainnet,10189005,10188996,9
2020-06-03 00:01:41,mainnet,10189019,10189007,12
2020-06-03 00:03:39,mainnet,10189026,10189022,4
2020-06-03 00:05:09,mainnet,10189038,10189032,6
2020-06-03 00:06:50,mainnet,10189050,10189032,18
2020-06-03 00:08:25,mainnet,10189052,10189051,1
2020-06-03 00:10:27,mainnet,10189063,10189052,11
2020-06-03 00:11:58,mainnet,10189069,10189052,17
2020-06-03 00:13:49,mainnet,10189075,10189071,4
2020-06-03 00:15:15,mainnet,10189083,10189071,12
2020-06-03 00:16:41,mainnet,10189088,10189085,3
2020-06-03 00:18:45,mainnet,10189092,10189085,7
2020-06-03 00:20:07,mainnet,10189099,10189097,2
2020-06-03 00:22:04,mainnet,10189107,10189101,6
2020-06-03 00:26:15,mainnet,10189116,10189116,0
2020-06-03 00:27:37,mainnet,10189127,10189121,6
2020-06-03 00:29:04,mainnet,10189136,10189134,2
2020-06-03 00:31:07,mainnet,10189140,10189134,6
2020-06-03 00:32:50,mainnet,10189147,10189147,0
2020-06-03 00:34:12,mainnet,10189156,10189150,6
2020-06-03 00:35:47,mainnet,10189165,10189156,9
2020-06-03 00:37:09,mainnet,10189169,10189167,2
2020-06-03 00:38:34,mainnet,10189175,10189167,8
2020-06-03 00:40:17,mainnet,10189182,10189167,15
2020-06-03 00:41:45,mainnet,10189186,10189185,1
2020-06-03 00:43:07,mainnet,10189193,10189189,4
2020-06-03 00:44:54,mainnet,10189201,10189197,4
2020-06-03 00:46:28,mainnet,10189209,10189206,3
2020-06-03 00:48:33,mainnet,10189215,10189211,4
2020-06-03 00:50:10,mainnet,10189228,10189211,17
2020-06-03 00:51:36,mainnet,10189233,10189227,6
2020-06-03 00:53:37,mainnet,10189247,10189227,20
2020-06-03 00:56:11,mainnet,10189252,10189251,1
2020-06-03 00:57:33,mainnet,10189257,10189251,6
2020-06-03 00:58:55,mainnet,10189265,10189251,14
2020-06-03 01:00:45,mainnet,10189269,10189266,3
2020-06-03 01:02:38,mainnet,10189277,10189270,7
2020-06-03 01:04:10,mainnet,10189285,10189284,1
2020-06-03 01:06:08,mainnet,10189296,10189294,2
2020-06-03 01:07:36,mainnet,10189304,10189297,7
2020-06-03 01:09:20,mainnet,10189311,10189297,14
2020-06-03 01:11:35,mainnet,10189320,10189320,0
2020-06-03 01:13:10,mainnet,10189328,10189327,1
2020-06-03 01:14:57,mainnet,10189331,10189331,0
2020-06-03 01:16:27,mainnet,10189337,10189331,6
2020-06-03 01:17:58,mainnet,10189345,10189331,14
2020-06-03 01:22:19,mainnet,10189365,10189349,16
2020-06-03 01:23:53,mainnet,10189380,10189349,31
2020-06-03 01:25:20,mainnet,10189385,10189385,0
2020-06-03 01:26:55,mainnet,10189395,10189389,6
2020-06-03 01:28:21,mainnet,10189404,10189394,10
2020-06-03 01:30:09,mainnet,10189410,10189394,16
2020-06-03 01:32:08,mainnet,10189422,10189413,9
2020-06-03 01:34:32,mainnet,10189429,10189427,2
2020-06-03 01:35:59,mainnet,10189436,10189427,9
2020-06-03 01:37:22,mainnet,10189442,10189437,5
2020-06-03 01:38:43,mainnet,10189450,10189447,3
2020-06-03 01:40:14,mainnet,10189459,10189452,7
2020-06-03 01:41:58,mainnet,10189465,10189463,2
2020-06-03 01:43:24,mainnet,10189470,10189465,5
2020-06-03 01:44:51,mainnet,10189480,10189465,15
2020-06-03 01:46:13,mainnet,10189486,10189483,3
2020-06-03 01:47:55,mainnet,10189490,10189483,7
2020-06-03 01:49:20,mainnet,10189496,10189483,13
2020-06-03 01:50:53,mainnet,10189504,10189503,1
2020-06-03 01:52:15,mainnet,10189514,10189508,6
2020-06-03 01:54:07,mainnet,10189522,10189518,4
2020-06-03 01:55:46,mainnet,10189534,10189534,0
2020-06-03 01:57:59,mainnet,10189544,10189534,10
2020-06-03 02:00:27,mainnet,10189550,10189547,3
2020-06-03 02:01:51,mainnet,10189554,10189551,3
2020-06-03 02:04:30,mainnet,10189561,10189555,6
2020-06-03 02:06:03,mainnet,10189571,10189555,16
2020-06-03 02:07:32,mainnet,10189575,10189555,20
2020-06-03 02:09:02,mainnet,10189584,10189579,5
2020-06-03 02:10:42,mainnet,10189596,10189592,4
2020-06-03 02:12:07,mainnet,10189604,10189592,12
2020-06-03 02:14:34,mainnet,10189610,10189602,8
2020-06-03 02:17:08,mainnet,10189617,10189602,15
2020-06-03 02:18:41,mainnet,10189625,10189602,23
2020-06-03 02:20:03,mainnet,10189633,10189602,31
2020-06-03 02:21:34,mainnet,10189637,10189630,7
2020-06-03 02:23:04,mainnet,10189646,10189635,11
2020-06-03 02:25:23,mainnet,10189652,10189652,0
2020-06-03 02:26:54,mainnet,10189660,10189653,7
2020-06-03 02:28:16,mainnet,10189667,10189663,4
2020-06-03 02:29:44,mainnet,10189675,10189663,12
2020-06-03 02:31:16,mainnet,10189686,10189663,23
2020-06-03 02:34:57,mainnet,10189704,10189663,41
2020-06-03 02:36:53,mainnet,10189709,10189709,0
2020-06-03 02:38:43,mainnet,10189718,10189711,7
2020-06-03 02:40:05,mainnet,10189726,10189711,15
2020-06-03 02:41:31,mainnet,10189733,10189733,0
2020-06-03 02:43:08,mainnet,10189733,10189733,0
2020-06-03 02:44:30,mainnet,10189737,10189734,3
2020-06-03 02:45:56,mainnet,10189745,10189742,3
2020-06-03 02:47:19,mainnet,10189753,10189745,8
2020-06-03 02:48:58,mainnet,10189762,10189758,4
2020-06-03 02:50:33,mainnet,10189766,10189764,2
2020-06-03 02:52:01,mainnet,10189770,10189768,2
2020-06-03 02:53:23,mainnet,10189778,10189770,8
2020-06-03 02:55:02,mainnet,10189784,10189783,1
2020-06-03 02:57:28,mainnet,10189792,10189792,0
2020-06-03 02:59:24,mainnet,10189802,10189793,9
2020-06-03 03:01:17,mainnet,10189809,10189803,6
2020-06-03 03:02:40,mainnet,10189813,10189813,0
2020-06-03 03:04:05,mainnet,10189820,10189815,5
2020-06-03 03:06:00,mainnet,10189831,10189824,7
2020-06-03 03:07:31,mainnet,10189837,10189834,3
2020-06-03 03:08:53,mainnet,10189845,10189841,4
2020-06-03 03:10:20,mainnet,10189856,10189848,8
2020-06-03 03:12:19,mainnet,10189869,10189862,7
2020-06-03 03:14:48,mainnet,10189875,10189874,1
2020-06-03 03:16:34,mainnet,10189884,10189881,3
2020-06-03 03:18:34,mainnet,10189890,10189881,9
2020-06-03 03:20:16,mainnet,10189896,10189894,2
2020-06-03 03:21:59,mainnet,10189905,10189897,8
2020-06-03 03:23:43,mainnet,10189909,10189909,0
2020-06-03 03:25:06,mainnet,10189919,10189914,5
2020-06-03 03:27:47,mainnet,10189927,10189925,2
2020-06-03 03:29:09,mainnet,10189931,10189925,6
2020-06-03 03:30:40,mainnet,10189937,10189933,4
2020-06-03 03:32:06,mainnet,10189947,10189940,7
2020-06-03 03:33:28,mainnet,10189951,10189951,0
2020-06-03 03:35:22,mainnet,10189962,10189962,0
2020-06-03 03:36:56,mainnet,10189964,10189964,0
2020-06-03 03:38:53,mainnet,10189967,10189964,3
2020-06-03 03:40:28,mainnet,10189976,10189976,0
2020-06-03 03:42:22,mainnet,10189988,10189979,9
2020-06-03 03:44:21,mainnet,10189995,10189981,14
2020-06-03 03:45:44,mainnet,10190001,10189999,2
2020-06-03 03:47:07,mainnet,10190009,10190001,8
2020-06-03 03:49:09,mainnet,10190016,10190009,7
2020-06-03 03:50:33,mainnet,10190021,10190018,3
2020-06-03 03:51:56,mainnet,10190029,10190024,5
2020-06-03 03:54:19,mainnet,10190039,10190038,1
2020-06-03 03:55:49,mainnet,10190048,10190046,2
2020-06-03 03:57:29,mainnet,10190055,10190052,3
2020-06-03 03:58:56,mainnet,10190059,10190059,0
2020-06-03 04:00:18,mainnet,10190067,10190060,7
2020-06-03 04:01:44,mainnet,10190074,10190072,2
2020-06-03 04:03:17,mainnet,10190083,10190080,3
2020-06-03 04:04:51,mainnet,10190090,10190087,3
2020-06-03 04:06:26,mainnet,10190094,10190091,3
2020-06-03 04:07:59,mainnet,10190108,10190091,17
2020-06-03 04:09:22,mainnet,10190118,10190091,27
2020-06-03 04:11:34,mainnet,10190129,10190118,11
2020-06-03 04:13:02,mainnet,10190135,10190133,2
2020-06-03 04:15:18,mainnet,10190139,10190139,0
2020-06-03 04:16:54,mainnet,10190148,10190140,8
2020-06-03 04:18:24,mainnet,10190153,10190152,1
2020-06-03 04:19:58,mainnet,10190158,10190158,0
2020-06-03 04:21:20,mainnet,10190164,10190163,1
2020-06-03 04:22:56,mainnet,10190168,10190167,1
2020-06-03 04:24:18,mainnet,10190173,10190171,2
2020-06-03 04:25:54,mainnet,10190180,10190171,9
2020-06-03 04:27:27,mainnet,10190193,10190171,22
2020-06-03 04:30:08,mainnet,10190198,10190198,0
2020-06-03 04:31:35,mainnet,10190209,10190203,6
2020-06-03 04:33:23,mainnet,10190216,10190211,5
2020-06-03 04:35:18,mainnet,10190228,10190211,17
2020-06-03 04:37:17,mainnet,10190234,10190233,1
2020-06-03 04:39:25,mainnet,10190238,10190233,5
2020-06-03 04:40:58,mainnet,10190247,10190233,14
2020-06-03 04:42:32,mainnet,10190253,10190253,0
2020-06-03 04:43:59,mainnet,10190261,10190259,2
2020-06-03 04:45:38,mainnet,10190273,10190259,14
2020-06-03 04:47:39,mainnet,10190277,10190259,18
2020-06-03 04:49:01,mainnet,10190286,10190276,10
2020-06-03 04:50:33,mainnet,10190294,10190276,18
2020-06-03 04:52:11,mainnet,10190302,10190298,4
2020-06-03 04:53:43,mainnet,10190309,10190298,11
2020-06-03 04:55:18,mainnet,10190318,10190314,4
2020-06-03 04:56:40,mainnet,10190324,10190321,3
2020-06-03 04:58:41,mainnet,10190332,10190328,4
2020-06-03 05:00:27,mainnet,10190334,10190328,6
2020-06-03 05:02:11,mainnet,10190342,10190328,14
2020-06-03 05:03:35,mainnet,10190347,10190342,5
2020-06-03 05:05:33,mainnet,10190354,10190342,12
2020-06-03 05:07:03,mainnet,10190362,10190342,20
2020-06-03 05:08:50,mainnet,10190366,10190366,0
2020-06-03 05:10:19,mainnet,10190369,10190369,0
2020-06-03 05:12:18,mainnet,10190373,10190371,2
2020-06-03 05:13:40,mainnet,10190385,10190381,4
2020-06-03 05:15:41,mainnet,10190389,10190387,2
2020-06-03 05:17:11,mainnet,10190395,10190387,8
2020-06-03 05:18:48,mainnet,10190398,10190398,0
2020-06-03 05:20:14,mainnet,10190402,10190400,2
2020-06-03 05:21:39,mainnet,10190407,10190405,2
2020-06-03 05:23:23,mainnet,10190411,10190405,6
2020-06-03 05:24:45,mainnet,10190421,10190417,4
2020-06-03 05:26:14,mainnet,10190432,10190433,-1
2020-06-03 05:27:48,mainnet,10190443,10190435,8
2020-06-03 05:29:51,mainnet,10190447,10190444,3
2020-06-03 05:31:13,mainnet,10190459,10190450,9
2020-06-03 05:32:55,mainnet,10190470,10190452,18
2020-06-03 05:34:17,mainnet,10190477,10190474,3
2020-06-03 05:35:52,mainnet,10190480,10190479,1
2020-06-03 05:37:23,mainnet,10190484,10190479,5
2020-06-03 05:38:48,mainnet,10190491,10190490,1
2020-06-03 05:40:34,mainnet,10190503,10190501,2
2020-06-03 05:41:56,mainnet,10190508,10190508,0
2020-06-03 05:43:30,mainnet,10190517,10190508,9
2020-06-03 05:45:09,mainnet,10190524,10190523,1
2020-06-03 05:46:38,mainnet,10190530,10190529,1
2020-06-03 05:48:00,mainnet,10190536,10190534,2
2020-06-03 05:49:22,mainnet,10190537,10190536,1
2020-06-03 05:50:44,mainnet,10190547,10190542,5
2020-06-03 05:52:32,mainnet,10190556,10190548,8
2020-06-03 05:54:09,mainnet,10190566,10190560,6
2020-06-03 05:55:34,mainnet,10190568,10190567,1
2020-06-03 05:57:00,mainnet,10190575,10190567,8
2020-06-03 05:58:39,mainnet,10190582,10190576,6
2020-06-03 06:00:06,mainnet,10190586,10190585,1
2020-06-03 06:01:39,mainnet,10190592,10190590,2
2020-06-03 06:03:36,mainnet,10190600,10190590,10
2020-06-03 06:05:14,mainnet,10190607,10190607,0
2020-06-03 06:07:01,mainnet,10190610,10190610,0
2020-06-03 06:08:24,mainnet,10190613,10190613,0
2020-06-03 06:09:45,mainnet,10190614,10190615,-1
2020-06-03 06:11:10,mainnet,10190617,10190617,0
2020-06-03 06:12:51,mainnet,10190623,10190619,4
2020-06-03 06:14:44,mainnet,10190630,10190630,0
2020-06-03 06:16:39,mainnet,10190635,10190633,2
2020-06-03 06:18:01,mainnet,10190640,10190633,7
2020-06-03 06:19:25,mainnet,10190648,10190646,2
2020-06-03 06:21:20,mainnet,10190657,10190656,1
2020-06-03 06:22:59,mainnet,10190663,10190658,5
2020-06-03 06:24:45,mainnet,10190673,10190667,6
2020-06-03 06:26:18,mainnet,10190678,10190674,4
2020-06-03 06:27:51,mainnet,10190682,10190682,0
2020-06-03 06:29:22,mainnet,10190690,10190688,2
2020-06-03 06:30:48,mainnet,10190697,10190694,3
2020-06-03 06:32:10,mainnet,10190701,10190694,7
2020-06-03 06:33:32,mainnet,10190707,10190705,2
2020-06-03 06:35:13,mainnet,10190715,10190707,8
2020-06-03 06:36:49,mainnet,10190718,10190707,11
2020-06-03 06:38:44,mainnet,10190724,10190724,0
2020-06-03 06:40:06,mainnet,10190729,10190726,3
2020-06-03 06:42:05,mainnet,10190734,10190734,0
2020-06-03 06:43:29,mainnet,10190737,10190736,1
2020-06-03 06:44:56,mainnet,10190748,10190736,12
2020-06-03 06:47:00,mainnet,10190752,10190749,3
2020-06-03 06:48:25,mainnet,10190769,10190759,10
2020-06-03 06:50:34,mainnet,10190779,10190775,4
2020-06-03 06:52:16,mainnet,10190785,10190779,6
2020-06-03 06:53:56,mainnet,10190792,10190782,10
2020-06-03 06:55:18,mainnet,10190799,10190795,4
2020-06-03 06:56:46,mainnet,10190809,10190799,10
2020-06-03 06:58:27,mainnet,10190819,10190814,5
2020-06-03 06:59:55,mainnet,10190823,10190821,2
2020-06-03 07:01:34,mainnet,10190834,10190821,13
2020-06-03 07:03:14,mainnet,10190843,10190838,5
2020-06-03 07:04:48,mainnet,10190849,10190838,11
2020-06-03 07:06:31,mainnet,10190850,10190850,0
2020-06-03 07:07:53,mainnet,10190857,10190853,4
2020-06-03 07:09:20,mainnet,10190870,10190853,17
2020-06-03 07:11:15,mainnet,10190878,10190853,25
2020-06-03 07:12:37,mainnet,10190883,10190878,5
2020-06-03 07:13:59,mainnet,10190892,10190878,14
2020-06-03 07:15:21,mainnet,10190903,10190889,14
2020-06-03 07:16:49,mainnet,10190909,10190909,0
2020-06-03 07:18:54,mainnet,10190915,10190911,4
2020-06-03 07:20:26,mainnet,10190919,10190919,0
2020-06-03 07:22:00,mainnet,10190926,10190919,7
2020-06-03 07:23:22,mainnet,10190937,10190932,5
2020-06-03 07:25:07,mainnet,10190941,10190932,9
2020-06-03 07:26:31,mainnet,10190945,10190941,4
2020-06-03 07:27:56,mainnet,10190956,10190945,11
2020-06-03 07:29:18,mainnet,10190964,10190962,2
2020-06-03 07:30:51,mainnet,10190970,10190970,0
2020-06-03 07:32:13,mainnet,10190974,10190971,3
2020-06-03 07:33:36,mainnet,10190983,10190977,6
2020-06-03 07:35:14,mainnet,10190991,10190991,0
2020-06-03 07:36:58,mainnet,10191000,10190996,4
2020-06-03 07:38:28,mainnet,10191011,10190996,15
2020-06-03 07:40:39,mainnet,10191023,10190996,27
2020-06-03 07:42:04,mainnet,10191027,10191027,0
2020-06-03 07:43:29,mainnet,10191031,10191028,3
2020-06-03 07:45:05,mainnet,10191042,10191039,3
2020-06-03 07:46:33,mainnet,10191050,10191049,1
2020-06-03 07:47:59,mainnet,10191056,10191054,2
2020-06-03 07:49:21,mainnet,10191057,10191057,0
2020-06-03 07:50:48,mainnet,10191062,10191060,2
2020-06-03 07:52:10,mainnet,10191070,10191060,10
2020-06-03 07:53:43,mainnet,10191079,10191073,6
2020-06-03 07:55:05,mainnet,10191088,10191085,3
2020-06-03 07:56:43,mainnet,10191093,10191089,4
2020-06-03 07:58:09,mainnet,10191099,10191098,1
2020-06-03 07:59:31,mainnet,10191103,10191103,0
2020-06-03 08:01:19,mainnet,10191109,10191107,2
2020-06-03 08:03:02,mainnet,10191112,10191112,0
2020-06-03 08:04:44,mainnet,10191119,10191118,1
2020-06-03 08:06:11,mainnet,10191123,10191123,0
2020-06-03 08:07:49,mainnet,10191128,10191123,5
2020-06-03 08:09:11,mainnet,10191137,10191136,1
2020-06-03 08:10:38,mainnet,10191146,10191144,2
2020-06-03 08:12:05,mainnet,10191153,10191153,0
2020-06-03 08:13:57,mainnet,10191165,10191161,4
2020-06-03 08:15:26,mainnet,10191169,10191169,0
2020-06-03 08:16:48,mainnet,10191181,10191170,11
2020-06-03 08:18:48,mainnet,10191186,10191170,16
2020-06-03 08:20:11,mainnet,10191194,10191192,2
2020-06-03 08:21:33,mainnet,10191197,10191196,1
2020-06-03 08:23:00,mainnet,10191208,10191196,12
2020-06-03 08:24:35,mainnet,10191213,10191196,17
2020-06-03 08:26:03,mainnet,10191218,10191217,1
2020-06-03 08:28:06,mainnet,10191223,10191217,6
2020-06-03 08:29:42,mainnet,10191238,10191217,21
2020-06-03 08:31:27,mainnet,10191246,10191240,6
2020-06-03 08:33:27,mainnet,10191251,10191247,4
2020-06-03 08:34:51,mainnet,10191259,10191258,1
2020-06-03 08:36:26,mainnet,10191271,10191267,4
2020-06-03 08:37:51,mainnet,10191274,10191271,3
2020-06-03 08:39:15,mainnet,10191283,10191281,2
2020-06-03 08:40:37,mainnet,10191294,10191289,5
2020-06-03 08:42:30,mainnet,10191304,10191301,3
2020-06-03 08:43:52,mainnet,10191308,10191308,0
2020-06-03 08:46:10,mainnet,10191320,10191320,0
2020-06-03 08:47:41,mainnet,10191327,10191327,0
2020-06-03 08:49:12,mainnet,10191332,10191332,0
2020-06-03 08:51:05,mainnet,10191336,10191335,1
2020-06-03 08:52:59,mainnet,10191339,10191336,3
2020-06-03 08:54:21,mainnet,10191347,10191347,0
2020-06-03 08:55:57,mainnet,10191358,10191351,7
2020-06-03 08:57:33,mainnet,10191366,10191360,6
2020-06-03 08:59:01,mainnet,10191372,10191369,3
2020-06-03 09:00:26,mainnet,10191380,10191375,5
2020-06-03 09:01:52,mainnet,10191390,10191386,4
2020-06-03 09:03:38,mainnet,10191401,10191386,15
2020-06-03 09:05:03,mainnet,10191409,10191408,1
2020-06-03 09:07:02,mainnet,10191417,10191412,5
2020-06-03 09:08:40,mainnet,10191424,10191419,5
2020-06-03 09:10:14,mainnet,10191433,10191434,-1
2020-06-03 09:11:48,mainnet,10191443,10191442,1
2020-06-03 09:13:17,mainnet,10191449,10191443,6
2020-06-03 09:14:56,mainnet,10191454,10191453,1
2020-06-03 09:16:24,mainnet,10191461,10191457,4
2020-06-03 09:17:56,mainnet,10191466,10191466,0
2020-06-03 09:19:23,mainnet,10191474,10191467,7
2020-06-03 09:20:50,mainnet,10191479,10191467,12
2020-06-03 09:22:36,mainnet,10191487,10191479,8
2020-06-03 09:24:22,mainnet,10191498,10191479,19
2020-06-03 09:26:13,mainnet,10191503,10191501,2
2020-06-03 09:28:14,mainnet,10191513,10191501,12
2020-06-03 09:29:48,mainnet,10191520,10191517,3
2020-06-03 09:31:29,mainnet,10191524,10191523,1
2020-06-03 09:32:55,mainnet,10191535,10191526,9
2020-06-03 09:35:12,mainnet,10191548,10191526,22
2020-06-03 09:36:50,mainnet,10191552,10191549,3
2020-06-03 09:38:19,mainnet,10191558,10191557,1
2020-06-03 09:40:07,mainnet,10191561,10191558,3
2020-06-03 09:41:34,mainnet,10191569,10191568,1
2020-06-03 09:43:09,mainnet,10191572,10191571,1
2020-06-03 09:44:41,mainnet,10191581,10191571,10
2020-06-03 09:46:27,mainnet,10191587,10191585,2
2020-06-03 09:47:55,mainnet,10191594,10191591,3
2020-06-03 09:49:32,mainnet,10191601,10191601,0
2020-06-03 09:51:18,mainnet,10191613,10191603,10
2020-06-03 09:54:10,mainnet,10191626,10191603,23
2020-06-03 09:56:29,mainnet,10191630,10191627,3
2020-06-03 09:57:51,mainnet,10191638,10191627,11
2020-06-03 09:59:13,mainnet,10191644,10191627,17
2020-06-03 10:00:44,mainnet,10191645,10191627,18
2020-06-03 10:02:06,mainnet,10191650,10191650,0
2020-06-03 10:04:15,mainnet,10191655,10191651,4
2020-06-03 10:05:44,mainnet,10191661,10191651,10
2020-06-03 10:07:12,mainnet,10191664,10191651,13
2020-06-03 10:08:53,mainnet,10191669,10191669,0
2020-06-03 10:10:18,mainnet,10191676,10191669,7
2020-06-03 10:12:24,mainnet,10191687,10191678,9
2020-06-03 10:13:50,mainnet,10191691,10191678,13
2020-06-03 10:15:16,mainnet,10191698,10191678,20
2020-06-03 10:17:08,mainnet,10191707,10191697,10
2020-06-03 10:18:43,mainnet,10191715,10191697,18
2020-06-03 10:20:14,mainnet,10191722,10191718,4
2020-06-03 10:21:48,mainnet,10191729,10191718,11
2020-06-03 10:23:13,mainnet,10191738,10191736,2
2020-06-03 10:24:51,mainnet,10191749,10191745,4
2020-06-03 10:26:32,mainnet,10191755,10191745,10
2020-06-03 10:27:58,mainnet,10191766,10191763,3
2020-06-03 10:30:30,mainnet,10191773,10191773,0
2020-06-03 10:32:07,mainnet,10191782,10191775,7
2020-06-03 10:34:00,mainnet,10191792,10191775,17
2020-06-03 10:35:32,mainnet,10191799,10191798,1
2020-06-03 10:37:46,mainnet,10191808,10191803,5
2020-06-03 10:39:24,mainnet,10191814,10191808,6
2020-06-03 10:41:01,mainnet,10191821,10191811,10
2020-06-03 10:42:45,mainnet,10191827,10191824,3
2020-06-03 10:44:12,mainnet,10191832,10191832,0
2020-06-03 10:45:44,mainnet,10191838,10191836,2
2020-06-03 10:47:13,mainnet,10191843,10191836,7
2020-06-03 10:48:50,mainnet,10191854,10191844,10
2020-06-03 10:50:12,mainnet,10191861,10191859,2
2020-06-03 10:52:08,mainnet,10191865,10191859,6
2020-06-03 10:53:53,mainnet,10191875,10191872,3
2020-06-03 10:55:44,mainnet,10191882,10191875,7
2020-06-03 10:57:56,mainnet,10191892,10191875,17
2020-06-03 10:59:37,mainnet,10191901,10191875,26
2020-06-03 11:01:18,mainnet,10191906,10191875,31
2020-06-03 11:02:50,mainnet,10191911,10191908,3
2020-06-03 11:04:12,mainnet,10191923,10191923,0
2020-06-03 11:05:55,mainnet,10191926,10191924,2
2020-06-03 11:07:26,mainnet,10191933,10191931,2
2020-06-03 11:08:52,mainnet,10191937,10191937,0
2020-06-03 11:10:16,mainnet,10191941,10191940,1
2020-06-03 11:12:12,mainnet,10191948,10191945,3
2020-06-03 11:13:41,mainnet,10191950,10191945,5
2020-06-03 11:15:10,mainnet,10191956,10191950,6
2020-06-03 11:16:32,mainnet,10191966,10191950,16
2020-06-03 11:18:18,mainnet,10191972,10191968,4
2020-06-03 11:20:02,mainnet,10191979,10191968,11
2020-06-03 11:21:38,mainnet,10191986,10191981,5
2020-06-03 11:23:19,mainnet,10191993,10191991,2
2020-06-03 11:25:20,mainnet,10192004,10192001,3
2020-06-03 11:27:02,mainnet,10192013,10192001,12
2020-06-03 11:28:25,mainnet,10192022,10192001,21
2020-06-03 11:29:55,mainnet,10192034,10192029,5
2020-06-03 11:31:45,mainnet,10192046,10192046,0
2020-06-03 11:33:45,mainnet,10192054,10192050,4
2020-06-03 11:35:07,mainnet,10192064,10192062,2
2020-06-03 11:36:45,mainnet,10192072,10192068,4
2020-06-03 11:38:19,mainnet,10192080,10192068,12
2020-06-03 11:39:50,mainnet,10192085,10192079,6
2020-06-03 11:41:12,mainnet,10192088,10192088,0
2020-06-03 11:42:41,mainnet,10192094,10192094,0
2020-06-03 11:44:43,mainnet,10192106,10192094,12
2020-06-03 11:46:18,mainnet,10192117,10192115,2
2020-06-03 11:48:05,mainnet,10192125,10192124,1
2020-06-03 11:49:31,mainnet,10192133,10192124,9
2020-06-03 11:50:57,mainnet,10192140,10192124,16
2020-06-03 11:52:50,mainnet,10192146,10192145,1
2020-06-03 11:54:22,mainnet,10192156,10192146,10
2020-06-03 11:56:10,mainnet,10192167,10192146,21
2020-06-03 11:57:36,mainnet,10192178,10192168,10
2020-06-03 11:59:02,mainnet,10192181,10192181,0
2020-06-03 12:00:37,mainnet,10192191,10192181,10
2020-06-03 12:02:57,mainnet,10192200,10192181,19
2020-06-03 12:04:26,mainnet,10192202,10192202,0
2020-06-03 12:05:50,mainnet,10192212,10192211,1
2020-06-03 12:07:51,mainnet,10192220,10192213,7
2020-06-03 12:09:26,mainnet,10192229,10192222,7
2020-06-03 12:10:59,mainnet,10192237,10192222,15
2020-06-03 12:12:37,mainnet,10192245,10192222,23
2020-06-03 12:14:22,mainnet,10192249,10192247,2
2020-06-03 12:16:01,mainnet,10192259,10192259,0
2020-06-03 12:17:44,mainnet,10192263,10192263,0
2020-06-03 12:19:07,mainnet,10192266,10192266,0
2020-06-03 12:21:04,mainnet,10192278,10192270,8
2020-06-03 12:22:26,mainnet,10192284,10192279,5
2020-06-03 12:23:50,mainnet,10192290,10192279,11
2020-06-03 12:25:25,mainnet,10192295,10192279,16
2020-06-03 12:26:56,mainnet,10192303,10192297,6
2020-06-03 12:28:38,mainnet,10192314,10192305,9
2020-06-03 12:30:41,mainnet,10192321,10192309,12
2020-06-03 12:32:18,mainnet,10192327,10192309,18
2020-06-03 12:34:09,mainnet,10192333,10192332,1
2020-06-03 12:36:08,mainnet,10192338,10192337,1
2020-06-03 12:37:36,mainnet,10192341,10192337,4
2020-06-03 12:39:05,mainnet,10192348,10192342,6
2020-06-03 12:40:27,mainnet,10192358,10192358,0
2020-06-03 12:42:08,mainnet,10192362,10192358,4
2020-06-03 12:43:33,mainnet,10192370,10192368,2
2020-06-03 12:44:55,mainnet,10192378,10192368,10
2020-06-03 12:46:37,mainnet,10192382,10192379,3
2020-06-03 12:48:07,mainnet,10192392,10192388,4
2020-06-03 12:49:55,mainnet,10192400,10192393,7
2020-06-03 12:51:17,mainnet,10192405,10192402,3
2020-06-03 12:52:55,mainnet,10192411,10192405,6
2020-06-03 12:54:38,mainnet,10192420,10192414,6
2020-06-03 12:56:14,mainnet,10192429,10192429,0
2020-06-03 12:57:37,mainnet,10192435,10192430,5
2020-06-03 12:59:01,mainnet,10192440,10192431,9
2020-06-03 13:00:27,mainnet,10192450,10192444,6
2020-06-03 13:02:21,mainnet,10192456,10192444,12
2020-06-03 13:04:11,mainnet,10192465,10192444,21
2020-06-03 13:05:39,mainnet,10192468,10192444,24
2020-06-03 13:07:05,mainnet,10192471,10192468,3
2020-06-03 13:08:49,mainnet,10192481,10192468,13
2020-06-03 13:10:17,mainnet,10192489,10192468,21
2020-06-03 13:11:39,mainnet,10192489,10192489,0
2020-06-03 13:13:06,mainnet,10192499,10192491,8
2020-06-03 13:14:47,mainnet,10192509,10192491,18
2020-06-03 13:16:31,mainnet,10192517,10192511,6
2020-06-03 13:18:15,mainnet,10192525,10192514,11
2020-06-03 13:19:44,mainnet,10192529,10192529,0
2020-06-03 13:21:25,mainnet,10192534,10192530,4
2020-06-03 13:22:50,mainnet,10192542,10192541,1
2020-06-03 13:24:31,mainnet,10192546,10192543,3
2020-06-03 13:26:09,mainnet,10192550,10192546,4
2020-06-03 13:27:39,mainnet,10192554,10192551,3
2020-06-03 13:29:51,mainnet,10192559,10192551,8
2020-06-03 13:31:16,mainnet,10192562,10192551,11
2020-06-03 13:32:41,mainnet,10192571,10192551,20
2020-06-03 13:34:09,mainnet,10192577,10192573,4
2020-06-03 13:35:51,mainnet,10192581,10192579,2
2020-06-03 13:37:49,mainnet,10192594,10192581,13
2020-06-03 13:39:31,mainnet,10192599,10192595,4
2020-06-03 13:41:01,mainnet,10192605,10192598,7
2020-06-03 13:42:24,mainnet,10192610,10192609,1
2020-06-03 13:43:49,mainnet,10192615,10192612,3
2020-06-03 13:45:11,mainnet,10192621,10192612,9
2020-06-03 13:46:47,mainnet,10192628,10192612,16
2020-06-03 13:49:00,mainnet,10192636,10192628,8
2020-06-03 13:51:05,mainnet,10192645,10192637,8
2020-06-03 13:52:36,mainnet,10192655,10192637,18
2020-06-03 13:54:04,mainnet,10192662,10192652,10
2020-06-03 13:55:55,mainnet,10192669,10192654,15
2020-06-03 13:57:40,mainnet,10192675,10192663,12
2020-06-03 13:59:06,mainnet,10192683,10192677,6
2020-06-03 14:00:41,mainnet,10192687,10192686,1
2020-06-03 14:02:20,mainnet,10192691,10192690,1
2020-06-03 14:04:03,mainnet,10192702,10192699,3
2020-06-03 14:05:39,mainnet,10192711,10192709,2
2020-06-03 14:07:05,mainnet,10192718,10192716,2
2020-06-03 14:08:50,mainnet,10192726,10192721,5
2020-06-03 14:10:19,mainnet,10192731,10192730,1
2020-06-03 14:11:43,mainnet,10192739,10192737,2
2020-06-03 14:13:34,mainnet,10192746,10192743,3
2020-06-03 14:15:02,mainnet,10192756,10192755,1
2020-06-03 14:16:25,mainnet,10192763,10192763,0
2020-06-03 14:17:54,mainnet,10192772,10192769,3
2020-06-03 14:19:19,mainnet,10192777,10192773,4
2020-06-03 14:20:44,mainnet,10192781,10192781,0
2020-06-03 14:22:11,mainnet,10192787,10192786,1
2020-06-03 14:23:41,mainnet,10192796,10192786,10
2020-06-03 14:26:06,mainnet,10192805,10192805,0
2020-06-03 14:27:48,mainnet,10192811,10192805,6
2020-06-03 14:29:11,mainnet,10192818,10192809,9
2020-06-03 14:30:37,mainnet,10192822,10192820,2
2020-06-03 14:32:15,mainnet,10192828,10192824,4
2020-06-03 14:34:00,mainnet,10192836,10192830,6
2020-06-03 14:35:33,mainnet,10192841,10192835,6
2020-06-03 14:37:19,mainnet,10192844,10192841,3
2020-06-03 14:38:48,mainnet,10192849,10192841,8
2020-06-03 14:40:15,mainnet,10192857,10192853,4
2020-06-03 14:41:53,mainnet,10192867,10192853,14
2020-06-03 14:43:39,mainnet,10192874,10192853,21
2020-06-03 14:45:12,mainnet,10192879,10192853,26
2020-06-03 14:46:41,mainnet,10192886,10192883,3
2020-06-03 14:48:43,mainnet,10192891,10192891,0
2020-06-03 14:50:08,mainnet,10192899,10192899,0
2020-06-03 14:51:38,mainnet,10192906,10192899,7
2020-06-03 14:53:13,mainnet,10192914,10192910,4
2020-06-03 14:54:39,mainnet,10192925,10192924,1
2020-06-03 14:56:14,mainnet,10192933,10192924,9
2020-06-03 14:57:42,mainnet,10192938,10192933,5
2020-06-03 14:59:06,mainnet,10192943,10192939,4
2020-06-03 15:00:34,mainnet,10192949,10192939,10
2020-06-03 15:02:20,mainnet,10192958,10192939,19
2020-06-03 15:03:44,mainnet,10192969,10192939,30
2020-06-03 15:05:23,mainnet,10192978,10192939,39
2020-06-03 15:06:49,mainnet,10192982,10192981,1
2020-06-03 15:08:18,mainnet,10192992,10192981,11
2020-06-03 15:10:01,mainnet,10193002,10192997,5
2020-06-03 15:11:44,mainnet,10193005,10192997,8
2020-06-03 15:13:27,mainnet,10193014,10192997,17
2020-06-03 15:15:07,mainnet,10193024,10192997,27
2020-06-03 15:16:38,mainnet,10193032,10192997,35
2020-06-03 15:18:09,mainnet,10193040,10193034,6
2020-06-03 15:20:34,mainnet,10193049,10193044,5
2020-06-03 15:22:06,mainnet,10193057,10193053,4
2020-06-03 15:23:34,mainnet,10193061,10193061,0
2020-06-03 15:25:05,mainnet,10193070,10193065,5
2020-06-03 15:26:30,mainnet,10193075,10193065,10
2020-06-03 15:27:52,mainnet,10193081,10193075,6
2020-06-03 15:29:19,mainnet,10193086,10193086,0
2020-06-03 15:31:19,mainnet,10193094,10193087,7
2020-06-03 15:32:46,mainnet,10193105,10193087,18
2020-06-03 15:34:44,mainnet,10193117,10193112,5
2020-06-03 15:36:17,mainnet,10193123,10193122,1
2020-06-03 15:37:47,mainnet,10193129,10193129,0
2020-06-03 15:39:16,mainnet,10193137,10193136,1
2020-06-03 15:40:54,mainnet,10193143,10193140,3
2020-06-03 15:48:12,mainnet,10193173,10193171,2
2020-06-03 15:49:51,mainnet,10193178,10193173,5
2020-06-03 15:51:16,mainnet,10193184,10193181,3
2020-06-03 15:53:38,mainnet,10193196,10193190,6
2020-06-03 15:55:25,mainnet,10193207,10193204,3
2020-06-03 15:59:37,mainnet,10193236,10193212,24
2020-06-03 16:01:40,mainnet,10193243,10193243,0
2020-06-03 16:03:25,mainnet,10193249,10193248,1
2020-06-03 16:04:49,mainnet,10193255,10193249,6
2020-06-03 16:06:38,mainnet,10193257,10193256,1
2020-06-03 16:08:11,mainnet,10193264,10193257,7
2020-06-03 16:09:59,mainnet,10193271,10193257,14
2020-06-03 16:11:34,mainnet,10193277,10193257,20
2020-06-03 16:13:01,mainnet,10193278,10193257,21
2020-06-03 16:14:24,mainnet,10193285,10193281,4
2020-06-03 16:15:56,mainnet,10193289,10193281,8
2020-06-03 16:17:22,mainnet,10193297,10193281,16
2020-06-03 16:18:55,mainnet,10193306,10193306,0
2020-06-03 16:21:13,mainnet,10193310,10193306,4
2020-06-03 16:22:35,mainnet,10193320,10193310,10
2020-06-03 16:24:05,mainnet,10193328,10193310,18
2020-06-03 16:25:30,mainnet,10193330,10193329,1
2020-06-03 16:26:52,mainnet,10193335,10193332,3
2020-06-03 16:28:14,mainnet,10193344,10193332,12
2020-06-03 16:30:02,mainnet,10193351,10193332,19
2020-06-03 16:31:28,mainnet,10193356,10193332,24
2020-06-03 16:33:16,mainnet,10193369,10193354,15
2020-06-03 16:34:53,mainnet,10193372,10193354,18
2020-06-03 16:36:18,mainnet,10193380,10193354,26
2020-06-03 16:37:44,mainnet,10193391,10193391,0
2020-06-03 16:39:13,mainnet,10193398,10193395,3
2020-06-03 16:40:36,mainnet,10193403,10193403,0
2020-06-03 16:42:10,mainnet,10193406,10193404,2
2020-06-03 16:43:44,mainnet,10193412,10193412,0
2020-06-03 16:45:06,mainnet,10193420,10193420,0
2020-06-03 16:46:29,mainnet,10193426,10193426,0
2020-06-03 16:47:54,mainnet,10193436,10193427,9
2020-06-03 16:49:53,mainnet,10193440,10193440,0
2020-06-03 16:51:17,mainnet,10193446,10193446,0
2020-06-03 16:55:25,mainnet,10193467,10193467,0
2020-06-03 16:57:36,mainnet,10193478,10193473,5
2020-06-03 16:59:05,mainnet,10193486,10193484,2
2020-06-03 17:00:52,mainnet,10193494,10193484,10
2020-06-03 17:02:56,mainnet,10193504,10193484,20
2020-06-03 17:04:50,mainnet,10193509,10193509,0
2020-06-03 17:06:35,mainnet,10193512,10193512,0
2020-06-03 17:08:03,mainnet,10193520,10193520,0
2020-06-03 17:09:40,mainnet,10193527,10193528,-1
2020-06-03 17:11:18,mainnet,10193534,10193528,6
2020-06-03 17:12:56,mainnet,10193546,10193528,18
2020-06-03 17:15:05,mainnet,10193562,10193558,4
2020-06-03 17:16:32,mainnet,10193574,10193567,7
2020-06-03 17:18:50,mainnet,10193582,10193580,2
2020-06-03 17:20:50,mainnet,10193590,10193586,4
2020-06-03 17:22:34,mainnet,10193594,10193593,1
2020-06-03 17:24:02,mainnet,10193602,10193593,9
2020-06-03 17:25:42,mainnet,10193619,10193614,5
2020-06-03 17:29:11,mainnet,10193628,10193614,14
2020-06-03 17:30:46,mainnet,10193634,10193614,20
2020-06-03 17:32:15,mainnet,10193641,10193614,27
2020-06-03 17:34:11,mainnet,10193646,10193614,32
2020-06-03 17:35:45,mainnet,10193653,10193646,7
2020-06-03 17:37:09,mainnet,10193657,10193655,2
2020-06-03 17:38:34,mainnet,10193667,10193655,12
2020-06-03 17:40:01,mainnet,10193675,10193672,3
2020-06-03 17:42:16,mainnet,10193681,10193675,6
2020-06-03 17:44:48,mainnet,10193692,10193679,13
2020-06-03 17:46:47,mainnet,10193701,10193695,6
2020-06-03 17:48:50,mainnet,10193709,10193705,4
2020-06-03 17:50:44,mainnet,10193717,10193716,1
2020-06-03 17:52:47,mainnet,10193724,10193721,3
2020-06-03 17:54:37,mainnet,10193733,10193731,2
2020-06-03 17:56:07,mainnet,10193741,10193731,10
2020-06-03 17:57:35,mainnet,10193749,10193746,3
2020-06-03 17:59:03,mainnet,10193757,10193751,6
2020-06-03 18:00:25,mainnet,10193766,10193751,15
2020-06-03 18:02:01,mainnet,10193775,10193751,24
2020-06-03 18:03:33,mainnet,10193783,10193753,30
2020-06-03 18:04:59,mainnet,10193791,10193786,5
2020-06-03 18:06:57,mainnet,10193796,10193796,0
2020-06-03 18:08:30,mainnet,10193800,10193800,0
2020-06-03 18:09:54,mainnet,10193807,10193803,4
2020-06-03 18:11:27,mainnet,10193813,10193804,9
2020-06-03 18:12:59,mainnet,10193821,10193804,17
2020-06-03 18:14:21,mainnet,10193828,10193823,5
2020-06-03 18:16:12,mainnet,10193834,10193823,11
2020-06-03 18:17:50,mainnet,10193841,10193833,8
2020-06-03 18:19:15,mainnet,10193846,10193833,13
2020-06-03 18:20:45,mainnet,10193854,10193846,8
2020-06-03 18:22:29,mainnet,10193858,10193846,12
2020-06-03 18:24:37,mainnet,10193871,10193870,1
2020-06-03 18:26:30,mainnet,10193880,10193870,10
2020-06-03 18:28:07,mainnet,10193888,10193870,18
2020-06-03 18:29:36,mainnet,10193896,10193889,7
2020-06-03 18:31:09,mainnet,10193902,10193902,0
2020-06-03 18:32:43,mainnet,10193910,10193902,8
2020-06-03 18:34:12,mainnet,10193918,10193902,16
2020-06-03 18:35:47,mainnet,10193931,10193928,3
2020-06-03 18:37:54,mainnet,10193937,10193937,0
2020-06-03 18:39:24,mainnet,10193942,10193941,1
2020-06-03 18:40:47,mainnet,10193945,10193944,1
2020-06-03 18:42:57,mainnet,10193961,10193944,17
2020-06-03 18:45:08,mainnet,10193970,10193964,6
2020-06-03 18:46:47,mainnet,10193979,10193979,0
2020-06-03 18:48:15,mainnet,10193986,10193985,1
2020-06-03 18:49:37,mainnet,10193998,10193998,0
2020-06-03 18:51:56,mainnet,10194007,10194004,3
2020-06-03 18:53:19,mainnet,10194013,10194013,0
2020-06-03 18:54:51,mainnet,10194029,10194020,9
2020-06-03 18:56:54,mainnet,10194038,10194020,18
2020-06-03 18:58:16,mainnet,10194042,10194020,22
2020-06-03 19:00:05,mainnet,10194050,10194050,0
2020-06-03 19:01:37,mainnet,10194055,10194051,4
2020-06-03 19:03:17,mainnet,10194063,10194051,12
2020-06-03 19:04:40,mainnet,10194071,10194068,3
2020-06-03 19:06:47,mainnet,10194086,10194068,18
2020-06-03 19:08:28,mainnet,10194091,10194088,3
2020-06-03 19:09:54,mainnet,10194097,10194096,1
2020-06-03 19:11:17,mainnet,10194107,10194096,11
2020-06-03 19:12:50,mainnet,10194115,10194115,0
2020-06-03 19:14:12,mainnet,10194121,10194117,4
2020-06-03 19:15:40,mainnet,10194129,10194122,7
2020-06-03 19:17:05,mainnet,10194136,10194122,14
2020-06-03 19:18:38,mainnet,10194143,10194139,4
2020-06-03 19:20:10,mainnet,10194151,10194139,12
2020-06-03 19:21:42,mainnet,10194160,10194160,0
2020-06-03 19:23:04,mainnet,10194167,10194167,0
2020-06-03 19:24:34,mainnet,10194174,10194171,3
2020-06-03 19:26:05,mainnet,10194179,10194176,3
2020-06-03 19:27:27,mainnet,10194183,10194182,1
2020-06-03 19:28:57,mainnet,10194194,10194182,12
2020-06-03 19:30:27,mainnet,10194204,10194203,1
2020-06-03 19:31:55,mainnet,10194211,10194207,4
2020-06-03 19:33:40,mainnet,10194224,10194213,11
2020-06-03 19:35:02,mainnet,10194229,10194213,16
2020-06-03 19:36:28,mainnet,10194234,10194233,1
2020-06-03 19:38:12,mainnet,10194240,10194234,6
2020-06-03 19:39:34,mainnet,10194247,10194244,3
2020-06-03 19:41:17,mainnet,10194261,10194255,6
2020-06-03 19:42:57,mainnet,10194270,10194262,8
2020-06-03 19:44:50,mainnet,10194281,10194281,0
2020-06-03 19:46:28,mainnet,10194289,10194281,8
2020-06-03 19:47:50,mainnet,10194296,10194294,2
2020-06-03 19:49:39,mainnet,10194303,10194294,9
2020-06-03 19:51:11,mainnet,10194314,10194311,3
2020-06-03 19:52:55,mainnet,10194320,10194311,9
2020-06-03 19:54:23,mainnet,10194330,10194324,6
2020-06-03 19:56:32,mainnet,10194340,10194324,16
2020-06-03 19:58:16,mainnet,10194353,10194324,29
2020-06-03 19:59:57,mainnet,10194358,10194346,12
2020-06-03 20:01:32,mainnet,10194364,10194361,3
2020-06-03 20:03:06,mainnet,10194369,10194368,1
2020-06-03 20:04:37,mainnet,10194373,10194369,4
2020-06-03 20:05:59,mainnet,10194377,10194374,3
2020-06-03 20:07:25,mainnet,10194382,10194380,2
2020-06-03 20:08:47,mainnet,10194389,10194382,7
2020-06-03 20:10:09,mainnet,10194397,10194382,15
2020-06-03 20:11:43,mainnet,10194407,10194402,5
2020-06-03 20:13:41,mainnet,10194414,10194402,12
2020-06-03 20:15:27,mainnet,10194426,10194417,9
2020-06-03 20:17:21,mainnet,10194443,10194435,8
2020-06-03 20:19:22,mainnet,10194450,10194448,2
2020-06-03 20:20:49,mainnet,10194459,10194459,0
2020-06-03 20:22:11,mainnet,10194464,10194459,5
2020-06-03 20:23:40,mainnet,10194469,10194466,3
2020-06-03 20:25:09,mainnet,10194476,10194474,2
2020-06-03 20:26:31,mainnet,10194486,10194480,6
2020-06-03 20:28:20,mainnet,10194498,10194487,11
2020-06-03 20:29:44,mainnet,10194507,10194498,9
2020-06-03 20:32:07,mainnet,10194519,10194517,2
2020-06-03 20:33:54,mainnet,10194523,10194521,2
2020-06-03 20:35:38,mainnet,10194526,10194526,0
2020-06-03 20:37:11,mainnet,10194533,10194527,6
2020-06-03 20:38:57,mainnet,10194545,10194543,2
2020-06-03 20:40:33,mainnet,10194551,10194551,0
2020-06-03 20:42:17,mainnet,10194562,10194554,8
2020-06-03 20:43:49,mainnet,10194566,10194566,0
2020-06-03 20:45:11,mainnet,10194575,10194569,6
2020-06-03 20:47:07,mainnet,10194584,10194581,3
2020-06-03 20:48:31,mainnet,10194592,10194590,2
2020-06-03 20:50:06,mainnet,10194600,10194599,1
2020-06-03 20:51:28,mainnet,10194606,10194605,1
2020-06-03 20:53:18,mainnet,10194615,10194605,10
2020-06-03 20:54:50,mainnet,10194624,10194620,4
2020-06-03 20:56:12,mainnet,10194631,10194626,5
2020-06-03 20:57:44,mainnet,10194633,10194633,0
2020-06-03 20:59:29,mainnet,10194641,10194635,6
2020-06-03 21:01:02,mainnet,10194644,10194635,9
2020-06-03 21:02:24,mainnet,10194650,10194647,3
2020-06-03 21:04:32,mainnet,10194657,10194652,5
2020-06-03 21:05:58,mainnet,10194671,10194656,15
2020-06-03 21:07:31,mainnet,10194675,10194675,0
2020-06-03 21:09:20,mainnet,10194677,10194678,-1
2020-06-03 21:10:42,mainnet,10194690,10194681,9
2020-06-03 21:12:23,mainnet,10194696,10194696,0
2020-06-03 21:14:01,mainnet,10194700,10194698,2
2020-06-03 21:15:25,mainnet,10194709,10194698,11
2020-06-03 21:16:57,mainnet,10194717,10194698,19
2020-06-03 21:18:19,mainnet,10194726,10194723,3
2020-06-03 21:19:54,mainnet,10194733,10194728,5
2020-06-03 21:21:38,mainnet,10194741,10194729,12
2020-06-03 21:23:10,mainnet,10194753,10194753,0
2020-06-03 21:25:14,mainnet,10194762,10194762,0
2020-06-03 21:26:47,mainnet,10194768,10194764,4
2020-06-03 21:28:09,mainnet,10194775,10194770,5
2020-06-03 21:29:41,mainnet,10194781,10194777,4
2020-06-03 21:31:25,mainnet,10194784,10194781,3
2020-06-03 21:32:50,mainnet,10194788,10194787,1
2020-06-03 21:34:26,mainnet,10194795,10194787,8
2020-06-03 21:36:16,mainnet,10194798,10194798,0
2020-06-03 21:37:59,mainnet,10194806,10194803,3
2020-06-03 21:39:28,mainnet,10194811,10194805,6
2020-06-03 21:40:50,mainnet,10194815,10194805,10
2020-06-03 21:42:17,mainnet,10194822,10194816,6
2020-06-03 21:43:50,mainnet,10194827,10194824,3
2020-06-03 21:45:12,mainnet,10194834,10194829,5
2020-06-03 21:46:48,mainnet,10194840,10194838,2
2020-06-03 21:48:11,mainnet,10194849,10194841,8
2020-06-03 21:49:47,mainnet,10194852,10194850,2
2020-06-03 21:51:47,mainnet,10194860,10194855,5
2020-06-03 21:53:33,mainnet,10194867,10194855,12
2020-06-03 21:55:29,mainnet,10194872,10194869,3
2020-06-03 21:56:56,mainnet,10194877,10194873,4
2020-06-03 21:58:31,mainnet,10194883,10194873,10
2020-06-03 22:00:05,mainnet,10194895,10194891,4
2020-06-03 22:01:51,mainnet,10194900,10194893,7
2020-06-03 22:03:13,mainnet,10194907,10194906,1
2020-06-03 22:04:44,mainnet,10194910,10194909,1
2020-06-03 22:06:32,mainnet,10194915,10194911,4
2020-06-03 22:07:57,mainnet,10194922,10194911,11
2020-06-03 22:09:31,mainnet,10194930,10194911,19
2020-06-03 22:10:55,mainnet,10194935,10194911,24
2020-06-03 22:12:49,mainnet,10194941,10194937,4
2020-06-03 22:14:23,mainnet,10194946,10194937,9
2020-06-03 22:15:50,mainnet,10194952,10194946,6
2020-06-03 22:17:39,mainnet,10194967,10194955,12
2020-06-03 22:19:29,mainnet,10194971,10194970,1
2020-06-03 22:20:51,mainnet,10194984,10194978,6
2020-06-03 22:22:20,mainnet,10194992,10194988,4
2020-06-03 22:24:37,mainnet,10194996,10194996,0
2020-06-03 22:26:00,mainnet,10195001,10194996,5
2020-06-03 22:27:22,mainnet,10195008,10195007,1
2020-06-03 22:28:48,mainnet,10195011,10195010,1
2020-06-03 22:30:10,mainnet,10195017,10195014,3
2020-06-03 22:31:38,mainnet,10195024,10195024,0
2020-06-03 22:33:00,mainnet,10195029,10195024,5
2020-06-04 08:11:01,mainnet,10197633,10197596,37
2020-06-04 08:15:15,mainnet,10197637,10197596,41
2020-06-04 08:19:54,mainnet,10197655,10197596,59
2020-06-04 08:22:54,mainnet,10197667,10197596,71
2020-06-04 08:26:37,mainnet,10197687,10197596,91
2020-06-04 08:28:19,mainnet,10197691,10197596,95
2020-06-04 08:38:22,mainnet,10197732,10197596,136
2020-06-04 08:43:05,mainnet,10197750,10197596,154
2020-06-04 08:48:41,mainnet,10197776,10197596,180
2020-06-04 08:53:39,mainnet,10197793,10197596,197
2020-06-04 08:58:20,mainnet,10197821,10197596,225
2020-06-04 09:07:05,mainnet,10197855,10197596,259
2020-06-04 09:13:07,mainnet,10197890,10197596,294
2020-06-04 09:16:07,mainnet,10197894,10197721,173
2020-06-04 09:27:11,mainnet,10197946,10197721,225
2020-06-04 09:29:12,mainnet,10197955,10197721,234
2020-06-04 09:32:20,mainnet,10197971,10197721,250
2020-06-04 09:34:42,mainnet,10197982,10197721,261
2020-06-04 09:37:11,mainnet,10197997,10197721,276
2020-06-04 09:39:10,mainnet,10198005,10197721,284
2020-06-04 09:44:47,mainnet,10198036,10197848,188
2020-06-04 09:47:05,mainnet,10198045,10197848,197
2020-06-04 09:51:36,mainnet,10198075,10197848,227
2020-06-04 09:55:06,mainnet,10198087,10197848,239
2020-06-04 10:01:18,mainnet,10198098,10197848,250
2020-06-04 10:08:42,mainnet,10198138,10197848,290
2020-06-04 10:11:52,mainnet,10198149,10197848,301
2020-06-04 12:48:26,mainnet,10198818,10197848,970
2020-06-04 12:50:11,mainnet,10198827,10197848,979
2020-06-04 12:51:53,mainnet,10198832,10197848,984
2020-06-04 12:53:30,mainnet,10198839,10197848,991
2020-06-04 12:55:15,mainnet,10198848,10197888,960
2020-06-04 12:56:58,mainnet,10198857,10198077,780
2020-06-04 12:58:40,mainnet,10198870,10198305,565
2020-06-04 13:00:27,mainnet,10198883,10198355,528
2020-06-04 13:02:23,mainnet,10198895,10198355,540
2020-06-04 13:04:23,mainnet,10198903,10198384,519
2020-06-04 14:05:11,mainnet,10199207,10199206,1
2020-06-04 14:06:40,mainnet,10199212,10199211,1
2020-06-04 14:08:03,mainnet,10199221,10199212,9
2020-06-04 14:09:32,mainnet,10199223,10199223,0
2020-06-04 14:10:54,mainnet,10199233,10199230,3
2020-06-04 14:12:44,mainnet,10199243,10199230,13
2020-06-04 14:14:27,mainnet,10199250,10199230,20
2020-06-04 14:16:22,mainnet,10199256,10199252,4
2020-06-04 14:17:44,mainnet,10199264,10199263,1
2020-06-04 14:19:21,mainnet,10199270,10199266,4
2020-06-04 14:20:50,mainnet,10199280,10199279,1
2020-06-04 14:22:19,mainnet,10199287,10199284,3
2020-06-04 14:23:46,mainnet,10199296,10199288,8
2020-06-04 14:25:09,mainnet,10199303,10199298,5
2020-06-04 14:26:35,mainnet,10199312,10199307,5
2020-06-04 14:28:16,mainnet,10199321,10199315,6
2020-06-04 14:30:09,mainnet,10199331,10199325,6
2020-06-04 14:31:37,mainnet,10199340,10199325,15
2020-06-04 14:33:10,mainnet,10199349,10199325,24
2020-06-04 14:34:51,mainnet,10199360,10199357,3
2020-06-04 14:36:19,mainnet,10199368,10199368,0
2020-06-04 14:37:50,mainnet,10199376,10199374,2
2020-06-04 14:39:21,mainnet,10199383,10199377,6
2020-06-04 14:40:53,mainnet,10199388,10199385,3
2020-06-04 14:42:23,mainnet,10199394,10199394,0
2020-06-04 14:43:58,mainnet,10199402,10199397,5
2020-06-04 14:45:25,mainnet,10199410,10199410,0
2020-06-04 14:46:53,mainnet,10199414,10199413,1
2020-06-04 14:48:21,mainnet,10199419,10199419,0
2020-06-04 14:50:17,mainnet,10199422,10199421,1
2020-06-04 14:51:55,mainnet,10199427,10199425,2
2020-06-04 14:53:29,mainnet,10199432,10199425,7
2020-06-04 14:54:57,mainnet,10199440,10199425,15
2020-06-04 14:56:38,mainnet,10199447,10199447,0
2020-06-04 14:58:18,mainnet,10199457,10199456,1
2020-06-04 14:59:54,mainnet,10199464,10199461,3
2020-06-04 15:01:59,mainnet,10199471,10199468,3
2020-06-04 15:03:23,mainnet,10199479,10199477,2
2020-06-04 15:04:58,mainnet,10199488,10199477,11
2020-06-04 15:06:39,mainnet,10199490,10199489,1
2020-06-04 15:08:10,mainnet,10199502,10199498,4
2020-06-04 15:09:44,mainnet,10199510,10199508,2
2020-06-04 15:11:06,mainnet,10199511,10199511,0
2020-06-04 15:12:37,mainnet,10199518,10199516,2
2020-06-04 15:14:09,mainnet,10199527,10199526,1
2020-06-04 15:15:42,mainnet,10199531,10199531,0
2020-06-04 15:17:16,mainnet,10199535,10199535,0
2020-06-04 15:18:49,mainnet,10199542,10199537,5
2020-06-04 15:20:17,mainnet,10199553,10199547,6
2020-06-04 15:22:08,mainnet,10199558,10199558,0
2020-06-04 15:23:37,mainnet,10199570,10199558,12
2020-06-04 15:25:17,mainnet,10199576,10199576,0
2020-06-04 15:26:40,mainnet,10199578,10199578,0
2020-06-04 15:28:07,mainnet,10199582,10199582,0
2020-06-04 15:29:46,mainnet,10199594,10199589,5
2020-06-04 15:31:28,mainnet,10199601,10199598,3
2020-06-04 15:33:16,mainnet,10199606,10199603,3
2020-06-04 15:34:39,mainnet,10199613,10199603,10
2020-06-04 15:36:01,mainnet,10199618,10199614,4
2020-06-04 15:37:35,mainnet,10199625,10199614,11
2020-06-04 15:39:13,mainnet,10199642,10199642,0
2020-06-04 15:41:07,mainnet,10199651,10199650,1
2020-06-04 15:43:26,mainnet,10199665,10199652,13
2020-06-04 15:44:55,mainnet,10199672,10199670,2
2020-06-04 15:46:18,mainnet,10199678,10199679,-1
2020-06-04 15:47:43,mainnet,10199690,10199690,0
2020-06-04 15:49:13,mainnet,10199697,10199697,0
2020-06-04 15:50:55,mainnet,10199701,10199701,0
2020-06-04 15:52:17,mainnet,10199706,10199704,2
2020-06-04 15:53:57,mainnet,10199710,10199710,0
2020-06-04 15:55:27,mainnet,10199724,10199724,0
2020-06-04 15:57:10,mainnet,10199734,10199733,1
2020-06-04 15:58:33,mainnet,10199737,10199737,0
2020-06-04 15:59:59,mainnet,10199744,10199743,1
2020-06-04 16:01:37,mainnet,10199750,10199749,1
2020-06-04 16:04:00,mainnet,10199758,10199752,6
2020-06-04 16:05:23,mainnet,10199765,10199765,0
2020-06-04 16:06:51,mainnet,10199772,10199772,0
2020-06-04 16:08:15,mainnet,10199779,10199777,2
2020-06-04 16:10:16,mainnet,10199788,10199779,9
2020-06-04 16:11:43,mainnet,10199793,10199792,1
2020-06-04 16:13:08,mainnet,10199800,10199799,1
2020-06-04 16:14:34,mainnet,10199804,10199802,2
2020-06-04 16:16:16,mainnet,10199814,10199802,12
2020-06-04 16:17:40,mainnet,10199818,10199816,2
2020-06-04 16:19:10,mainnet,10199825,10199821,4
2020-06-04 16:20:36,mainnet,10199834,10199829,5
2020-06-04 16:22:19,mainnet,10199840,10199840,0
2020-06-04 16:23:42,mainnet,10199849,10199849,0
2020-06-04 16:25:04,mainnet,10199861,10199861,0
2020-06-04 16:26:45,mainnet,10199865,10199865,0
2020-06-04 16:28:28,mainnet,10199870,10199870,0
2020-06-04 16:29:54,mainnet,10199881,10199880,1
2020-06-04 16:31:18,mainnet,10199889,10199889,0
2020-06-04 16:32:41,mainnet,10199894,10199894,0
2020-06-04 16:34:05,mainnet,10199907,10199905,2
2020-06-04 16:36:04,mainnet,10199911,10199911,0
2020-06-04 16:37:50,mainnet,10199923,10199923,0
2020-06-04 16:39:37,mainnet,10199931,10199930,1
2020-06-04 16:41:10,mainnet,10199939,10199936,3
2020-06-04 16:42:39,mainnet,10199943,10199941,2
2020-06-04 16:44:05,mainnet,10199950,10199950,0
2020-06-04 16:45:35,mainnet,10199961,10199958,3
2020-06-04 16:47:05,mainnet,10199962,10199962,0
2020-06-04 16:48:43,mainnet,10199969,10199969,0
2020-06-04 16:50:21,mainnet,10199972,10199972,0
2020-06-04 16:51:46,mainnet,10199980,10199973,7
2020-06-04 16:53:14,mainnet,10199994,10199992,2
2020-06-04 16:54:45,mainnet,10200005,10200003,2
2020-06-04 16:56:25,mainnet,10200012,10200011,1
2020-06-04 16:57:47,mainnet,10200016,10200014,2
2020-06-04 16:59:20,mainnet,10200018,10200016,2
2020-06-04 17:01:10,mainnet,10200029,10200021,8
2020-06-04 17:02:59,mainnet,10200035,10200036,-1
2020-06-04 17:04:33,mainnet,10200041,10200037,4
2020-06-04 17:05:55,mainnet,10200045,10200042,3
2020-06-04 17:07:33,mainnet,10200052,10200052,0
2020-06-04 17:09:02,mainnet,10200056,10200056,0
2020-06-04 17:10:25,mainnet,10200064,10200062,2
2020-06-04 17:12:26,mainnet,10200069,10200064,5
2020-06-04 17:13:51,mainnet,10200077,10200071,6
2020-06-04 17:15:15,mainnet,10200087,10200071,16
2020-06-04 17:17:07,mainnet,10200095,10200095,0
2020-06-04 17:18:44,mainnet,10200102,10200101,1
2020-06-04 17:20:33,mainnet,10200107,10200107,0
2020-06-04 17:22:21,mainnet,10200114,10200107,7
2020-06-04 17:23:54,mainnet,10200119,10200118,1
2020-06-04 17:25:22,mainnet,10200128,10200125,3
2020-06-04 17:27:19,mainnet,10200135,10200128,7
2020-06-04 17:28:46,mainnet,10200143,10200141,2
2020-06-04 17:30:36,mainnet,10200150,10200141,9
2020-06-04 17:32:09,mainnet,10200156,10200152,4
2020-06-04 17:34:34,mainnet,10200158,10200157,1
2020-06-04 17:36:00,mainnet,10200163,10200163,0
2020-06-04 17:37:27,mainnet,10200174,10200165,9
2020-06-04 17:38:59,mainnet,10200178,10200174,4
2020-06-04 17:40:49,mainnet,10200189,10200182,7
2020-06-04 17:42:30,mainnet,10200190,10200190,0
2020-06-04 17:43:59,mainnet,10200197,10200194,3
2020-06-04 17:45:40,mainnet,10200203,10200200,3
2020-06-04 17:47:06,mainnet,10200209,10200209,0
2020-06-04 17:48:41,mainnet,10200215,10200213,2
2020-06-04 17:50:18,mainnet,10200220,10200213,7
2020-06-04 17:52:11,mainnet,10200229,10200224,5
2020-06-04 17:53:51,mainnet,10200234,10200226,8
2020-06-04 17:55:30,mainnet,10200237,10200236,1
2020-06-04 17:56:58,mainnet,10200248,10200240,8
2020-06-04 17:58:23,mainnet,10200254,10200254,0
2020-06-04 17:59:54,mainnet,10200261,10200258,3
2020-06-04 18:01:17,mainnet,10200267,10200267,0
2020-06-04 18:03:04,mainnet,10200274,10200268,6
2020-06-04 18:04:39,mainnet,10200283,10200268,15
2020-06-04 18:06:05,mainnet,10200293,10200289,4
2020-06-04 18:07:37,mainnet,10200299,10200296,3
2020-06-04 18:09:32,mainnet,10200309,10200296,13
2020-06-04 18:11:15,mainnet,10200317,10200303,14
2020-06-04 18:12:41,mainnet,10200319,10200319,0
2020-06-04 18:14:06,mainnet,10200326,10200325,1
2020-06-04 18:16:11,mainnet,10200331,10200331,0
2020-06-04 18:17:57,mainnet,10200344,10200337,7
2020-06-04 18:19:45,mainnet,10200351,10200350,1
2020-06-04 18:21:18,mainnet,10200356,10200354,2
2020-06-04 18:23:08,mainnet,10200363,10200360,3
2020-06-04 18:24:35,mainnet,10200368,10200368,0
2020-06-04 18:26:01,mainnet,10200376,10200375,1
2020-06-04 18:27:45,mainnet,10200385,10200383,2
2020-06-04 18:29:13,mainnet,10200395,10200383,12
2020-06-04 18:30:44,mainnet,10200403,10200403,0
2020-06-04 18:32:29,mainnet,10200411,10200408,3
2020-06-04 18:34:11,mainnet,10200413,10200412,1
2020-06-04 18:35:42,mainnet,10200420,10200418,2
2020-06-04 18:37:20,mainnet,10200429,10200429,0
2020-06-04 18:38:46,mainnet,10200433,10200432,1
2020-06-04 18:40:41,mainnet,10200442,10200439,3
2020-06-04 18:42:22,mainnet,10200447,10200446,1
2020-06-04 18:43:48,mainnet,10200455,10200454,1
2020-06-04 18:45:15,mainnet,10200465,10200457,8
2020-06-04 18:46:50,mainnet,10200473,10200473,0
2020-06-04 18:48:14,mainnet,10200478,10200479,-1
2020-06-04 18:49:36,mainnet,10200484,10200482,2
2020-06-04 18:51:02,mainnet,10200489,10200482,7
2020-06-04 18:52:26,mainnet,10200498,10200493,5
2020-06-04 18:54:21,mainnet,10200502,10200498,4
2020-06-04 18:56:02,mainnet,10200507,10200498,9
2020-06-04 18:57:25,mainnet,10200516,10200507,9
2020-06-04 18:58:59,mainnet,10200519,10200507,12
2020-06-04 19:00:42,mainnet,10200529,10200522,7
2020-06-04 19:02:27,mainnet,10200542,10200522,20
2020-06-04 19:03:54,mainnet,10200551,10200522,29
2020-06-04 19:05:22,mainnet,10200566,10200522,44
2020-06-04 19:36:33,mainnet,10200702,10200527,175
2020-06-04 19:37:56,mainnet,10200708,10200635,73
2020-06-04 19:39:22,mainnet,10200715,10200715,0
2020-06-04 19:40:54,mainnet,10200725,10200725,0
2020-06-04 19:42:50,mainnet,10200732,10200727,5
2020-06-04 19:44:25,mainnet,10200736,10200736,0
2020-06-04 19:45:49,mainnet,10200740,10200740,0
2020-06-04 19:47:18,mainnet,10200747,10200747,0
2020-06-04 19:48:52,mainnet,10200755,10200753,2
2020-06-04 19:50:19,mainnet,10200761,10200761,0
2020-06-04 19:51:54,mainnet,10200765,10200765,0
2020-06-04 19:53:24,mainnet,10200772,10200770,2
2020-06-04 19:54:56,mainnet,10200775,10200775,0
2020-06-04 19:56:20,mainnet,10200781,10200781,0
2020-06-04 19:57:48,mainnet,10200784,10200784,0
2020-06-04 19:59:17,mainnet,10200790,10200789,1
2020-06-04 20:00:45,mainnet,10200797,10200797,0
2020-06-04 20:02:16,mainnet,10200806,10200807,-1
2020-06-04 20:03:44,mainnet,10200812,10200812,0
2020-06-04 20:05:14,mainnet,10200817,10200817,0
2020-06-04 20:06:39,mainnet,10200825,10200825,0
2020-06-04 20:08:03,mainnet,10200834,10200834,0
2020-06-04 20:09:35,mainnet,10200838,10200838,0
2020-06-04 20:11:06,mainnet,10200848,10200846,2
2020-06-04 20:12:32,mainnet,10200850,10200850,0
2020-06-04 20:13:55,mainnet,10200853,10200853,0
2020-06-04 20:15:22,mainnet,10200859,10200859,0
2020-06-04 20:16:48,mainnet,10200862,10200862,0
2020-06-04 20:18:12,mainnet,10200867,10200867,0
2020-06-04 20:19:43,mainnet,10200872,10200870,2
2020-06-04 20:21:08,mainnet,10200883,10200882,1
2020-06-04 20:22:40,mainnet,10200888,10200888,0
2020-06-04 20:24:11,mainnet,10200895,10200895,0
2020-06-04 20:25:45,mainnet,10200902,10200902,0
2020-06-04 20:27:12,mainnet,10200906,10200906,0
2020-06-04 20:28:43,mainnet,10200914,10200914,0
2020-06-04 20:30:14,mainnet,10200921,10200921,0
2020-06-04 20:31:47,mainnet,10200927,10200927,0
2020-06-04 20:33:22,mainnet,10200929,10200929,0
2020-06-04 20:34:53,mainnet,10200932,10200932,0
2020-06-04 20:36:20,mainnet,10200938,10200938,0
2020-06-04 20:37:51,mainnet,10200947,10200945,2
2020-06-04 20:39:14,mainnet,10200954,10200954,0
2020-06-04 20:40:57,mainnet,10200959,10200959,0
2020-06-04 20:42:26,mainnet,10200962,10200962,0
2020-06-04 20:44:04,mainnet,10200968,10200968,0
2020-06-04 20:45:27,mainnet,10200977,10200977,0
2020-06-04 20:46:58,mainnet,10200984,10200984,0
2020-06-04 20:48:35,mainnet,10200993,10200994,-1
2020-06-04 20:50:11,mainnet,10201000,10201000,0
2020-06-04 20:51:40,mainnet,10201009,10201008,1
2020-06-04 20:53:08,mainnet,10201013,10201013,0
2020-06-04 20:54:36,mainnet,10201017,10201017,0
2020-06-04 20:56:08,mainnet,10201027,10201025,2
2020-06-04 20:57:36,mainnet,10201032,10201032,0
2020-06-04 20:59:11,mainnet,10201040,10201040,0
2020-06-04 21:00:39,mainnet,10201043,10201043,0
2020-06-04 21:02:04,mainnet,10201054,10201053,1
2020-06-04 21:03:29,mainnet,10201061,10201060,1
2020-06-04 21:04:57,mainnet,10201067,10201068,-1
2020-06-04 21:06:21,mainnet,10201074,10201074,0
2020-06-04 21:07:54,mainnet,10201079,10201077,2
2020-06-04 21:09:24,mainnet,10201086,10201086,0
2020-06-04 21:10:50,mainnet,10201092,10201092,0
2020-06-04 21:12:16,mainnet,10201098,10201098,0
2020-06-04 21:13:40,mainnet,10201107,10201106,1
2020-06-04 21:15:10,mainnet,10201116,10201116,0
2020-06-04 21:16:35,mainnet,10201126,10201126,0
2020-06-04 21:18:11,mainnet,10201137,10201138,-1
2020-06-04 21:19:41,mainnet,10201147,10201147,0
2020-06-04 21:21:11,mainnet,10201155,10201155,0
2020-06-04 21:22:39,mainnet,10201160,10201160,0
2020-06-04 21:24:13,mainnet,10201164,10201164,0
2020-06-04 21:25:41,mainnet,10201172,10201172,0
2020-06-04 21:27:14,mainnet,10201182,10201182,0
2020-06-04 21:28:41,mainnet,10201190,10201190,0
2020-06-04 21:30:12,mainnet,10201197,10201197,0
2020-06-04 21:31:37,mainnet,10201203,10201202,1
2020-06-04 21:33:09,mainnet,10201210,10201210,0
2020-06-04 21:34:43,mainnet,10201216,10201216,0
2020-06-04 21:36:09,mainnet,10201223,10201223,0
2020-06-04 21:37:38,mainnet,10201231,10201231,0
2020-06-04 21:39:11,mainnet,10201236,10201236,0
2020-06-04 21:40:34,mainnet,10201243,10201242,1
2020-06-04 21:42:05,mainnet,10201250,10201250,0
2020-06-04 21:43:38,mainnet,10201257,10201256,1
2020-06-04 21:45:09,mainnet,10201262,10201262,0
2020-06-04 21:46:41,mainnet,10201270,10201270,0
2020-06-04 21:48:12,mainnet,10201279,10201279,0
2020-06-04 21:49:41,mainnet,10201286,10201286,0
2020-06-04 21:51:08,mainnet,10201294,10201294,0
2020-06-04 21:52:39,mainnet,10201301,10201301,0
2020-06-04 21:54:04,mainnet,10201304,10201304,0
2020-06-04 21:55:30,mainnet,10201311,10201311,0
2020-06-04 21:57:04,mainnet,10201317,10201317,0
2020-06-04 21:58:30,mainnet,10201323,10201323,0
2020-06-04 22:00:08,mainnet,10201332,10201332,0
2020-06-04 22:01:39,mainnet,10201338,10201338,0
2020-06-04 22:03:07,mainnet,10201351,10201350,1
2020-06-04 22:04:51,mainnet,10201360,10201360,0
2020-06-04 22:06:17,mainnet,10201363,10201363,0
2020-06-04 22:07:50,mainnet,10201369,10201369,0
2020-06-04 22:09:29,mainnet,10201375,10201375,0
2020-06-04 22:10:55,mainnet,10201381,10201381,0
2020-06-04 22:12:25,mainnet,10201389,10201389,0
2020-06-04 22:13:54,mainnet,10201397,10201397,0
2020-06-04 22:15:20,mainnet,10201404,10201404,0
2020-06-04 22:16:47,mainnet,10201408,10201408,0
2020-06-04 22:18:12,mainnet,10201416,10201416,0
2020-06-04 22:19:40,mainnet,10201421,10201421,0
2020-06-04 22:21:04,mainnet,10201423,10201423,0
2020-06-04 22:22:39,mainnet,10201428,10201428,0
2020-06-04 22:24:06,mainnet,10201435,10201433,2
2020-06-04 22:25:34,mainnet,10201438,10201438,0
2020-06-04 22:27:02,mainnet,10201443,10201443,0
2020-06-04 22:28:31,mainnet,10201451,10201451,0
2020-06-04 22:30:04,mainnet,10201460,10201459,1
2020-06-04 22:31:27,mainnet,10201469,10201469,0
2020-06-04 22:32:53,mainnet,10201473,10201473,0
2020-06-04 22:34:33,mainnet,10201479,10201479,0
2020-06-04 22:36:01,mainnet,10201479,10201479,0
2020-06-04 22:37:30,mainnet,10201489,10201489,0
2020-06-04 22:38:55,mainnet,10201494,10201494,0
2020-06-04 22:40:20,mainnet,10201503,10201503,0
2020-06-04 22:41:51,mainnet,10201511,10201512,-1
2020-06-04 22:43:19,mainnet,10201517,10201515,2
2020-06-04 22:44:47,mainnet,10201523,10201523,0
2020-06-04 22:46:16,mainnet,10201527,10201527,0
2020-06-04 22:47:46,mainnet,10201534,10201534,0
2020-06-04 22:49:18,mainnet,10201539,10201539,0
2020-06-04 22:50:48,mainnet,10201545,10201542,3
2020-06-04 22:52:10,mainnet,10201548,10201548,0
2020-06-04 22:53:36,mainnet,10201557,10201556,1
2020-06-04 22:55:09,mainnet,10201562,10201563,-1
2020-06-04 22:56:36,mainnet,10201569,10201569,0
2020-06-04 22:58:02,mainnet,10201572,10201572,0
2020-06-04 22:59:30,mainnet,10201581,10201581,0
2020-06-04 23:00:53,mainnet,10201591,10201591,0
2020-06-04 23:02:21,mainnet,10201596,10201596,0
2020-06-04 23:03:50,mainnet,10201605,10201605,0
2020-06-04 23:05:17,mainnet,10201614,10201613,1
2020-06-04 23:06:46,mainnet,10201621,10201621,0
2020-06-04 23:08:12,mainnet,10201628,10201629,-1
2020-06-04 23:09:39,mainnet,10201633,10201633,0
2020-06-04 23:11:11,mainnet,10201639,10201639,0
2020-06-04 23:12:36,mainnet,10201649,10201649,0
2020-06-04 23:14:01,mainnet,10201655,10201655,0
2020-06-04 23:15:28,mainnet,10201660,10201660,0
2020-06-04 23:16:56,mainnet,10201665,10201665,0
2020-06-04 23:18:22,mainnet,10201673,10201673,0
2020-06-04 23:20:14,mainnet,10201678,10201678,0
2020-06-04 23:21:43,mainnet,10201687,10201687,0
2020-06-04 23:23:08,mainnet,10201695,10201695,0
2020-06-04 23:24:38,mainnet,10201701,10201701,0
2020-06-04 23:26:08,mainnet,10201711,10201711,0
2020-06-04 23:27:39,mainnet,10201717,10201716,1
2020-06-04 23:29:03,mainnet,10201727,10201727,0
2020-06-04 23:30:32,mainnet,10201733,10201733,0
2020-06-04 23:31:58,mainnet,10201741,10201741,0
2020-06-04 23:33:24,mainnet,10201750,10201750,0
2020-06-04 23:35:04,mainnet,10201757,10201757,0
2020-06-04 23:36:32,mainnet,10201763,10201763,0
2020-06-04 23:38:00,mainnet,10201771,10201771,0
2020-06-04 23:39:33,mainnet,10201778,10201778,0
2020-06-04 23:41:01,mainnet,10201787,10201787,0
2020-06-04 23:42:34,mainnet,10201794,10201794,0
2020-06-04 23:44:04,mainnet,10201799,10201799,0
2020-06-04 23:45:33,mainnet,10201806,10201806,0
2020-06-04 23:46:58,mainnet,10201811,10201811,0
2020-06-04 23:48:21,mainnet,10201813,10201811,2
2020-06-04 23:49:49,mainnet,10201820,10201811,9
2020-06-04 23:51:26,mainnet,10201822,10201822,0
2020-06-04 23:53:01,mainnet,10201829,10201828,1
2020-06-04 23:54:28,mainnet,10201836,10201836,0
2020-06-04 23:55:59,mainnet,10201841,10201841,0
2020-06-04 23:57:27,mainnet,10201849,10201849,0
2020-06-04 23:58:59,mainnet,10201855,10201855,0
2020-06-05 00:00:32,mainnet,10201860,10201860,0
2020-06-05 00:02:02,mainnet,10201865,10201865,0
2020-06-05 00:03:29,mainnet,10201871,10201871,0
2020-06-05 00:04:54,mainnet,10201872,10201872,0
2020-06-05 00:06:26,mainnet,10201876,10201876,0
2020-06-05 00:08:01,mainnet,10201884,10201885,-1
2020-06-05 00:09:33,mainnet,10201891,10201890,1
2020-06-05 00:11:11,mainnet,10201897,10201897,0
2020-06-05 00:12:40,mainnet,10201907,10201907,0
2020-06-05 00:14:11,mainnet,10201918,10201917,1
2020-06-05 00:15:39,mainnet,10201924,10201924,0
2020-06-05 00:17:14,mainnet,10201929,10201929,0
2020-06-05 00:18:50,mainnet,10201936,10201936,0
2020-06-05 00:20:18,mainnet,10201938,10201938,0
2020-06-05 00:21:45,mainnet,10201945,10201945,0
2020-06-05 00:23:16,mainnet,10201951,10201951,0
2020-06-05 00:24:48,mainnet,10201955,10201955,0
2020-06-05 00:26:12,mainnet,10201965,10201963,2
2020-06-05 00:27:40,mainnet,10201971,10201971,0
2020-06-05 00:29:07,mainnet,10201981,10201981,0
2020-06-05 00:30:36,mainnet,10201989,10201990,-1
2020-06-05 00:32:01,mainnet,10201995,10201995,0
2020-06-05 00:33:32,mainnet,10202001,10202001,0
2020-06-05 00:35:04,mainnet,10202008,10202008,0
2020-06-05 00:36:30,mainnet,10202011,10202011,0
2020-06-05 00:37:55,mainnet,10202019,10202019,0
2020-06-05 00:39:22,mainnet,10202022,10202022,0
2020-06-05 00:40:45,mainnet,10202028,10202028,0
2020-06-05 00:42:13,mainnet,10202036,10202036,0
2020-06-05 00:43:45,mainnet,10202039,10202039,0
2020-06-05 00:45:20,mainnet,10202046,10202046,0
2020-06-05 00:46:54,mainnet,10202053,10202053,0
2020-06-05 00:48:19,mainnet,10202059,10202059,0
2020-06-05 00:49:45,mainnet,10202068,10202068,0
2020-06-05 00:51:15,mainnet,10202075,10202075,0
2020-06-05 00:52:43,mainnet,10202085,10202085,0
2020-06-05 00:54:11,mainnet,10202090,10202090,0
2020-06-05 00:55:49,mainnet,10202097,10202097,0
2020-06-05 00:57:18,mainnet,10202107,10202107,0
2020-06-05 00:58:55,mainnet,10202115,10202115,0
2020-06-05 01:00:20,mainnet,10202123,10202123,0
2020-06-05 01:01:45,mainnet,10202127,10202127,0
2020-06-05 01:03:11,mainnet,10202130,10202131,-1
2020-06-05 01:04:41,mainnet,10202139,10202139,0
2020-06-05 01:06:07,mainnet,10202143,10202142,1
2020-06-05 01:07:37,mainnet,10202148,10202148,0
2020-06-05 01:09:01,mainnet,10202151,10202151,0
2020-06-05 01:10:32,mainnet,10202158,10202159,-1
2020-06-05 01:11:57,mainnet,10202165,10202165,0
2020-06-05 01:13:29,mainnet,10202170,10202170,0
2020-06-05 01:14:54,mainnet,10202175,10202175,0
2020-06-05 01:16:19,mainnet,10202185,10202185,0
2020-06-05 01:17:54,mainnet,10202190,10202191,-1
2020-06-05 01:19:22,mainnet,10202198,10202198,0
2020-06-05 01:20:50,mainnet,10202205,10202206,-1
2020-06-05 01:22:22,mainnet,10202216,10202216,0
2020-06-05 01:23:51,mainnet,10202217,10202218,-1
2020-06-05 01:25:24,mainnet,10202222,10202222,0
2020-06-05 01:26:50,mainnet,10202227,10202227,0
2020-06-05 01:28:16,mainnet,10202230,10202230,0
2020-06-05 01:29:48,mainnet,10202240,10202239,1
2020-06-05 01:31:16,mainnet,10202246,10202246,0
2020-06-05 01:32:48,mainnet,10202254,10202254,0
2020-06-05 01:34:20,mainnet,10202258,10202258,0
2020-06-05 01:35:46,mainnet,10202264,10202264,0
2020-06-05 01:37:11,mainnet,10202270,10202270,0
2020-06-05 01:38:46,mainnet,10202278,10202278,0
2020-06-05 01:40:10,mainnet,10202285,10202285,0
2020-06-05 01:41:40,mainnet,10202293,10202292,1
2020-06-05 01:43:08,mainnet,10202304,10202303,1
2020-06-05 01:44:36,mainnet,10202310,10202310,0
2020-06-05 01:46:08,mainnet,10202318,10202318,0
2020-06-05 01:47:51,mainnet,10202324,10202323,1
2020-06-05 01:49:24,mainnet,10202336,10202336,0
2020-06-05 01:50:52,mainnet,10202340,10202340,0
2020-06-05 01:52:15,mainnet,10202345,10202345,0
2020-06-05 01:53:45,mainnet,10202349,10202349,0
2020-06-05 01:55:16,mainnet,10202352,10202352,0
2020-06-05 01:56:46,mainnet,10202359,10202359,0
2020-06-05 01:58:11,mainnet,10202367,10202367,0
2020-06-05 01:59:42,mainnet,10202374,10202374,0
2020-06-05 02:01:16,mainnet,10202380,10202380,0
2020-06-05 02:02:43,mainnet,10202386,10202386,0
2020-06-05 02:04:08,mainnet,10202394,10202394,0
2020-06-05 02:05:38,mainnet,10202401,10202401,0
2020-06-05 02:07:06,mainnet,10202407,10202406,1
2020-06-05 02:08:34,mainnet,10202413,10202413,0
2020-06-05 02:10:08,mainnet,10202421,10202420,1
2020-06-05 02:11:38,mainnet,10202429,10202430,-1
2020-06-05 02:13:08,mainnet,10202434,10202434,0
2020-06-05 02:14:41,mainnet,10202444,10202444,0
2020-06-05 02:16:06,mainnet,10202452,10202452,0
2020-06-05 02:17:39,mainnet,10202459,10202459,0
2020-06-05 02:19:02,mainnet,10202464,10202464,0
2020-06-05 02:20:27,mainnet,10202472,10202471,1
2020-06-05 02:21:52,mainnet,10202473,10202474,-1
2020-06-05 02:23:18,mainnet,10202477,10202477,0
2020-06-05 02:24:50,mainnet,10202483,10202483,0
2020-06-05 02:26:20,mainnet,10202484,10202484,0
2020-06-05 02:27:51,mainnet,10202491,10202491,0
2020-06-05 02:29:35,mainnet,10202497,10202496,1
2020-06-05 02:30:58,mainnet,10202507,10202507,0
2020-06-05 02:32:27,mainnet,10202518,10202511,7
2020-06-05 02:33:55,mainnet,10202523,10202523,0
2020-06-05 02:35:20,mainnet,10202531,10202531,0
2020-06-05 02:36:50,mainnet,10202540,10202539,1
2020-06-05 02:38:19,mainnet,10202549,10202549,0
2020-06-05 02:39:52,mainnet,10202552,10202553,-1
2020-06-05 02:41:33,mainnet,10202557,10202557,0
2020-06-05 02:43:01,mainnet,10202563,10202563,0
2020-06-05 02:44:28,mainnet,10202572,10202572,0
2020-06-05 02:45:59,mainnet,10202578,10202578,0
2020-06-05 02:47:32,mainnet,10202585,10202585,0
2020-06-05 02:49:10,mainnet,10202591,10202591,0
2020-06-05 02:50:38,mainnet,10202598,10202598,0
2020-06-05 02:52:09,mainnet,10202606,10202606,0
2020-06-05 02:53:34,mainnet,10202617,10202617,0
2020-06-05 02:54:58,mainnet,10202626,10202626,0
2020-06-05 02:56:30,mainnet,10202629,10202629,0
2020-06-05 02:57:59,mainnet,10202634,10202634,0
2020-06-05 02:59:33,mainnet,10202641,10202641,0
2020-06-05 03:00:56,mainnet,10202648,10202647,1
2020-06-05 03:02:19,mainnet,10202657,10202657,0
2020-06-05 03:03:50,mainnet,10202660,10202661,-1
2020-06-05 03:05:22,mainnet,10202666,10202666,0
2020-06-05 03:06:48,mainnet,10202673,10202673,0
2020-06-05 03:08:19,mainnet,10202682,10202681,1
2020-06-05 03:09:51,mainnet,10202690,10202690,0
2020-06-05 03:11:20,mainnet,10202694,10202694,0
2020-06-05 03:12:52,mainnet,10202703,10202702,1
2020-06-05 03:14:20,mainnet,10202708,10202708,0
2020-06-05 03:15:47,mainnet,10202714,10202714,0
2020-06-05 03:17:14,mainnet,10202722,10202722,0
2020-06-05 03:18:38,mainnet,10202733,10202733,0
2020-06-05 03:20:21,mainnet,10202742,10202742,0
2020-06-05 03:21:50,mainnet,10202749,10202749,0
2020-06-05 03:23:19,mainnet,10202756,10202756,0
2020-06-05 03:24:47,mainnet,10202763,10202763,0
2020-06-05 03:26:12,mainnet,10202771,10202771,0
2020-06-05 03:27:48,mainnet,10202776,10202776,0
2020-06-05 03:29:14,mainnet,10202778,10202777,1
2020-06-05 03:30:41,mainnet,10202782,10202782,0
2020-06-05 03:32:06,mainnet,10202788,10202788,0
2020-06-05 03:33:36,mainnet,10202790,10202790,0
2020-06-05 03:35:20,mainnet,10202798,10202798,0
2020-06-05 03:36:49,mainnet,10202805,10202805,0
2020-06-05 03:38:14,mainnet,10202815,10202814,1
2020-06-05 03:39:40,mainnet,10202821,10202821,0
2020-06-05 03:41:11,mainnet,10202824,10202824,0
2020-06-05 03:42:37,mainnet,10202827,10202827,0
2020-06-05 03:44:12,mainnet,10202833,10202833,0
2020-06-05 03:45:39,mainnet,10202838,10202838,0
2020-06-05 03:47:12,mainnet,10202846,10202846,0
2020-06-05 03:48:46,mainnet,10202851,10202851,0
2020-06-05 03:50:13,mainnet,10202855,10202855,0
2020-06-05 03:51:36,mainnet,10202860,10202860,0
2020-06-05 03:53:10,mainnet,10202863,10202863,0
2020-06-05 03:54:37,mainnet,10202868,10202868,0
2020-06-05 03:56:07,mainnet,10202875,10202875,0
2020-06-05 03:57:39,mainnet,10202880,10202880,0
2020-06-05 03:59:11,mainnet,10202883,10202883,0
2020-06-05 04:00:42,mainnet,10202893,10202893,0
2020-06-05 04:02:15,mainnet,10202900,10202894,6
2020-06-05 04:05:06,mainnet,10202914,10202914,0
2020-06-05 04:06:32,mainnet,10202918,10202918,0
2020-06-05 04:08:02,mainnet,10202922,10202922,0
2020-06-05 04:09:33,mainnet,10202931,10202931,0
2020-06-05 04:10:56,mainnet,10202937,10202937,0
2020-06-05 04:12:23,mainnet,10202944,10202944,0
2020-06-05 04:13:51,mainnet,10202951,10202951,0
2020-06-05 04:15:33,mainnet,10202956,10202956,0
2020-06-05 04:16:59,mainnet,10202963,10202963,0
2020-06-05 04:18:33,mainnet,10202973,10202973,0
2020-06-05 04:19:58,mainnet,10202980,10202981,-1
2020-06-05 04:21:27,mainnet,10202986,10202986,0
2020-06-05 04:22:56,mainnet,10202999,10202999,0
2020-06-05 04:24:31,mainnet,10203005,10203005,0
2020-06-05 04:26:07,mainnet,10203013,10203013,0
2020-06-05 04:27:44,mainnet,10203019,10203019,0
2020-06-05 04:29:14,mainnet,10203026,10203026,0
2020-06-05 04:30:46,mainnet,10203031,10203031,0
2020-06-05 04:32:12,mainnet,10203037,10203037,0
2020-06-05 04:33:45,mainnet,10203041,10203041,0
2020-06-05 04:35:12,mainnet,10203049,10203049,0
2020-06-05 04:36:42,mainnet,10203057,10203056,1
2020-06-05 04:38:14,mainnet,10203067,10203065,2
2020-06-05 04:39:38,mainnet,10203073,10203073,0
2020-06-05 04:41:06,mainnet,10203079,10203078,1
2020-06-05 04:42:34,mainnet,10203084,10203084,0
2020-06-05 04:44:04,mainnet,10203090,10203090,0
2020-06-05 04:45:30,mainnet,10203094,10203094,0
2020-06-05 04:46:59,mainnet,10203103,10203103,0
2020-06-05 04:48:30,mainnet,10203112,10203110,2
2020-06-05 04:49:55,mainnet,10203118,10203117,1
2020-06-05 04:51:23,mainnet,10203129,10203127,2
2020-06-05 04:52:51,mainnet,10203140,10203140,0
2020-06-05 04:54:19,mainnet,10203146,10203146,0
2020-06-05 04:55:44,mainnet,10203152,10203152,0
2020-06-05 04:57:18,mainnet,10203162,10203162,0
2020-06-05 04:58:50,mainnet,10203167,10203167,0
2020-06-05 05:00:21,mainnet,10203172,10203172,0
2020-06-05 05:01:49,mainnet,10203177,10203177,0
2020-06-05 05:03:17,mainnet,10203184,10203184,0
2020-06-05 05:04:50,mainnet,10203191,10203191,0
2020-06-05 05:06:19,mainnet,10203195,10203195,0
2020-06-05 05:07:47,mainnet,10203206,10203206,0
2020-06-05 05:09:19,mainnet,10203211,10203211,0
2020-06-05 05:10:48,mainnet,10203215,10203215,0
2020-06-05 05:12:20,mainnet,10203220,10203220,0
2020-06-05 05:13:50,mainnet,10203230,10203230,0
2020-06-05 05:15:14,mainnet,10203238,10203238,0
2020-06-05 05:16:42,mainnet,10203242,10203242,0
2020-06-05 05:18:11,mainnet,10203249,10203249,0
2020-06-05 05:19:45,mainnet,10203257,10203257,0
2020-06-05 05:21:15,mainnet,10203263,10203263,0
2020-06-05 05:22:41,mainnet,10203270,10203270,0
2020-06-05 05:24:11,mainnet,10203282,10203282,0
2020-06-05 05:25:37,mainnet,10203290,10203290,0
2020-06-05 05:27:05,mainnet,10203297,10203297,0
2020-06-05 05:28:29,mainnet,10203304,10203304,0
2020-06-05 05:30:06,mainnet,10203309,10203309,0
2020-06-05 05:34:24,mainnet,10203331,10203309,22
2020-06-05 05:35:53,mainnet,10203338,10203320,18
2020-06-05 05:37:23,mainnet,10203344,10203339,5
2020-06-05 05:38:47,mainnet,10203349,10203350,-1
2020-06-05 05:40:19,mainnet,10203359,10203359,0
2020-06-05 05:41:51,mainnet,10203369,10203369,0
2020-06-05 05:43:14,mainnet,10203378,10203378,0
2020-06-05 05:44:44,mainnet,10203385,10203385,0
2020-06-05 05:46:17,mainnet,10203393,10203391,2
2020-06-05 05:47:47,mainnet,10203399,10203399,0
2020-06-05 05:49:13,mainnet,10203405,10203405,0
2020-06-05 05:50:37,mainnet,10203412,10203411,1
2020-06-05 05:52:10,mainnet,10203416,10203416,0
2020-06-05 05:53:37,mainnet,10203420,10203420,0
2020-06-05 05:55:01,mainnet,10203426,10203426,0
2020-06-05 05:56:33,mainnet,10203435,10203435,0
2020-06-05 05:58:09,mainnet,10203445,10203445,0
2020-06-05 05:59:43,mainnet,10203455,10203453,2
2020-06-05 06:01:10,mainnet,10203461,10203460,1
2020-06-05 06:02:34,mainnet,10203473,10203473,0
2020-06-05 06:04:06,mainnet,10203479,10203479,0
2020-06-05 06:05:32,mainnet,10203480,10203480,0
2020-06-05 06:07:05,mainnet,10203489,10203490,-1
2020-06-05 06:08:29,mainnet,10203496,10203496,0
2020-06-05 06:09:54,mainnet,10203503,10203503,0
2020-06-05 06:11:19,mainnet,10203512,10203512,0
2020-06-05 06:12:49,mainnet,10203518,10203516,2
2020-06-05 06:14:14,mainnet,10203523,10203523,0
2020-06-05 06:15:39,mainnet,10203530,10203530,0
2020-06-05 06:17:21,mainnet,10203538,10203537,1
2020-06-05 06:18:59,mainnet,10203549,10203546,3
2020-06-05 06:20:27,mainnet,10203564,10203564,0
2020-06-05 06:21:52,mainnet,10203567,10203567,0
2020-06-05 06:23:21,mainnet,10203577,10203577,0
2020-06-05 06:24:47,mainnet,10203583,10203583,0
2020-06-05 06:26:19,mainnet,10203596,10203595,1
2020-06-05 06:27:50,mainnet,10203601,10203600,1
2020-06-05 06:29:26,mainnet,10203604,10203604,0
2020-06-05 06:31:03,mainnet,10203609,10203609,0
2020-06-05 06:32:32,mainnet,10203617,10203617,0
2020-06-05 06:34:07,mainnet,10203623,10203623,0
2020-06-05 06:35:31,mainnet,10203625,10203625,0
2020-06-05 06:36:57,mainnet,10203633,10203633,0
2020-06-05 06:38:20,mainnet,10203640,10203640,0
2020-06-05 06:39:53,mainnet,10203643,10203643,0
2020-06-05 06:41:24,mainnet,10203650,10203650,0
2020-06-05 06:42:49,mainnet,10203658,10203657,1
2020-06-05 06:44:19,mainnet,10203668,10203668,0
2020-06-05 06:45:47,mainnet,10203677,10203677,0
2020-06-05 06:47:23,mainnet,10203687,10203687,0
2020-06-05 06:48:53,mainnet,10203691,10203691,0
2020-06-05 06:50:25,mainnet,10203699,10203698,1
2020-06-05 06:51:56,mainnet,10203703,10203703,0
2020-06-05 06:53:27,mainnet,10203706,10203706,0
2020-06-05 06:54:56,mainnet,10203712,10203712,0
2020-06-05 06:56:34,mainnet,10203718,10203719,-1
2020-06-05 06:58:08,mainnet,10203727,10203727,0
2020-06-05 06:59:41,mainnet,10203734,10203733,1
2020-06-05 07:01:11,mainnet,10203737,10203737,0
2020-06-05 07:02:42,mainnet,10203742,10203742,0
2020-06-05 07:04:15,mainnet,10203748,10203748,0
2020-06-05 07:05:40,mainnet,10203755,10203755,0
2020-06-05 07:07:07,mainnet,10203761,10203761,0
2020-06-05 07:08:38,mainnet,10203767,10203767,0
2020-06-05 07:10:12,mainnet,10203771,10203772,-1
2020-06-05 07:11:43,mainnet,10203779,10203779,0
2020-06-05 07:13:21,mainnet,10203785,10203785,0
2020-06-05 07:15:01,mainnet,10203791,10203791,0
2020-06-05 07:16:24,mainnet,10203792,10203792,0
2020-06-05 07:17:54,mainnet,10203801,10203801,0
2020-06-05 07:19:21,mainnet,10203804,10203804,0
2020-06-05 07:20:46,mainnet,10203812,10203812,0
2020-06-05 07:22:19,mainnet,10203819,10203819,0
2020-06-05 07:23:53,mainnet,10203827,10203826,1
2020-06-05 07:25:17,mainnet,10203839,10203836,3
2020-06-05 07:26:40,mainnet,10203843,10203842,1
2020-06-05 07:28:10,mainnet,10203850,10203850,0
2020-06-05 07:29:41,mainnet,10203862,10203862,0
2020-06-05 07:31:15,mainnet,10203865,10203865,0
2020-06-05 07:32:41,mainnet,10203870,10203870,0
2020-06-05 07:34:09,mainnet,10203880,10203879,1
2020-06-05 07:35:44,mainnet,10203887,10203887,0
2020-06-05 07:37:09,mainnet,10203891,10203891,0
2020-06-05 07:38:40,mainnet,10203900,10203900,0
2020-06-05 07:40:06,mainnet,10203907,10203905,2
2020-06-05 07:41:30,mainnet,10203913,10203912,1
2020-06-05 07:42:53,mainnet,10203923,10203921,2
2020-06-05 07:44:20,mainnet,10203933,10203933,0
2020-06-05 07:45:51,mainnet,10203938,10203938,0
2020-06-05 07:47:17,mainnet,10203943,10203943,0
2020-06-05 07:48:49,mainnet,10203951,10203951,0
2020-06-05 07:50:18,mainnet,10203958,10203958,0
2020-06-05 07:51:52,mainnet,10203963,10203963,0
2020-06-05 07:53:20,mainnet,10203968,10203968,0
2020-06-05 07:54:52,mainnet,10203975,10203975,0
2020-06-05 07:56:22,mainnet,10203985,10203985,0
2020-06-05 07:57:56,mainnet,10203991,10203993,-2
2020-06-05 07:59:23,mainnet,10204003,10204003,0
2020-06-05 08:00:49,mainnet,10204008,10204008,0
2020-06-05 08:02:28,mainnet,10204013,10204013,0
2020-06-05 08:03:59,mainnet,10204023,10204023,0
2020-06-05 08:05:28,mainnet,10204030,10204029,1
2020-06-05 08:06:59,mainnet,10204037,10204037,0
2020-06-05 08:08:41,mainnet,10204046,10204046,0
2020-06-05 08:10:15,mainnet,10204048,10204048,0
2020-06-05 08:11:48,mainnet,10204056,10204054,2
2020-06-05 08:13:13,mainnet,10204062,10204062,0
2020-06-05 08:14:39,mainnet,10204071,10204071,0
2020-06-05 08:16:09,mainnet,10204073,10204074,-1
2020-06-05 08:17:31,mainnet,10204080,10204080,0
2020-06-05 08:18:54,mainnet,10204088,10204088,0
2020-06-05 08:20:26,mainnet,10204093,10204093,0
2020-06-05 08:21:52,mainnet,10204099,10204098,1
2020-06-05 08:23:20,mainnet,10204109,10204108,1
2020-06-05 08:24:45,mainnet,10204117,10204116,1
2020-06-05 08:26:09,mainnet,10204120,10204120,0
2020-06-05 08:27:34,mainnet,10204122,10204122,0
2020-06-05 08:29:02,mainnet,10204129,10204129,0
2020-06-05 08:30:29,mainnet,10204136,10204136,0
2020-06-05 08:32:01,mainnet,10204143,10204143,0
2020-06-05 08:33:27,mainnet,10204145,10204145,0
2020-06-05 08:34:55,mainnet,10204151,10204151,0
2020-06-05 08:36:24,mainnet,10204154,10204154,0
2020-06-05 08:37:50,mainnet,10204160,10204159,1
2020-06-05 08:39:16,mainnet,10204165,10204165,0
2020-06-05 08:40:54,mainnet,10204177,10204177,0
2020-06-05 08:42:22,mainnet,10204184,10204185,-1
2020-06-05 08:43:50,mainnet,10204191,10204191,0
2020-06-05 08:45:18,mainnet,10204195,10204195,0
2020-06-05 08:46:47,mainnet,10204205,10204205,0
2020-06-05 08:48:13,mainnet,10204213,10204213,0
2020-06-05 08:49:41,mainnet,10204222,10204220,2
2020-06-05 08:51:04,mainnet,10204230,10204230,0
2020-06-05 08:52:28,mainnet,10204236,10204236,0
2020-06-05 08:53:54,mainnet,10204242,10204242,0
2020-06-05 08:55:20,mainnet,10204253,10204252,1
2020-06-05 08:56:50,mainnet,10204259,10204259,0
2020-06-05 08:58:18,mainnet,10204267,10204267,0
2020-06-05 08:59:42,mainnet,10204272,10204272,0
2020-06-05 09:01:17,mainnet,10204276,10204276,0
2020-06-05 09:02:42,mainnet,10204282,10204282,0
2020-06-05 09:04:08,mainnet,10204292,10204292,0
2020-06-05 09:05:34,mainnet,10204300,10204300,0
2020-06-05 09:07:01,mainnet,10204307,10204307,0
2020-06-05 09:08:29,mainnet,10204314,10204314,0
2020-06-05 09:10:11,mainnet,10204318,10204318,0
2020-06-05 09:11:50,mainnet,10204322,10204322,0
2020-06-05 09:13:16,mainnet,10204328,10204327,1
2020-06-05 09:14:48,mainnet,10204335,10204335,0
2020-06-05 09:16:12,mainnet,10204341,10204342,-1
2020-06-05 09:17:41,mainnet,10204348,10204348,0
2020-06-05 09:19:07,mainnet,10204354,10204354,0
2020-06-05 09:20:39,mainnet,10204357,10204357,0
2020-06-05 09:22:04,mainnet,10204367,10204367,0
2020-06-05 09:23:27,mainnet,10204370,10204370,0
2020-06-05 09:24:53,mainnet,10204380,10204380,0
2020-06-05 09:26:19,mainnet,10204383,10204383,0
2020-06-05 09:27:48,mainnet,10204389,10204388,1
2020-06-05 09:29:22,mainnet,10204397,10204397,0
2020-06-05 09:30:51,mainnet,10204401,10204400,1
2020-06-05 09:32:17,mainnet,10204407,10204407,0
2020-06-05 09:33:45,mainnet,10204410,10204410,0
2020-06-05 09:35:15,mainnet,10204419,10204420,-1
2020-06-05 09:36:41,mainnet,10204426,10204422,4
2020-06-05 09:38:05,mainnet,10204434,10204434,0
2020-06-05 09:39:32,mainnet,10204443,10204444,-1
2020-06-05 09:41:00,mainnet,10204452,10204452,0
2020-06-05 09:42:27,mainnet,10204460,10204459,1
2020-06-05 09:43:58,mainnet,10204465,10204465,0
2020-06-05 09:45:25,mainnet,10204471,10204471,0
2020-06-05 09:46:52,mainnet,10204476,10204476,0
2020-06-05 09:48:24,mainnet,10204488,10204488,0
2020-06-05 09:49:58,mainnet,10204494,10204494,0
2020-06-05 09:51:27,mainnet,10204502,10204502,0
2020-06-05 09:52:59,mainnet,10204514,10204514,0
2020-06-05 09:54:32,mainnet,10204520,10204520,0
2020-06-05 09:56:03,mainnet,10204525,10204525,0
2020-06-05 09:57:27,mainnet,10204528,10204528,0
2020-06-05 09:58:54,mainnet,10204536,10204536,0
2020-06-05 10:00:20,mainnet,10204540,10204540,0
2020-06-05 10:01:57,mainnet,10204542,10204542,0
2020-06-05 10:03:26,mainnet,10204547,10204547,0
2020-06-05 10:04:55,mainnet,10204556,10204555,1
2020-06-05 10:06:20,mainnet,10204563,10204561,2
2020-06-05 10:07:45,mainnet,10204567,10204566,1
2020-06-05 10:09:15,mainnet,10204575,10204575,0
2020-06-05 10:10:48,mainnet,10204586,10204587,-1
2020-06-05 10:12:19,mainnet,10204592,10204592,0
2020-06-05 10:13:50,mainnet,10204602,10204602,0
2020-06-05 10:15:29,mainnet,10204608,10204608,0
2020-06-05 10:16:59,mainnet,10204618,10204618,0
2020-06-05 10:18:25,mainnet,10204624,10204625,-1
2020-06-05 10:19:52,mainnet,10204632,10204632,0
2020-06-05 10:21:28,mainnet,10204638,10204638,0
2020-06-05 10:22:59,mainnet,10204643,10204643,0
2020-06-05 10:24:28,mainnet,10204649,10204649,0
2020-06-05 10:25:56,mainnet,10204654,10204654,0
2020-06-05 10:27:28,mainnet,10204667,10204667,0
2020-06-05 10:28:52,mainnet,10204674,10204674,0
2020-06-05 10:30:23,mainnet,10204680,10204680,0
2020-06-05 10:31:54,mainnet,10204684,10204684,0
2020-06-05 10:33:27,mainnet,10204694,10204694,0
2020-06-05 10:35:09,mainnet,10204698,10204696,2
2020-06-05 10:36:34,mainnet,10204703,10204702,1
2020-06-05 10:38:03,mainnet,10204705,10204705,0
2020-06-05 10:39:31,mainnet,10204711,10204711,0
2020-06-05 10:40:55,mainnet,10204721,10204714,7
2020-06-05 10:42:21,mainnet,10204727,10204727,0
2020-06-05 10:43:51,mainnet,10204731,10204731,0
2020-06-05 10:45:19,mainnet,10204734,10204734,0
2020-06-05 10:46:50,mainnet,10204736,10204736,0
2020-06-05 10:48:15,mainnet,10204744,10204743,1
2020-06-05 10:49:39,mainnet,10204748,10204748,0
2020-06-05 10:51:09,mainnet,10204758,10204757,1
2020-06-05 10:52:40,mainnet,10204763,10204762,1
2020-06-05 10:54:22,mainnet,10204771,10204769,2
2020-06-05 10:55:55,mainnet,10204776,10204769,7
2020-06-05 10:57:23,mainnet,10204782,10204782,0
2020-06-05 10:59:02,mainnet,10204789,10204789,0
2020-06-05 11:00:30,mainnet,10204791,10204791,0
2020-06-05 11:01:58,mainnet,10204798,10204797,1
2020-06-05 11:03:30,mainnet,10204804,10204804,0
2020-06-05 11:04:55,mainnet,10204808,10204806,2
2020-06-05 11:06:17,mainnet,10204815,10204811,4
2020-06-05 11:07:46,mainnet,10204822,10204822,0
2020-06-05 11:09:28,mainnet,10204828,10204825,3
2020-06-05 11:10:57,mainnet,10204831,10204831,0
2020-06-05 11:12:23,mainnet,10204840,10204839,1
2020-06-05 11:13:57,mainnet,10204848,10204839,9
2020-06-05 11:15:26,mainnet,10204856,10204855,1
2020-06-05 11:16:54,mainnet,10204863,10204863,0
2020-06-05 11:18:25,mainnet,10204867,10204867,0
2020-06-05 11:19:52,mainnet,10204877,10204867,10
2020-06-05 11:21:14,mainnet,10204881,10204881,0
2020-06-05 11:22:37,mainnet,10204895,10204894,1
2020-06-05 11:24:08,mainnet,10204904,10204903,1
2020-06-05 11:25:55,mainnet,10204911,10204907,4
2020-06-05 11:27:20,mainnet,10204919,10204917,2
2020-06-05 11:28:46,mainnet,10204925,10204924,1
2020-06-05 11:30:38,mainnet,10204934,10204934,0
2020-06-05 11:32:01,mainnet,10204941,10204941,0
2020-06-05 11:33:25,mainnet,10204953,10204953,0
2020-06-05 11:35:18,mainnet,10204963,10204962,1
2020-06-05 11:36:49,mainnet,10204969,10204969,0
2020-06-05 11:38:20,mainnet,10204980,10204969,11
2020-06-05 11:39:49,mainnet,10204991,10204969,22
2020-06-05 11:41:12,mainnet,10204993,10204993,0
2020-06-05 11:42:37,mainnet,10204996,10204996,0
2020-06-05 11:43:59,mainnet,10205004,10205004,0
2020-06-05 11:45:36,mainnet,10205007,10205006,1
2020-06-05 11:47:35,mainnet,10205013,10205013,0
2020-06-05 11:49:12,mainnet,10205021,10205014,7
2020-06-05 11:50:49,mainnet,10205025,10205014,11
2020-06-05 11:52:37,mainnet,10205032,10205030,2
2020-06-05 11:54:06,mainnet,10205042,10205036,6
2020-06-05 11:55:40,mainnet,10205049,10205049,0
2020-06-05 11:57:16,mainnet,10205061,10205053,8
2020-06-05 11:58:42,mainnet,10205066,10205064,2
2020-06-05 12:00:04,mainnet,10205073,10205073,0
2020-06-05 12:01:31,mainnet,10205083,10205076,7
2020-06-05 12:03:15,mainnet,10205089,10205076,13
2020-06-05 12:04:42,mainnet,10205096,10205093,3
2020-06-05 12:06:05,mainnet,10205105,10205102,3
2020-06-05 12:07:28,mainnet,10205112,10205110,2
2020-06-05 12:08:55,mainnet,10205117,10205110,7
2020-06-05 12:10:18,mainnet,10205121,10205110,11
2020-06-05 12:11:59,mainnet,10205127,10205126,1
2020-06-05 12:14:00,mainnet,10205130,10205126,4
2020-06-05 12:15:26,mainnet,10205140,10205128,12
2020-06-05 12:16:58,mainnet,10205147,10205146,1
2020-06-05 12:18:26,mainnet,10205154,10205152,2
2020-06-05 12:19:49,mainnet,10205157,10205157,0
2020-06-05 12:21:14,mainnet,10205163,10205160,3
2020-06-05 12:22:40,mainnet,10205171,10205166,5
2020-06-05 12:24:02,mainnet,10205176,10205166,10
2020-06-05 12:25:26,mainnet,10205182,10205166,16
2020-06-05 12:26:48,mainnet,10205187,10205186,1
2020-06-05 12:28:11,mainnet,10205194,10205189,5
2020-06-05 12:29:37,mainnet,10205201,10205201,0
2020-06-05 12:31:14,mainnet,10205206,10205206,0
2020-06-05 12:32:54,mainnet,10205213,10205208,5
2020-06-05 12:34:31,mainnet,10205224,10205213,11
2020-06-05 12:36:01,mainnet,10205229,10205228,1
2020-06-05 12:37:29,mainnet,10205235,10205235,0
2020-06-05 12:38:54,mainnet,10205241,10205241,0
2020-06-05 12:40:27,mainnet,10205251,10205241,10
2020-06-05 12:41:56,mainnet,10205263,10205259,4
2020-06-05 12:43:26,mainnet,10205267,10205268,-1
2020-06-05 12:44:48,mainnet,10205273,10205272,1
2020-06-05 12:46:30,mainnet,10205282,10205278,4
2020-06-05 12:47:55,mainnet,10205288,10205284,4
2020-06-05 12:49:18,mainnet,10205293,10205284,9
2020-06-05 12:50:42,mainnet,10205301,10205301,0
2020-06-05 12:52:19,mainnet,10205309,10205306,3
2020-06-05 12:53:54,mainnet,10205321,10205316,5
2020-06-05 12:55:27,mainnet,10205328,10205316,12
2020-06-05 12:56:56,mainnet,10205336,10205331,5
2020-06-05 12:58:23,mainnet,10205342,10205342,0
2020-06-05 12:59:50,mainnet,10205349,10205344,5
2020-06-05 13:01:23,mainnet,10205354,10205354,0
2020-06-05 13:03:02,mainnet,10205361,10205361,0
2020-06-05 13:04:29,mainnet,10205364,10205362,2
2020-06-05 13:05:59,mainnet,10205370,10205362,8
2020-06-05 13:07:21,mainnet,10205375,10205375,0
2020-06-05 13:08:44,mainnet,10205379,10205379,0
2020-06-05 13:10:09,mainnet,10205385,10205385,0
2020-06-05 13:11:42,mainnet,10205389,10205387,2
2020-06-05 13:13:14,mainnet,10205396,10205396,0
2020-06-05 13:14:42,mainnet,10205404,10205404,0
2020-06-05 13:16:11,mainnet,10205414,10205406,8
2020-06-05 13:17:35,mainnet,10205421,10205410,11
2020-06-05 13:19:01,mainnet,10205424,10205424,0
2020-06-05 13:20:24,mainnet,10205431,10205424,7
2020-06-05 13:21:51,mainnet,10205436,10205435,1
2020-06-05 13:23:13,mainnet,10205444,10205444,0
2020-06-05 13:24:40,mainnet,10205449,10205449,0
2020-06-05 13:26:13,mainnet,10205454,10205455,-1
2020-06-05 13:27:48,mainnet,10205458,10205458,0
2020-06-05 13:29:16,mainnet,10205463,10205462,1
2020-06-05 13:30:48,mainnet,10205470,10205466,4
2020-06-05 13:32:14,mainnet,10205474,10205473,1
2020-06-05 13:33:44,mainnet,10205479,10205480,-1
2020-06-05 13:35:32,mainnet,10205484,10205484,0
2020-06-05 13:37:01,mainnet,10205495,10205490,5
2020-06-05 13:38:26,mainnet,10205499,10205497,2
2020-06-05 13:39:55,mainnet,10205504,10205503,1
2020-06-05 13:41:25,mainnet,10205515,10205505,10
2020-06-05 13:42:54,mainnet,10205525,10205520,5
2020-06-05 13:44:16,mainnet,10205530,10205520,10
2020-06-05 13:45:42,mainnet,10205535,10205533,2
2020-06-05 13:47:09,mainnet,10205542,10205540,2
2020-06-05 13:49:58,mainnet,10205552,10205542,10
2020-06-05 13:51:21,mainnet,10205558,10205553,5
2020-06-05 13:52:45,mainnet,10205562,10205562,0
2020-06-05 13:54:14,mainnet,10205565,10205564,1
2020-06-05 13:55:41,mainnet,10205571,10205569,2
2020-06-05 13:57:03,mainnet,10205578,10205574,4
2020-06-05 13:58:26,mainnet,10205583,10205582,1
2020-06-05 14:00:09,mainnet,10205596,10205596,0
2020-06-05 14:01:35,mainnet,10205601,10205600,1
2020-06-05 14:02:58,mainnet,10205606,10205606,0
2020-06-05 14:04:27,mainnet,10205614,10205610,4
2020-06-05 14:05:51,mainnet,10205622,10205622,0
2020-06-05 14:07:22,mainnet,10205629,10205628,1
2020-06-05 14:08:57,mainnet,10205635,10205632,3
2020-06-05 14:10:35,mainnet,10205642,10205642,0
2020-06-05 14:12:35,mainnet,10205646,10205642,4
2020-06-05 14:14:03,mainnet,10205650,10205647,3
2020-06-05 14:15:34,mainnet,10205655,10205650,5
2020-06-05 14:17:04,mainnet,10205662,10205660,2
2020-06-05 14:18:35,mainnet,10205668,10205667,1
2020-06-05 14:20:13,mainnet,10205671,10205671,0
2020-06-05 14:21:35,mainnet,10205678,10205677,1
2020-06-05 14:22:57,mainnet,10205685,10205680,5
2020-06-05 14:24:31,mainnet,10205693,10205691,2
2020-06-05 14:26:20,mainnet,10205700,10205699,1
2020-06-05 14:27:56,mainnet,10205704,10205701,3
2020-06-05 14:29:22,mainnet,10205711,10205708,3
2020-06-05 14:30:50,mainnet,10205719,10205708,11
2020-06-05 14:32:36,mainnet,10205725,10205708,17
2020-06-05 14:34:02,mainnet,10205736,10205730,6
2020-06-05 14:35:52,mainnet,10205745,10205737,8
2020-06-05 14:37:22,mainnet,10205757,10205750,7
2020-06-05 14:38:53,mainnet,10205760,10205760,0
2020-06-05 14:40:26,mainnet,10205765,10205765,0
2020-06-05 14:41:50,mainnet,10205771,10205771,0
2020-06-05 14:43:39,mainnet,10205779,10205771,8
2020-06-05 14:45:03,mainnet,10205783,10205771,12
2020-06-05 14:46:40,mainnet,10205794,10205783,11
2020-06-05 14:48:08,mainnet,10205801,10205801,0
2020-06-05 14:49:33,mainnet,10205807,10205807,0
2020-06-05 14:51:14,mainnet,10205817,10205813,4
2020-06-05 14:52:47,mainnet,10205820,10205819,1
2020-06-05 14:54:11,mainnet,10205826,10205826,0
2020-06-05 14:55:55,mainnet,10205834,10205828,6
2020-06-05 14:57:18,mainnet,10205844,10205844,0
2020-06-05 14:59:01,mainnet,10205853,10205852,1
2020-06-05 15:00:36,mainnet,10205860,10205852,8
2020-06-05 15:02:08,mainnet,10205867,10205852,15
2020-06-05 15:03:33,mainnet,10205870,10205852,18
2020-06-05 15:05:00,mainnet,10205878,10205876,2
2020-06-05 15:06:36,mainnet,10205887,10205886,1
2020-06-05 15:08:00,mainnet,10205892,10205892,0
2020-06-05 15:09:24,mainnet,10205896,10205896,0
2020-06-05 15:10:53,mainnet,10205904,10205904,0
2020-06-05 15:12:26,mainnet,10205912,10205912,0
2020-06-05 15:13:52,mainnet,10205920,10205916,4
2020-06-05 15:15:26,mainnet,10205929,10205922,7
2020-06-05 15:17:06,mainnet,10205935,10205934,1
2020-06-05 15:18:32,mainnet,10205941,10205940,1
2020-06-05 15:20:04,mainnet,10205951,10205951,0
2020-06-05 15:21:27,mainnet,10205955,10205955,0
2020-06-05 15:22:49,mainnet,10205964,10205958,6
2020-06-05 15:24:12,mainnet,10205966,10205966,0
2020-06-05 15:25:35,mainnet,10205970,10205968,2
2020-06-05 15:27:04,mainnet,10205976,10205975,1
2020-06-05 15:28:30,mainnet,10205981,10205981,0
2020-06-05 15:30:01,mainnet,10205983,10205982,1
2020-06-05 15:31:32,mainnet,10205993,10205982,11
2020-06-05 15:33:02,mainnet,10206004,10205982,22
2020-06-05 15:34:57,mainnet,10206008,10206008,0
2020-06-05 15:36:45,mainnet,10206012,10206011,1
2020-06-05 15:38:13,mainnet,10206022,10206013,9
2020-06-05 15:39:42,mainnet,10206028,10206026,2
2020-06-05 15:41:07,mainnet,10206034,10206029,5
2020-06-05 15:42:33,mainnet,10206043,10206038,5
2020-06-05 15:44:00,mainnet,10206051,10206038,13
2020-06-05 15:45:26,mainnet,10206060,10206055,5
2020-06-05 15:46:56,mainnet,10206070,10206067,3
2020-06-05 15:48:18,mainnet,10206075,10206068,7
2020-06-05 15:49:50,mainnet,10206082,10206080,2
2020-06-05 15:51:44,mainnet,10206086,10206084,2
2020-06-05 15:53:40,mainnet,10206094,10206087,7
2020-06-05 15:55:28,mainnet,10206102,10206099,3
2020-06-05 15:57:01,mainnet,10206109,10206109,0
2020-06-05 15:58:48,mainnet,10206114,10206114,0
2020-06-05 16:00:20,mainnet,10206121,10206121,0
2020-06-05 16:01:50,mainnet,10206129,10206124,5
2020-06-05 16:03:28,mainnet,10206136,10206131,5
2020-06-05 16:04:58,mainnet,10206146,10206146,0
2020-06-05 16:06:25,mainnet,10206155,10206152,3
2020-06-05 16:07:58,mainnet,10206164,10206164,0
2020-06-05 16:09:43,mainnet,10206172,10206172,0
2020-06-05 16:11:10,mainnet,10206182,10206181,1
2020-06-05 16:12:42,mainnet,10206190,10206190,0
2020-06-05 16:14:07,mainnet,10206198,10206197,1
2020-06-05 16:15:38,mainnet,10206201,10206201,0
2020-06-05 16:17:12,mainnet,10206221,10206212,9
2020-06-05 16:19:47,mainnet,10206230,10206212,18
2020-06-05 16:21:10,mainnet,10206237,10206235,2
2020-06-05 16:23:19,mainnet,10206245,10206237,8
2020-06-05 16:24:44,mainnet,10206249,10206247,2
2020-06-05 16:26:35,mainnet,10206259,10206252,7
2020-06-05 16:28:41,mainnet,10206264,10206252,12
2020-06-05 16:30:16,mainnet,10206267,10206264,3
2020-06-05 16:31:40,mainnet,10206274,10206264,10
2020-06-05 16:33:08,mainnet,10206280,10206264,16
2020-06-05 16:34:32,mainnet,10206286,10206281,5
2020-06-05 16:36:34,mainnet,10206290,10206281,9
2020-06-05 16:38:02,mainnet,10206299,10206296,3
2020-06-05 16:40:06,mainnet,10206305,10206299,6
2020-06-05 16:41:41,mainnet,10206318,10206299,19
2020-06-05 16:43:38,mainnet,10206324,10206323,1
2020-06-05 16:45:32,mainnet,10206333,10206331,2
2020-06-05 16:47:10,mainnet,10206342,10206343,-1
2020-06-05 16:48:46,mainnet,10206348,10206347,1
2020-06-05 16:50:28,mainnet,10206354,10206351,3
2020-06-05 16:51:54,mainnet,10206360,10206351,9
2020-06-05 16:53:29,mainnet,10206366,10206360,6
2020-06-05 16:54:56,mainnet,10206373,10206371,2
2020-06-05 16:56:58,mainnet,10206383,10206371,12
2020-06-05 16:58:24,mainnet,10206387,10206386,1
2020-06-05 16:59:51,mainnet,10206397,10206397,0
2020-06-05 17:01:20,mainnet,10206401,10206400,1
2020-06-05 17:02:43,mainnet,10206405,10206405,0
2020-06-05 17:04:08,mainnet,10206413,10206413,0
2020-06-05 17:05:34,mainnet,10206420,10206418,2
2020-06-05 17:07:13,mainnet,10206432,10206423,9
2020-06-05 17:08:39,mainnet,10206445,10206446,-1
2020-06-05 17:10:20,mainnet,10206450,10206448,2
2020-06-05 17:12:06,mainnet,10206456,10206453,3
2020-06-05 17:13:37,mainnet,10206461,10206460,1
2020-06-05 17:15:26,mainnet,10206464,10206463,1
2020-06-05 17:16:51,mainnet,10206470,10206469,1
2020-06-05 17:18:21,mainnet,10206478,10206474,4
2020-06-05 17:19:47,mainnet,10206489,10206474,15
2020-06-05 17:21:09,mainnet,10206496,10206474,22
2020-06-05 17:22:39,mainnet,10206504,10206496,8
2020-06-05 17:24:02,mainnet,10206516,10206504,12
2020-06-05 17:25:41,mainnet,10206523,10206523,0
2020-06-05 17:27:17,mainnet,10206535,10206527,8
2020-06-05 17:29:21,mainnet,10206545,10206545,0
2020-06-05 17:31:20,mainnet,10206550,10206549,1
2020-06-05 17:32:46,mainnet,10206557,10206550,7
2020-06-05 17:34:29,mainnet,10206559,10206558,1
2020-06-05 17:35:55,mainnet,10206567,10206558,9
2020-06-05 17:37:21,mainnet,10206572,10206558,14
2020-06-05 17:38:55,mainnet,10206579,10206572,7
2020-06-05 17:40:18,mainnet,10206583,10206582,1
2020-06-05 17:42:05,mainnet,10206592,10206592,0
2020-06-05 17:43:33,mainnet,10206602,10206601,1
2020-06-05 17:45:04,mainnet,10206609,10206604,5
2020-06-05 17:46:32,mainnet,10206614,10206606,8
2020-06-05 17:47:54,mainnet,10206618,10206618,0
2020-06-05 17:49:33,mainnet,10206626,10206618,8
2020-06-05 17:51:03,mainnet,10206634,10206634,0
2020-06-05 17:52:49,mainnet,10206639,10206637,2
2020-06-05 17:54:24,mainnet,10206646,10206645,1
2020-06-05 17:55:56,mainnet,10206653,10206653,0
2020-06-05 17:57:35,mainnet,10206663,10206655,8
2020-06-05 17:59:12,mainnet,10206667,10206667,0
2020-06-05 18:00:37,mainnet,10206673,10206673,0
2020-06-05 18:02:02,mainnet,10206682,10206674,8
2020-06-05 18:04:21,mainnet,10206693,10206693,0
2020-06-05 18:05:44,mainnet,10206698,10206694,4
2020-06-05 18:07:21,mainnet,10206705,10206697,8
2020-06-05 18:09:00,mainnet,10206712,10206698,14
2020-06-05 18:10:27,mainnet,10206716,10206716,0
2020-06-05 18:11:57,mainnet,10206724,10206719,5
2020-06-05 18:13:28,mainnet,10206728,10206728,0
2020-06-05 18:15:13,mainnet,10206737,10206730,7
2020-06-05 18:16:48,mainnet,10206746,10206736,10
2020-06-05 18:18:12,mainnet,10206755,10206736,19
2020-06-05 18:19:38,mainnet,10206759,10206758,1
2020-06-05 18:21:04,mainnet,10206767,10206767,0
2020-06-05 18:22:49,mainnet,10206774,10206770,4
2020-06-05 18:24:15,mainnet,10206782,10206774,8
2020-06-05 18:25:45,mainnet,10206790,10206781,9
2020-06-05 18:27:21,mainnet,10206802,10206781,21
2020-06-05 18:28:54,mainnet,10206808,10206802,6
2020-06-05 18:30:26,mainnet,10206816,10206813,3
2020-06-05 18:32:38,mainnet,10206827,10206827,0
2020-06-05 18:34:02,mainnet,10206830,10206830,0
2020-06-05 18:35:31,mainnet,10206836,10206834,2
2020-06-05 18:37:25,mainnet,10206841,10206838,3
2020-06-05 18:38:53,mainnet,10206846,10206845,1
2020-06-05 18:41:05,mainnet,10206857,10206846,11
2020-06-05 18:42:42,mainnet,10206863,10206857,6
2020-06-05 18:44:04,mainnet,10206872,10206863,9
2020-06-05 18:45:37,mainnet,10206877,10206863,14
2020-06-05 18:47:01,mainnet,10206880,10206863,17
2020-06-05 18:48:26,mainnet,10206884,10206884,0
2020-06-05 18:50:15,mainnet,10206888,10206887,1
2020-06-05 18:51:39,mainnet,10206897,10206897,0
2020-06-05 18:53:05,mainnet,10206899,10206897,2
2020-06-05 18:54:31,mainnet,10206906,10206905,1
2020-06-05 18:55:59,mainnet,10206912,10206912,0
2020-06-05 18:57:25,mainnet,10206919,10206914,5
2020-06-05 18:58:51,mainnet,10206928,10206914,14
2020-06-05 19:00:28,mainnet,10206934,10206931,3
2020-06-05 19:01:53,mainnet,10206939,10206937,2
2020-06-05 19:03:29,mainnet,10206942,10206942,0
2020-06-05 19:04:54,mainnet,10206949,10206946,3
2020-06-05 19:06:16,mainnet,10206962,10206952,10
2020-06-05 19:07:46,mainnet,10206970,10206964,6
2020-06-05 19:09:19,mainnet,10206980,10206973,7
2020-06-05 19:10:41,mainnet,10206987,10206976,11
2020-06-05 19:12:20,mainnet,10206994,10206976,18
2020-06-05 19:13:46,mainnet,10207007,10206995,12
2020-06-05 19:15:33,mainnet,10207011,10207011,0
2020-06-05 19:17:25,mainnet,10207022,10207022,0
2020-06-05 19:19:15,mainnet,10207025,10207025,0
2020-06-05 19:20:37,mainnet,10207029,10207026,3
2020-06-05 19:22:10,mainnet,10207037,10207036,1
2020-06-05 19:23:34,mainnet,10207045,10207045,0
2020-06-05 19:25:04,mainnet,10207050,10207049,1
2020-06-05 19:26:44,mainnet,10207055,10207055,0
2020-06-05 19:28:09,mainnet,10207063,10207060,3
2020-06-05 19:29:36,mainnet,10207071,10207070,1
2020-06-05 19:31:08,mainnet,10207078,10207073,5
2020-06-05 19:32:30,mainnet,10207082,10207082,0
2020-06-05 19:33:53,mainnet,10207090,10207089,1
2020-06-05 19:35:27,mainnet,10207096,10207092,4
2020-06-05 19:36:54,mainnet,10207100,10207092,8
2020-06-05 19:38:20,mainnet,10207106,10207106,0
2020-06-05 19:39:52,mainnet,10207113,10207111,2
2020-06-05 19:41:17,mainnet,10207119,10207118,1
2020-06-05 19:43:12,mainnet,10207121,10207121,0
2020-06-05 19:44:37,mainnet,10207126,10207125,1
2020-06-05 19:46:03,mainnet,10207128,10207128,0
2020-06-05 19:47:34,mainnet,10207135,10207132,3
2020-06-05 19:48:57,mainnet,10207139,10207137,2
2020-06-05 19:50:22,mainnet,10207151,10207147,4
2020-06-05 19:52:25,mainnet,10207157,10207155,2
2020-06-05 19:53:50,mainnet,10207161,10207159,2
2020-06-05 19:55:12,mainnet,10207170,10207161,9
2020-06-05 19:56:41,mainnet,10207179,10207165,14
2020-06-05 19:58:05,mainnet,10207191,10207177,14
2020-06-05 19:59:37,mainnet,10207195,10207195,0
2020-06-05 20:01:05,mainnet,10207202,10207199,3
2020-06-05 20:02:38,mainnet,10207210,10207199,11
2020-06-05 20:04:02,mainnet,10207217,10207199,18
2020-06-05 20:05:34,mainnet,10207230,10207199,31
2020-06-05 20:07:07,mainnet,10207236,10207234,2
2020-06-05 20:08:51,mainnet,10207242,10207240,2
2020-06-05 20:10:24,mainnet,10207245,10207244,1
2020-06-05 20:12:12,mainnet,10207254,10207252,2
2020-06-05 20:13:40,mainnet,10207260,10207257,3
2020-06-05 20:15:13,mainnet,10207271,10207261,10
2020-06-05 20:17:05,mainnet,10207279,10207268,11
2020-06-05 20:18:31,mainnet,10207287,10207284,3
2020-06-05 20:19:53,mainnet,10207292,10207284,8
2020-06-05 20:21:24,mainnet,10207296,10207284,12
2020-06-05 20:22:54,mainnet,10207307,10207299,8
2020-06-05 20:24:27,mainnet,10207318,10207311,7
2020-06-05 20:26:23,mainnet,10207326,10207311,15
2020-06-05 20:28:12,mainnet,10207334,10207332,2
2020-06-05 20:29:43,mainnet,10207341,10207337,4
2020-06-05 20:31:18,mainnet,10207350,10207349,1
2020-06-05 20:32:56,mainnet,10207360,10207350,10
2020-06-05 20:34:36,mainnet,10207367,10207367,0
2020-06-05 20:36:04,mainnet,10207374,10207371,3
2020-06-05 20:37:27,mainnet,10207378,10207378,0
2020-06-05 20:39:21,mainnet,10207384,10207382,2
2020-06-05 20:40:53,mainnet,10207390,10207387,3
2020-06-05 20:42:28,mainnet,10207393,10207392,1
2020-06-05 20:44:05,mainnet,10207399,10207396,3
2020-06-05 20:45:31,mainnet,10207407,10207396,11
2020-06-05 20:46:55,mainnet,10207412,10207408,4
2020-06-05 20:48:19,mainnet,10207421,10207417,4
2020-06-05 20:49:48,mainnet,10207432,10207417,15
2020-06-05 20:51:19,mainnet,10207436,10207436,0
2020-06-05 20:52:50,mainnet,10207444,10207437,7
2020-06-05 20:54:26,mainnet,10207450,10207450,0
2020-06-05 20:55:49,mainnet,10207459,10207454,5
2020-06-05 20:58:14,mainnet,10207467,10207454,13
2020-06-05 20:59:40,mainnet,10207471,10207454,17
2020-06-05 21:01:02,mainnet,10207474,10207474,0
2020-06-05 21:02:39,mainnet,10207486,10207479,7
2020-06-05 21:04:11,mainnet,10207494,10207479,15
2020-06-05 21:05:37,mainnet,10207503,10207479,24
2020-06-05 21:07:11,mainnet,10207512,10207479,33
2020-06-05 21:08:36,mainnet,10207518,10207518,0
2020-06-05 21:10:09,mainnet,10207528,10207528,0
2020-06-05 21:11:45,mainnet,10207535,10207530,5
2020-06-05 21:13:20,mainnet,10207543,10207532,11
2020-06-05 21:14:54,mainnet,10207550,10207546,4
2020-06-05 21:16:19,mainnet,10207560,10207556,4
2020-06-05 21:19:03,mainnet,10207564,10207563,1
2020-06-05 21:20:30,mainnet,10207572,10207566,6
2020-06-05 21:22:16,mainnet,10207582,10207576,6
2020-06-05 21:23:38,mainnet,10207587,10207587,0
2020-06-05 21:25:06,mainnet,10207591,10207591,0
2020-06-05 21:26:36,mainnet,10207598,10207593,5
2020-06-05 21:28:02,mainnet,10207610,10207603,7
2020-06-05 21:29:41,mainnet,10207620,10207619,1
2020-06-05 21:31:03,mainnet,10207628,10207627,1
2020-06-05 21:32:37,mainnet,10207637,10207627,10
2020-06-05 21:34:04,mainnet,10207642,10207642,0
2020-06-05 21:35:45,mainnet,10207651,10207651,0
2020-06-05 21:37:27,mainnet,10207661,10207657,4
2020-06-05 21:39:03,mainnet,10207668,10207668,0
2020-06-05 21:40:28,mainnet,10207674,10207672,2
2020-06-05 21:41:51,mainnet,10207679,10207678,1
2020-06-05 21:43:16,mainnet,10207681,10207681,0
2020-06-05 21:44:39,mainnet,10207687,10207686,1
2020-06-05 21:46:09,mainnet,10207695,10207689,6
2020-06-05 21:47:36,mainnet,10207702,10207689,13
2020-06-05 21:49:01,mainnet,10207709,10207703,6
2020-06-05 21:50:32,mainnet,10207715,10207714,1
2020-06-05 21:52:01,mainnet,10207724,10207723,1
2020-06-05 21:53:35,mainnet,10207725,10207725,0
2020-06-05 21:54:59,mainnet,10207732,10207728,4
2020-06-05 21:56:25,mainnet,10207739,10207736,3
2020-06-05 21:57:52,mainnet,10207747,10207742,5
2020-06-05 21:59:16,mainnet,10207753,10207752,1
2020-06-05 22:00:53,mainnet,10207762,10207752,10
2020-06-05 22:02:16,mainnet,10207773,10207761,12
2020-06-05 22:04:04,mainnet,10207780,10207779,1
2020-06-05 22:05:47,mainnet,10207785,10207782,3
2020-06-05 22:07:11,mainnet,10207794,10207789,5
2020-06-05 22:08:49,mainnet,10207807,10207804,3
2020-06-05 22:10:21,mainnet,10207818,10207815,3
2020-06-05 22:11:46,mainnet,10207828,10207824,4
2020-06-05 22:13:11,mainnet,10207837,10207834,3
2020-06-05 22:14:33,mainnet,10207844,10207844,0
2020-06-05 22:15:56,mainnet,10207850,10207850,0
2020-06-05 22:17:22,mainnet,10207857,10207858,-1
2020-06-05 22:18:59,mainnet,10207863,10207863,0
2020-06-05 22:20:22,mainnet,10207868,10207868,0
2020-06-05 22:21:45,mainnet,10207874,10207874,0
2020-06-05 22:23:07,mainnet,10207883,10207883,0
2020-06-05 22:24:35,mainnet,10207888,10207888,0
2020-06-05 22:26:00,mainnet,10207898,10207897,1
2020-06-05 22:27:29,mainnet,10207904,10207904,0
2020-06-05 22:28:57,mainnet,10207914,10207915,-1
2020-06-05 22:30:24,mainnet,10207920,10207920,0
2020-06-05 22:31:48,mainnet,10207929,10207925,4
2020-06-05 22:33:14,mainnet,10207935,10207934,1
2020-06-05 22:34:40,mainnet,10207942,10207941,1
2020-06-05 22:36:02,mainnet,10207951,10207951,0
2020-06-05 22:37:29,mainnet,10207960,10207958,2
2020-06-05 22:38:54,mainnet,10207965,10207965,0
2020-06-05 22:40:16,mainnet,10207975,10207970,5
2020-06-05 22:41:57,mainnet,10207983,10207983,0
2020-06-05 22:43:29,mainnet,10207988,10207986,2
2020-06-05 22:45:03,mainnet,10207995,10207995,0
2020-06-05 22:46:27,mainnet,10208001,10208001,0
2020-06-05 22:47:51,mainnet,10208009,10208009,0
2020-06-05 22:49:16,mainnet,10208013,10208013,0
2020-06-05 22:50:44,mainnet,10208021,10208021,0
2020-06-05 22:52:11,mainnet,10208029,10208027,2
2020-06-05 22:53:34,mainnet,10208039,10208039,0
2020-06-05 22:55:10,mainnet,10208051,10208051,0
2020-06-05 22:56:45,mainnet,10208059,10208056,3
2020-06-05 22:58:07,mainnet,10208061,10208061,0
2020-06-05 22:59:55,mainnet,10208067,10208067,0
2020-06-05 23:01:20,mainnet,10208080,10208080,0
2020-06-05 23:03:17,mainnet,10208085,10208084,1
2020-06-05 23:04:52,mainnet,10208090,10208088,2
2020-06-05 23:06:18,mainnet,10208096,10208096,0
2020-06-05 23:07:43,mainnet,10208100,10208100,0
2020-06-05 23:09:07,mainnet,10208107,10208107,0
2020-06-05 23:10:39,mainnet,10208116,10208116,0
2020-06-05 23:12:05,mainnet,10208122,10208122,0
2020-06-05 23:13:28,mainnet,10208125,10208125,0
2020-06-05 23:14:55,mainnet,10208131,10208130,1
2020-06-05 23:16:20,mainnet,10208137,10208139,-2
2020-06-05 23:18:03,mainnet,10208144,10208143,1
2020-06-05 23:19:40,mainnet,10208151,10208151,0
2020-06-05 23:21:05,mainnet,10208154,10208154,0
2020-06-05 23:22:27,mainnet,10208159,10208157,2
2020-06-05 23:23:57,mainnet,10208165,10208165,0
2020-06-05 23:25:21,mainnet,10208173,10208173,0
2020-06-05 23:27:00,mainnet,10208183,10208183,0
2020-06-05 23:28:29,mainnet,10208193,10208193,0
2020-06-05 23:30:13,mainnet,10208199,10208199,0
2020-06-05 23:31:57,mainnet,10208207,10208207,0
2020-06-05 23:33:33,mainnet,10208212,10208212,0
2020-06-05 23:35:06,mainnet,10208218,10208215,3
2020-06-05 23:36:30,mainnet,10208226,10208224,2
2020-06-05 23:37:56,mainnet,10208235,10208233,2
2020-06-05 23:39:22,mainnet,10208248,10208248,0
2020-06-05 23:41:00,mainnet,10208255,10208253,2
2020-06-05 23:42:22,mainnet,10208260,10208260,0
2020-06-05 23:43:47,mainnet,10208261,10208261,0
2020-06-05 23:45:14,mainnet,10208269,10208269,0
2020-06-05 23:46:41,mainnet,10208272,10208272,0
2020-06-05 23:48:08,mainnet,10208280,10208280,0
2020-06-05 23:49:41,mainnet,10208284,10208284,0
2020-06-05 23:51:04,mainnet,10208297,10208296,1
2020-06-05 23:52:42,mainnet,10208307,10208307,0
2020-06-05 23:54:08,mainnet,10208312,10208312,0
2020-06-05 23:55:54,mainnet,10208316,10208315,1
2020-06-05 23:57:24,mainnet,10208324,10208323,1
2020-06-05 23:58:49,mainnet,10208331,10208331,0
2020-06-06 00:00:18,mainnet,10208340,10208340,0
2020-06-06 00:01:45,mainnet,10208349,10208348,1
2020-06-06 00:03:10,mainnet,10208352,10208352,0
2020-06-06 00:04:35,mainnet,10208358,10208358,0
2020-06-06 00:06:09,mainnet,10208367,10208367,0
2020-06-06 00:07:34,mainnet,10208372,10208372,0
2020-06-06 00:08:56,mainnet,10208377,10208376,1
2020-06-06 00:10:32,mainnet,10208381,10208381,0
2020-06-06 00:11:58,mainnet,10208389,10208388,1
2020-06-06 00:13:29,mainnet,10208395,10208392,3
2020-06-06 00:14:58,mainnet,10208403,10208402,1
2020-06-06 00:16:23,mainnet,10208405,10208405,0
2020-06-06 00:17:46,mainnet,10208410,10208410,0
2020-06-06 00:19:10,mainnet,10208414,10208414,0
2020-06-06 00:20:38,mainnet,10208427,10208427,0
2020-06-06 00:22:04,mainnet,10208433,10208432,1
2020-06-06 00:23:27,mainnet,10208442,10208442,0
2020-06-06 00:25:04,mainnet,10208447,10208447,0
2020-06-06 00:26:35,mainnet,10208450,10208450,0
2020-06-06 00:28:01,mainnet,10208452,10208452,0
2020-06-06 00:29:26,mainnet,10208457,10208457,0
2020-06-06 00:30:51,mainnet,10208463,10208461,2
2020-06-06 00:32:20,mainnet,10208467,10208467,0
2020-06-06 00:33:50,mainnet,10208474,10208474,0
2020-06-06 00:35:14,mainnet,10208477,10208477,0
2020-06-06 00:36:36,mainnet,10208483,10208483,0
2020-06-06 00:38:06,mainnet,10208489,10208489,0
2020-06-06 00:39:36,mainnet,10208494,10208494,0
2020-06-06 00:40:58,mainnet,10208498,10208498,0
2020-06-06 00:42:21,mainnet,10208502,10208502,0
2020-06-06 00:45:14,mainnet,10208516,10208516,0
2020-06-06 00:46:38,mainnet,10208527,10208522,5
2020-06-06 00:48:21,mainnet,10208536,10208536,0
2020-06-06 00:49:47,mainnet,10208543,10208542,1
2020-06-06 00:51:27,mainnet,10208552,10208551,1
2020-06-06 00:52:51,mainnet,10208556,10208556,0
2020-06-06 00:54:17,mainnet,10208565,10208563,2
2020-06-06 00:55:51,mainnet,10208573,10208571,2
2020-06-06 00:57:20,mainnet,10208579,10208578,1
2020-06-06 00:58:46,mainnet,10208583,10208583,0
2020-06-06 01:00:11,mainnet,10208589,10208585,4
2020-06-06 01:01:37,mainnet,10208591,10208590,1
2020-06-06 01:03:00,mainnet,10208598,10208594,4
2020-06-06 01:04:22,mainnet,10208606,10208605,1
2020-06-06 01:05:47,mainnet,10208615,10208605,10
2020-06-06 01:07:18,mainnet,10208620,10208620,0
2020-06-06 01:08:48,mainnet,10208623,10208623,0
2020-06-06 01:10:11,mainnet,10208625,10208625,0
2020-06-06 01:11:34,mainnet,10208632,10208630,2
2020-06-06 01:12:56,mainnet,10208639,10208636,3
2020-06-06 01:14:31,mainnet,10208643,10208643,0
2020-06-06 01:15:55,mainnet,10208651,10208649,2
2020-06-06 01:17:19,mainnet,10208660,10208659,1
2020-06-06 01:18:53,mainnet,10208666,10208666,0
2020-06-06 01:20:16,mainnet,10208672,10208670,2
2020-06-06 01:21:43,mainnet,10208682,10208681,1
2020-06-06 01:23:13,mainnet,10208687,10208687,0
2020-06-06 01:24:36,mainnet,10208693,10208693,0
2020-06-06 01:26:11,mainnet,10208700,10208700,0
2020-06-06 01:27:36,mainnet,10208705,10208705,0
2020-06-06 01:28:59,mainnet,10208713,10208713,0
2020-06-06 01:30:37,mainnet,10208716,10208716,0
2020-06-06 01:32:00,mainnet,10208723,10208723,0
2020-06-06 01:33:34,mainnet,10208728,10208728,0
2020-06-06 01:35:02,mainnet,10208737,10208737,0
2020-06-06 01:36:25,mainnet,10208740,10208740,0
2020-06-06 01:37:49,mainnet,10208745,10208745,0
2020-06-06 01:39:20,mainnet,10208752,10208752,0
2020-06-06 01:40:49,mainnet,10208761,10208761,0
2020-06-06 01:42:14,mainnet,10208769,10208770,-1
2020-06-06 01:43:41,mainnet,10208778,10208778,0
2020-06-06 01:45:13,mainnet,10208786,10208786,0
2020-06-06 01:46:51,mainnet,10208795,10208794,1
2020-06-06 01:48:14,mainnet,10208802,10208802,0
2020-06-06 01:49:45,mainnet,10208815,10208814,1
2020-06-06 01:51:19,mainnet,10208824,10208824,0
2020-06-06 01:52:52,mainnet,10208830,10208830,0
2020-06-06 01:54:15,mainnet,10208837,10208837,0
2020-06-06 01:55:49,mainnet,10208844,10208844,0
2020-06-06 01:57:12,mainnet,10208848,10208848,0
2020-06-06 01:58:42,mainnet,10208856,10208856,0
2020-06-06 02:00:08,mainnet,10208860,10208860,0
2020-06-06 02:01:34,mainnet,10208864,10208864,0
2020-06-06 02:03:03,mainnet,10208874,10208874,0
2020-06-06 02:04:39,mainnet,10208882,10208883,-1
2020-06-06 02:06:06,mainnet,10208887,10208887,0
2020-06-06 02:07:29,mainnet,10208901,10208894,7
2020-06-06 02:09:09,mainnet,10208906,10208907,-1
2020-06-06 02:10:33,mainnet,10208913,10208911,2
2020-06-06 02:11:56,mainnet,10208922,10208922,0
2020-06-06 02:13:31,mainnet,10208928,10208928,0
2020-06-06 02:15:03,mainnet,10208936,10208936,0
2020-06-06 02:16:25,mainnet,10208943,10208941,2
2020-06-06 02:17:53,mainnet,10208949,10208948,1
2020-06-06 02:19:19,mainnet,10208956,10208956,0
2020-06-06 02:20:44,mainnet,10208963,10208963,0
2020-06-06 02:22:20,mainnet,10208975,10208975,0
2020-06-06 02:23:43,mainnet,10208986,10208986,0
2020-06-06 02:25:10,mainnet,10208996,10208994,2
2020-06-06 02:26:36,mainnet,10209006,10209006,0
2020-06-06 02:28:04,mainnet,10209009,10209009,0
2020-06-06 02:29:31,mainnet,10209016,10209015,1
2020-06-06 02:30:59,mainnet,10209024,10209024,0
2020-06-06 02:32:21,mainnet,10209031,10209030,1
2020-06-06 02:33:43,mainnet,10209034,10209034,0
2020-06-06 02:35:09,mainnet,10209041,10209034,7
2020-06-06 02:36:34,mainnet,10209043,10209043,0
2020-06-06 02:38:02,mainnet,10209048,10209048,0
2020-06-06 02:39:32,mainnet,10209051,10209050,1
2020-06-06 02:41:01,mainnet,10209056,10209056,0
2020-06-06 02:42:29,mainnet,10209065,10209062,3
2020-06-06 02:43:58,mainnet,10209067,10209067,0
2020-06-06 02:45:27,mainnet,10209069,10209069,0
2020-06-06 02:46:50,mainnet,10209080,10209079,1
2020-06-06 02:48:18,mainnet,10209083,10209083,0
2020-06-06 02:49:40,mainnet,10209092,10209090,2
2020-06-06 02:51:09,mainnet,10209095,10209094,1
2020-06-06 02:52:31,mainnet,10209104,10209101,3
2020-06-06 02:53:55,mainnet,10209109,10209109,0
2020-06-06 02:55:18,mainnet,10209122,10209122,0
2020-06-06 02:56:41,mainnet,10209125,10209125,0
2020-06-06 02:58:09,mainnet,10209133,10209128,5
2020-06-06 02:59:35,mainnet,10209144,10209135,9
2020-06-06 03:00:58,mainnet,10209151,10209149,2
2020-06-06 03:02:20,mainnet,10209157,10209157,0
2020-06-06 03:03:48,mainnet,10209166,10209166,0
2020-06-06 03:05:40,mainnet,10209175,10209174,1
2020-06-06 03:07:04,mainnet,10209180,10209180,0
2020-06-06 03:08:30,mainnet,10209189,10209189,0
2020-06-06 03:09:54,mainnet,10209196,10209196,0
2020-06-06 03:11:16,mainnet,10209201,10209201,0
2020-06-06 03:12:49,mainnet,10209207,10209207,0
2020-06-06 03:14:23,mainnet,10209214,10209214,0
2020-06-06 03:15:51,mainnet,10209223,10209223,0
2020-06-06 03:17:15,mainnet,10209232,10209232,0
2020-06-06 03:18:41,mainnet,10209245,10209244,1
2020-06-06 03:20:08,mainnet,10209251,10209251,0
2020-06-06 03:21:37,mainnet,10209255,10209255,0
2020-06-06 03:23:00,mainnet,10209258,10209258,0
2020-06-06 03:24:32,mainnet,10209265,10209265,0
2020-06-06 03:25:57,mainnet,10209269,10209268,1
2020-06-06 03:27:29,mainnet,10209272,10209272,0
2020-06-06 03:28:59,mainnet,10209281,10209281,0
2020-06-06 03:30:24,mainnet,10209286,10209286,0
2020-06-06 03:31:49,mainnet,10209293,10209293,0
2020-06-06 03:33:14,mainnet,10209299,10209299,0
2020-06-06 03:34:44,mainnet,10209302,10209302,0
2020-06-06 03:36:15,mainnet,10209309,10209309,0
2020-06-06 03:37:58,mainnet,10209314,10209309,5
2020-06-06 03:39:23,mainnet,10209322,10209322,0
2020-06-06 03:40:46,mainnet,10209331,10209331,0
2020-06-06 03:42:17,mainnet,10209339,10209339,0
2020-06-06 03:43:51,mainnet,10209343,10209343,0
2020-06-06 03:45:20,mainnet,10209347,10209348,-1
2020-06-06 03:46:45,mainnet,10209352,10209353,-1
2020-06-06 03:48:11,mainnet,10209359,10209359,0
2020-06-06 03:49:36,mainnet,10209361,10209361,0
2020-06-06 03:51:06,mainnet,10209371,10209371,0
2020-06-06 03:52:28,mainnet,10209375,10209373,2
2020-06-06 03:53:52,mainnet,10209378,10209378,0
2020-06-06 03:55:16,mainnet,10209384,10209384,0
2020-06-06 03:56:38,mainnet,10209393,10209393,0
2020-06-06 03:58:02,mainnet,10209398,10209398,0
2020-06-06 03:59:31,mainnet,10209400,10209400,0
2020-06-06 04:01:00,mainnet,10209404,10209404,0
2020-06-06 04:02:24,mainnet,10209409,10209408,1
2020-06-06 04:03:47,mainnet,10209413,10209413,0
2020-06-06 04:05:11,mainnet,10209415,10209415,0
2020-06-06 04:06:36,mainnet,10209420,10209419,1
2020-06-06 04:08:03,mainnet,10209427,10209427,0
2020-06-06 04:09:34,mainnet,10209434,10209434,0
2020-06-06 04:11:04,mainnet,10209440,10209440,0
2020-06-06 04:12:30,mainnet,10209444,10209444,0
2020-06-06 04:13:54,mainnet,10209451,10209450,1
2020-06-06 04:15:30,mainnet,10209459,10209459,0
2020-06-06 04:17:00,mainnet,10209466,10209466,0
2020-06-06 04:18:28,mainnet,10209472,10209471,1
2020-06-06 04:20:10,mainnet,10209480,10209476,4
2020-06-06 04:21:33,mainnet,10209486,10209485,1
2020-06-06 04:22:55,mainnet,10209494,10209494,0
2020-06-06 04:24:22,mainnet,10209502,10209502,0
2020-06-06 04:25:44,mainnet,10209512,10209513,-1
2020-06-06 04:27:11,mainnet,10209522,10209522,0
2020-06-06 04:28:39,mainnet,10209529,10209529,0
2020-06-06 04:30:02,mainnet,10209537,10209537,0
2020-06-06 04:31:33,mainnet,10209541,10209541,0
2020-06-06 04:32:59,mainnet,10209545,10209545,0
2020-06-06 04:34:28,mainnet,10209548,10209548,0
2020-06-06 04:35:56,mainnet,10209553,10209553,0
2020-06-06 04:37:19,mainnet,10209558,10209557,1
2020-06-06 04:38:58,mainnet,10209565,10209563,2
2020-06-06 04:40:51,mainnet,10209575,10209571,4
2020-06-06 04:42:19,mainnet,10209577,10209577,0
2020-06-06 04:43:42,mainnet,10209579,10209580,-1
2020-06-06 04:45:08,mainnet,10209586,10209587,-1
2020-06-06 04:46:34,mainnet,10209591,10209591,0
2020-06-06 04:48:01,mainnet,10209602,10209602,0
2020-06-06 04:49:24,mainnet,10209608,10209608,0
2020-06-06 04:50:51,mainnet,10209622,10209622,0
2020-06-06 04:52:20,mainnet,10209627,10209627,0
2020-06-06 04:53:53,mainnet,10209632,10209632,0
2020-06-06 04:55:21,mainnet,10209635,10209635,0
2020-06-06 04:56:49,mainnet,10209642,10209642,0
2020-06-06 04:58:27,mainnet,10209649,10209649,0
2020-06-06 04:59:57,mainnet,10209656,10209656,0
2020-06-06 05:01:36,mainnet,10209663,10209663,0
2020-06-06 05:03:08,mainnet,10209668,10209667,1
2020-06-06 05:04:33,mainnet,10209674,10209674,0
2020-06-06 05:06:02,mainnet,10209679,10209679,0
2020-06-06 05:07:28,mainnet,10209684,10209684,0
2020-06-06 05:09:01,mainnet,10209689,10209689,0
2020-06-06 05:10:36,mainnet,10209695,10209695,0
2020-06-06 05:11:59,mainnet,10209699,10209699,0
2020-06-06 05:13:21,mainnet,10209706,10209706,0
2020-06-06 05:14:52,mainnet,10209712,10209712,0
2020-06-06 05:16:17,mainnet,10209720,10209720,0
2020-06-06 05:17:52,mainnet,10209729,10209727,2
2020-06-06 05:19:21,mainnet,10209734,10209734,0
2020-06-06 05:20:56,mainnet,10209741,10209741,0
2020-06-06 05:22:24,mainnet,10209750,10209750,0
2020-06-06 05:23:50,mainnet,10209758,10209758,0
2020-06-06 05:25:24,mainnet,10209765,10209765,0
2020-06-06 05:26:57,mainnet,10209771,10209771,0
2020-06-06 05:28:27,mainnet,10209778,10209778,0
2020-06-06 05:30:03,mainnet,10209788,10209785,3
2020-06-06 05:31:26,mainnet,10209796,10209796,0
2020-06-06 05:33:01,mainnet,10209807,10209807,0
2020-06-06 05:34:34,mainnet,10209814,10209814,0
2020-06-06 05:35:58,mainnet,10209824,10209821,3
2020-06-06 05:37:36,mainnet,10209830,10209830,0
2020-06-06 05:39:04,mainnet,10209836,10209835,1
2020-06-06 05:40:29,mainnet,10209841,10209841,0
2020-06-06 05:42:00,mainnet,10209847,10209848,-1
2020-06-06 05:43:25,mainnet,10209856,10209856,0
2020-06-06 05:44:53,mainnet,10209860,10209860,0
2020-06-06 05:46:16,mainnet,10209868,10209866,2
2020-06-06 05:47:40,mainnet,10209870,10209870,0
2020-06-06 05:49:05,mainnet,10209876,10209876,0
2020-06-06 05:50:33,mainnet,10209880,10209881,-1
2020-06-06 05:52:12,mainnet,10209888,10209888,0
2020-06-06 05:53:43,mainnet,10209894,10209894,0
2020-06-06 05:55:08,mainnet,10209899,10209897,2
2020-06-06 05:56:38,mainnet,10209905,10209905,0
2020-06-06 20:38:14,mainnet,10213812,10154942,58870
2020-06-06 20:39:39,mainnet,10213821,10154990,58831
2020-06-06 20:41:21,mainnet,10213835,10155093,58742
2020-06-06 20:42:45,mainnet,10213841,10155189,58652
2020-06-06 20:44:08,mainnet,10213849,10155316,58533
2020-06-06 20:45:30,mainnet,10213851,10155458,58393
2020-06-06 20:47:01,mainnet,10213858,10155603,58255
2020-06-06 20:48:27,mainnet,10213864,10155737,58127
2020-06-06 20:49:56,mainnet,10213868,10155865,58003
2020-06-06 20:51:21,mainnet,10213877,10155991,57886
2020-06-06 20:52:46,mainnet,10213884,10156128,57756
2020-06-06 20:54:13,mainnet,10213887,10156259,57628
2020-06-06 20:55:36,mainnet,10213893,10156371,57522
2020-06-06 20:57:04,mainnet,10213897,10156499,57398
2020-06-06 20:58:26,mainnet,10213911,10156667,57244
2020-06-06 21:00:24,mainnet,10213919,10156796,57123
2020-06-06 21:01:47,mainnet,10213931,10156916,57015
2020-06-06 21:03:18,mainnet,10213935,10157054,56881
2020-06-06 21:04:47,mainnet,10213943,10157176,56767
2020-06-06 21:06:09,mainnet,10213951,10157316,56635
2020-06-06 21:07:39,mainnet,10213954,10157474,56480
2020-06-06 21:09:29,mainnet,10213959,10157630,56329
2020-06-06 21:11:03,mainnet,10213968,10157714,56254
2020-06-06 21:12:34,mainnet,10213974,10157804,56170
2020-06-06 21:13:57,mainnet,10213984,10157883,56101
2020-06-06 21:15:30,mainnet,10213993,10157973,56020
2020-06-06 21:17:09,mainnet,10213996,10158076,55920
2020-06-06 21:18:39,mainnet,10214008,10158243,55765
2020-06-06 21:20:16,mainnet,10214015,10158390,55625
2020-06-06 21:21:38,mainnet,10214023,10158523,55500
2020-06-06 21:23:02,mainnet,10214026,10158688,55338
2020-06-06 21:24:38,mainnet,10214036,10158828,55208
2020-06-06 21:26:08,mainnet,10214041,10158940,55101
2020-06-06 21:27:32,mainnet,10214050,10159102,54948
2020-06-06 21:29:06,mainnet,10214056,10159272,54784
2020-06-06 21:30:33,mainnet,10214064,10159306,54758
2020-06-06 21:31:56,mainnet,10214070,10159421,54649
2020-06-06 21:33:27,mainnet,10214077,10159577,54500
2020-06-06 21:34:51,mainnet,10214079,10159740,54339
2020-06-06 21:36:16,mainnet,10214089,10159883,54206
2020-06-06 21:37:41,mainnet,10214092,10160026,54066
2020-06-06 21:39:06,mainnet,10214101,10160157,53944
2020-06-06 21:40:32,mainnet,10214109,10160247,53862
2020-06-06 21:41:55,mainnet,10214114,10160336,53778
2020-06-06 21:43:17,mainnet,10214120,10160413,53707
2020-06-06 21:44:41,mainnet,10214124,10160484,53640
2020-06-06 21:46:03,mainnet,10214131,10160548,53583
2020-06-06 21:47:26,mainnet,10214140,10160603,53537
2020-06-06 21:48:49,mainnet,10214146,10160668,53478
2020-06-06 21:50:17,mainnet,10214156,10160803,53353
2020-06-06 21:51:39,mainnet,10214161,10160980,53181
2020-06-06 21:53:17,mainnet,10214170,10161207,52963
2020-06-06 21:55:28,mainnet,10214175,10161310,52865
2020-06-06 21:56:56,mainnet,10214181,10161442,52739
2020-06-06 21:58:22,mainnet,10214186,10161589,52597
2020-06-06 21:59:47,mainnet,10214197,10161772,52425
2020-06-06 22:01:34,mainnet,10214203,10161911,52292
2020-06-06 22:03:01,mainnet,10214206,10162058,52148
2020-06-06 22:04:24,mainnet,10214217,10162228,51989
2020-06-06 22:06:08,mainnet,10214223,10162374,51849
2020-06-06 22:08:01,mainnet,10214226,10162484,51742
2020-06-06 22:09:29,mainnet,10214232,10162636,51596
2020-06-06 22:10:57,mainnet,10214236,10162730,51506
2020-06-06 22:12:22,mainnet,10214244,10162801,51443
2020-06-06 22:13:48,mainnet,10214248,10162880,51368
2020-06-06 22:15:13,mainnet,10214258,10162956,51302
2020-06-06 22:16:56,mainnet,10214267,10163026,51241
2020-06-06 22:18:33,mainnet,10214275,10163098,51177
2020-06-06 22:20:02,mainnet,10214285,10163194,51091
2020-06-06 22:21:40,mainnet,10214292,10163289,51003
2020-06-06 22:23:10,mainnet,10214299,10163423,50876
2020-06-06 22:24:45,mainnet,10214305,10163577,50728
2020-06-06 22:26:14,mainnet,10214310,10163707,50603
2020-06-06 22:27:40,mainnet,10214319,10163827,50492
2020-06-06 22:29:05,mainnet,10214325,10163972,50353
2020-06-06 22:30:37,mainnet,10214328,10164076,50252
2020-06-06 22:32:00,mainnet,10214336,10164202,50134
2020-06-06 22:33:29,mainnet,10214346,10164341,50005
2020-06-06 22:35:10,mainnet,10214349,10164478,49871
2020-06-06 22:36:35,mainnet,10214356,10164624,49732
2020-06-06 22:38:02,mainnet,10214359,10164767,49592
2020-06-06 22:39:27,mainnet,10214366,10164880,49486
2020-06-06 22:40:54,mainnet,10214372,10164982,49390
2020-06-06 22:42:17,mainnet,10214375,10165102,49273
2020-06-06 22:43:46,mainnet,10214383,10165235,49148
2020-06-06 22:45:12,mainnet,10214390,10165378,49012
2020-06-06 22:46:35,mainnet,10214400,10165460,48940
2020-06-06 22:47:59,mainnet,10214405,10165546,48859
2020-06-06 22:49:26,mainnet,10214411,10165641,48770
2020-06-06 22:50:55,mainnet,10214421,10165712,48709
2020-06-06 22:52:22,mainnet,10214428,10165786,48642
2020-06-06 22:53:45,mainnet,10214435,10165858,48577
2020-06-06 22:55:14,mainnet,10214441,10165965,48476
2020-06-06 22:56:38,mainnet,10214448,10166095,48353
2020-06-06 22:58:03,mainnet,10214457,10166233,48224
2020-06-06 22:59:46,mainnet,10214468,10166332,48136
2020-06-06 23:01:15,mainnet,10214476,10166467,48009
2020-06-06 23:02:39,mainnet,10214482,10166616,47866
2020-06-06 23:04:01,mainnet,10214486,10166753,47733
2020-06-06 23:05:24,mainnet,10214490,10166906,47584
2020-06-06 23:06:51,mainnet,10214499,10167050,47449
2020-06-06 23:08:14,mainnet,10214504,10167201,47303
2020-06-06 23:09:50,mainnet,10214513,10167368,47145
2020-06-06 23:11:17,mainnet,10214516,10167492,47024
2020-06-06 23:12:53,mainnet,10214524,10167671,46853
2020-06-06 23:14:17,mainnet,10214528,10167817,46711
2020-06-06 23:15:40,mainnet,10214537,10167949,46588
2020-06-06 23:17:03,mainnet,10214544,10168025,46519
2020-06-06 23:18:31,mainnet,10214555,10168099,46456
2020-06-06 23:19:55,mainnet,10214567,10168173,46394
2020-06-06 23:21:17,mainnet,10214574,10168224,46350
2020-06-06 23:22:41,mainnet,10214581,10168279,46302
2020-06-06 23:24:04,mainnet,10214589,10168332,46257
2020-06-06 23:25:30,mainnet,10214596,10168429,46167
2020-06-06 23:26:53,mainnet,10214603,10168540,46063
2020-06-06 23:28:15,mainnet,10214607,10168648,45959
2020-06-06 23:29:44,mainnet,10214613,10168758,45855
2020-06-06 23:31:09,mainnet,10214618,10168875,45743
2020-06-06 23:32:35,mainnet,10214622,10168993,45629
2020-06-06 23:33:58,mainnet,10214628,10169121,45507
2020-06-06 23:35:22,mainnet,10214630,10169247,45383
2020-06-06 23:36:56,mainnet,10214634,10169366,45268
2020-06-06 23:38:30,mainnet,10214638,10169498,45140
2020-06-06 23:39:59,mainnet,10214647,10169630,45017
2020-06-06 23:41:32,mainnet,10214660,10169779,44881
2020-06-06 23:43:07,mainnet,10214666,10169912,44754
2020-06-06 23:44:33,mainnet,10214672,10170035,44637
2020-06-06 23:45:57,mainnet,10214677,10170154,44523
2020-06-06 23:47:20,mainnet,10214686,10170255,44431
2020-06-06 23:48:44,mainnet,10214693,10170387,44306
2020-06-06 23:50:07,mainnet,10214698,10170519,44179
2020-06-06 23:51:30,mainnet,10214702,10170611,44091
2020-06-06 23:52:52,mainnet,10214708,10170708,44000
2020-06-06 23:54:48,mainnet,10214716,10170799,43917
2020-06-06 23:56:19,mainnet,10214721,10170862,43859
2020-06-06 23:57:41,mainnet,10214729,10170954,43775
2020-06-06 23:59:10,mainnet,10214733,10171049,43684
2020-06-07 00:00:40,mainnet,10214737,10171205,43532
2020-06-07 00:02:18,mainnet,10214743,10171346,43397
2020-06-07 00:04:02,mainnet,10214754,10171543,43211
2020-06-07 00:05:48,mainnet,10214761,10171702,43059
2020-06-07 00:07:22,mainnet,10214769,10171841,42928
2020-06-07 00:08:47,mainnet,10214778,10171986,42792
2020-06-07 00:10:30,mainnet,10214783,10172137,42646
2020-06-07 00:11:57,mainnet,10214793,10172292,42501
2020-06-07 00:13:21,mainnet,10214799,10172469,42330
2020-06-07 00:14:55,mainnet,10214805,10172614,42191
2020-06-07 00:16:25,mainnet,10214810,10172760,42050
2020-06-07 00:17:48,mainnet,10214820,10172903,41917
2020-06-07 00:19:14,mainnet,10214832,10173039,41793
2020-06-07 00:20:57,mainnet,10214842,10173174,41668
2020-06-07 00:22:21,mainnet,10214848,10173268,41580
2020-06-07 00:23:45,mainnet,10214851,10173356,41495
2020-06-07 00:25:22,mainnet,10214859,10173444,41415
2020-06-07 00:26:47,mainnet,10214865,10173517,41348
2020-06-07 00:28:13,mainnet,10214872,10173588,41284
2020-06-07 00:29:40,mainnet,10214878,10173664,41214
2020-06-07 00:31:10,mainnet,10214883,10173782,41101
2020-06-07 00:32:35,mainnet,10214887,10173915,40972
2020-06-07 00:33:58,mainnet,10214898,10174111,40787
2020-06-07 00:35:54,mainnet,10214901,10174252,40649
2020-06-07 00:37:19,mainnet,10214908,10174387,40521
2020-06-07 00:38:42,mainnet,10214918,10174511,40407
2020-06-07 00:40:05,mainnet,10214923,10174626,40297
2020-06-07 00:41:30,mainnet,10214931,10174766,40165
2020-06-07 00:42:55,mainnet,10214938,10174897,40041
2020-06-07 00:44:20,mainnet,10214944,10175028,39916
2020-06-07 00:45:46,mainnet,10214948,10175162,39786
2020-06-07 00:47:12,mainnet,10214955,10175306,39649
2020-06-07 00:48:50,mainnet,10214961,10175465,39496
2020-06-07 00:50:33,mainnet,10214969,10175584,39385
2020-06-07 00:51:59,mainnet,10214974,10175720,39254
2020-06-07 00:53:26,mainnet,10214979,10175840,39139
2020-06-07 00:54:52,mainnet,10214985,10175922,39063
2020-06-07 00:56:16,mainnet,10214990,10176008,38982
2020-06-07 00:57:45,mainnet,10215000,10176080,38920
2020-06-07 00:59:18,mainnet,10215007,10176145,38862
2020-06-07 01:00:44,mainnet,10215016,10176222,38794
2020-06-07 01:02:10,mainnet,10215020,10176284,38736
2020-06-07 01:03:36,mainnet,10215029,10176411,38618
2020-06-07 01:05:32,mainnet,10215040,10176565,38475
2020-06-07 01:06:55,mainnet,10215044,10176713,38331
2020-06-07 01:08:20,mainnet,10215048,10176866,38182
2020-06-07 01:09:44,mainnet,10215054,10177001,38053
2020-06-07 01:11:13,mainnet,10215063,10177150,37913
2020-06-07 01:12:37,mainnet,10215065,10177280,37785
2020-06-07 01:13:59,mainnet,10215071,10177387,37684
2020-06-07 01:15:22,mainnet,10215080,10177549,37531
2020-06-07 01:16:46,mainnet,10215090,10177686,37404
2020-06-07 01:18:09,mainnet,10215099,10177811,37288
2020-06-07 01:19:39,mainnet,10215110,10177974,37136
2020-06-07 01:21:03,mainnet,10215114,10178121,36993
2020-06-07 01:22:28,mainnet,10215121,10178277,36844
2020-06-07 01:23:53,mainnet,10215126,10178416,36710
2020-06-07 01:25:18,mainnet,10215131,10178557,36574
2020-06-07 01:26:43,mainnet,10215140,10178641,36499
2020-06-07 01:28:14,mainnet,10215146,10178742,36404
2020-06-07 01:29:46,mainnet,10215151,10178831,36320
2020-06-07 01:31:08,mainnet,10215161,10178908,36253
2020-06-07 01:32:31,mainnet,10215168,10178994,36174
2020-06-07 01:34:02,mainnet,10215174,10179058,36116
2020-06-07 01:35:26,mainnet,10215180,10179203,35977
2020-06-07 01:36:51,mainnet,10215189,10179352,35837
2020-06-07 01:38:14,mainnet,10215198,10179489,35709
2020-06-07 01:39:39,mainnet,10215203,10179654,35549
2020-06-07 01:41:05,mainnet,10215208,10179802,35406
2020-06-07 01:42:33,mainnet,10215216,10179908,35308
2020-06-07 01:43:56,mainnet,10215224,10180047,35177
2020-06-07 01:45:26,mainnet,10215231,10180194,35037
2020-06-07 01:46:50,mainnet,10215240,10180352,34888
2020-06-07 01:48:13,mainnet,10215246,10180507,34739
2020-06-07 01:49:40,mainnet,10215252,10180654,34598
2020-06-07 01:51:05,mainnet,10215256,10180788,34468
2020-06-07 01:52:30,mainnet,10215261,10180975,34286
2020-06-07 01:54:18,mainnet,10215271,10181097,34174
2020-06-07 01:55:42,mainnet,10215277,10181189,34088
2020-06-07 01:57:06,mainnet,10215283,10181304,33979
2020-06-07 01:58:29,mainnet,10215289,10181388,33901
2020-06-07 01:59:55,mainnet,10215293,10181469,33824
2020-06-07 02:01:19,mainnet,10215299,10181533,33766
2020-06-07 02:02:44,mainnet,10215300,10181614,33686
2020-06-07 02:04:11,mainnet,10215309,10181729,33580
2020-06-07 02:05:36,mainnet,10215317,10181846,33471
2020-06-07 02:07:04,mainnet,10215323,10181968,33355
2020-06-07 02:08:26,mainnet,10215327,10182096,33231
2020-06-07 02:09:49,mainnet,10215336,10182250,33086
2020-06-07 02:11:13,mainnet,10215338,10182385,32953
2020-06-07 02:12:38,mainnet,10215345,10182494,32851
2020-06-07 02:14:08,mainnet,10215352,10182641,32711
2020-06-07 02:15:30,mainnet,10215361,10182798,32563
2020-06-07 02:17:08,mainnet,10215370,10182987,32383
2020-06-07 02:18:47,mainnet,10215376,10183133,32243
2020-06-07 02:20:10,mainnet,10215383,10183271,32112
2020-06-07 02:21:32,mainnet,10215386,10183407,31979
2020-06-07 02:22:59,mainnet,10215394,10183552,31842
2020-06-07 02:24:24,mainnet,10215404,10183707,31697
2020-06-07 02:25:49,mainnet,10215409,10183844,31565
2020-06-07 02:27:15,mainnet,10215417,10183950,31467
2020-06-07 02:28:39,mainnet,10215419,10184062,31357
2020-06-07 02:30:05,mainnet,10215427,10184134,31293
2020-06-07 02:31:28,mainnet,10215432,10184206,31226
2020-06-07 02:32:55,mainnet,10215442,10184288,31154
2020-06-07 02:34:21,mainnet,10215451,10184430,31021
2020-06-07 02:36:14,mainnet,10215454,10184542,30912
2020-06-07 02:37:42,mainnet,10215461,10184692,30769
2020-06-07 02:39:09,mainnet,10215468,10184845,30623
2020-06-07 02:40:34,mainnet,10215474,10184976,30498
2020-06-07 02:41:58,mainnet,10215479,10185097,30382
2020-06-07 02:43:24,mainnet,10215488,10185249,30239
2020-06-07 02:44:49,mainnet,10215495,10185409,30086
2020-06-07 02:46:22,mainnet,10215503,10185559,29944
2020-06-07 02:47:58,mainnet,10215508,10185743,29765
2020-06-07 02:49:51,mainnet,10215513,10185880,29633
2020-06-07 02:51:18,mainnet,10215522,10186031,29491
2020-06-07 02:52:51,mainnet,10215524,10186169,29355
2020-06-07 02:54:22,mainnet,10215528,10186294,29234
2020-06-07 02:55:45,mainnet,10215533,10186368,29165
2020-06-07 02:57:15,mainnet,10215537,10186456,29081
2020-06-07 02:58:45,mainnet,10215545,10186537,29008
2020-06-07 03:00:08,mainnet,10215548,10186613,28935
2020-06-07 03:01:31,mainnet,10215555,10186726,28829
2020-06-07 03:03:22,mainnet,10215562,10186808,28754
2020-06-07 03:04:49,mainnet,10215567,10186913,28654
2020-06-07 03:06:16,mainnet,10215575,10187055,28520
2020-06-07 03:07:38,mainnet,10215581,10187182,28399
2020-06-07 03:09:01,mainnet,10215589,10187330,28259
2020-06-07 03:10:27,mainnet,10215595,10187476,28119
2020-06-07 03:11:55,mainnet,10215601,10187601,28000
2020-06-07 03:13:23,mainnet,10215609,10187758,27851
2020-06-07 03:14:47,mainnet,10215614,10187925,27689
2020-06-07 03:16:15,mainnet,10215621,10188095,27526
2020-06-07 03:17:41,mainnet,10215628,10188223,27405
2020-06-07 03:19:08,mainnet,10215634,10188359,27275
2020-06-07 03:20:34,mainnet,10215641,10188503,27138
2020-06-07 03:22:17,mainnet,10215649,10188710,26939
2020-06-07 03:24:28,mainnet,10215654,10188840,26814
2020-06-07 03:25:56,mainnet,10215660,10188954,26706
2020-06-07 03:27:20,mainnet,10215670,10189059,26611
2020-06-07 03:29:19,mainnet,10215678,10189150,26528
2020-06-07 03:30:47,mainnet,10215687,10189213,26474
2020-06-07 03:32:10,mainnet,10215692,10189264,26428
2020-06-07 03:33:34,mainnet,10215701,10189333,26368
2020-06-07 03:34:59,mainnet,10215707,10189402,26305
2020-06-07 03:36:25,mainnet,10215717,10189502,26215
2020-06-07 03:37:52,mainnet,10215722,10189624,26098
2020-06-07 03:39:31,mainnet,10215734,10189809,25925
2020-06-07 03:41:47,mainnet,10215742,10189948,25794
2020-06-07 03:43:22,mainnet,10215743,10190078,25665
2020-06-07 03:44:50,mainnet,10215750,10190225,25525
2020-06-07 03:46:12,mainnet,10215755,10190360,25395
2020-06-07 03:47:38,mainnet,10215768,10190513,25255
2020-06-07 03:49:05,mainnet,10215771,10190666,25105
2020-06-07 03:50:39,mainnet,10215776,10190830,24946
2020-06-07 03:52:04,mainnet,10215786,10190995,24791
2020-06-07 03:53:27,mainnet,10215788,10191179,24609
2020-06-07 03:55:09,mainnet,10215794,10191311,24483
2020-06-07 03:56:35,mainnet,10215799,10191443,24356
2020-06-07 03:57:59,mainnet,10215805,10191578,24227
2020-06-07 03:59:30,mainnet,10215813,10191685,24128
2020-06-07 04:00:59,mainnet,10215821,10191781,24040
2020-06-07 04:02:29,mainnet,10215831,10191873,23958
2020-06-07 04:04:05,mainnet,10215840,10191953,23887
2020-06-07 04:05:33,mainnet,10215848,10192032,23816
2020-06-07 04:06:57,mainnet,10215854,10192097,23757
2020-06-07 04:08:21,mainnet,10215860,10192208,23652
2020-06-07 04:09:46,mainnet,10215867,10192284,23583
2020-06-07 04:11:10,mainnet,10215873,10192418,23455
2020-06-07 04:12:35,mainnet,10215880,10192564,23316
2020-06-07 04:13:58,mainnet,10215884,10192696,23188
2020-06-07 04:15:23,mainnet,10215891,10192848,23043
2020-06-07 04:16:49,mainnet,10215895,10192994,22901
2020-06-07 04:18:17,mainnet,10215906,10193156,22750
2020-06-07 04:19:44,mainnet,10215916,10193311,22605
2020-06-07 04:21:08,mainnet,10215923,10193463,22460
2020-06-07 04:22:31,mainnet,10215931,10193593,22338
2020-06-07 04:23:54,mainnet,10215935,10193731,22204
2020-06-07 04:25:16,mainnet,10215940,10193870,22070
2020-06-07 04:26:39,mainnet,10215945,10194000,21945
2020-06-07 04:28:06,mainnet,10215948,10194150,21798
2020-06-07 04:29:51,mainnet,10215955,10194220,21735
2020-06-07 04:31:19,mainnet,10215965,10194302,21663
2020-06-07 04:32:50,mainnet,10215968,10194375,21593
2020-06-07 04:34:18,mainnet,10215974,10194449,21525
2020-06-07 04:35:58,mainnet,10215984,10194531,21453
2020-06-07 04:37:27,mainnet,10215993,10194620,21373
2020-06-07 04:39:12,mainnet,10215999,10194775,21224
2020-06-07 04:40:39,mainnet,10216007,10194895,21112
2020-06-07 04:42:02,mainnet,10216014,10195019,20995
2020-06-07 04:43:27,mainnet,10216021,10195146,20875
2020-06-07 04:44:54,mainnet,10216028,10195274,20754
2020-06-07 04:46:18,mainnet,10216037,10195388,20649
2020-06-07 04:47:41,mainnet,10216042,10195502,20540
2020-06-07 04:49:06,mainnet,10216050,10195667,20383
2020-06-07 04:50:58,mainnet,10216056,10195774,20282
2020-06-07 04:52:23,mainnet,10216068,10195906,20162
2020-06-07 04:53:50,mainnet,10216076,10196054,20022
2020-06-07 04:55:16,mainnet,10216078,10196195,19883
2020-06-07 04:56:47,mainnet,10216085,10196336,19749
2020-06-07 04:58:14,mainnet,10216100,10196574,19526
2020-06-07 05:00:15,mainnet,10216108,10196726,19382
2020-06-07 05:01:38,mainnet,10216112,10196841,19271
2020-06-07 05:03:01,mainnet,10216118,10196943,19175
2020-06-07 05:04:31,mainnet,10216121,10197045,19076
2020-06-07 05:05:54,mainnet,10216127,10197131,18996
2020-06-07 05:07:20,mainnet,10216131,10197219,18912
2020-06-07 05:08:46,mainnet,10216136,10197288,18848
2020-06-07 05:10:12,mainnet,10216144,10197484,18660
2020-06-07 05:12:05,mainnet,10216151,10197635,18516
2020-06-07 05:13:29,mainnet,10216164,10197851,18313
2020-06-07 05:15:20,mainnet,10216173,10198053,18120
2020-06-07 05:17:15,mainnet,10216184,10198194,17990
2020-06-07 05:18:41,mainnet,10216188,10198368,17820
2020-06-07 05:20:07,mainnet,10216194,10198599,17595
2020-06-07 05:22:07,mainnet,10216201,10198738,17463
2020-06-07 05:23:40,mainnet,10216212,10198924,17288
2020-06-07 05:25:19,mainnet,10216219,10199080,17139
2020-06-07 05:26:45,mainnet,10216227,10199227,17000
2020-06-07 05:28:08,mainnet,10216234,10199344,16890
2020-06-07 05:29:31,mainnet,10216242,10199449,16793
2020-06-07 05:30:58,mainnet,10216252,10199544,16708
2020-06-07 05:32:24,mainnet,10216262,10199634,16628
2020-06-07 05:33:47,mainnet,10216265,10199720,16545
2020-06-07 05:35:16,mainnet,10216276,10199810,16466
2020-06-07 05:36:39,mainnet,10216280,10199893,16387
2020-06-07 05:38:06,mainnet,10216283,10199999,16284
2020-06-07 05:39:34,mainnet,10216287,10200146,16141
2020-06-07 05:40:59,mainnet,10216295,10200310,15985
2020-06-07 05:42:36,mainnet,10216303,10200447,15856
2020-06-07 05:44:06,mainnet,10216309,10200576,15733
2020-06-07 05:45:28,mainnet,10216315,10200713,15602
2020-06-07 05:47:06,mainnet,10216323,10200877,15446
2020-06-07 05:48:41,mainnet,10216330,10200995,15335
2020-06-07 05:50:07,mainnet,10216338,10201120,15218
2020-06-07 05:51:29,mainnet,10216347,10201243,15104
2020-06-07 05:53:03,mainnet,10216356,10201387,14969
2020-06-07 05:54:29,mainnet,10216362,10201512,14850
2020-06-07 05:55:55,mainnet,10216368,10201637,14731
2020-06-07 05:57:21,mainnet,10216377,10201755,14622
2020-06-07 05:58:44,mainnet,10216382,10201862,14520
2020-06-07 06:00:14,mainnet,10216384,10201943,14441
2020-06-07 06:01:37,mainnet,10216388,10202026,14362
2020-06-07 06:03:03,mainnet,10216396,10202106,14290
2020-06-07 06:04:35,mainnet,10216404,10202170,14234
2020-06-07 06:05:58,mainnet,10216410,10202233,14177
2020-06-07 06:07:20,mainnet,10216417,10202327,14090
2020-06-07 06:09:02,mainnet,10216423,10202463,13960
2020-06-07 06:10:27,mainnet,10216428,10202589,13839
2020-06-07 06:11:57,mainnet,10216431,10202719,13712
2020-06-07 06:13:47,mainnet,10216439,10202922,13517
2020-06-07 06:15:16,mainnet,10216442,10203091,13351
2020-06-07 06:16:53,mainnet,10216450,10203224,13226
2020-06-07 06:18:18,mainnet,10216455,10203365,13090
2020-06-07 06:19:45,mainnet,10216458,10203512,12946
2020-06-07 06:21:08,mainnet,10216462,10203652,12810
2020-06-07 06:22:34,mainnet,10216469,10203802,12667
2020-06-07 06:23:56,mainnet,10216476,10203953,12523
2020-06-07 06:25:23,mainnet,10216484,10204117,12367
2020-06-07 06:26:55,mainnet,10216491,10204266,12225
2020-06-07 06:28:22,mainnet,10216495,10204437,12058
2020-06-07 06:29:51,mainnet,10216502,10204568,11934
2020-06-07 06:31:46,mainnet,10216510,10204676,11834
2020-06-07 06:33:20,mainnet,10216515,10204766,11749
2020-06-07 06:34:49,mainnet,10216524,10204843,11681
2020-06-07 06:36:16,mainnet,10216530,10204929,11601
2020-06-07 06:37:47,mainnet,10216540,10205022,11518
2020-06-07 06:39:15,mainnet,10216546,10205125,11421
2020-06-07 06:40:40,mainnet,10216552,10205262,11290
2020-06-07 06:42:07,mainnet,10216560,10205409,11151
2020-06-07 06:43:36,mainnet,10216566,10205536,11030
2020-06-07 06:44:58,mainnet,10216572,10205676,10896
2020-06-07 06:46:29,mainnet,10216578,10205779,10799
2020-06-07 06:47:55,mainnet,10216579,10205948,10631
2020-06-07 06:49:32,mainnet,10216591,10206123,10468
2020-06-07 06:51:04,mainnet,10216601,10206296,10305
2020-06-07 06:52:29,mainnet,10216605,10206475,10130
2020-06-07 06:54:00,mainnet,10216609,10206633,9976
2020-06-07 06:55:31,mainnet,10216616,10206791,9825
2020-06-07 06:57:05,mainnet,10216622,10206965,9657
2020-06-07 06:58:36,mainnet,10216630,10207058,9572
2020-06-07 06:59:59,mainnet,10216635,10207159,9476
2020-06-07 07:01:27,mainnet,10216641,10207238,9403
2020-06-07 07:02:50,mainnet,10216651,10207294,9357
2020-06-07 07:04:14,mainnet,10216657,10207364,9293
2020-06-07 07:05:44,mainnet,10216672,10207448,9224
2020-06-07 07:07:12,mainnet,10216677,10207583,9094
2020-06-07 07:08:45,mainnet,10216683,10207708,8975
2020-06-07 07:10:20,mainnet,10216690,10207815,8875
2020-06-07 07:11:45,mainnet,10216695,10207928,8767
2020-06-07 07:13:09,mainnet,10216706,10208045,8661
2020-06-07 07:14:32,mainnet,10216713,10208182,8531
2020-06-07 07:16:06,mainnet,10216724,10208305,8419
2020-06-07 07:17:40,mainnet,10216733,10208438,8295
2020-06-07 07:19:04,mainnet,10216740,10208566,8174
2020-06-07 07:20:29,mainnet,10216746,10208711,8035
2020-06-07 07:22:05,mainnet,10216751,10208867,7884
2020-06-07 07:24:05,mainnet,10216764,10209002,7762
2020-06-07 07:25:30,mainnet,10216773,10209144,7629
2020-06-07 07:26:53,mainnet,10216778,10209303,7475
2020-06-07 07:28:20,mainnet,10216789,10209459,7330
2020-06-07 07:29:43,mainnet,10216797,10209608,7189
2020-06-07 07:31:10,mainnet,10216805,10209740,7065
2020-06-07 07:33:08,mainnet,10216811,10209834,6977
2020-06-07 07:34:33,mainnet,10216821,10209932,6889
2020-06-07 07:35:58,mainnet,10216826,10210008,6818
2020-06-07 07:37:29,mainnet,10216835,10210092,6743
2020-06-07 07:38:54,mainnet,10216842,10210168,6674
2020-06-07 07:40:16,mainnet,10216849,10210288,6561
2020-06-07 07:41:51,mainnet,10216860,10210448,6412
2020-06-07 07:43:22,mainnet,10216871,10210595,6276
2020-06-07 07:44:49,mainnet,10216883,10210730,6153
2020-06-07 07:46:13,mainnet,10216884,10210880,6004
2020-06-07 07:47:36,mainnet,10216896,10210981,5915
2020-06-07 07:48:58,mainnet,10216901,10211146,5755
2020-06-07 07:50:25,mainnet,10216907,10211309,5598
2020-06-07 07:51:50,mainnet,10216911,10211459,5452
2020-06-07 07:53:18,mainnet,10216915,10211607,5308
2020-06-07 07:54:48,mainnet,10216924,10211745,5179
2020-06-07 07:56:11,mainnet,10216933,10211893,5040
2020-06-07 07:57:35,mainnet,10216939,10212049,4890
2020-06-07 07:59:02,mainnet,10216950,10212207,4743
2020-06-07 08:00:32,mainnet,10216957,10212291,4666
2020-06-07 08:01:55,mainnet,10216960,10212398,4562
2020-06-07 08:03:21,mainnet,10216970,10212534,4436
2020-06-07 08:05:34,mainnet,10216977,10212630,4347
2020-06-07 08:07:01,mainnet,10216981,10212716,4265
2020-06-07 08:08:27,mainnet,10216991,10212805,4186
2020-06-07 08:09:52,mainnet,10216996,10212884,4112
2020-06-07 08:11:22,mainnet,10217003,10213007,3996
2020-06-07 08:12:55,mainnet,10217010,10213160,3850
2020-06-07 08:14:35,mainnet,10217017,10213283,3734
2020-06-07 08:16:09,mainnet,10217023,10213435,3588
2020-06-07 08:17:37,mainnet,10217032,10213563,3469
2020-06-07 08:19:00,mainnet,10217038,10213704,3334
2020-06-07 08:20:24,mainnet,10217045,10213850,3195
2020-06-07 08:21:46,mainnet,10217051,10213981,3070
2020-06-07 08:23:11,mainnet,10217058,10214103,2955
2020-06-07 08:24:36,mainnet,10217062,10214227,2835
2020-06-07 08:25:59,mainnet,10217070,10214368,2702
2020-06-07 08:27:36,mainnet,10217078,10214501,2577
2020-06-07 08:29:13,mainnet,10217085,10214636,2449
2020-06-07 08:30:37,mainnet,10217089,10214750,2339
2020-06-07 08:32:04,mainnet,10217097,10214869,2228
2020-06-07 08:33:27,mainnet,10217102,10214950,2152
2020-06-07 08:35:00,mainnet,10217106,10215027,2079
2020-06-07 08:36:22,mainnet,10217113,10215109,2004
2020-06-07 08:37:55,mainnet,10217118,10215192,1926
2020-06-07 08:39:20,mainnet,10217128,10215283,1845
2020-06-07 08:40:44,mainnet,10217136,10215359,1777
2020-06-07 08:42:16,mainnet,10217144,10215462,1682
2020-06-07 08:43:42,mainnet,10217150,10215605,1545
2020-06-07 08:45:05,mainnet,10217159,10215773,1386
2020-06-07 08:46:29,mainnet,10217165,10215940,1225
2020-06-07 08:47:54,mainnet,10217173,10216100,1073
2020-06-07 08:49:19,mainnet,10217181,10216264,917
2020-06-07 08:50:42,mainnet,10217188,10216416,772
2020-06-07 08:52:16,mainnet,10217196,10216593,603
2020-06-07 08:53:42,mainnet,10217203,10216745,458
2020-06-07 08:55:10,mainnet,10217210,10216882,328
2020-06-07 08:56:34,mainnet,10217217,10217040,177
2020-06-07 08:57:58,mainnet,10217224,10217192,32
2020-06-07 08:59:24,mainnet,10217227,10217227,0
2020-06-07 09:01:05,mainnet,10217231,10217231,0
2020-06-07 09:02:28,mainnet,10217236,10217236,0
2020-06-07 09:04:04,mainnet,10217243,10217243,0
2020-06-07 09:05:40,mainnet,10217252,10217251,1
2020-06-07 09:07:09,mainnet,10217255,10217255,0
2020-06-07 09:08:38,mainnet,10217265,10217262,3
2020-06-07 09:10:02,mainnet,10217268,10217266,2
2020-06-07 09:11:34,mainnet,10217275,10217275,0
2020-06-07 09:13:01,mainnet,10217282,10217279,3
2020-06-07 09:14:30,mainnet,10217290,10217288,2
2020-06-07 09:16:04,mainnet,10217299,10217298,1
2020-06-07 09:17:29,mainnet,10217303,10217298,5
2020-06-07 09:18:57,mainnet,10217308,10217308,0
2020-06-07 09:20:22,mainnet,10217313,10217313,0
2020-06-07 09:21:48,mainnet,10217318,10217318,0
2020-06-07 09:23:17,mainnet,10217324,10217324,0
2020-06-07 09:24:51,mainnet,10217332,10217332,0
2020-06-07 09:26:27,mainnet,10217337,10217337,0
2020-06-07 09:28:02,mainnet,10217340,10217341,-1
2020-06-07 09:29:25,mainnet,10217346,10217345,1
2020-06-07 09:30:49,mainnet,10217351,10217350,1
2020-06-07 09:32:17,mainnet,10217363,10217362,1
2020-06-07 09:33:44,mainnet,10217369,10217369,0
2020-06-07 09:35:07,mainnet,10217376,10217376,0
2020-06-07 09:36:32,mainnet,10217383,10217383,0
2020-06-07 09:38:05,mainnet,10217391,10217390,1
2020-06-07 09:40:00,mainnet,10217397,10217397,0
2020-06-07 09:41:50,mainnet,10217406,10217406,0
2020-06-07 09:43:22,mainnet,10217411,10217411,0
2020-06-07 09:44:54,mainnet,10217420,10217420,0
2020-06-07 09:46:28,mainnet,10217425,10217422,3
2020-06-07 09:47:51,mainnet,10217433,10217422,11
2020-06-07 09:49:21,mainnet,10217440,10217437,3
2020-06-07 09:51:43,mainnet,10217450,10217448,2
2020-06-07 09:53:08,mainnet,10217456,10217455,1
2020-06-07 09:54:33,mainnet,10217462,10217461,1
2020-06-07 09:56:11,mainnet,10217469,10217469,0
2020-06-07 09:57:34,mainnet,10217477,10217477,0
2020-06-07 09:59:02,mainnet,10217486,10217486,0
2020-06-07 10:00:41,mainnet,10217490,10217490,0
2020-06-07 10:02:13,mainnet,10217495,10217495,0
2020-06-07 10:03:36,mainnet,10217498,10217498,0
2020-06-07 10:05:01,mainnet,10217502,10217502,0
2020-06-07 10:06:28,mainnet,10217510,10217510,0
2020-06-07 10:07:54,mainnet,10217516,10217516,0
2020-06-07 10:09:25,mainnet,10217522,10217522,0
2020-06-07 10:11:01,mainnet,10217527,10217527,0
2020-06-07 10:12:32,mainnet,10217531,10217531,0
2020-06-07 10:14:02,mainnet,10217539,10217539,0
2020-06-07 10:15:28,mainnet,10217543,10217543,0
2020-06-07 10:17:04,mainnet,10217549,10217549,0
2020-06-07 10:18:35,mainnet,10217556,10217556,0
2020-06-07 10:20:03,mainnet,10217564,10217564,0
2020-06-07 10:21:26,mainnet,10217572,10217571,1
2020-06-07 10:23:25,mainnet,10217581,10217580,1
2020-06-07 10:24:53,mainnet,10217587,10217587,0
2020-06-07 10:26:21,mainnet,10217591,10217592,-1
2020-06-07 10:27:52,mainnet,10217598,10217595,3
2020-06-07 10:29:24,mainnet,10217602,10217603,-1
2020-06-07 10:30:47,mainnet,10217607,10217607,0
2020-06-07 10:32:16,mainnet,10217612,10217612,0
2020-06-07 10:33:39,mainnet,10217619,10217619,0
2020-06-07 10:35:06,mainnet,10217625,10217624,1
2020-06-07 10:37:02,mainnet,10217634,10217628,6
2020-06-07 10:38:34,mainnet,10217642,10217638,4
2020-06-07 10:39:58,mainnet,10217649,10217638,11
2020-06-07 10:41:26,mainnet,10217655,10217654,1
2020-06-07 10:42:48,mainnet,10217658,10217658,0
2020-06-07 10:44:14,mainnet,10217665,10217661,4
2020-06-07 10:46:12,mainnet,10217678,10217674,4
2020-06-07 10:48:00,mainnet,10217683,10217683,0
2020-06-07 10:49:26,mainnet,10217688,10217688,0
2020-06-07 10:51:07,mainnet,10217693,10217689,4
2020-06-07 10:53:02,mainnet,10217698,10217697,1
2020-06-07 10:54:25,mainnet,10217709,10217709,0
2020-06-07 10:55:53,mainnet,10217712,10217712,0
2020-06-07 10:57:29,mainnet,10217718,10217719,-1
2020-06-07 10:58:52,mainnet,10217723,10217724,-1
2020-06-07 11:00:17,mainnet,10217728,10217728,0
2020-06-07 11:01:41,mainnet,10217733,10217733,0
2020-06-07 11:03:07,mainnet,10217737,10217737,0
2020-06-07 11:04:30,mainnet,10217741,10217741,0
2020-06-07 11:05:57,mainnet,10217749,10217749,0
2020-06-07 11:07:52,mainnet,10217753,10217753,0
2020-06-07 11:09:52,mainnet,10217760,10217758,2
2020-06-07 11:12:17,mainnet,10217773,10217761,12
2020-06-07 11:13:41,mainnet,10217784,10217761,23
2020-06-07 11:15:13,mainnet,10217792,10217761,31
2020-06-07 11:17:26,mainnet,10217799,10217761,38
2020-06-07 11:20:14,mainnet,10217816,10217761,55
2020-06-07 11:22:00,mainnet,10217819,10217819,0
2020-06-07 11:23:24,mainnet,10217823,10217823,0
2020-06-07 11:25:03,mainnet,10217830,10217828,2
2020-06-07 11:26:39,mainnet,10217836,10217833,3
2020-06-07 11:28:10,mainnet,10217842,10217841,1
2020-06-07 11:29:32,mainnet,10217848,10217848,0
2020-06-07 11:31:09,mainnet,10217860,10217860,0
2020-06-07 11:32:41,mainnet,10217863,10217863,0
2020-06-07 11:34:09,mainnet,10217872,10217872,0
2020-06-07 11:35:34,mainnet,10217878,10217874,4
2020-06-07 11:37:01,mainnet,10217887,10217886,1
2020-06-07 11:38:42,mainnet,10217892,10217889,3
2020-06-07 11:40:04,mainnet,10217899,10217898,1
2020-06-07 11:41:36,mainnet,10217904,10217905,-1
2020-06-07 11:42:59,mainnet,10217911,10217911,0
2020-06-07 11:44:26,mainnet,10217920,10217920,0
2020-06-07 11:46:00,mainnet,10217925,10217926,-1
2020-06-07 11:47:26,mainnet,10217932,10217932,0
2020-06-07 11:49:17,mainnet,10217942,10217935,7
2020-06-07 11:51:09,mainnet,10217949,10217949,0
2020-06-07 11:52:49,mainnet,10217958,10217958,0
2020-06-07 11:54:22,mainnet,10217962,10217963,-1
2020-06-07 11:55:54,mainnet,10217969,10217969,0
2020-06-07 11:57:25,mainnet,10217976,10217976,0
2020-06-07 11:58:55,mainnet,10217981,10217981,0
2020-06-07 12:00:18,mainnet,10217989,10217989,0
2020-06-07 12:01:41,mainnet,10217997,10217997,0
2020-06-07 12:03:05,mainnet,10218001,10218001,0
2020-06-07 12:05:48,mainnet,10218015,10218014,1
2020-06-07 12:07:59,mainnet,10218016,10218016,0
2020-06-07 12:09:31,mainnet,10218023,10218021,2
2020-06-07 12:11:10,mainnet,10218030,10218025,5
2020-06-07 12:12:32,mainnet,10218036,10218037,-1
2020-06-07 12:13:56,mainnet,10218042,10218042,0
2020-06-07 12:15:18,mainnet,10218050,10218047,3
2020-06-07 12:17:09,mainnet,10218058,10218058,0
2020-06-07 12:18:34,mainnet,10218066,10218062,4
2020-06-07 12:19:56,mainnet,10218073,10218073,0
2020-06-07 12:21:27,mainnet,10218080,10218080,0
2020-06-07 12:22:53,mainnet,10218086,10218087,-1
2020-06-07 12:24:18,mainnet,10218091,10218091,0
2020-06-07 12:26:06,mainnet,10218096,10218096,0
2020-06-07 12:27:44,mainnet,10218102,10218102,0
2020-06-07 12:29:08,mainnet,10218108,10218108,0
2020-06-07 12:30:54,mainnet,10218118,10218116,2
2020-06-07 12:32:18,mainnet,10218123,10218123,0
2020-06-07 12:33:44,mainnet,10218125,10218125,0
2020-06-07 12:35:57,mainnet,10218138,10218136,2
2020-06-07 12:37:23,mainnet,10218146,10218141,5
2020-06-07 12:39:13,mainnet,10218152,10218152,0
2020-06-07 12:40:40,mainnet,10218159,10218159,0
2020-06-07 12:42:05,mainnet,10218169,10218169,0
2020-06-07 12:43:42,mainnet,10218172,10218172,0
2020-06-07 12:45:07,mainnet,10218179,10218179,0
2020-06-07 12:49:28,mainnet,10218201,10218188,13
2020-06-07 14:21:45,mainnet,10218635,10218204,431
2020-06-07 15:45:16,mainnet,10218985,10218242,743
2020-06-07 15:46:38,mainnet,10218989,10218401,588
2020-06-07 15:48:08,mainnet,10218998,10218598,400
2020-06-07 15:49:34,mainnet,10219009,10218809,200
2020-06-07 15:51:08,mainnet,10219016,10218997,19
2020-06-07 15:52:33,mainnet,10219020,10219020,0
2020-06-07 15:53:57,mainnet,10219026,10219026,0
2020-06-07 15:55:26,mainnet,10219032,10219032,0
2020-06-07 15:56:48,mainnet,10219044,10219044,0
2020-06-07 15:58:16,mainnet,10219051,10219050,1
2020-06-07 15:59:44,mainnet,10219056,10219056,0
2020-06-07 16:01:19,mainnet,10219065,10219065,0
2020-06-07 16:02:45,mainnet,10219075,10219075,0
2020-06-07 16:04:17,mainnet,10219081,10219081,0
2020-06-07 16:05:43,mainnet,10219086,10219086,0
2020-06-07 16:07:07,mainnet,10219097,10219092,5
2020-06-07 16:08:33,mainnet,10219103,10219103,0
2020-06-07 16:10:18,mainnet,10219106,10219106,0
2020-06-07 16:11:43,mainnet,10219114,10219112,2
2020-06-07 16:13:05,mainnet,10219120,10219119,1
2020-06-07 16:14:33,mainnet,10219127,10219127,0
2020-06-07 16:15:58,mainnet,10219135,10219135,0
2020-06-07 16:17:20,mainnet,10219142,10219142,0
2020-06-07 16:18:42,mainnet,10219151,10219151,0
2020-06-07 16:20:24,mainnet,10219157,10219157,0
2020-06-07 16:21:46,mainnet,10219166,10219163,3
2020-06-07 16:23:14,mainnet,10219169,10219169,0
2020-06-07 16:24:45,mainnet,10219176,10219176,0
2020-06-07 16:26:09,mainnet,10219183,10219182,1
2020-06-07 16:27:39,mainnet,10219189,10219189,0
2020-06-07 16:29:03,mainnet,10219197,10219197,0
2020-06-07 16:30:25,mainnet,10219202,10219203,-1
2020-06-07 16:31:49,mainnet,10219207,10219207,0
2020-06-07 16:33:23,mainnet,10219213,10219213,0
2020-06-07 16:34:45,mainnet,10219216,10219216,0
2020-06-07 16:36:07,mainnet,10219227,10219224,3
2020-06-07 16:38:12,mainnet,10219231,10219231,0
2020-06-07 16:39:56,mainnet,10219238,10219238,0
2020-06-07 16:41:25,mainnet,10219250,10219249,1
2020-06-07 16:43:08,mainnet,10219256,10219257,-1
2020-06-07 16:44:43,mainnet,10219263,10219261,2
2020-06-07 16:46:08,mainnet,10219271,10219268,3
2020-06-07 16:47:44,mainnet,10219278,10219278,0
2020-06-07 16:49:12,mainnet,10219285,10219283,2
2020-06-07 16:50:44,mainnet,10219289,10219289,0
2020-06-07 16:52:39,mainnet,10219295,10219294,1
2020-06-07 16:54:03,mainnet,10219301,10219301,0
2020-06-07 16:55:31,mainnet,10219306,10219306,0
2020-06-07 16:57:05,mainnet,10219315,10219312,3
2020-06-07 16:58:48,mainnet,10219321,10219321,0
2020-06-07 17:00:11,mainnet,10219328,10219328,0
2020-06-07 17:01:36,mainnet,10219335,10219335,0
2020-06-07 17:03:03,mainnet,10219343,10219343,0
2020-06-07 17:05:13,mainnet,10219350,10219349,1
2020-06-07 17:07:07,mainnet,10219358,10219358,0
2020-06-07 17:08:29,mainnet,10219367,10219367,0
2020-06-07 17:09:51,mainnet,10219375,10219376,-1
2020-06-07 17:11:16,mainnet,10219386,10219386,0
2020-06-07 17:12:39,mainnet,10219391,10219391,0
2020-06-07 17:14:14,mainnet,10219396,10219396,0
2020-06-07 17:15:39,mainnet,10219403,10219403,0
2020-06-07 17:17:21,mainnet,10219407,10219407,0
2020-06-07 17:18:46,mainnet,10219414,10219414,0
2020-06-07 17:20:12,mainnet,10219421,10219421,0
2020-06-07 17:21:40,mainnet,10219427,10219424,3
2020-06-07 17:24:00,mainnet,10219432,10219430,2
2020-06-07 17:25:58,mainnet,10219442,10219438,4
2020-06-07 17:27:50,mainnet,10219450,10219438,12
2020-06-07 17:29:24,mainnet,10219465,10219459,6
2020-06-07 17:31:30,mainnet,10219474,10219459,15
2020-06-07 17:32:56,mainnet,10219481,10219481,0
2020-06-07 17:34:18,mainnet,10219485,10219485,0
2020-06-07 17:36:35,mainnet,10219498,10219493,5
2020-06-07 17:37:58,mainnet,10219501,10219499,2
2020-06-07 17:39:24,mainnet,10219502,10219502,0
2020-06-07 17:40:50,mainnet,10219507,10219506,1
2020-06-07 17:42:19,mainnet,10219512,10219508,4
2020-06-07 17:43:43,mainnet,10219518,10219518,0
2020-06-07 17:45:11,mainnet,10219526,10219526,0
2020-06-07 17:46:37,mainnet,10219532,10219532,0
2020-06-07 17:48:04,mainnet,10219539,10219539,0
2020-06-07 17:49:26,mainnet,10219543,10219543,0
2020-06-07 17:50:53,mainnet,10219546,10219546,0
2020-06-07 17:52:15,mainnet,10219560,10219555,5
2020-06-07 17:53:46,mainnet,10219569,10219569,0
2020-06-07 17:55:29,mainnet,10219574,10219574,0
2020-06-07 17:56:55,mainnet,10219576,10219576,0
2020-06-07 17:58:22,mainnet,10219583,10219583,0
2020-06-07 17:59:58,mainnet,10219590,10219590,0
2020-06-07 18:01:24,mainnet,10219594,10219594,0
2020-06-07 18:02:52,mainnet,10219601,10219600,1
2020-06-07 18:04:43,mainnet,10219604,10219604,0
2020-06-07 18:06:09,mainnet,10219612,10219611,1
2020-06-07 18:07:33,mainnet,10219623,10219619,4
2020-06-07 18:09:26,mainnet,10219626,10219627,-1
2020-06-07 18:10:53,mainnet,10219633,10219634,-1
2020-06-07 18:12:17,mainnet,10219642,10219642,0
2020-06-07 18:13:48,mainnet,10219646,10219646,0
2020-06-07 18:15:10,mainnet,10219652,10219651,1
2020-06-07 18:16:34,mainnet,10219660,10219660,0
2020-06-07 18:17:57,mainnet,10219665,10219665,0
2020-06-07 18:19:42,mainnet,10219681,10219681,0
2020-06-07 18:21:14,mainnet,10219687,10219688,-1
2020-06-07 18:22:39,mainnet,10219695,10219695,0
2020-06-07 18:24:07,mainnet,10219704,10219703,1
2020-06-07 18:25:49,mainnet,10219712,10219712,0
2020-06-07 18:27:13,mainnet,10219715,10219714,1
2020-06-07 18:28:37,mainnet,10219717,10219717,0
2020-06-07 18:30:05,mainnet,10219722,10219722,0
2020-06-07 18:31:29,mainnet,10219729,10219729,0
2020-06-07 18:32:58,mainnet,10219734,10219734,0
2020-06-07 18:34:22,mainnet,10219738,10219738,0
2020-06-07 18:35:46,mainnet,10219742,10219742,0
2020-06-07 18:37:28,mainnet,10219745,10219745,0
2020-06-07 18:38:53,mainnet,10219751,10219751,0
2020-06-07 18:40:15,mainnet,10219765,10219765,0
2020-06-07 18:42:02,mainnet,10219777,10219777,0
2020-06-07 18:44:13,mainnet,10219779,10219779,0
2020-06-07 18:45:41,mainnet,10219788,10219788,0
2020-06-07 18:47:03,mainnet,10219799,10219799,0
2020-06-07 18:48:30,mainnet,10219802,10219802,0
2020-06-07 18:49:52,mainnet,10219810,10219810,0
2020-06-07 18:51:14,mainnet,10219822,10219814,8
2020-06-07 18:52:46,mainnet,10219831,10219825,6
2020-06-07 18:54:15,mainnet,10219839,10219825,14
2020-06-07 18:55:54,mainnet,10219844,10219844,0
2020-06-07 18:57:20,mainnet,10219850,10219849,1
2020-06-07 18:59:16,mainnet,10219859,10219858,1
2020-06-07 19:00:40,mainnet,10219865,10219864,1
2020-06-07 19:02:02,mainnet,10219870,10219870,0
2020-06-07 19:03:24,mainnet,10219876,10219876,0
2020-06-07 19:04:57,mainnet,10219883,10219883,0
2020-06-07 19:06:44,mainnet,10219889,10219889,0
2020-06-07 19:08:08,mainnet,10219895,10219895,0
2020-06-07 19:09:31,mainnet,10219905,10219905,0
2020-06-07 19:11:04,mainnet,10219914,10219914,0
2020-06-07 19:12:30,mainnet,10219923,10219922,1
2020-06-07 19:13:54,mainnet,10219931,10219931,0
2020-06-07 19:15:34,mainnet,10219937,10219937,0
2020-06-07 19:17:00,mainnet,10219949,10219949,0
2020-06-07 19:18:30,mainnet,10219953,10219953,0
2020-06-07 19:20:18,mainnet,10219960,10219960,0
2020-06-07 19:21:43,mainnet,10219965,10219963,2
2020-06-07 19:23:35,mainnet,10219974,10219972,2
2020-06-07 19:25:22,mainnet,10219980,10219980,0
2020-06-07 19:26:44,mainnet,10219985,10219985,0
2020-06-07 19:28:09,mainnet,10219996,10219994,2
2020-06-07 19:29:31,mainnet,10220006,10220006,0
2020-06-07 19:30:55,mainnet,10220012,10220009,3
2020-06-07 19:32:17,mainnet,10220021,10220015,6
2020-06-07 19:33:39,mainnet,10220025,10220025,0
2020-06-07 19:35:08,mainnet,10220036,10220036,0
2020-06-07 19:36:38,mainnet,10220043,10220043,0
2020-06-07 19:38:47,mainnet,10220048,10220048,0
2020-06-07 19:40:09,mainnet,10220055,10220055,0
2020-06-07 19:41:41,mainnet,10220060,10220060,0
2020-06-07 19:43:27,mainnet,10220066,10220067,-1
2020-06-07 19:44:57,mainnet,10220074,10220075,-1
2020-06-07 19:46:20,mainnet,10220081,10220081,0
2020-06-07 19:47:51,mainnet,10220093,10220092,1
2020-06-07 19:49:57,mainnet,10220107,10220100,7
2020-06-07 19:51:50,mainnet,10220113,10220113,0
2020-06-07 19:53:25,mainnet,10220117,10220117,0
2020-06-07 19:54:50,mainnet,10220125,10220125,0
2020-06-07 19:56:16,mainnet,10220132,10220132,0
2020-06-07 19:57:52,mainnet,10220139,10220139,0
2020-06-07 19:59:25,mainnet,10220149,10220149,0
2020-06-07 20:00:49,mainnet,10220150,10220150,0
2020-06-07 20:02:14,mainnet,10220164,10220164,0
2020-06-07 20:04:11,mainnet,10220170,10220169,1
2020-06-07 20:05:36,mainnet,10220180,10220180,0
2020-06-07 20:07:02,mainnet,10220184,10220181,3
2020-06-07 20:08:31,mainnet,10220193,10220193,0
2020-06-07 20:10:09,mainnet,10220196,10220196,0
2020-06-07 20:11:35,mainnet,10220200,10220200,0
2020-06-07 20:12:57,mainnet,10220207,10220203,4
2020-06-07 20:15:08,mainnet,10220216,10220216,0
2020-06-07 20:16:38,mainnet,10220223,10220223,0
2020-06-07 20:18:04,mainnet,10220227,10220227,0
2020-06-07 20:19:25,mainnet,10220233,10220233,0
2020-06-07 20:20:54,mainnet,10220240,10220240,0
2020-06-07 20:22:20,mainnet,10220252,10220252,0
2020-06-07 20:24:15,mainnet,10220259,10220259,0
2020-06-07 20:25:40,mainnet,10220266,10220261,5
2020-06-07 20:27:34,mainnet,10220272,10220272,0
2020-06-07 20:29:05,mainnet,10220278,10220277,1
2020-06-07 20:30:30,mainnet,10220281,10220281,0
2020-06-07 20:31:55,mainnet,10220288,10220287,1
2020-06-07 20:33:25,mainnet,10220298,10220298,0
2020-06-07 20:35:08,mainnet,10220302,10220301,1
2020-06-07 20:36:39,mainnet,10220310,10220310,0
2020-06-07 20:38:07,mainnet,10220315,10220315,0
2020-06-07 20:40:13,mainnet,10220324,10220323,1
2020-06-07 20:41:56,mainnet,10220328,10220323,5
2020-06-07 20:43:21,mainnet,10220335,10220323,12
2020-06-07 20:44:46,mainnet,10220350,10220347,3
2020-06-07 20:46:49,mainnet,10220358,10220357,1
2020-06-07 20:48:31,mainnet,10220367,10220358,9
2020-06-07 20:49:58,mainnet,10220378,10220378,0
2020-06-07 20:51:54,mainnet,10220387,10220387,0
2020-06-07 20:53:32,mainnet,10220397,10220397,0
2020-06-07 20:55:16,mainnet,10220403,10220403,0
2020-06-07 20:56:39,mainnet,10220412,10220406,6
2020-06-07 20:58:05,mainnet,10220420,10220406,14
2020-06-07 20:59:44,mainnet,10220433,10220408,25
2020-06-07 21:01:16,mainnet,10220441,10220424,17
2020-06-07 21:03:05,mainnet,10220448,10220424,24
2020-06-07 21:04:40,mainnet,10220462,10220452,10
2020-06-07 21:06:59,mainnet,10220472,10220452,20
2020-06-07 21:08:24,mainnet,10220480,10220473,7
2020-06-07 21:10:12,mainnet,10220492,10220480,12
2020-06-07 21:11:44,mainnet,10220506,10220506,0
2020-06-07 21:13:25,mainnet,10220513,10220513,0
2020-06-07 21:14:55,mainnet,10220519,10220514,5
2020-06-07 21:16:25,mainnet,10220525,10220514,11
2020-06-07 21:17:58,mainnet,10220528,10220528,0
2020-06-07 21:19:31,mainnet,10220532,10220531,1
2020-06-07 21:20:58,mainnet,10220540,10220539,1
2020-06-07 21:22:46,mainnet,10220547,10220544,3
2020-06-07 21:24:27,mainnet,10220552,10220549,3
2020-06-07 21:26:40,mainnet,10220560,10220560,0
2020-06-07 21:28:26,mainnet,10220567,10220560,7
2020-06-07 21:29:55,mainnet,10220574,10220571,3
2020-06-07 21:31:55,mainnet,10220583,10220582,1
2020-06-07 21:33:21,mainnet,10220590,10220588,2
2020-06-07 21:35:06,mainnet,10220596,10220596,0
2020-06-07 21:39:01,mainnet,10220614,10220609,5
2020-06-07 21:40:57,mainnet,10220616,10220616,0
2020-06-07 21:42:23,mainnet,10220626,10220624,2
2020-06-07 21:44:04,mainnet,10220634,10220632,2
2020-06-07 21:46:08,mainnet,10220638,10220632,6
2020-06-07 21:47:33,mainnet,10220644,10220640,4
2020-06-07 21:48:58,mainnet,10220648,10220640,8
2020-06-07 21:50:25,mainnet,10220651,10220640,11
2020-06-07 21:52:21,mainnet,10220659,10220659,0
2020-06-07 21:54:00,mainnet,10220663,10220663,0
2020-06-07 21:55:44,mainnet,10220670,10220669,1
2020-06-07 21:57:06,mainnet,10220677,10220674,3
2020-06-07 21:58:31,mainnet,10220680,10220674,6
2020-06-07 21:59:57,mainnet,10220689,10220680,9
2020-06-07 22:01:27,mainnet,10220694,10220694,0
2020-06-07 22:03:02,mainnet,10220705,10220703,2
2020-06-07 22:04:43,mainnet,10220711,10220711,0
2020-06-07 22:06:54,mainnet,10220720,10220720,0
2020-06-07 22:08:45,mainnet,10220728,10220720,8
2020-06-07 22:10:19,mainnet,10220737,10220729,8
2020-06-07 22:11:47,mainnet,10220742,10220741,1
2020-06-07 22:13:09,mainnet,10220745,10220744,1
2020-06-07 22:14:35,mainnet,10220753,10220745,8
2020-06-07 22:16:05,mainnet,10220760,10220745,15
2020-06-07 22:17:59,mainnet,10220770,10220767,3
2020-06-07 22:20:09,mainnet,10220776,10220771,5
2020-06-07 22:21:33,mainnet,10220783,10220783,0
2020-06-07 22:24:02,mainnet,10220799,10220793,6
2020-06-07 22:25:47,mainnet,10220808,10220793,15
2020-06-07 22:27:19,mainnet,10220818,10220818,0
2020-06-07 22:29:14,mainnet,10220825,10220820,5
2020-06-07 22:31:00,mainnet,10220836,10220823,13
2020-06-07 22:32:32,mainnet,10220845,10220841,4
2020-06-07 22:34:24,mainnet,10220854,10220852,2
2020-06-07 22:36:04,mainnet,10220864,10220864,0
2020-06-07 22:37:33,mainnet,10220873,10220873,0
2020-06-07 22:39:22,mainnet,10220878,10220877,1
2020-06-07 22:41:05,mainnet,10220884,10220880,4
2020-06-07 22:42:33,mainnet,10220888,10220889,-1
2020-06-07 22:44:09,mainnet,10220892,10220892,0
2020-06-07 22:45:32,mainnet,10220899,10220895,4
2020-06-07 22:46:57,mainnet,10220907,10220904,3
2020-06-07 22:48:27,mainnet,10220912,10220912,0
2020-06-07 22:49:57,mainnet,10220917,10220917,0
2020-06-07 22:51:54,mainnet,10220922,10220919,3
2020-06-07 22:53:31,mainnet,10220929,10220919,10
2020-06-07 22:54:57,mainnet,10220937,10220933,4
2020-06-07 22:57:01,mainnet,10220947,10220933,14
2020-06-07 22:58:36,mainnet,10220961,10220951,10
2020-06-07 23:00:08,mainnet,10220972,10220964,8
2020-06-07 23:02:03,mainnet,10220975,10220975,0
2020-06-07 23:03:32,mainnet,10220983,10220977,6
2020-06-07 23:05:13,mainnet,10220988,10220977,11
2020-06-07 23:06:35,mainnet,10220993,10220988,5
2020-06-07 23:08:25,mainnet,10221001,10220988,13
2020-06-07 23:09:53,mainnet,10221007,10220988,19
2020-06-07 23:11:26,mainnet,10221015,10221008,7
2020-06-07 23:13:26,mainnet,10221019,10221019,0
2020-06-07 23:15:21,mainnet,10221035,10221029,6
2020-06-07 23:17:13,mainnet,10221041,10221040,1
2020-06-07 23:18:38,mainnet,10221046,10221040,6
2020-06-07 23:20:08,mainnet,10221054,10221047,7
2020-06-07 23:21:42,mainnet,10221058,10221049,9
2020-06-07 23:23:18,mainnet,10221063,10221059,4
2020-06-07 23:24:46,mainnet,10221075,10221073,2
2020-06-07 23:26:20,mainnet,10221082,10221082,0
2020-06-07 23:27:53,mainnet,10221085,10221085,0
2020-06-07 23:29:48,mainnet,10221097,10221095,2
2020-06-07 23:32:09,mainnet,10221110,10221102,8
2020-06-07 23:34:23,mainnet,10221114,10221102,12
2020-06-07 23:36:09,mainnet,10221120,10221102,18
2020-06-07 23:37:41,mainnet,10221129,10221123,6
2020-06-07 23:39:51,mainnet,10221140,10221123,17
2020-06-07 23:41:41,mainnet,10221146,10221123,23
2020-06-07 23:43:20,mainnet,10221156,10221149,7
2020-06-07 23:44:47,mainnet,10221163,10221149,14
2020-06-07 23:46:11,mainnet,10221170,10221170,0
2020-06-07 23:47:34,mainnet,10221174,10221174,0
2020-06-07 23:49:01,mainnet,10221179,10221176,3
2020-06-07 23:50:58,mainnet,10221191,10221183,8
2020-06-07 23:52:20,mainnet,10221200,10221197,3
2020-06-07 23:53:58,mainnet,10221207,10221202,5
2020-06-07 23:55:42,mainnet,10221217,10221208,9
2020-06-07 23:57:19,mainnet,10221226,10221208,18
2020-06-07 23:58:49,mainnet,10221233,10221211,22
2020-06-08 00:00:22,mainnet,10221243,10221241,2
2020-06-08 00:02:29,mainnet,10221255,10221246,9
2020-06-08 00:04:16,mainnet,10221264,10221246,18
2020-06-08 00:05:41,mainnet,10221271,10221246,25
2020-06-08 00:07:05,mainnet,10221281,10221278,3
2020-06-08 00:09:05,mainnet,10221287,10221286,1
2020-06-08 00:10:45,mainnet,10221288,10221288,0
2020-06-08 00:12:12,mainnet,10221295,10221290,5
2020-06-08 00:13:42,mainnet,10221305,10221302,3
2020-06-08 00:16:18,mainnet,10221313,10221306,7
2020-06-08 00:17:46,mainnet,10221318,10221306,12
2020-06-08 00:19:17,mainnet,10221327,10221318,9
2020-06-08 00:21:00,mainnet,10221334,10221334,0
2020-06-08 00:22:26,mainnet,10221341,10221338,3
2020-06-08 00:23:50,mainnet,10221349,10221338,11
2020-06-08 00:25:12,mainnet,10221360,10221353,7
2020-06-08 00:26:42,mainnet,10221369,10221365,4
2020-06-08 00:28:30,mainnet,10221374,10221371,3
2020-06-08 00:30:51,mainnet,10221384,10221383,1
2020-06-08 00:32:21,mainnet,10221388,10221386,2
2020-06-08 00:34:19,mainnet,10221396,10221395,1
2020-06-08 00:36:26,mainnet,10221403,10221395,8
2020-06-08 00:37:48,mainnet,10221410,10221395,15
2020-06-08 00:39:11,mainnet,10221418,10221413,5
2020-06-08 00:41:25,mainnet,10221425,10221413,12
2020-06-08 00:43:00,mainnet,10221434,10221434,0
2020-06-08 00:44:36,mainnet,10221440,10221440,0
2020-06-08 00:46:12,mainnet,10221447,10221443,4
2020-06-08 00:47:41,mainnet,10221458,10221456,2
2020-06-08 00:49:42,mainnet,10221464,10221456,8
2020-06-08 00:51:32,mainnet,10221471,10221465,6
2020-06-08 00:52:59,mainnet,10221479,10221479,0
2020-06-08 00:55:12,mainnet,10221483,10221483,0
2020-06-08 00:56:48,mainnet,10221487,10221486,1
2020-06-08 00:58:14,mainnet,10221491,10221491,0
2020-06-08 00:59:41,mainnet,10221499,10221491,8
2020-06-08 01:01:21,mainnet,10221503,10221503,0
2020-06-08 01:03:19,mainnet,10221508,10221508,0
2020-06-08 01:04:43,mainnet,10221515,10221515,0
2020-06-08 01:06:36,mainnet,10221518,10221518,0
2020-06-08 01:07:58,mainnet,10221526,10221520,6
2020-06-08 01:09:55,mainnet,10221534,10221520,14
2020-06-08 01:11:18,mainnet,10221540,10221540,0
2020-06-08 01:12:43,mainnet,10221547,10221545,2
2020-06-08 01:14:36,mainnet,10221554,10221554,0
2020-06-08 01:16:17,mainnet,10221561,10221554,7
2020-06-08 01:17:45,mainnet,10221570,10221565,5
2020-06-08 01:19:07,mainnet,10221575,10221565,10
2020-06-08 01:20:37,mainnet,10221582,10221576,6
2020-06-08 01:22:01,mainnet,10221592,10221576,16
2020-06-08 01:23:56,mainnet,10221598,10221597,1
2020-06-08 01:25:22,mainnet,10221603,10221603,0
2020-06-08 01:26:45,mainnet,10221607,10221607,0
2020-06-08 01:28:10,mainnet,10221614,10221607,7
2020-06-08 01:29:42,mainnet,10221622,10221607,15
2020-06-08 01:31:16,mainnet,10221627,10221627,0
2020-06-08 01:33:11,mainnet,10221634,10221627,7
2020-06-08 01:34:37,mainnet,10221644,10221641,3
2020-06-08 01:36:34,mainnet,10221649,10221645,4
2020-06-08 01:38:10,mainnet,10221657,10221645,12
2020-06-08 01:39:35,mainnet,10221662,10221660,2
2020-06-08 01:41:11,mainnet,10221671,10221664,7
2020-06-08 01:42:42,mainnet,10221680,10221678,2
2020-06-08 01:44:46,mainnet,10221688,10221678,10
2020-06-08 01:46:08,mainnet,10221694,10221678,16
2020-06-08 01:47:33,mainnet,10221700,10221694,6
2020-06-08 01:49:28,mainnet,10221708,10221694,14
2020-06-08 01:50:56,mainnet,10221716,10221709,7
2020-06-08 01:52:19,mainnet,10221725,10221723,2
2020-06-08 01:53:49,mainnet,10221730,10221726,4
2020-06-08 01:55:17,mainnet,10221741,10221737,4
2020-06-08 01:57:15,mainnet,10221746,10221746,0
2020-06-08 01:58:54,mainnet,10221755,10221753,2
2020-06-08 02:00:20,mainnet,10221763,10221763,0
2020-06-08 02:01:50,mainnet,10221767,10221763,4
2020-06-08 02:03:13,mainnet,10221773,10221769,4
2020-06-08 02:04:47,mainnet,10221777,10221777,0
2020-06-08 02:06:12,mainnet,10221785,10221783,2
2020-06-08 02:07:51,mainnet,10221790,10221790,0
2020-06-08 02:09:13,mainnet,10221801,10221798,3
2020-06-08 02:11:24,mainnet,10221808,10221801,7
2020-06-08 02:13:00,mainnet,10221813,10221801,12
2020-06-08 02:14:32,mainnet,10221819,10221801,18
2020-06-08 02:15:54,mainnet,10221835,10221801,34
2020-06-08 02:18:49,mainnet,10221842,10221801,41
2020-06-08 02:20:30,mainnet,10221854,10221846,8
2020-06-08 02:22:18,mainnet,10221866,10221861,5
2020-06-08 02:24:03,mainnet,10221878,10221861,17
2020-06-08 02:25:31,mainnet,10221884,10221884,0
2020-06-08 02:27:11,mainnet,10221890,10221889,1
2020-06-08 02:28:43,mainnet,10221899,10221897,2
2020-06-08 02:30:20,mainnet,10221910,10221897,13
2020-06-08 02:32:14,mainnet,10221914,10221913,1
2020-06-08 02:34:29,mainnet,10221921,10221919,2
2020-06-08 02:36:26,mainnet,10221929,10221919,10
2020-06-08 02:38:11,mainnet,10221938,10221938,0
2020-06-08 02:39:41,mainnet,10221945,10221945,0
2020-06-08 02:41:42,mainnet,10221952,10221948,4
2020-06-08 02:43:11,mainnet,10221959,10221948,11
2020-06-08 02:44:36,mainnet,10221967,10221967,0
2020-06-08 02:46:08,mainnet,10221970,10221968,2
2020-06-08 02:47:47,mainnet,10221977,10221977,0
2020-06-08 02:49:34,mainnet,10221982,10221978,4
2020-06-08 02:51:08,mainnet,10221992,10221985,7
2020-06-08 02:52:35,mainnet,10222002,10221985,17
2020-06-08 02:54:40,mainnet,10222008,10222008,0
2020-06-08 02:56:19,mainnet,10222013,10222011,2
2020-06-08 02:57:49,mainnet,10222020,10222011,9
2020-06-08 02:59:35,mainnet,10222027,10222011,16
2020-06-08 03:01:23,mainnet,10222032,10222032,0
2020-06-08 03:02:46,mainnet,10222042,10222033,9
2020-06-08 03:04:20,mainnet,10222047,10222033,14
2020-06-08 03:05:42,mainnet,10222053,10222033,20
2020-06-08 03:07:22,mainnet,10222065,10222057,8
2020-06-08 03:09:42,mainnet,10222072,10222057,15
2020-06-08 03:11:28,mainnet,10222082,10222082,0
2020-06-08 03:13:01,mainnet,10222088,10222086,2
2020-06-08 03:15:30,mainnet,10222094,10222094,0
2020-06-08 03:16:59,mainnet,10222096,10222096,0
2020-06-08 03:18:26,mainnet,10222108,10222098,10
2020-06-08 03:20:31,mainnet,10222117,10222112,5
2020-06-08 03:22:00,mainnet,10222126,10222125,1
2020-06-08 03:23:46,mainnet,10222135,10222133,2
2020-06-08 03:25:15,mainnet,10222138,10222138,0
2020-06-08 03:27:05,mainnet,10222148,10222147,1
2020-06-08 03:29:12,mainnet,10222158,10222152,6
2020-06-08 03:30:54,mainnet,10222166,10222152,14
2020-06-08 03:32:19,mainnet,10222170,10222152,18
2020-06-08 03:33:42,mainnet,10222180,10222179,1
2020-06-08 03:35:20,mainnet,10222184,10222179,5
2020-06-08 03:36:50,mainnet,10222191,10222190,1
2020-06-08 03:39:03,mainnet,10222203,10222191,12
2020-06-08 03:40:35,mainnet,10222205,10222205,0
2020-06-08 03:42:20,mainnet,10222207,10222207,0
2020-06-08 03:43:42,mainnet,10222215,10222210,5
2020-06-08 03:45:14,mainnet,10222218,10222210,8
2020-06-08 03:46:49,mainnet,10222224,10222223,1
2020-06-08 03:48:17,mainnet,10222236,10222223,13
2020-06-08 03:50:05,mainnet,10222244,10222244,0
2020-06-08 03:51:36,mainnet,10222254,10222248,6
2020-06-08 03:53:05,mainnet,10222262,10222254,8
2020-06-08 03:54:32,mainnet,10222264,10222264,0
2020-06-08 03:55:59,mainnet,10222272,10222270,2
2020-06-08 03:57:25,mainnet,10222280,10222280,0
2020-06-08 03:59:02,mainnet,10222285,10222283,2
2020-06-08 04:00:24,mainnet,10222289,10222288,1
2020-06-08 04:01:57,mainnet,10222301,10222298,3
2020-06-08 04:03:30,mainnet,10222306,10222305,1
2020-06-08 04:05:00,mainnet,10222315,10222305,10
2020-06-08 04:07:02,mainnet,10222325,10222314,11
2020-06-08 04:08:24,mainnet,10222334,10222326,8
2020-06-08 04:09:57,mainnet,10222341,10222335,6
2020-06-08 04:11:24,mainnet,10222347,10222335,12
2020-06-08 04:13:03,mainnet,10222350,10222350,0
2020-06-08 04:14:29,mainnet,10222358,10222355,3
2020-06-08 04:16:07,mainnet,10222362,10222357,5
2020-06-08 04:17:54,mainnet,10222369,10222364,5
2020-06-08 04:19:29,mainnet,10222377,10222376,1
2020-06-08 04:21:01,mainnet,10222388,10222379,9
2020-06-08 04:22:27,mainnet,10222393,10222383,10
2020-06-08 04:24:09,mainnet,10222405,10222383,22
2020-06-08 04:25:31,mainnet,10222409,10222409,0
2020-06-08 04:26:56,mainnet,10222417,10222416,1
2020-06-08 04:28:34,mainnet,10222422,10222419,3
2020-06-08 04:30:11,mainnet,10222428,10222425,3
2020-06-08 04:31:36,mainnet,10222433,10222430,3
2020-06-08 04:33:01,mainnet,10222437,10222436,1
2020-06-08 04:34:34,mainnet,10222446,10222445,1
2020-06-08 04:36:01,mainnet,10222457,10222453,4
2020-06-08 04:37:56,mainnet,10222466,10222453,13
2020-06-08 04:39:18,mainnet,10222475,10222453,22
2020-06-08 04:40:58,mainnet,10222486,10222453,33
2020-06-08 04:43:01,mainnet,10222493,10222453,40
2020-06-08 04:44:30,mainnet,10222501,10222453,48
2020-06-08 04:46:01,mainnet,10222510,10222453,57
2020-06-08 04:48:02,mainnet,10222514,10222514,0
2020-06-08 04:49:41,mainnet,10222525,10222516,9
2020-06-08 04:51:10,mainnet,10222531,10222528,3
2020-06-08 04:53:07,mainnet,10222536,10222531,5
2020-06-08 04:54:34,mainnet,10222541,10222531,10
2020-06-08 04:56:11,mainnet,10222547,10222531,16
2020-06-08 04:57:35,mainnet,10222553,10222551,2
2020-06-08 04:59:07,mainnet,10222561,10222554,7
2020-06-08 05:00:53,mainnet,10222573,10222554,19
2020-06-08 05:02:42,mainnet,10222578,10222578,0
2020-06-08 05:04:09,mainnet,10222588,10222580,8
2020-06-08 05:06:04,mainnet,10222593,10222591,2
2020-06-08 05:07:26,mainnet,10222601,10222591,10
2020-06-08 05:09:02,mainnet,10222606,10222606,0
2020-06-08 05:10:26,mainnet,10222614,10222614,0
2020-06-08 05:12:29,mainnet,10222622,10222622,0
2020-06-08 05:14:04,mainnet,10222630,10222622,8
2020-06-08 05:15:34,mainnet,10222636,10222622,14
2020-06-08 05:17:04,mainnet,10222644,10222644,0
2020-06-08 05:18:46,mainnet,10222651,10222649,2
2020-06-08 05:20:08,mainnet,10222658,10222654,4
2020-06-08 05:21:46,mainnet,10222662,10222654,8
2020-06-08 05:23:11,mainnet,10222671,10222668,3
2020-06-08 05:24:38,mainnet,10222675,10222675,0
2020-06-08 05:26:14,mainnet,10222682,10222683,-1
2020-06-08 05:27:53,mainnet,10222686,10222687,-1
2020-06-08 05:29:21,mainnet,10222691,10222691,0
2020-06-08 05:30:58,mainnet,10222695,10222695,0
2020-06-08 05:32:28,mainnet,10222703,10222701,2
2020-06-08 05:34:00,mainnet,10222711,10222705,6
2020-06-08 05:35:26,mainnet,10222718,10222715,3
2020-06-08 05:36:47,mainnet,10222726,10222715,11
2020-06-08 05:38:17,mainnet,10222733,10222715,18
2020-06-08 05:39:47,mainnet,10222742,10222715,27
2020-06-08 05:41:19,mainnet,10222744,10222744,0
2020-06-08 05:42:42,mainnet,10222746,10222746,0
2020-06-08 05:44:16,mainnet,10222759,10222746,13
2020-06-08 05:46:02,mainnet,10222764,10222764,0
2020-06-08 05:47:30,mainnet,10222777,10222764,13
2020-06-08 05:49:06,mainnet,10222787,10222786,1
2020-06-08 05:50:46,mainnet,10222797,10222796,1
2020-06-08 05:52:35,mainnet,10222803,10222801,2
2020-06-08 05:54:10,mainnet,10222810,10222808,2
2020-06-08 05:55:36,mainnet,10222816,10222808,8
2020-06-08 05:57:00,mainnet,10222827,10222816,11
2020-06-08 05:58:40,mainnet,10222838,10222838,0
2020-06-08 06:00:26,mainnet,10222846,10222843,3
2020-06-08 06:02:00,mainnet,10222853,10222847,6
2020-06-08 06:03:27,mainnet,10222860,10222847,13
2020-06-08 06:04:48,mainnet,10222865,10222847,18
2020-06-08 06:06:12,mainnet,10222870,10222870,0
2020-06-08 06:07:39,mainnet,10222874,10222874,0
2020-06-08 06:09:16,mainnet,10222878,10222874,4
2020-06-08 06:11:46,mainnet,10222892,10222891,1
2020-06-08 06:13:23,mainnet,10222898,10222898,0
2020-06-08 06:14:46,mainnet,10222909,10222902,7
2020-06-08 06:16:47,mainnet,10222919,10222902,17
2020-06-08 06:18:18,mainnet,10222924,10222902,22
2020-06-08 06:19:46,mainnet,10222933,10222902,31
2020-06-08 06:21:52,mainnet,10222941,10222941,0
2020-06-08 06:23:33,mainnet,10222944,10222944,0
2020-06-08 06:25:02,mainnet,10222954,10222949,5
2020-06-08 06:26:38,mainnet,10222961,10222960,1
2020-06-08 06:28:03,mainnet,10222963,10222963,0
2020-06-08 06:29:41,mainnet,10222969,10222967,2
2020-06-08 06:31:33,mainnet,10222977,10222972,5
2020-06-08 06:33:06,mainnet,10222986,10222980,6
2020-06-08 06:34:31,mainnet,10222995,10222989,6
2020-06-08 06:36:13,mainnet,10223002,10222989,13
2020-06-08 06:38:15,mainnet,10223007,10223005,2
2020-06-08 06:40:02,mainnet,10223015,10223009,6
2020-06-08 06:41:48,mainnet,10223022,10223015,7
2020-06-08 06:43:12,mainnet,10223028,10223028,0
2020-06-08 06:44:51,mainnet,10223035,10223028,7
2020-06-08 06:46:38,mainnet,10223045,10223037,8
2020-06-08 06:48:22,mainnet,10223049,10223049,0
2020-06-08 06:49:58,mainnet,10223058,10223055,3
2020-06-08 06:51:25,mainnet,10223069,10223055,14
2020-06-08 06:53:34,mainnet,10223076,10223055,21
2020-06-08 06:55:21,mainnet,10223084,10223078,6
2020-06-08 06:56:57,mainnet,10223092,10223085,7
2020-06-08 06:59:07,mainnet,10223100,10223095,5
2020-06-08 07:01:05,mainnet,10223103,10223104,-1
2020-06-08 07:02:35,mainnet,10223114,10223114,0
2020-06-08 07:03:59,mainnet,10223119,10223118,1
2020-06-08 07:05:40,mainnet,10223130,10223128,2
2020-06-08 07:07:39,mainnet,10223137,10223136,1
2020-06-08 07:09:12,mainnet,10223143,10223136,7
2020-06-08 07:10:34,mainnet,10223150,10223136,14
2020-06-08 07:12:07,mainnet,10223157,10223157,0
2020-06-08 07:13:39,mainnet,10223162,10223159,3
2020-06-08 07:15:01,mainnet,10223169,10223159,10
2020-06-08 07:16:24,mainnet,10223181,10223159,22
2020-06-08 07:17:55,mainnet,10223192,10223159,33
2020-06-08 07:19:42,mainnet,10223206,10223201,5
2020-06-08 07:21:20,mainnet,10223215,10223201,14
2020-06-08 07:23:00,mainnet,10223221,10223218,3
2020-06-08 07:24:25,mainnet,10223228,10223225,3
2020-06-08 07:25:50,mainnet,10223236,10223235,1
2020-06-08 07:27:27,mainnet,10223243,10223238,5
2020-06-08 07:29:12,mainnet,10223249,10223238,11
2020-06-08 07:30:41,mainnet,10223257,10223256,1
2020-06-08 07:32:08,mainnet,10223268,10223268,0
2020-06-08 07:33:56,mainnet,10223275,10223273,2
2020-06-08 07:35:19,mainnet,10223279,10223273,6
2020-06-08 07:36:49,mainnet,10223287,10223273,14
2020-06-08 07:38:30,mainnet,10223294,10223294,0
2020-06-08 07:40:14,mainnet,10223300,10223296,4
2020-06-08 07:41:50,mainnet,10223306,10223296,10
2020-06-08 07:43:18,mainnet,10223310,10223296,14
2020-06-08 07:44:50,mainnet,10223316,10223296,20
2020-06-08 07:46:50,mainnet,10223324,10223296,28
2020-06-08 07:48:16,mainnet,10223334,10223313,21
2020-06-08 07:49:40,mainnet,10223342,10223336,6
2020-06-08 07:51:08,mainnet,10223349,10223349,0
2020-06-08 07:52:57,mainnet,10223360,10223349,11
2020-06-08 07:54:59,mainnet,10223368,10223349,19
2020-06-08 07:56:37,mainnet,10223373,10223371,2
2020-06-08 07:58:18,mainnet,10223379,10223371,8
2020-06-08 08:00:13,mainnet,10223386,10223371,15
2020-06-08 08:01:35,mainnet,10223390,10223390,0
2020-06-08 08:04:01,mainnet,10223398,10223391,7
2020-06-08 08:05:36,mainnet,10223401,10223399,2
2020-06-08 08:07:00,mainnet,10223409,10223405,4
2020-06-08 08:08:47,mainnet,10223417,10223416,1
2020-06-08 08:10:37,mainnet,10223423,10223419,4
2020-06-08 08:12:00,mainnet,10223429,10223426,3
2020-06-08 08:13:31,mainnet,10223439,10223426,13
2020-06-08 08:15:11,mainnet,10223444,10223443,1
2020-06-08 08:16:47,mainnet,10223454,10223448,6
2020-06-08 08:19:16,mainnet,10223464,10223448,16
2020-06-08 08:21:26,mainnet,10223481,10223478,3
2020-06-08 08:23:21,mainnet,10223487,10223486,1
2020-06-08 08:24:53,mainnet,10223494,10223491,3
2020-06-08 08:26:16,mainnet,10223499,10223497,2
2020-06-08 08:27:56,mainnet,10223507,10223497,10
2020-06-08 08:29:46,mainnet,10223513,10223497,16
2020-06-08 08:32:08,mainnet,10223523,10223523,0
2020-06-08 08:33:55,mainnet,10223535,10223527,8
2020-06-08 08:36:21,mainnet,10223546,10223544,2
2020-06-08 08:38:11,mainnet,10223555,10223549,6
2020-06-08 08:39:36,mainnet,10223561,10223549,12
2020-06-08 08:41:17,mainnet,10223568,10223561,7
2020-06-08 08:43:12,mainnet,10223574,10223571,3
2020-06-08 08:44:38,mainnet,10223579,10223571,8
2020-06-08 08:46:08,mainnet,10223586,10223581,5
2020-06-08 08:47:31,mainnet,10223588,10223585,3
2020-06-08 08:49:12,mainnet,10223593,10223591,2
2020-06-08 08:50:37,mainnet,10223601,10223591,10
2020-06-08 08:52:15,mainnet,10223610,10223591,19
2020-06-08 08:53:59,mainnet,10223617,10223591,26
2020-06-08 08:55:26,mainnet,10223621,10223621,0
2020-06-08 08:57:19,mainnet,10223629,10223624,5
2020-06-08 08:58:48,mainnet,10223640,10223624,16
2020-06-08 09:01:21,mainnet,10223650,10223624,26
2020-06-08 09:02:43,mainnet,10223656,10223655,1
2020-06-08 09:04:05,mainnet,10223661,10223660,1
2020-06-08 09:05:47,mainnet,10223667,10223660,7
2020-06-08 09:07:15,mainnet,10223672,10223660,12
2020-06-08 09:08:49,mainnet,10223677,10223660,17
2020-06-08 09:10:11,mainnet,10223681,10223660,21
2020-06-08 09:11:57,mainnet,10223686,10223685,1
2020-06-08 09:13:35,mainnet,10223689,10223689,0
2020-06-08 09:14:57,mainnet,10223693,10223690,3
2020-06-08 09:16:30,mainnet,10223701,10223698,3
2020-06-08 09:18:44,mainnet,10223709,10223707,2
2020-06-08 09:20:08,mainnet,10223714,10223707,7
2020-06-08 09:21:42,mainnet,10223720,10223707,13
2020-06-08 09:23:26,mainnet,10223732,10223707,25
2020-06-08 09:25:15,mainnet,10223736,10223735,1
2020-06-08 09:27:11,mainnet,10223743,10223741,2
2020-06-08 09:28:54,mainnet,10223752,10223744,8
2020-06-08 09:30:57,mainnet,10223760,10223744,16
2020-06-08 09:32:19,mainnet,10223770,10223763,7
2020-06-08 09:33:46,mainnet,10223779,10223763,16
2020-06-08 09:35:49,mainnet,10223789,10223763,26
2020-06-08 09:37:11,mainnet,10223797,10223797,0
2020-06-08 09:38:55,mainnet,10223802,10223800,2
2020-06-08 09:40:19,mainnet,10223810,10223800,10
2020-06-08 09:41:59,mainnet,10223820,10223800,20
2020-06-08 09:43:41,mainnet,10223824,10223800,24
2020-06-08 09:45:10,mainnet,10223833,10223800,33
2020-06-08 09:46:40,mainnet,10223836,10223835,1
2020-06-08 09:48:05,mainnet,10223842,10223837,5
2020-06-08 09:49:37,mainnet,10223849,10223837,12
2020-06-08 09:51:01,mainnet,10223855,10223851,4
2020-06-08 09:52:43,mainnet,10223866,10223855,11
2020-06-08 09:54:34,mainnet,10223872,10223872,0
2020-06-08 09:56:01,mainnet,10223877,10223873,4
2020-06-08 09:57:31,mainnet,10223883,10223883,0
2020-06-08 09:58:53,mainnet,10223889,10223886,3
2020-06-08 10:00:21,mainnet,10223897,10223886,11
2020-06-08 10:01:58,mainnet,10223906,10223901,5
2020-06-08 10:04:03,mainnet,10223916,10223901,15
2020-06-08 10:06:16,mainnet,10223931,10223901,30
2020-06-08 10:08:22,mainnet,10223941,10223901,40
2020-06-08 10:09:50,mainnet,10223950,10223901,49
2020-06-08 10:11:14,mainnet,10223956,10223901,55
2020-06-08 10:12:41,mainnet,10223963,10223901,62
2020-06-08 10:14:07,mainnet,10223969,10223901,68
2020-06-08 10:15:43,mainnet,10223973,10223973,0
2020-06-08 10:17:09,mainnet,10223984,10223974,10
2020-06-08 10:18:52,mainnet,10223988,10223988,0
2020-06-08 10:20:14,mainnet,10223993,10223993,0
2020-06-08 10:21:52,mainnet,10224002,10224000,2
2020-06-08 10:23:14,mainnet,10224011,10224000,11
2020-06-08 10:24:58,mainnet,10224016,10224016,0
2020-06-08 10:26:22,mainnet,10224020,10224020,0
2020-06-08 10:28:01,mainnet,10224029,10224028,1
2020-06-08 10:29:28,mainnet,10224034,10224028,6
2020-06-08 10:30:54,mainnet,10224042,10224038,4
2020-06-08 10:32:28,mainnet,10224048,10224046,2
2020-06-08 10:33:56,mainnet,10224051,10224050,1
2020-06-08 10:35:28,mainnet,10224057,10224057,0
2020-06-08 10:37:03,mainnet,10224070,10224061,9
2020-06-08 10:38:43,mainnet,10224077,10224061,16
2020-06-08 10:40:12,mainnet,10224086,10224080,6
2020-06-08 10:42:16,mainnet,10224090,10224080,10
2020-06-08 10:43:42,mainnet,10224093,10224080,13
2020-06-08 10:45:09,mainnet,10224098,10224097,1
2020-06-08 10:46:38,mainnet,10224108,10224098,10
2020-06-08 10:48:33,mainnet,10224113,10224114,-1
2020-06-08 10:50:02,mainnet,10224119,10224119,0
2020-06-08 10:51:24,mainnet,10224127,10224123,4
2020-06-08 10:52:50,mainnet,10224135,10224123,12
2020-06-08 10:54:15,mainnet,10224137,10224137,0
2020-06-08 10:55:44,mainnet,10224141,10224141,0
2020-06-08 10:57:10,mainnet,10224149,10224148,1
2020-06-08 10:58:36,mainnet,10224160,10224158,2
2020-06-08 11:00:10,mainnet,10224164,10224162,2
2020-06-08 11:01:40,mainnet,10224170,10224162,8
2020-06-08 11:03:06,mainnet,10224172,10224162,10
2020-06-08 11:04:37,mainnet,10224178,10224178,0
2020-06-08 11:06:12,mainnet,10224186,10224186,0
2020-06-08 11:07:38,mainnet,10224195,10224192,3
2020-06-08 11:09:06,mainnet,10224200,10224197,3
2020-06-08 11:10:28,mainnet,10224207,10224197,10
2020-06-08 11:11:54,mainnet,10224209,10224209,0
2020-06-08 11:13:19,mainnet,10224216,10224213,3
2020-06-08 11:15:08,mainnet,10224225,10224217,8
2020-06-08 11:16:38,mainnet,10224230,10224217,13
2020-06-08 11:18:14,mainnet,10224238,10224217,21
2020-06-08 11:19:39,mainnet,10224246,10224217,29
2020-06-08 11:21:06,mainnet,10224255,10224249,6
2020-06-08 11:22:38,mainnet,10224257,10224249,8
2020-06-08 11:24:05,mainnet,10224266,10224266,0
2020-06-08 11:25:56,mainnet,10224271,10224269,2
2020-06-08 11:27:18,mainnet,10224282,10224269,13
2020-06-08 11:28:47,mainnet,10224290,10224269,21
2020-06-08 11:30:30,mainnet,10224305,10224304,1
2020-06-08 11:32:19,mainnet,10224316,10224316,0
2020-06-08 11:33:46,mainnet,10224321,10224317,4
2020-06-08 11:35:09,mainnet,10224325,10224317,8
2020-06-08 11:36:43,mainnet,10224331,10224331,0
2020-06-08 11:38:05,mainnet,10224337,10224337,0
2020-06-08 11:39:27,mainnet,10224345,10224338,7
2020-06-08 11:41:05,mainnet,10224353,10224338,15
2020-06-08 11:43:08,mainnet,10224359,10224338,21
2020-06-08 11:44:37,mainnet,10224364,10224364,0
2020-06-08 11:45:59,mainnet,10224370,10224365,5
2020-06-08 11:47:27,mainnet,10224374,10224365,9
2020-06-08 11:49:04,mainnet,10224383,10224382,1
2020-06-08 11:51:13,mainnet,10224391,10224382,9
2020-06-08 11:52:36,mainnet,10224396,10224382,14
2020-06-08 11:54:01,mainnet,10224406,10224406,0
2020-06-08 11:55:27,mainnet,10224417,10224408,9
2020-06-08 11:57:06,mainnet,10224422,10224408,14
2020-06-08 11:58:28,mainnet,10224429,10224408,21
2020-06-08 11:59:50,mainnet,10224437,10224436,1
2020-06-08 12:01:24,mainnet,10224444,10224439,5
2020-06-08 12:02:48,mainnet,10224452,10224451,1
2020-06-08 12:04:35,mainnet,10224455,10224452,3
2020-06-08 12:06:02,mainnet,10224468,10224463,5
2020-06-08 12:07:54,mainnet,10224470,10224470,0
2020-06-08 12:09:34,mainnet,10224479,10224478,1
2020-06-08 12:11:22,mainnet,10224491,10224489,2
2020-06-08 12:14:28,mainnet,10224499,10224496,3
2020-06-08 12:16:18,mainnet,10224504,10224496,8
2020-06-08 12:18:11,mainnet,10224512,10224511,1
2020-06-08 12:19:51,mainnet,10224520,10224520,0
2020-06-08 12:21:31,mainnet,10224527,10224527,0
2020-06-08 12:22:56,mainnet,10224533,10224531,2
2020-06-08 12:24:26,mainnet,10224542,10224539,3
2020-06-08 12:25:55,mainnet,10224547,10224547,0
2020-06-08 12:27:22,mainnet,10224553,10224553,0
2020-06-08 12:29:07,mainnet,10224559,10224557,2
2020-06-08 12:30:44,mainnet,10224566,10224557,9
2020-06-08 12:32:06,mainnet,10224575,10224557,18
2020-06-08 12:33:28,mainnet,10224584,10224557,27
2020-06-08 12:35:29,mainnet,10224590,10224587,3
2020-06-08 12:37:31,mainnet,10224598,10224587,11
2020-06-08 12:39:38,mainnet,10224606,10224599,7
2020-06-08 12:41:00,mainnet,10224611,10224608,3
2020-06-08 12:42:22,mainnet,10224619,10224608,11
2020-06-08 12:44:03,mainnet,10224627,10224627,0
2020-06-08 12:45:25,mainnet,10224635,10224634,1
2020-06-08 12:46:47,mainnet,10224649,10224636,13
2020-06-08 12:48:38,mainnet,10224653,10224653,0
2020-06-08 12:50:01,mainnet,10224657,10224654,3
2020-06-08 12:51:27,mainnet,10224661,10224660,1
2020-06-08 12:53:00,mainnet,10224671,10224660,11
2020-06-08 12:54:26,mainnet,10224682,10224670,12
2020-06-08 12:56:05,mainnet,10224687,10224686,1
2020-06-08 12:57:30,mainnet,10224692,10224692,0
2020-06-08 12:59:14,mainnet,10224701,10224699,2
2020-06-08 13:00:46,mainnet,10224708,10224708,0
2020-06-08 13:02:58,mainnet,10224715,10224715,0
2020-06-08 13:04:44,mainnet,10224718,10224717,1
2020-06-08 13:06:06,mainnet,10224724,10224720,4
2020-06-08 13:07:38,mainnet,10224733,10224720,13
2020-06-08 13:09:07,mainnet,10224741,10224720,21
2020-06-08 13:10:29,mainnet,10224747,10224720,27
2020-06-08 13:11:54,mainnet,10224752,10224720,32
2020-06-08 13:13:25,mainnet,10224759,10224756,3
2020-06-08 13:14:47,mainnet,10224763,10224764,-1
2020-06-08 13:16:11,mainnet,10224768,10224768,0
2020-06-08 13:17:33,mainnet,10224772,10224772,0
2020-06-08 13:18:57,mainnet,10224778,10224777,1
2020-06-08 13:20:26,mainnet,10224786,10224778,8
2020-06-08 13:21:56,mainnet,10224793,10224794,-1
2020-06-08 13:23:22,mainnet,10224799,10224799,0
2020-06-08 13:24:48,mainnet,10224807,10224804,3
2020-06-08 13:26:24,mainnet,10224815,10224804,11
2020-06-08 13:27:50,mainnet,10224820,10224819,1
2020-06-08 13:29:17,mainnet,10224829,10224824,5
2020-06-08 13:30:55,mainnet,10224836,10224828,8
2020-06-08 13:32:25,mainnet,10224846,10224828,18
2020-06-08 13:33:50,mainnet,10224857,10224846,11
2020-06-08 13:35:17,mainnet,10224859,10224846,13
2020-06-08 13:36:39,mainnet,10224869,10224846,23
2020-06-08 13:38:23,mainnet,10224875,10224846,29
2020-06-08 13:39:45,mainnet,10224882,10224880,2
2020-06-08 13:41:11,mainnet,10224892,10224891,1
2020-06-08 13:42:36,mainnet,10224897,10224894,3
2020-06-08 13:44:21,mainnet,10224900,10224899,1
2020-06-08 13:45:47,mainnet,10224906,10224900,6
2020-06-08 13:47:13,mainnet,10224910,10224910,0
2020-06-08 13:48:35,mainnet,10224918,10224912,6
2020-06-08 13:50:19,mainnet,10224923,10224912,11
2020-06-08 13:51:44,mainnet,10224926,10224912,14
2020-06-08 13:53:09,mainnet,10224930,10224912,18
2020-06-08 13:54:35,mainnet,10224938,10224912,26
2020-06-08 13:56:03,mainnet,10224945,10224912,33
2020-06-08 13:57:34,mainnet,10224951,10224951,0
2020-06-08 13:59:03,mainnet,10224956,10224952,4
2020-06-08 14:00:42,mainnet,10224958,10224952,6
2020-06-08 14:02:08,mainnet,10224964,10224958,6
2020-06-08 14:03:42,mainnet,10224970,10224958,12
2020-06-08 14:05:16,mainnet,10224978,10224974,4
2020-06-08 14:06:49,mainnet,10224991,10224984,7
2020-06-08 14:08:21,mainnet,10224998,10224998,0
2020-06-08 14:09:53,mainnet,10225002,10225002,0
2020-06-08 14:11:20,mainnet,10225011,10225006,5
2020-06-08 14:13:33,mainnet,10225020,10225006,14
2020-06-08 14:14:58,mainnet,10225030,10225024,6
2020-06-08 14:17:03,mainnet,10225039,10225024,15
2020-06-08 14:18:54,mainnet,10225044,10225041,3
2020-06-08 14:20:21,mainnet,10225052,10225047,5
2020-06-08 14:21:55,mainnet,10225057,10225053,4
2020-06-08 14:23:17,mainnet,10225061,10225059,2
2020-06-08 14:24:49,mainnet,10225065,10225059,6
2020-06-08 14:26:14,mainnet,10225073,10225071,2
2020-06-08 14:27:39,mainnet,10225078,10225078,0
2020-06-08 14:29:02,mainnet,10225088,10225088,0
2020-06-08 14:31:01,mainnet,10225101,10225088,13
2020-06-08 14:33:08,mainnet,10225110,10225102,8
2020-06-08 14:34:57,mainnet,10225118,10225118,0
2020-06-08 14:36:20,mainnet,10225121,10225121,0
2020-06-08 14:37:42,mainnet,10225126,10225126,0
2020-06-08 14:39:06,mainnet,10225132,10225131,1
2020-06-08 14:40:32,mainnet,10225138,10225135,3
2020-06-08 14:42:04,mainnet,10225147,10225142,5
2020-06-08 14:43:41,mainnet,10225156,10225156,0
2020-06-08 14:46:19,mainnet,10225167,10225167,0
2020-06-08 14:47:49,mainnet,10225173,10225173,0
2020-06-08 14:49:15,mainnet,10225179,10225179,0
2020-06-08 14:51:04,mainnet,10225187,10225186,1
2020-06-08 14:52:30,mainnet,10225197,10225197,0
2020-06-08 14:53:52,mainnet,10225204,10225204,0
2020-06-08 14:55:44,mainnet,10225211,10225211,0
2020-06-08 14:57:10,mainnet,10225218,10225218,0
2020-06-08 14:58:34,mainnet,10225224,10225224,0
2020-06-08 15:00:28,mainnet,10225232,10225231,1
2020-06-08 15:02:04,mainnet,10225236,10225231,5
2020-06-08 15:03:27,mainnet,10225246,10225246,0
2020-06-08 15:05:11,mainnet,10225252,10225249,3
2020-06-08 15:06:49,mainnet,10225263,10225253,10
2020-06-08 15:08:21,mainnet,10225272,10225271,1
2020-06-08 15:10:15,mainnet,10225282,10225282,0
2020-06-08 15:12:02,mainnet,10225287,10225286,1
2020-06-08 15:13:43,mainnet,10225294,10225291,3
2020-06-08 15:15:07,mainnet,10225305,10225302,3
2020-06-08 15:16:30,mainnet,10225309,10225308,1
2020-06-08 15:17:54,mainnet,10225315,10225312,3
2020-06-08 15:19:22,mainnet,10225322,10225312,10
2020-06-08 15:20:45,mainnet,10225329,10225329,0
2020-06-08 15:22:17,mainnet,10225335,10225335,0
2020-06-08 15:23:45,mainnet,10225341,10225341,0
2020-06-08 15:25:13,mainnet,10225349,10225346,3
2020-06-08 15:27:11,mainnet,10225358,10225358,0
2020-06-08 15:28:34,mainnet,10225366,10225358,8
2020-06-08 15:30:05,mainnet,10225374,10225369,5
2020-06-08 15:31:44,mainnet,10225378,10225377,1
2020-06-08 15:33:08,mainnet,10225388,10225383,5
2020-06-08 15:34:30,mainnet,10225392,10225389,3
2020-06-08 15:35:56,mainnet,10225399,10225399,0
2020-06-08 15:37:22,mainnet,10225405,10225405,0
2020-06-08 15:38:52,mainnet,10225413,10225413,0
2020-06-08 15:40:20,mainnet,10225426,10225426,0
2020-06-08 15:41:49,mainnet,10225431,10225431,0
2020-06-08 15:43:17,mainnet,10225441,10225441,0
2020-06-08 15:44:45,mainnet,10225449,10225441,8
2020-06-08 15:46:12,mainnet,10225454,10225454,0
2020-06-08 15:47:34,mainnet,10225457,10225456,1
2020-06-08 15:48:56,mainnet,10225472,10225467,5
2020-06-08 15:51:16,mainnet,10225478,10225475,3
2020-06-08 15:52:38,mainnet,10225486,10225475,11
2020-06-08 15:54:05,mainnet,10225491,10225488,3
2020-06-08 15:56:00,mainnet,10225496,10225495,1
2020-06-08 15:57:32,mainnet,10225501,10225498,3
2020-06-08 15:59:04,mainnet,10225507,10225498,9
2020-06-08 16:00:53,mainnet,10225511,10225510,1
2020-06-08 16:02:28,mainnet,10225517,10225515,2
2020-06-08 16:04:06,mainnet,10225523,10225515,8
2020-06-08 16:05:36,mainnet,10225537,10225515,22
2020-06-08 16:08:16,mainnet,10225545,10225515,30
2020-06-08 16:09:58,mainnet,10225551,10225546,5
2020-06-08 16:11:34,mainnet,10225566,10225546,20
2020-06-08 16:13:23,mainnet,10225573,10225570,3
2020-06-08 16:14:45,mainnet,10225578,10225574,4
2020-06-08 16:16:41,mainnet,10225582,10225582,0
2020-06-08 16:18:13,mainnet,10225588,10225582,6
2020-06-08 16:20:01,mainnet,10225595,10225589,6
2020-06-08 16:21:53,mainnet,10225603,10225603,0
2020-06-08 16:23:33,mainnet,10225610,10225609,1
2020-06-08 16:25:21,mainnet,10225614,10225612,2
2020-06-08 16:26:56,mainnet,10225628,10225612,16
2020-06-08 16:28:46,mainnet,10225633,10225628,5
2020-06-08 16:30:19,mainnet,10225640,10225628,12
2020-06-08 16:31:48,mainnet,10225646,10225645,1
2020-06-08 16:33:10,mainnet,10225653,10225654,-1
2020-06-08 16:34:33,mainnet,10225659,10225659,0
2020-06-08 16:36:14,mainnet,10225662,10225662,0
2020-06-08 16:37:43,mainnet,10225668,10225668,0
2020-06-08 16:39:08,mainnet,10225673,10225673,0
2020-06-08 16:40:43,mainnet,10225677,10225676,1
2020-06-08 16:42:07,mainnet,10225682,10225682,0
2020-06-08 16:43:30,mainnet,10225689,10225689,0
2020-06-08 16:44:53,mainnet,10225694,10225694,0
2020-06-08 16:46:19,mainnet,10225700,10225700,0
2020-06-08 16:47:46,mainnet,10225704,10225704,0
2020-06-08 16:49:08,mainnet,10225708,10225706,2
2020-06-08 16:50:38,mainnet,10225716,10225715,1
2020-06-08 16:52:09,mainnet,10225721,10225720,1
2020-06-08 16:54:08,mainnet,10225726,10225720,6
2020-06-08 16:55:32,mainnet,10225730,10225730,0
2020-06-08 16:56:57,mainnet,10225736,10225736,0
2020-06-08 16:58:19,mainnet,10225741,10225738,3
2020-06-08 16:59:52,mainnet,10225746,10225738,8
2020-06-08 17:01:14,mainnet,10225750,10225738,12
2020-06-08 17:02:44,mainnet,10225760,10225754,6
2020-06-08 17:04:15,mainnet,10225765,10225754,11
2020-06-08 17:05:37,mainnet,10225768,10225754,14
2020-06-08 17:07:03,mainnet,10225777,10225775,2
2020-06-08 17:08:33,mainnet,10225784,10225784,0
2020-06-08 17:10:00,mainnet,10225791,10225784,7
2020-06-08 17:11:29,mainnet,10225800,10225796,4
2020-06-08 17:13:07,mainnet,10225811,10225807,4
2020-06-08 17:14:33,mainnet,10225813,10225813,0
2020-06-08 17:16:07,mainnet,10225821,10225819,2
2020-06-08 17:18:09,mainnet,10225826,10225822,4
2020-06-08 17:19:32,mainnet,10225835,10225827,8
2020-06-08 17:21:01,mainnet,10225839,10225827,12
2020-06-08 17:22:37,mainnet,10225852,10225843,9
2020-06-08 17:24:57,mainnet,10225859,10225856,3
2020-06-08 17:26:56,mainnet,10225866,10225857,9
2020-06-08 17:28:30,mainnet,10225871,10225857,14
2020-06-08 17:29:52,mainnet,10225876,10225875,1
2020-06-08 17:31:29,mainnet,10225886,10225875,11
2020-06-08 17:32:51,mainnet,10225894,10225895,-1
2020-06-08 17:34:25,mainnet,10225905,10225905,0
2020-06-08 17:36:00,mainnet,10225912,10225912,0
2020-06-08 17:37:26,mainnet,10225920,10225919,1
2020-06-08 17:38:58,mainnet,10225928,10225929,-1
2020-06-08 17:40:20,mainnet,10225936,10225936,0
2020-06-08 17:41:43,mainnet,10225943,10225941,2
2020-06-08 17:43:05,mainnet,10225946,10225946,0
2020-06-08 17:44:30,mainnet,10225953,10225951,2
2020-06-08 17:45:53,mainnet,10225966,10225951,15
2020-06-08 17:47:15,mainnet,10225974,10225975,-1
2020-06-08 17:48:39,mainnet,10225989,10225986,3
2020-06-08 17:50:25,mainnet,10225995,10225995,0
2020-06-08 17:51:48,mainnet,10226004,10226004,0
2020-06-08 17:53:25,mainnet,10226014,10226012,2
2020-06-08 17:54:56,mainnet,10226018,10226017,1
2020-06-08 17:56:22,mainnet,10226027,10226026,1
2020-06-08 17:58:05,mainnet,10226040,10226039,1
2020-06-08 17:59:36,mainnet,10226059,10226057,2
2020-06-08 18:01:27,mainnet,10226067,10226067,0
2020-06-08 18:02:52,mainnet,10226071,10226070,1
2020-06-08 18:04:18,mainnet,10226080,10226079,1
2020-06-08 18:05:42,mainnet,10226084,10226084,0
2020-06-08 18:07:13,mainnet,10226091,10226091,0
2020-06-08 18:08:41,mainnet,10226098,10226098,0
2020-06-08 18:10:06,mainnet,10226109,10226108,1
2020-06-08 18:11:52,mainnet,10226114,10226114,0
2020-06-08 18:13:14,mainnet,10226119,10226119,0
2020-06-08 18:14:55,mainnet,10226123,10226123,0
2020-06-08 18:16:17,mainnet,10226134,10226130,4
2020-06-08 18:17:39,mainnet,10226140,10226140,0
2020-06-08 18:19:03,mainnet,10226148,10226148,0
2020-06-08 18:20:34,mainnet,10226155,10226155,0
2020-06-08 18:21:56,mainnet,10226164,10226163,1
2020-06-08 18:23:24,mainnet,10226169,10226168,1
2020-06-08 18:24:58,mainnet,10226181,10226174,7
2020-06-08 18:26:30,mainnet,10226189,10226188,1
2020-06-08 18:27:56,mainnet,10226196,10226196,0
2020-06-08 18:29:22,mainnet,10226204,10226203,1
2020-06-08 18:31:10,mainnet,10226213,10226211,2
2020-06-08 18:33:05,mainnet,10226217,10226217,0
2020-06-08 18:34:35,mainnet,10226220,10226218,2
2020-06-08 18:36:02,mainnet,10226223,10226222,1
2020-06-08 18:37:27,mainnet,10226233,10226231,2
2020-06-08 18:39:31,mainnet,10226240,10226240,0
2020-06-08 18:41:00,mainnet,10226244,10226240,4
2020-06-08 18:42:36,mainnet,10226248,10226246,2
2020-06-08 18:44:01,mainnet,10226254,10226254,0
2020-06-08 18:45:54,mainnet,10226260,10226260,0
2020-06-08 18:47:20,mainnet,10226265,10226263,2
2020-06-08 18:48:53,mainnet,10226269,10226268,1
2020-06-08 18:50:15,mainnet,10226282,10226282,0
2020-06-08 18:51:47,mainnet,10226293,10226294,-1
2020-06-08 18:53:37,mainnet,10226300,10226300,0
2020-06-08 18:55:01,mainnet,10226304,10226304,0
2020-06-08 18:56:33,mainnet,10226310,10226308,2
2020-06-08 18:57:58,mainnet,10226318,10226318,0
2020-06-08 18:59:25,mainnet,10226326,10226324,2
2020-06-08 19:00:50,mainnet,10226333,10226331,2
2020-06-08 19:02:23,mainnet,10226337,10226336,1
2020-06-08 19:04:00,mainnet,10226344,10226336,8
2020-06-08 19:05:27,mainnet,10226361,10226361,0
2020-06-08 19:07:07,mainnet,10226367,10226367,0
2020-06-08 19:08:33,mainnet,10226374,10226374,0
2020-06-08 19:10:24,mainnet,10226384,10226383,1
2020-06-08 19:12:03,mainnet,10226390,10226390,0
2020-06-08 19:13:28,mainnet,10226399,10226398,1
2020-06-08 19:15:08,mainnet,10226406,10226406,0
2020-06-08 19:16:29,mainnet,10226416,10226416,0
2020-06-08 19:17:54,mainnet,10226428,10226428,0
2020-06-08 19:19:42,mainnet,10226433,10226429,4
2020-06-08 19:21:04,mainnet,10226440,10226438,2
2020-06-08 19:22:30,mainnet,10226451,10226450,1
2020-06-08 19:23:56,mainnet,10226458,10226450,8
2020-06-08 19:25:26,mainnet,10226462,10226450,12
2020-06-08 19:26:48,mainnet,10226465,10226463,2
2020-06-08 19:28:13,mainnet,10226470,10226469,1
2020-06-08 19:29:42,mainnet,10226480,10226478,2
2020-06-08 19:31:06,mainnet,10226490,10226487,3
2020-06-08 19:32:39,mainnet,10226500,10226500,0
2020-06-08 19:34:02,mainnet,10226507,10226507,0
2020-06-08 19:35:55,mainnet,10226518,10226518,0
2020-06-08 19:37:18,mainnet,10226522,10226519,3
2020-06-08 19:38:44,mainnet,10226527,10226527,0
2020-06-08 19:40:09,mainnet,10226539,10226539,0
2020-06-08 19:41:47,mainnet,10226545,10226545,0
2020-06-08 19:43:15,mainnet,10226556,10226556,0
2020-06-08 19:44:38,mainnet,10226562,10226563,-1
2020-06-08 19:46:12,mainnet,10226572,10226570,2
2020-06-08 19:47:49,mainnet,10226580,10226575,5
2020-06-08 19:49:17,mainnet,10226589,10226589,0
2020-06-08 19:50:47,mainnet,10226594,10226594,0
2020-06-08 19:52:10,mainnet,10226604,10226604,0
2020-06-08 19:53:37,mainnet,10226612,10226606,6
2020-06-08 19:55:17,mainnet,10226620,10226613,7
2020-06-08 19:56:48,mainnet,10226628,10226628,0
2020-06-08 19:58:19,mainnet,10226639,10226634,5
2020-06-08 19:59:46,mainnet,10226647,10226647,0
2020-06-08 20:01:19,mainnet,10226653,10226652,1
2020-06-08 20:02:43,mainnet,10226657,10226657,0
2020-06-08 20:04:13,mainnet,10226662,10226663,-1
2020-06-08 20:05:37,mainnet,10226667,10226667,0
2020-06-08 20:07:07,mainnet,10226680,10226678,2
2020-06-08 20:08:49,mainnet,10226685,10226685,0
2020-06-08 20:10:25,mainnet,10226696,10226696,0
2020-06-08 20:11:57,mainnet,10226702,10226703,-1
2020-06-08 20:13:23,mainnet,10226710,10226710,0
2020-06-08 20:15:08,mainnet,10226714,10226714,0
2020-06-08 20:16:41,mainnet,10226719,10226719,0
2020-06-08 20:18:11,mainnet,10226725,10226726,-1
2020-06-08 20:19:47,mainnet,10226730,10226730,0
2020-06-08 20:21:13,mainnet,10226734,10226734,0
2020-06-08 20:22:35,mainnet,10226743,10226743,0
2020-06-08 20:24:17,mainnet,10226755,10226753,2
2020-06-08 20:26:09,mainnet,10226759,10226759,0
2020-06-08 20:27:49,mainnet,10226764,10226764,0
2020-06-08 20:29:15,mainnet,10226776,10226769,7
2020-06-08 20:30:41,mainnet,10226783,10226782,1
2020-06-08 20:32:13,mainnet,10226797,10226797,0
2020-06-08 20:34:18,mainnet,10226803,10226803,0
2020-06-08 20:35:47,mainnet,10226808,10226808,0
2020-06-08 20:37:29,mainnet,10226815,10226815,0
2020-06-08 20:39:05,mainnet,10226823,10226823,0
2020-06-08 20:40:30,mainnet,10226827,10226827,0
2020-06-08 20:43:01,mainnet,10226838,10226839,-1
2020-06-08 20:44:30,mainnet,10226844,10226844,0
2020-06-08 20:45:52,mainnet,10226850,10226850,0
2020-06-08 20:47:46,mainnet,10226858,10226856,2
2020-06-08 20:52:10,mainnet,10226881,10226880,1
2020-06-08 20:53:36,mainnet,10226887,10226883,4
2020-06-08 20:54:59,mainnet,10226896,10226896,0
2020-06-08 20:56:21,mainnet,10226901,10226901,0
2020-06-08 20:57:51,mainnet,10226908,10226908,0
2020-06-08 20:59:26,mainnet,10226916,10226916,0
2020-06-08 21:00:52,mainnet,10226923,10226923,0
2020-06-08 21:02:35,mainnet,10226926,10226925,1
2020-06-08 21:04:08,mainnet,10226933,10226930,3
2020-06-08 21:05:49,mainnet,10226941,10226941,0
2020-06-08 21:07:18,mainnet,10226948,10226949,-1
2020-06-08 21:08:44,mainnet,10226957,10226957,0
2020-06-08 21:10:10,mainnet,10226967,10226966,1
2020-06-08 21:11:41,mainnet,10226977,10226977,0
2020-06-08 21:13:18,mainnet,10226987,10226987,0
2020-06-08 21:15:33,mainnet,10226991,10226991,0
2020-06-08 21:16:55,mainnet,10226996,10226992,4
2020-06-08 21:18:26,mainnet,10227003,10227003,0
2020-06-08 21:19:49,mainnet,10227008,10227008,0
2020-06-08 21:21:35,mainnet,10227019,10227019,0
2020-06-08 21:22:58,mainnet,10227024,10227024,0
2020-06-08 21:24:26,mainnet,10227034,10227029,5
2020-06-08 21:25:52,mainnet,10227037,10227037,0
2020-06-08 21:27:14,mainnet,10227045,10227045,0
2020-06-08 21:28:40,mainnet,10227048,10227048,0
2020-06-08 21:30:13,mainnet,10227056,10227056,0
2020-06-08 21:31:51,mainnet,10227063,10227061,2
2020-06-08 21:33:15,mainnet,10227065,10227065,0
2020-06-08 21:34:46,mainnet,10227068,10227068,0
2020-06-08 21:36:09,mainnet,10227076,10227077,-1
2020-06-08 21:37:42,mainnet,10227081,10227081,0
2020-06-08 21:39:06,mainnet,10227086,10227084,2
2020-06-08 21:40:30,mainnet,10227094,10227093,1
2020-06-08 21:41:55,mainnet,10227104,10227104,0
2020-06-08 21:43:27,mainnet,10227112,10227112,0
2020-06-08 21:44:53,mainnet,10227121,10227121,0
2020-06-08 21:46:26,mainnet,10227123,10227123,0
2020-06-08 21:47:50,mainnet,10227127,10227127,0
2020-06-08 21:49:19,mainnet,10227131,10227130,1
2020-06-08 21:51:15,mainnet,10227139,10227139,0
2020-06-08 21:52:40,mainnet,10227149,10227149,0
2020-06-08 21:54:17,mainnet,10227156,10227156,0
2020-06-08 21:55:47,mainnet,10227163,10227163,0
2020-06-08 21:57:13,mainnet,10227171,10227171,0
2020-06-08 21:58:41,mainnet,10227173,10227173,0
2020-06-08 22:00:18,mainnet,10227179,10227179,0
2020-06-08 22:01:46,mainnet,10227185,10227185,0
2020-06-08 22:03:13,mainnet,10227190,10227190,0
2020-06-08 22:04:35,mainnet,10227194,10227194,0
2020-06-08 22:06:08,mainnet,10227203,10227203,0
2020-06-08 22:07:33,mainnet,10227210,10227209,1
2020-06-08 22:09:00,mainnet,10227216,10227216,0
2020-06-08 22:10:47,mainnet,10227221,10227222,-1
2020-06-08 22:12:12,mainnet,10227225,10227225,0
2020-06-08 22:13:34,mainnet,10227232,10227232,0
2020-06-08 22:15:04,mainnet,10227239,10227239,0
2020-06-08 22:16:44,mainnet,10227244,10227243,1
2020-06-08 22:18:13,mainnet,10227248,10227246,2
2020-06-08 22:19:35,mainnet,10227254,10227254,0
2020-06-08 22:20:57,mainnet,10227258,10227258,0
2020-06-08 22:22:19,mainnet,10227263,10227263,0
2020-06-08 22:23:44,mainnet,10227272,10227271,1
2020-06-08 22:25:09,mainnet,10227275,10227275,0
2020-06-08 22:26:32,mainnet,10227277,10227277,0
2020-06-08 22:27:59,mainnet,10227283,10227283,0
2020-06-08 22:29:34,mainnet,10227287,10227287,0
2020-06-08 22:30:57,mainnet,10227297,10227294,3
2020-06-08 22:32:27,mainnet,10227302,10227302,0
2020-06-08 22:33:49,mainnet,10227305,10227305,0
2020-06-08 22:35:11,mainnet,10227312,10227309,3
2020-06-08 22:36:33,mainnet,10227316,10227316,0
2020-06-08 22:37:59,mainnet,10227323,10227323,0
2020-06-08 22:39:27,mainnet,10227327,10227327,0
2020-06-08 22:40:49,mainnet,10227330,10227331,-1
2020-06-08 22:42:17,mainnet,10227334,10227333,1
2020-06-08 22:43:39,mainnet,10227337,10227333,4
2020-06-08 22:45:04,mainnet,10227344,10227344,0
2020-06-08 22:46:52,mainnet,10227350,10227350,0
2020-06-08 22:48:14,mainnet,10227355,10227355,0
2020-06-08 22:49:39,mainnet,10227358,10227357,1
2020-06-08 22:51:01,mainnet,10227365,10227366,-1
2020-06-08 22:52:36,mainnet,10227372,10227372,0
2020-06-08 22:54:09,mainnet,10227376,10227376,0
2020-06-08 22:55:34,mainnet,10227383,10227383,0
2020-06-08 22:57:08,mainnet,10227392,10227390,2
2020-06-08 22:58:40,mainnet,10227397,10227397,0
2020-06-08 23:00:11,mainnet,10227408,10227408,0
2020-06-08 23:01:40,mainnet,10227411,10227410,1
2020-06-08 23:03:04,mainnet,10227417,10227415,2
2020-06-08 23:04:40,mainnet,10227426,10227426,0
2020-06-08 23:06:02,mainnet,10227431,10227431,0
2020-06-08 23:07:30,mainnet,10227440,10227440,0
2020-06-08 23:08:57,mainnet,10227445,10227445,0
2020-06-08 23:10:41,mainnet,10227452,10227453,-1
2020-06-08 23:12:05,mainnet,10227457,10227456,1
2020-06-08 23:13:28,mainnet,10227461,10227462,-1
2020-06-08 23:14:50,mainnet,10227468,10227468,0
2020-06-08 23:16:15,mainnet,10227477,10227475,2
2020-06-08 23:17:38,mainnet,10227480,10227480,0
2020-06-08 23:19:03,mainnet,10227488,10227488,0
2020-06-08 23:20:38,mainnet,10227494,10227494,0
2020-06-08 23:22:24,mainnet,10227505,10227503,2
2020-06-08 23:23:53,mainnet,10227515,10227515,0
2020-06-08 23:25:15,mainnet,10227519,10227519,0
2020-06-08 23:26:40,mainnet,10227522,10227522,0
2020-06-08 23:28:07,mainnet,10227529,10227529,0
2020-06-08 23:29:34,mainnet,10227537,10227537,0
2020-06-08 23:31:10,mainnet,10227544,10227544,0
2020-06-08 23:32:35,mainnet,10227550,10227550,0
2020-06-08 23:36:53,mainnet,10227572,10227567,5
2020-06-08 23:38:15,mainnet,10227578,10227577,1
2020-06-08 23:40:14,mainnet,10227588,10227588,0
2020-06-08 23:41:46,mainnet,10227596,10227597,-1
2020-06-08 23:43:11,mainnet,10227602,10227602,0
2020-06-08 23:44:37,mainnet,10227606,10227606,0
2020-06-08 23:46:07,mainnet,10227612,10227612,0
2020-06-08 23:47:36,mainnet,10227616,10227616,0
2020-06-08 23:49:11,mainnet,10227621,10227621,0
2020-06-08 23:50:51,mainnet,10227626,10227626,0
2020-06-08 23:52:41,mainnet,10227637,10227635,2
2020-06-08 23:54:36,mainnet,10227644,10227644,0
2020-06-08 23:56:22,mainnet,10227647,10227647,0
2020-06-08 23:58:03,mainnet,10227654,10227653,1
2020-06-08 23:59:32,mainnet,10227662,10227662,0
2020-06-09 00:01:33,mainnet,10227671,10227671,0
2020-06-09 00:02:58,mainnet,10227678,10227678,0
2020-06-09 00:04:22,mainnet,10227684,10227684,0
2020-06-09 00:05:57,mainnet,10227687,10227687,0
2020-06-09 00:07:21,mainnet,10227696,10227694,2
2020-06-09 00:08:53,mainnet,10227706,10227705,1
2020-06-09 00:10:40,mainnet,10227709,10227709,0
2020-06-09 00:12:07,mainnet,10227713,10227713,0
2020-06-09 00:13:31,mainnet,10227721,10227721,0
2020-06-09 00:15:24,mainnet,10227731,10227729,2
2020-06-09 00:16:50,mainnet,10227735,10227734,1
2020-06-09 00:18:19,mainnet,10227744,10227744,0
2020-06-09 00:19:47,mainnet,10227752,10227752,0
2020-06-09 00:21:33,mainnet,10227761,10227754,7
2020-06-09 00:23:04,mainnet,10227763,10227763,0
2020-06-09 00:24:26,mainnet,10227771,10227771,0
2020-06-09 00:25:57,mainnet,10227779,10227779,0
2020-06-09 00:27:25,mainnet,10227789,10227788,1
2020-06-09 00:28:51,mainnet,10227794,10227791,3
2020-06-09 00:30:15,mainnet,10227802,10227801,1
2020-06-09 00:31:37,mainnet,10227814,10227814,0
2020-06-09 00:33:21,mainnet,10227822,10227822,0
2020-06-09 00:34:54,mainnet,10227827,10227827,0
2020-06-09 00:36:26,mainnet,10227829,10227829,0
2020-06-09 00:37:51,mainnet,10227837,10227837,0
2020-06-09 00:39:13,mainnet,10227844,10227839,5
2020-06-09 00:40:37,mainnet,10227848,10227849,-1
2020-06-09 00:42:16,mainnet,10227857,10227856,1
2020-06-09 00:43:38,mainnet,10227864,10227863,1
2020-06-09 00:45:04,mainnet,10227871,10227871,0
2020-06-09 00:46:27,mainnet,10227877,10227877,0
2020-06-09 00:47:50,mainnet,10227880,10227880,0
2020-06-09 00:49:20,mainnet,10227885,10227885,0
2020-06-09 00:50:48,mainnet,10227889,10227889,0
2020-06-09 00:52:11,mainnet,10227892,10227889,3
2020-06-09 00:53:35,mainnet,10227894,10227889,5
2020-06-09 00:55:01,mainnet,10227900,10227900,0
2020-06-09 00:56:29,mainnet,10227905,10227905,0
2020-06-09 00:57:59,mainnet,10227910,10227909,1
2020-06-09 00:59:22,mainnet,10227918,10227910,8
2020-06-09 01:01:01,mainnet,10227927,10227927,0
2020-06-09 01:02:24,mainnet,10227929,10227929,0
2020-06-09 01:04:00,mainnet,10227932,10227932,0
2020-06-09 01:05:38,mainnet,10227938,10227938,0
2020-06-09 01:07:31,mainnet,10227946,10227946,0
2020-06-09 01:09:16,mainnet,10227950,10227950,0
2020-06-09 01:10:44,mainnet,10227955,10227955,0
2020-06-09 01:12:17,mainnet,10227962,10227962,0
2020-06-09 01:13:44,mainnet,10227973,10227973,0
2020-06-09 01:15:27,mainnet,10227978,10227976,2
2020-06-09 01:17:22,mainnet,10227985,10227985,0
2020-06-09 01:18:48,mainnet,10227991,10227991,0
2020-06-09 01:20:20,mainnet,10227995,10227995,0
2020-06-09 01:21:59,mainnet,10228005,10228003,2
2020-06-09 01:23:32,mainnet,10228010,10228010,0
2020-06-09 01:24:58,mainnet,10228014,10228014,0
2020-06-09 01:26:23,mainnet,10228022,10228020,2
2020-06-09 01:28:16,mainnet,10228030,10228023,7
2020-06-09 01:29:42,mainnet,10228037,10228037,0
2020-06-09 01:31:11,mainnet,10228041,10228041,0
2020-06-09 01:32:37,mainnet,10228047,10228047,0
2020-06-09 01:34:07,mainnet,10228057,10228057,0
2020-06-09 01:35:36,mainnet,10228060,10228060,0
2020-06-09 01:36:58,mainnet,10228065,10228066,-1
2020-06-09 01:38:21,mainnet,10228073,10228073,0
2020-06-09 01:39:54,mainnet,10228075,10228075,0
2020-06-09 01:41:16,mainnet,10228079,10228080,-1
2020-06-09 01:42:57,mainnet,10228087,10228087,0
2020-06-09 01:44:25,mainnet,10228093,10228093,0
2020-06-09 01:45:50,mainnet,10228101,10228101,0
2020-06-09 01:47:26,mainnet,10228104,10228104,0
2020-06-09 01:48:51,mainnet,10228109,10228110,-1
2020-06-09 01:50:15,mainnet,10228119,10228119,0
2020-06-09 01:51:45,mainnet,10228124,10228124,0
2020-06-09 01:53:16,mainnet,10228133,10228133,0
2020-06-09 01:54:45,mainnet,10228142,10228141,1
2020-06-09 01:56:07,mainnet,10228147,10228146,1
2020-06-09 01:57:37,mainnet,10228154,10228154,0
2020-06-09 01:59:02,mainnet,10228164,10228164,0
2020-06-09 02:00:25,mainnet,10228173,10228174,-1
2020-06-09 02:01:47,mainnet,10228181,10228181,0
2020-06-09 02:03:30,mainnet,10228189,10228182,7
2020-06-09 02:04:54,mainnet,10228197,10228196,1
2020-06-09 02:06:42,mainnet,10228205,10228205,0
2020-06-09 02:08:25,mainnet,10228211,10228209,2
2020-06-09 02:09:47,mainnet,10228223,10228222,1
2020-06-09 02:12:05,mainnet,10228230,10228229,1
2020-06-09 02:13:47,mainnet,10228239,10228229,10
2020-06-09 02:15:10,mainnet,10228246,10228246,0
2020-06-09 02:16:35,mainnet,10228256,10228256,0
2020-06-09 02:18:16,mainnet,10228266,10228266,0
2020-06-09 02:19:42,mainnet,10228272,10228273,-1
2020-06-09 02:21:29,mainnet,10228283,10228283,0
2020-06-09 02:23:00,mainnet,10228295,10228294,1
2020-06-09 02:24:24,mainnet,10228305,10228304,1
2020-06-09 02:25:51,mainnet,10228315,10228315,0
2020-06-09 02:27:32,mainnet,10228322,10228322,0
2020-06-09 02:28:57,mainnet,10228328,10228328,0
2020-06-09 02:30:26,mainnet,10228333,10228333,0
2020-06-09 02:31:51,mainnet,10228341,10228341,0
2020-06-09 02:33:33,mainnet,10228352,10228352,0
2020-06-09 02:34:58,mainnet,10228355,10228355,0
2020-06-09 02:36:24,mainnet,10228360,10228360,0
2020-06-09 02:37:55,mainnet,10228364,10228365,-1
2020-06-09 02:39:22,mainnet,10228378,10228372,6
2020-06-09 02:40:44,mainnet,10228387,10228385,2
2020-06-09 02:42:06,mainnet,10228395,10228395,0
2020-06-09 02:43:28,mainnet,10228405,10228398,7
2020-06-09 02:45:03,mainnet,10228409,10228409,0
2020-06-09 02:46:29,mainnet,10228412,10228412,0
2020-06-09 02:47:55,mainnet,10228416,10228416,0
2020-06-09 02:49:23,mainnet,10228422,10228422,0
2020-06-09 02:50:53,mainnet,10228429,10228429,0
2020-06-09 02:52:16,mainnet,10228433,10228433,0
2020-06-09 02:53:43,mainnet,10228439,10228437,2
2020-06-09 02:55:20,mainnet,10228442,10228441,1
2020-06-09 02:56:46,mainnet,10228451,10228441,10
2020-06-09 02:58:12,mainnet,10228460,10228460,0
2020-06-09 02:59:48,mainnet,10228467,10228465,2
2020-06-09 03:01:24,mainnet,10228473,10228473,0
2020-06-09 03:02:50,mainnet,10228476,10228476,0
2020-06-09 03:04:20,mainnet,10228481,10228481,0
2020-06-09 03:05:45,mainnet,10228486,10228486,0
2020-06-09 03:07:14,mainnet,10228494,10228494,0
2020-06-09 03:08:47,mainnet,10228503,10228503,0
2020-06-09 03:10:14,mainnet,10228504,10228504,0
2020-06-09 03:11:37,mainnet,10228505,10228505,0
2020-06-09 03:13:00,mainnet,10228511,10228510,1
2020-06-09 03:14:41,mainnet,10228522,10228521,1
2020-06-09 03:16:29,mainnet,10228527,10228527,0
2020-06-09 03:17:53,mainnet,10228532,10228532,0
2020-06-09 03:19:18,mainnet,10228541,10228541,0
2020-06-09 03:20:42,mainnet,10228551,10228551,0
2020-06-09 03:22:15,mainnet,10228556,10228556,0
2020-06-09 03:24:02,mainnet,10228561,10228561,0
2020-06-09 03:25:29,mainnet,10228567,10228567,0
2020-06-09 03:27:07,mainnet,10228577,10228578,-1
2020-06-09 03:28:45,mainnet,10228583,10228582,1
2020-06-09 03:30:14,mainnet,10228590,10228589,1
2020-06-09 03:31:39,mainnet,10228596,10228596,0
2020-06-09 03:33:05,mainnet,10228604,10228604,0
2020-06-09 03:34:35,mainnet,10228613,10228612,1
2020-06-09 03:36:03,mainnet,10228623,10228622,1
2020-06-09 03:37:36,mainnet,10228633,10228630,3
2020-06-09 03:39:06,mainnet,10228640,10228640,0
2020-06-09 03:40:47,mainnet,10228646,10228643,3
2020-06-09 03:42:50,mainnet,10228656,10228656,0
2020-06-09 03:44:21,mainnet,10228663,10228663,0
2020-06-09 03:46:03,mainnet,10228672,10228668,4
2020-06-09 03:47:30,mainnet,10228679,10228679,0
2020-06-09 03:48:59,mainnet,10228688,10228682,6
2020-06-09 03:50:23,mainnet,10228701,10228699,2
2020-06-09 03:51:49,mainnet,10228709,10228709,0
2020-06-09 03:53:18,mainnet,10228716,10228714,2
2020-06-09 03:54:52,mainnet,10228721,10228721,0
2020-06-09 03:56:16,mainnet,10228727,10228726,1
2020-06-09 03:57:51,mainnet,10228733,10228733,0
2020-06-09 03:59:16,mainnet,10228740,10228740,0
2020-06-09 04:00:42,mainnet,10228746,10228743,3
2020-06-09 04:02:08,mainnet,10228751,10228751,0
2020-06-09 04:03:37,mainnet,10228755,10228755,0
2020-06-09 04:05:06,mainnet,10228757,10228757,0
2020-06-09 04:06:33,mainnet,10228760,10228759,1
2020-06-09 04:08:00,mainnet,10228768,10228768,0
2020-06-09 04:09:22,mainnet,10228772,10228772,0
2020-06-09 04:10:51,mainnet,10228773,10228773,0
2020-06-09 04:12:18,mainnet,10228779,10228779,0
2020-06-09 04:13:45,mainnet,10228785,10228781,4
2020-06-09 04:15:11,mainnet,10228792,10228790,2
2020-06-09 04:16:37,mainnet,10228803,10228801,2
2020-06-09 04:18:12,mainnet,10228818,10228815,3
2020-06-09 04:20:08,mainnet,10228822,10228822,0
2020-06-09 04:21:35,mainnet,10228829,10228829,0
2020-06-09 04:23:05,mainnet,10228831,10228831,0
2020-06-09 04:24:28,mainnet,10228834,10228834,0
2020-06-09 04:25:56,mainnet,10228840,10228839,1
2020-06-09 04:27:22,mainnet,10228845,10228841,4
2020-06-09 04:28:47,mainnet,10228853,10228852,1
2020-06-09 04:30:14,mainnet,10228863,10228853,10
2020-06-09 04:31:36,mainnet,10228877,10228853,24
2020-06-09 04:33:02,mainnet,10228882,10228882,0
2020-06-09 04:35:02,mainnet,10228890,10228890,0
2020-06-09 04:36:34,mainnet,10228898,10228898,0
2020-06-09 04:38:01,mainnet,10228901,10228901,0
2020-06-09 04:39:36,mainnet,10228909,10228909,0
2020-06-09 04:40:59,mainnet,10228918,10228914,4
2020-06-09 04:43:11,mainnet,10228923,10228923,0
2020-06-09 04:44:40,mainnet,10228930,10228928,2
2020-06-09 04:46:02,mainnet,10228935,10228935,0
2020-06-09 04:47:24,mainnet,10228940,10228940,0
2020-06-09 04:48:51,mainnet,10228945,10228945,0
2020-06-09 04:50:33,mainnet,10228957,10228947,10
2020-06-09 04:51:58,mainnet,10228961,10228961,0
2020-06-09 04:53:26,mainnet,10228968,10228966,2
2020-06-09 04:55:19,mainnet,10228971,10228971,0
2020-06-09 04:56:44,mainnet,10228976,10228976,0
2020-06-09 04:58:07,mainnet,10228985,10228985,0
2020-06-09 04:59:58,mainnet,10228993,10228992,1
2020-06-09 05:01:20,mainnet,10228999,10228998,1
2020-06-09 05:02:49,mainnet,10229003,10229002,1
2020-06-09 05:04:19,mainnet,10229005,10229006,-1
2020-06-09 05:05:46,mainnet,10229010,10229010,0
2020-06-09 05:07:13,mainnet,10229018,10229018,0
2020-06-09 05:08:48,mainnet,10229024,10229024,0
2020-06-09 05:10:13,mainnet,10229029,10229029,0
2020-06-09 05:11:51,mainnet,10229038,10229038,0
2020-06-09 05:13:28,mainnet,10229042,10229042,0
2020-06-09 05:14:51,mainnet,10229048,10229048,0
2020-06-09 05:16:21,mainnet,10229056,10229056,0
2020-06-09 05:17:44,mainnet,10229061,10229060,1
2020-06-09 05:19:06,mainnet,10229068,10229067,1
2020-06-09 05:20:29,mainnet,10229074,10229074,0
2020-06-09 05:22:48,mainnet,10229081,10229081,0
2020-06-09 05:24:19,mainnet,10229087,10229087,0
2020-06-09 05:25:41,mainnet,10229090,10229090,0
2020-06-09 05:27:22,mainnet,10229097,10229096,1
2020-06-09 05:28:45,mainnet,10229102,10229102,0
2020-06-09 05:30:11,mainnet,10229112,10229111,1
2020-06-09 05:31:45,mainnet,10229118,10229119,-1
2020-06-09 05:33:17,mainnet,10229121,10229121,0
2020-06-09 05:34:43,mainnet,10229125,10229125,0
2020-06-09 05:36:21,mainnet,10229134,10229133,1
2020-06-09 05:37:46,mainnet,10229140,10229140,0
2020-06-09 05:39:15,mainnet,10229149,10229147,2
2020-06-09 05:40:56,mainnet,10229158,10229157,1
2020-06-09 05:42:48,mainnet,10229165,10229165,0
2020-06-09 05:44:10,mainnet,10229171,10229170,1
2020-06-09 05:45:39,mainnet,10229179,10229178,1
2020-06-09 05:47:17,mainnet,10229184,10229186,-2
2020-06-09 05:48:53,mainnet,10229192,10229193,-1
2020-06-09 05:50:39,mainnet,10229207,10229207,0
2020-06-09 05:52:02,mainnet,10229212,10229212,0
2020-06-09 05:53:44,mainnet,10229220,10229220,0
2020-06-09 05:55:14,mainnet,10229225,10229225,0
2020-06-09 05:56:40,mainnet,10229230,10229229,1
2020-06-09 05:58:02,mainnet,10229238,10229238,0
2020-06-09 05:59:24,mainnet,10229247,10229245,2
2020-06-09 06:00:49,mainnet,10229253,10229249,4
2020-06-09 06:02:14,mainnet,10229260,10229260,0
2020-06-09 06:03:51,mainnet,10229264,10229264,0
2020-06-09 06:05:29,mainnet,10229275,10229272,3
2020-06-09 06:07:22,mainnet,10229279,10229275,4
2020-06-09 06:08:44,mainnet,10229286,10229283,3
2020-06-09 06:10:07,mainnet,10229292,10229291,1
2020-06-09 06:11:29,mainnet,10229300,10229299,1
2020-06-09 06:12:51,mainnet,10229310,10229309,1
2020-06-09 06:14:15,mainnet,10229319,10229319,0
2020-06-09 06:15:41,mainnet,10229326,10229325,1
2020-06-09 06:17:03,mainnet,10229335,10229335,0
2020-06-09 06:18:34,mainnet,10229342,10229342,0
2020-06-09 06:20:00,mainnet,10229349,10229349,0
2020-06-09 06:21:25,mainnet,10229356,10229356,0
2020-06-09 06:22:48,mainnet,10229367,10229367,0
2020-06-09 06:24:19,mainnet,10229377,10229375,2
2020-06-09 06:25:48,mainnet,10229382,10229383,-1
2020-06-09 06:27:31,mainnet,10229388,10229388,0
2020-06-09 06:29:12,mainnet,10229392,10229393,-1
2020-06-09 06:30:47,mainnet,10229400,10229395,5
2020-06-09 06:32:14,mainnet,10229406,10229406,0
2020-06-09 06:33:37,mainnet,10229416,10229416,0
2020-06-09 06:35:04,mainnet,10229424,10229424,0
2020-06-09 06:36:51,mainnet,10229427,10229427,0
2020-06-09 06:38:28,mainnet,10229436,10229436,0
2020-06-09 06:39:56,mainnet,10229440,10229440,0
2020-06-09 06:41:33,mainnet,10229443,10229443,0
2020-06-09 06:42:56,mainnet,10229449,10229448,1
2020-06-09 06:44:36,mainnet,10229455,10229455,0
2020-06-09 06:46:06,mainnet,10229459,10229459,0
2020-06-09 06:47:35,mainnet,10229470,10229470,0
2020-06-09 06:49:00,mainnet,10229476,10229475,1
2020-06-09 06:50:38,mainnet,10229481,10229480,1
2020-06-09 06:52:07,mainnet,10229488,10229487,1
2020-06-09 06:53:50,mainnet,10229495,10229494,1
2020-06-09 06:55:15,mainnet,10229503,10229503,0
2020-06-09 06:56:44,mainnet,10229515,10229516,-1
2020-06-09 06:58:17,mainnet,10229519,10229519,0
2020-06-09 06:59:47,mainnet,10229524,10229524,0
2020-06-09 07:01:10,mainnet,10229536,10229536,0
2020-06-09 07:02:32,mainnet,10229543,10229543,0
2020-06-09 07:04:04,mainnet,10229549,10229549,0
2020-06-09 07:05:38,mainnet,10229554,10229554,0
2020-06-09 07:07:04,mainnet,10229557,10229557,0
2020-06-09 07:08:29,mainnet,10229563,10229562,1
2020-06-09 07:09:52,mainnet,10229567,10229565,2
2020-06-09 07:11:17,mainnet,10229577,10229575,2
2020-06-09 07:12:45,mainnet,10229589,10229587,2
2020-06-09 07:14:31,mainnet,10229599,10229597,2
2020-06-09 07:16:09,mainnet,10229605,10229605,0
2020-06-09 07:17:44,mainnet,10229613,10229614,-1
2020-06-09 07:19:12,mainnet,10229619,10229619,0
2020-06-09 07:20:46,mainnet,10229624,10229624,0
2020-06-09 07:22:16,mainnet,10229628,10229628,0
2020-06-09 07:23:38,mainnet,10229633,10229633,0
2020-06-09 07:25:02,mainnet,10229642,10229638,4
2020-06-09 07:26:33,mainnet,10229648,10229648,0
2020-06-09 07:28:05,mainnet,10229658,10229650,8
2020-06-09 07:29:36,mainnet,10229666,10229666,0
2020-06-09 07:31:09,mainnet,10229673,10229673,0
2020-06-09 07:32:31,mainnet,10229679,10229677,2
2020-06-09 07:34:02,mainnet,10229683,10229683,0
2020-06-09 07:35:37,mainnet,10229691,10229691,0
2020-06-09 07:37:05,mainnet,10229704,10229704,0
2020-06-09 07:38:40,mainnet,10229709,10229705,4
2020-06-09 07:40:27,mainnet,10229716,10229716,0
2020-06-09 07:42:21,mainnet,10229722,10229719,3
2020-06-09 07:44:12,mainnet,10229730,10229726,4
2020-06-09 07:45:34,mainnet,10229737,10229737,0
2020-06-09 07:46:57,mainnet,10229742,10229742,0
2020-06-09 07:48:19,mainnet,10229750,10229750,0
2020-06-09 07:49:49,mainnet,10229757,10229756,1
2020-06-09 07:51:20,mainnet,10229763,10229762,1
2020-06-09 07:52:50,mainnet,10229767,10229767,0
2020-06-09 07:54:18,mainnet,10229769,10229769,0
2020-06-09 07:55:43,mainnet,10229775,10229773,2
2020-06-09 07:57:13,mainnet,10229778,10229777,1
2020-06-09 07:58:37,mainnet,10229782,10229779,3
2020-06-09 08:00:06,mainnet,10229787,10229786,1
2020-06-09 08:01:37,mainnet,10229794,10229793,1
2020-06-09 08:03:06,mainnet,10229803,10229795,8
2020-06-09 08:04:29,mainnet,10229810,10229810,0
2020-06-09 08:06:08,mainnet,10229815,10229810,5
2020-06-09 08:07:36,mainnet,10229823,10229822,1
2020-06-09 08:09:13,mainnet,10229832,10229831,1
2020-06-09 08:11:44,mainnet,10229838,10229838,0
2020-06-09 08:13:33,mainnet,10229844,10229844,0
2020-06-09 08:14:59,mainnet,10229859,10229857,2
2020-06-09 08:16:31,mainnet,10229866,10229866,0
2020-06-09 08:18:05,mainnet,10229873,10229873,0
2020-06-09 08:19:34,mainnet,10229879,10229878,1
2020-06-09 08:21:19,mainnet,10229884,10229882,2
2020-06-09 08:22:58,mainnet,10229894,10229891,3
2020-06-09 08:24:50,mainnet,10229908,10229904,4
2020-06-09 08:26:23,mainnet,10229913,10229913,0
2020-06-09 08:27:56,mainnet,10229917,10229917,0
2020-06-09 08:29:28,mainnet,10229926,10229917,9
2020-06-09 08:31:01,mainnet,10229937,10229937,0
2020-06-09 08:32:34,mainnet,10229941,10229938,3
2020-06-09 08:34:05,mainnet,10229947,10229947,0
2020-06-09 08:35:38,mainnet,10229952,10229952,0
2020-06-09 08:37:16,mainnet,10229963,10229960,3
2020-06-09 08:39:26,mainnet,10229975,10229975,0
2020-06-09 08:40:49,mainnet,10229980,10229980,0
2020-06-09 08:42:29,mainnet,10229988,10229987,1
2020-06-09 08:43:55,mainnet,10229997,10229987,10
2020-06-09 08:45:20,mainnet,10230002,10230000,2
2020-06-09 08:46:43,mainnet,10230011,10230009,2
2020-06-09 08:48:31,mainnet,10230017,10230017,0
2020-06-09 08:50:05,mainnet,10230022,10230019,3
2020-06-09 08:51:30,mainnet,10230029,10230029,0
2020-06-09 08:53:09,mainnet,10230036,10230036,0
2020-06-09 08:54:32,mainnet,10230040,10230040,0
2020-06-09 08:56:00,mainnet,10230044,10230044,0
2020-06-09 08:57:23,mainnet,10230052,10230052,0
2020-06-09 08:59:16,mainnet,10230055,10230054,1
2020-06-09 09:00:49,mainnet,10230060,10230059,1
2020-06-09 09:02:18,mainnet,10230067,10230067,0
2020-06-09 09:03:44,mainnet,10230077,10230076,1
2020-06-09 09:05:26,mainnet,10230081,10230081,0
2020-06-09 09:06:55,mainnet,10230087,10230087,0
2020-06-09 09:08:17,mainnet,10230096,10230097,-1
2020-06-09 09:09:49,mainnet,10230099,10230099,0
2020-06-09 09:11:14,mainnet,10230102,10230102,0
2020-06-09 09:12:46,mainnet,10230110,10230105,5
2020-06-09 09:14:14,mainnet,10230115,10230115,0
2020-06-09 09:15:40,mainnet,10230121,10230121,0
2020-06-09 09:17:32,mainnet,10230130,10230130,0
2020-06-09 09:18:57,mainnet,10230137,10230136,1
2020-06-09 09:20:39,mainnet,10230145,10230145,0
2020-06-09 09:22:12,mainnet,10230151,10230151,0
2020-06-09 09:23:41,mainnet,10230161,10230161,0
2020-06-09 09:25:12,mainnet,10230167,10230167,0
2020-06-09 09:26:38,mainnet,10230171,10230170,1
2020-06-09 09:28:03,mainnet,10230174,10230174,0
2020-06-09 09:29:40,mainnet,10230179,10230180,-1
2020-06-09 09:31:02,mainnet,10230188,10230187,1
2020-06-09 09:32:48,mainnet,10230194,10230194,0
2020-06-09 09:34:23,mainnet,10230203,10230203,0
2020-06-09 09:36:05,mainnet,10230207,10230207,0
2020-06-09 09:37:38,mainnet,10230213,10230213,0
2020-06-09 09:39:10,mainnet,10230218,10230218,0
2020-06-09 09:40:35,mainnet,10230222,10230221,1
2020-06-09 09:42:00,mainnet,10230231,10230231,0
2020-06-09 09:43:33,mainnet,10230235,10230235,0
2020-06-09 09:45:21,mainnet,10230238,10230238,0
2020-06-09 09:46:47,mainnet,10230246,10230246,0
2020-06-09 09:48:14,mainnet,10230249,10230249,0
2020-06-09 09:49:49,mainnet,10230260,10230251,9
2020-06-09 09:51:31,mainnet,10230268,10230267,1
2020-06-09 09:53:12,mainnet,10230276,10230269,7
2020-06-09 09:54:37,mainnet,10230282,10230281,1
2020-06-09 09:56:05,mainnet,10230287,10230287,0
2020-06-09 09:57:28,mainnet,10230292,10230292,0
2020-06-09 09:59:05,mainnet,10230299,10230298,1
2020-06-09 10:00:27,mainnet,10230302,10230302,0
2020-06-09 10:02:29,mainnet,10230307,10230307,0
2020-06-09 10:04:29,mainnet,10230317,10230317,0
2020-06-09 10:06:02,mainnet,10230322,10230320,2
2020-06-09 10:07:34,mainnet,10230328,10230323,5
2020-06-09 10:09:00,mainnet,10230335,10230334,1
2020-06-09 10:10:32,mainnet,10230337,10230337,0
2020-06-09 10:12:21,mainnet,10230342,10230341,1
2020-06-09 10:13:52,mainnet,10230350,10230350,0
2020-06-09 10:15:25,mainnet,10230353,10230353,0
2020-06-09 10:16:50,mainnet,10230359,10230358,1
2020-06-09 10:18:22,mainnet,10230366,10230365,1
2020-06-09 10:20:04,mainnet,10230372,10230370,2
2020-06-09 10:21:26,mainnet,10230379,10230376,3
2020-06-09 10:22:50,mainnet,10230386,10230386,0
2020-06-09 10:24:16,mainnet,10230389,10230390,-1
2020-06-09 10:26:13,mainnet,10230400,10230392,8
2020-06-09 10:27:40,mainnet,10230406,10230406,0
2020-06-09 10:29:07,mainnet,10230411,10230411,0
2020-06-09 10:30:34,mainnet,10230417,10230417,0
2020-06-09 10:31:59,mainnet,10230422,10230418,4
2020-06-09 10:33:29,mainnet,10230428,10230418,10
2020-06-09 10:34:53,mainnet,10230435,10230435,0
2020-06-09 10:36:30,mainnet,10230439,10230436,3
2020-06-09 10:37:52,mainnet,10230447,10230447,0
2020-06-09 10:39:16,mainnet,10230452,10230451,1
2020-06-09 10:40:54,mainnet,10230458,10230457,1
2020-06-09 10:42:23,mainnet,10230468,10230468,0
2020-06-09 10:43:49,mainnet,10230477,10230469,8
2020-06-09 10:45:12,mainnet,10230483,10230483,0
2020-06-09 10:46:35,mainnet,10230488,10230488,0
2020-06-09 10:48:08,mainnet,10230496,10230492,4
2020-06-09 10:49:30,mainnet,10230504,10230492,12
2020-06-09 10:50:52,mainnet,10230512,10230492,20
2020-06-09 10:52:30,mainnet,10230518,10230518,0
2020-06-09 10:53:56,mainnet,10230527,10230527,0
2020-06-09 10:55:20,mainnet,10230534,10230533,1
2020-06-09 10:56:44,mainnet,10230539,10230538,1
2020-06-09 10:58:10,mainnet,10230542,10230542,0
2020-06-09 10:59:40,mainnet,10230550,10230546,4
2020-06-09 11:01:06,mainnet,10230562,10230553,9
2020-06-09 11:02:51,mainnet,10230566,10230565,1
2020-06-09 11:04:14,mainnet,10230571,10230571,0
2020-06-09 11:05:39,mainnet,10230575,10230575,0
2020-06-09 11:07:10,mainnet,10230587,10230587,0
2020-06-09 11:08:32,mainnet,10230597,10230597,0
2020-06-09 11:10:40,mainnet,10230604,10230602,2
2020-06-09 11:12:10,mainnet,10230609,10230607,2
2020-06-09 11:14:00,mainnet,10230615,10230613,2
2020-06-09 11:15:29,mainnet,10230625,10230622,3
2020-06-09 11:17:18,mainnet,10230631,10230627,4
2020-06-09 11:18:43,mainnet,10230637,10230636,1
2020-06-09 11:20:13,mainnet,10230646,10230643,3
2020-06-09 11:21:39,mainnet,10230650,10230649,1
2020-06-09 11:23:05,mainnet,10230655,10230655,0
2020-06-09 11:24:30,mainnet,10230660,10230659,1
2020-06-09 11:26:01,mainnet,10230669,10230665,4
2020-06-09 11:27:37,mainnet,10230674,10230672,2
2020-06-09 11:29:11,mainnet,10230679,10230679,0
2020-06-09 11:30:41,mainnet,10230686,10230684,2
2020-06-09 11:32:03,mainnet,10230693,10230690,3
2020-06-09 11:33:54,mainnet,10230703,10230703,0
2020-06-09 11:35:33,mainnet,10230713,10230710,3
2020-06-09 11:37:27,mainnet,10230723,10230720,3
2020-06-09 11:39:11,mainnet,10230731,10230729,2
2020-06-09 11:40:36,mainnet,10230741,10230738,3
2020-06-09 11:42:16,mainnet,10230745,10230746,-1
2020-06-09 11:43:39,mainnet,10230758,10230758,0
2020-06-09 11:45:02,mainnet,10230766,10230766,0
2020-06-09 11:46:29,mainnet,10230770,10230769,1
2020-06-09 11:47:53,mainnet,10230778,10230776,2
2020-06-09 11:49:41,mainnet,10230783,10230783,0
2020-06-09 11:51:05,mainnet,10230795,10230795,0
2020-06-09 11:52:29,mainnet,10230801,10230800,1
2020-06-09 11:53:59,mainnet,10230805,10230804,1
2020-06-09 11:55:22,mainnet,10230810,10230810,0
2020-06-09 11:56:46,mainnet,10230817,10230813,4
2020-06-09 11:58:14,mainnet,10230824,10230823,1
2020-06-09 11:59:40,mainnet,10230833,10230828,5
2020-06-09 12:01:06,mainnet,10230844,10230841,3
2020-06-09 12:02:52,mainnet,10230852,10230851,1
2020-06-09 12:04:18,mainnet,10230859,10230857,2
2020-06-09 12:05:51,mainnet,10230865,10230863,2
2020-06-09 12:07:21,mainnet,10230870,10230869,1
2020-06-09 12:09:35,mainnet,10230876,10230874,2
2020-06-09 12:11:26,mainnet,10230888,10230888,0
2020-06-09 12:12:59,mainnet,10230894,10230893,1
2020-06-09 12:14:32,mainnet,10230901,10230901,0
2020-06-09 12:16:01,mainnet,10230907,10230907,0
2020-06-09 12:17:55,mainnet,10230912,10230910,2
2020-06-09 12:21:03,mainnet,10230920,10230920,0
2020-06-09 12:22:29,mainnet,10230923,10230922,1
2020-06-09 12:24:01,mainnet,10230930,10230929,1
2020-06-09 12:25:38,mainnet,10230942,10230942,0
2020-06-09 12:27:34,mainnet,10230947,10230948,-1
2020-06-09 12:28:58,mainnet,10230961,10230961,0
2020-06-09 12:30:25,mainnet,10230969,10230967,2
2020-06-09 12:32:04,mainnet,10230981,10230981,0
2020-06-09 12:34:39,mainnet,10230986,10230986,0
2020-06-09 12:36:30,mainnet,10230996,10230996,0
2020-06-09 12:38:00,mainnet,10231007,10231006,1
2020-06-09 12:39:28,mainnet,10231020,10231020,0
2020-06-09 12:41:10,mainnet,10231030,10231025,5
2020-06-09 12:42:57,mainnet,10231035,10231035,0
2020-06-09 12:44:27,mainnet,10231043,10231041,2
2020-06-09 12:46:20,mainnet,10231049,10231049,0
2020-06-09 12:48:00,mainnet,10231059,10231056,3
2020-06-09 12:50:10,mainnet,10231063,10231063,0
2020-06-09 12:51:33,mainnet,10231067,10231065,2
2020-06-09 12:53:22,mainnet,10231072,10231072,0
2020-06-09 12:54:49,mainnet,10231080,10231078,2
2020-06-09 12:56:19,mainnet,10231087,10231082,5
2020-06-09 12:57:59,mainnet,10231097,10231090,7
2020-06-09 12:59:21,mainnet,10231106,10231100,6
2020-06-09 13:00:43,mainnet,10231119,10231119,0
2020-06-09 13:02:51,mainnet,10231124,10231124,0
2020-06-09 13:04:16,mainnet,10231131,10231129,2
2020-06-09 13:06:03,mainnet,10231135,10231135,0
2020-06-09 13:07:33,mainnet,10231143,10231142,1
2020-06-09 13:09:16,mainnet,10231149,10231143,6
2020-06-09 13:10:45,mainnet,10231162,10231156,6
2020-06-09 13:12:36,mainnet,10231168,10231162,6
2020-06-09 13:14:07,mainnet,10231176,10231172,4
2020-06-09 13:15:56,mainnet,10231180,10231178,2
2020-06-09 13:17:28,mainnet,10231193,10231193,0
2020-06-09 13:19:20,mainnet,10231201,10231199,2
2020-06-09 13:20:46,mainnet,10231206,10231205,1
2020-06-09 13:22:13,mainnet,10231214,10231210,4
2020-06-09 13:23:38,mainnet,10231221,10231218,3
2020-06-09 13:25:01,mainnet,10231227,10231227,0
2020-06-09 13:26:39,mainnet,10231229,10231229,0
2020-06-09 13:28:03,mainnet,10231239,10231233,6
2020-06-09 13:29:30,mainnet,10231245,10231244,1
2020-06-09 13:31:12,mainnet,10231255,10231246,9
2020-06-09 13:33:27,mainnet,10231263,10231259,4
2020-06-09 13:35:23,mainnet,10231272,10231270,2
2020-06-09 13:37:00,mainnet,10231278,10231274,4
2020-06-09 13:38:45,mainnet,10231285,10231278,7
2020-06-09 13:40:11,mainnet,10231290,10231285,5
2020-06-09 13:42:16,mainnet,10231294,10231294,0
2020-06-09 13:43:50,mainnet,10231300,10231299,1
2020-06-09 13:45:15,mainnet,10231309,10231308,1
2020-06-09 13:46:42,mainnet,10231319,10231319,0
2020-06-09 13:48:05,mainnet,10231325,10231319,6
2020-06-09 13:49:28,mainnet,10231330,10231329,1
2020-06-09 13:51:24,mainnet,10231336,10231334,2
2020-06-09 13:52:59,mainnet,10231348,10231341,7
2020-06-09 13:54:24,mainnet,10231353,10231341,12
2020-06-09 13:55:54,mainnet,10231360,10231360,0
2020-06-09 13:57:37,mainnet,10231365,10231364,1
2020-06-09 13:59:00,mainnet,10231371,10231371,0
2020-06-09 14:00:33,mainnet,10231375,10231375,0
2020-06-09 14:02:21,mainnet,10231381,10231376,5
2020-06-09 14:03:50,mainnet,10231383,10231383,0
2020-06-09 14:05:13,mainnet,10231389,10231389,0
2020-06-09 14:06:43,mainnet,10231396,10231396,0
2020-06-09 14:08:09,mainnet,10231401,10231401,0
2020-06-09 14:09:35,mainnet,10231406,10231403,3
2020-06-09 14:10:59,mainnet,10231412,10231409,3
2020-06-09 14:12:21,mainnet,10231421,10231419,2
2020-06-09 14:14:43,mainnet,10231426,10231426,0
2020-06-09 14:16:05,mainnet,10231432,10231432,0
2020-06-09 14:17:35,mainnet,10231434,10231434,0
2020-06-09 14:18:57,mainnet,10231438,10231438,0
2020-06-09 14:20:20,mainnet,10231447,10231447,0
2020-06-09 14:21:54,mainnet,10231453,10231452,1
2020-06-09 14:23:28,mainnet,10231460,10231460,0
2020-06-09 14:25:17,mainnet,10231471,10231471,0
2020-06-09 14:26:46,mainnet,10231482,10231475,7
2020-06-09 14:28:29,mainnet,10231487,10231489,-2
2020-06-09 14:30:00,mainnet,10231495,10231493,2
2020-06-09 14:31:48,mainnet,10231501,10231495,6
2020-06-09 14:33:15,mainnet,10231506,10231506,0
2020-06-09 14:37:24,mainnet,10231530,10231508,22
2020-06-09 14:38:59,mainnet,10231540,10231540,0
2020-06-09 14:40:24,mainnet,10231545,10231545,0
2020-06-09 14:42:16,mainnet,10231556,10231553,3
2020-06-09 14:43:50,mainnet,10231559,10231559,0
2020-06-09 14:45:33,mainnet,10231566,10231564,2
2020-06-09 14:48:09,mainnet,10231579,10231567,12
2020-06-09 14:49:33,mainnet,10231586,10231581,5
2020-06-09 14:50:57,mainnet,10231594,10231593,1
2020-06-09 14:52:32,mainnet,10231600,10231600,0
2020-06-09 14:54:42,mainnet,10231606,10231602,4
2020-06-09 14:56:05,mainnet,10231614,10231602,12
2020-06-09 14:57:44,mainnet,10231619,10231619,0
2020-06-09 14:59:24,mainnet,10231622,10231620,2
2020-06-09 15:00:53,mainnet,10231627,10231627,0
2020-06-09 15:02:17,mainnet,10231633,10231634,-1
2020-06-09 15:03:49,mainnet,10231640,10231639,1
2020-06-09 15:05:16,mainnet,10231647,10231646,1
2020-06-09 15:06:38,mainnet,10231653,10231654,-1
2020-06-09 15:08:37,mainnet,10231661,10231654,7
2020-06-09 15:10:18,mainnet,10231671,10231670,1
2020-06-09 15:11:45,mainnet,10231676,10231676,0
2020-06-09 15:13:27,mainnet,10231682,10231682,0
2020-06-09 15:15:03,mainnet,10231689,10231684,5
2020-06-09 15:16:47,mainnet,10231697,10231693,4
2020-06-09 15:18:17,mainnet,10231702,10231700,2
2020-06-09 15:19:44,mainnet,10231711,10231711,0
2020-06-09 15:21:17,mainnet,10231722,10231718,4
2020-06-09 15:22:39,mainnet,10231732,10231731,1
2020-06-09 15:24:06,mainnet,10231739,10231735,4
2020-06-09 15:25:30,mainnet,10231745,10231743,2
2020-06-09 15:27:56,mainnet,10231755,10231755,0
2020-06-09 15:29:22,mainnet,10231761,10231761,0
2020-06-09 15:31:05,mainnet,10231768,10231768,0
2020-06-09 15:32:34,mainnet,10231777,10231772,5
2020-06-09 15:34:04,mainnet,10231783,10231772,11
2020-06-09 15:35:26,mainnet,10231796,10231794,2
2020-06-09 15:37:44,mainnet,10231805,10231799,6
2020-06-09 15:39:36,mainnet,10231818,10231808,10
2020-06-09 15:41:30,mainnet,10231826,10231808,18
2020-06-09 15:42:52,mainnet,10231839,10231833,6
2020-06-09 15:45:01,mainnet,10231847,10231833,14
2020-06-09 15:46:37,mainnet,10231857,10231857,0
2020-06-09 15:48:07,mainnet,10231862,10231860,2
2020-06-09 15:49:54,mainnet,10231879,10231860,19
2020-06-09 15:52:50,mainnet,10231882,10231880,2
2020-06-09 15:54:16,mainnet,10231887,10231880,7
2020-06-09 15:55:38,mainnet,10231893,10231880,13
2020-06-09 15:57:02,mainnet,10231901,10231898,3
2020-06-09 15:59:33,mainnet,10231909,10231909,0
2020-06-09 16:01:02,mainnet,10231914,10231914,0
2020-06-09 16:02:31,mainnet,10231921,10231919,2
2020-06-09 16:04:37,mainnet,10231933,10231925,8
2020-06-09 16:06:04,mainnet,10231940,10231940,0
2020-06-09 16:07:49,mainnet,10231945,10231944,1
2020-06-09 16:09:55,mainnet,10231953,10231951,2
2020-06-09 16:11:21,mainnet,10231963,10231961,2
2020-06-09 16:12:59,mainnet,10231967,10231966,1
2020-06-09 16:14:21,mainnet,10231976,10231976,0
2020-06-09 16:15:50,mainnet,10231984,10231984,0
2020-06-09 16:17:17,mainnet,10231991,10231990,1
2020-06-09 16:18:57,mainnet,10232000,10231996,4
2020-06-09 16:21:01,mainnet,10232007,10232007,0
2020-06-09 16:22:35,mainnet,10232015,10232009,6
2020-06-09 16:24:02,mainnet,10232019,10232019,0
2020-06-09 16:25:26,mainnet,10232024,10232024,0
2020-06-09 16:27:02,mainnet,10232030,10232031,-1
2020-06-09 16:28:30,mainnet,10232038,10232038,0
2020-06-09 16:29:53,mainnet,10232044,10232043,1
2020-06-09 16:31:15,mainnet,10232049,10232048,1
2020-06-09 16:33:05,mainnet,10232057,10232054,3
2020-06-09 16:34:37,mainnet,10232066,10232057,9
2020-06-09 16:36:10,mainnet,10232074,10232070,4
2020-06-09 16:37:38,mainnet,10232083,10232072,11
2020-06-09 16:39:10,mainnet,10232085,10232072,13
2020-06-09 16:41:03,mainnet,10232087,10232086,1
2020-06-09 16:42:34,mainnet,10232097,10232097,0
2020-06-09 16:44:37,mainnet,10232106,10232101,5
2020-06-09 16:46:09,mainnet,10232112,10232113,-1
2020-06-09 16:47:35,mainnet,10232118,10232118,0
2020-06-09 16:49:01,mainnet,10232125,10232121,4
2020-06-09 16:50:24,mainnet,10232135,10232130,5
2020-06-09 16:52:13,mainnet,10232145,10232142,3
2020-06-09 16:54:11,mainnet,10232152,10232148,4
2020-06-09 16:55:37,mainnet,10232154,10232148,6
2020-06-09 16:57:04,mainnet,10232161,10232157,4
2020-06-09 16:58:37,mainnet,10232168,10232157,11
2020-06-09 17:00:02,mainnet,10232175,10232175,0
2020-06-09 17:01:35,mainnet,10232181,10232177,4
2020-06-09 17:03:17,mainnet,10232192,10232177,15
2020-06-09 17:04:42,mainnet,10232202,10232202,0
2020-06-09 17:06:20,mainnet,10232210,10232206,4
2020-06-09 17:07:43,mainnet,10232217,10232206,11
2020-06-09 17:09:05,mainnet,10232220,10232206,14
2020-06-09 17:10:36,mainnet,10232228,10232228,0
2020-06-09 17:12:03,mainnet,10232234,10232231,3
2020-06-09 17:13:25,mainnet,10232242,10232241,1
2020-06-09 17:14:50,mainnet,10232246,10232246,0
2020-06-09 17:16:15,mainnet,10232254,10232254,0
2020-06-09 17:17:37,mainnet,10232260,10232259,1
2020-06-09 17:19:13,mainnet,10232270,10232266,4
2020-06-09 17:20:58,mainnet,10232278,10232278,0
2020-06-09 17:22:29,mainnet,10232287,10232279,8
2020-06-09 17:24:12,mainnet,10232295,10232295,0
2020-06-09 17:25:45,mainnet,10232303,10232305,-2
2020-06-09 17:27:15,mainnet,10232310,10232309,1
2020-06-09 17:28:45,mainnet,10232322,10232320,2
2020-06-09 17:30:25,mainnet,10232326,10232320,6
2020-06-09 17:31:59,mainnet,10232331,10232330,1
2020-06-09 17:33:24,mainnet,10232336,10232331,5
2020-06-09 17:34:50,mainnet,10232338,10232336,2
2020-06-09 17:36:15,mainnet,10232348,10232346,2
2020-06-09 17:37:45,mainnet,10232355,10232350,5
2020-06-09 17:39:16,mainnet,10232362,10232350,12
2020-06-09 17:40:42,mainnet,10232370,10232368,2
2020-06-09 17:42:17,mainnet,10232374,10232374,0
2020-06-09 17:43:47,mainnet,10232387,10232376,11
2020-06-09 17:45:24,mainnet,10232394,10232389,5
2020-06-09 17:46:46,mainnet,10232401,10232400,1
2020-06-09 17:48:15,mainnet,10232414,10232405,9
2020-06-09 17:49:45,mainnet,10232417,10232417,0
2020-06-09 17:51:13,mainnet,10232427,10232425,2
2020-06-09 17:53:08,mainnet,10232434,10232425,9
2020-06-09 17:54:46,mainnet,10232441,10232426,15
2020-06-09 17:56:08,mainnet,10232447,10232440,7
2020-06-09 17:57:30,mainnet,10232452,10232449,3
2020-06-09 17:58:57,mainnet,10232461,10232453,8
2020-06-09 18:00:24,mainnet,10232472,10232466,6
2020-06-09 18:02:49,mainnet,10232476,10232475,1
2020-06-09 18:04:23,mainnet,10232489,10232484,5
2020-06-09 18:05:55,mainnet,10232500,10232490,10
2020-06-09 18:07:18,mainnet,10232506,10232490,16
2020-06-09 18:09:14,mainnet,10232516,10232490,26
2020-06-09 18:10:36,mainnet,10232530,10232531,-1
2020-06-09 18:12:16,mainnet,10232544,10232538,6
2020-06-09 18:14:22,mainnet,10232552,10232551,1
2020-06-09 18:15:44,mainnet,10232562,10232562,0
2020-06-09 18:17:06,mainnet,10232572,10232569,3
2020-06-09 18:18:37,mainnet,10232577,10232578,-1
2020-06-09 18:20:28,mainnet,10232586,10232580,6
2020-06-09 18:22:46,mainnet,10232592,10232590,2
2020-06-09 18:24:16,mainnet,10232600,10232596,4
2020-06-09 18:25:46,mainnet,10232607,10232604,3
2020-06-09 18:27:28,mainnet,10232614,10232614,0
2020-06-09 18:29:28,mainnet,10232622,10232623,-1
2020-06-09 18:31:14,mainnet,10232632,10232632,0
2020-06-09 18:32:55,mainnet,10232638,10232638,0
2020-06-09 18:34:47,mainnet,10232653,10232649,4
2020-06-09 18:36:37,mainnet,10232659,10232658,1
2020-06-09 18:38:04,mainnet,10232664,10232664,0
2020-06-09 18:39:30,mainnet,10232668,10232666,2
2020-06-09 18:40:59,mainnet,10232672,10232672,0
2020-06-09 18:42:21,mainnet,10232676,10232675,1
2020-06-09 18:43:47,mainnet,10232681,10232681,0
2020-06-09 18:45:19,mainnet,10232687,10232683,4
2020-06-09 18:46:41,mainnet,10232694,10232694,0
2020-06-09 18:48:22,mainnet,10232703,10232703,0
2020-06-09 18:50:21,mainnet,10232706,10232703,3
2020-06-09 18:51:48,mainnet,10232711,10232711,0
2020-06-09 18:53:10,mainnet,10232714,10232714,0
2020-06-09 18:54:39,mainnet,10232725,10232720,5
2020-06-09 18:56:08,mainnet,10232730,10232730,0
2020-06-09 18:57:34,mainnet,10232736,10232734,2
2020-06-09 18:58:56,mainnet,10232741,10232741,0
2020-06-09 19:00:40,mainnet,10232749,10232748,1
2020-06-09 19:02:21,mainnet,10232757,10232756,1
2020-06-09 19:04:21,mainnet,10232762,10232762,0
2020-06-09 19:05:52,mainnet,10232768,10232768,0
2020-06-09 19:07:22,mainnet,10232774,10232774,0
2020-06-09 19:08:49,mainnet,10232783,10232783,0
2020-06-09 19:10:26,mainnet,10232792,10232792,0
2020-06-09 19:11:57,mainnet,10232803,10232803,0
2020-06-09 19:13:31,mainnet,10232807,10232808,-1
2020-06-09 19:15:12,mainnet,10232816,10232815,1
2020-06-09 19:16:48,mainnet,10232821,10232818,3
2020-06-09 19:18:13,mainnet,10232827,10232826,1
2020-06-09 19:19:37,mainnet,10232831,10232830,1
2020-06-09 19:21:10,mainnet,10232836,10232834,2
2020-06-09 19:22:49,mainnet,10232839,10232839,0
2020-06-09 19:24:18,mainnet,10232850,10232839,11
2020-06-09 19:26:12,mainnet,10232857,10232839,18
2020-06-09 19:27:37,mainnet,10232862,10232858,4
2020-06-09 19:29:05,mainnet,10232872,10232866,6
2020-06-09 19:31:46,mainnet,10232884,10232867,17
2020-06-09 19:33:34,mainnet,10232889,10232888,1
2020-06-09 19:35:12,mainnet,10232896,10232891,5
2020-06-09 19:37:00,mainnet,10232902,10232891,11
2020-06-09 19:38:54,mainnet,10232913,10232908,5
2020-06-09 19:40:41,mainnet,10232924,10232908,16
2020-06-09 19:42:18,mainnet,10232933,10232908,25
2020-06-09 19:43:45,mainnet,10232936,10232930,6
2020-06-09 19:45:20,mainnet,10232944,10232938,6
2020-06-09 19:47:26,mainnet,10232957,10232954,3
2020-06-09 19:49:29,mainnet,10232968,10232964,4
2020-06-09 19:50:54,mainnet,10232972,10232972,0
2020-06-09 19:52:36,mainnet,10232985,10232982,3
2020-06-09 19:54:31,mainnet,10232996,10232996,0
2020-06-09 19:56:28,mainnet,10233005,10233005,0
2020-06-09 19:57:54,mainnet,10233012,10233012,0
2020-06-09 19:59:24,mainnet,10233014,10233014,0
2020-06-09 20:00:54,mainnet,10233020,10233020,0
2020-06-09 20:02:57,mainnet,10233028,10233020,8
2020-06-09 20:04:30,mainnet,10233033,10233033,0
2020-06-09 20:06:03,mainnet,10233037,10233033,4
2020-06-09 20:07:39,mainnet,10233051,10233041,10
2020-06-09 20:09:37,mainnet,10233058,10233052,6
2020-06-09 20:11:04,mainnet,10233061,10233062,-1
2020-06-09 20:12:36,mainnet,10233066,10233066,0
2020-06-09 20:14:05,mainnet,10233078,10233076,2
2020-06-09 20:15:59,mainnet,10233085,10233085,0
2020-06-09 20:17:30,mainnet,10233090,10233090,0
2020-06-09 20:18:54,mainnet,10233095,10233094,1
2020-06-09 20:20:28,mainnet,10233104,10233094,10
2020-06-09 20:21:57,mainnet,10233113,10233109,4
2020-06-09 20:23:19,mainnet,10233120,10233115,5
2020-06-09 20:24:43,mainnet,10233126,10233126,0
2020-06-09 20:26:09,mainnet,10233130,10233130,0
2020-06-09 20:27:54,mainnet,10233139,10233139,0
2020-06-09 20:29:42,mainnet,10233144,10233144,0
2020-06-09 20:31:08,mainnet,10233152,10233149,3
2020-06-09 20:32:32,mainnet,10233159,10233157,2
2020-06-09 20:34:05,mainnet,10233171,10233169,2
2020-06-09 20:36:12,mainnet,10233185,10233169,16
2020-06-09 20:39:00,mainnet,10233196,10233188,8
2020-06-09 20:40:25,mainnet,10233203,10233199,4
2020-06-09 20:44:19,mainnet,10233217,10233211,6
2020-06-09 20:45:55,mainnet,10233225,10233222,3
2020-06-09 20:48:35,mainnet,10233234,10233222,12
2020-06-09 20:50:42,mainnet,10233238,10233235,3
2020-06-09 20:52:20,mainnet,10233248,10233238,10
2020-06-09 20:54:08,mainnet,10233256,10233238,18
2020-06-09 20:55:31,mainnet,10233263,10233238,25
2020-06-09 20:57:14,mainnet,10233270,10233268,2
2020-06-09 20:58:57,mainnet,10233277,10233276,1
2020-06-09 21:00:28,mainnet,10233288,10233282,6
2020-06-09 21:01:53,mainnet,10233298,10233282,16
2020-06-09 21:03:20,mainnet,10233308,10233307,1
2020-06-09 21:04:54,mainnet,10233317,10233317,0
2020-06-09 21:06:52,mainnet,10233325,10233325,0
2020-06-09 21:08:14,mainnet,10233333,10233327,6
2020-06-09 21:09:42,mainnet,10233338,10233336,2
2020-06-09 21:11:09,mainnet,10233344,10233336,8
2020-06-09 21:12:54,mainnet,10233353,10233351,2
2020-06-09 21:14:24,mainnet,10233359,10233356,3
2020-06-09 21:16:29,mainnet,10233368,10233356,12
2020-06-09 21:18:09,mainnet,10233377,10233356,21
2020-06-09 21:19:34,mainnet,10233384,10233384,0
2020-06-09 21:21:04,mainnet,10233393,10233393,0
2020-06-09 21:23:09,mainnet,10233396,10233396,0
2020-06-09 21:24:31,mainnet,10233405,10233397,8
2020-06-09 21:25:53,mainnet,10233409,10233406,3
2020-06-09 21:27:15,mainnet,10233417,10233412,5
2020-06-09 21:28:44,mainnet,10233424,10233412,12
2020-06-09 21:30:38,mainnet,10233431,10233412,19
2020-06-09 21:32:12,mainnet,10233440,10233440,0
2020-06-09 21:33:38,mainnet,10233449,10233449,0
2020-06-09 21:35:17,mainnet,10233456,10233453,3
2020-06-09 21:36:43,mainnet,10233457,10233457,0
2020-06-09 21:38:06,mainnet,10233465,10233457,8
2020-06-09 21:39:28,mainnet,10233469,10233457,12
2020-06-09 21:40:54,mainnet,10233475,10233468,7
2020-06-09 21:42:21,mainnet,10233481,10233481,0
2020-06-09 21:43:54,mainnet,10233489,10233489,0
2020-06-09 21:45:20,mainnet,10233495,10233491,4
2020-06-09 21:46:45,mainnet,10233498,10233498,0
2020-06-09 21:48:10,mainnet,10233508,10233508,0
2020-06-09 21:49:40,mainnet,10233513,10233514,-1
2020-06-09 21:51:12,mainnet,10233519,10233517,2
2020-06-09 21:52:43,mainnet,10233525,10233525,0
2020-06-09 21:54:08,mainnet,10233528,10233526,2
2020-06-09 21:55:33,mainnet,10233532,10233531,1
2020-06-09 21:56:55,mainnet,10233539,10233539,0
2020-06-09 21:58:22,mainnet,10233542,10233543,-1
2020-06-09 21:59:47,mainnet,10233557,10233552,5
2020-06-09 22:02:42,mainnet,10233564,10233564,0
2020-06-09 22:04:09,mainnet,10233569,10233568,1
2020-06-09 22:05:45,mainnet,10233574,10233574,0
2020-06-09 22:07:17,mainnet,10233582,10233581,1
2020-06-09 22:09:04,mainnet,10233591,10233591,0
2020-06-09 22:10:31,mainnet,10233592,10233593,-1
2020-06-09 22:11:56,mainnet,10233599,10233599,0
2020-06-09 22:13:19,mainnet,10233608,10233607,1
2020-06-09 22:15:16,mainnet,10233619,10233614,5
2020-06-09 22:17:32,mainnet,10233628,10233624,4
2020-06-09 22:19:03,mainnet,10233635,10233634,1
2020-06-09 22:20:31,mainnet,10233645,10233638,7
2020-06-09 22:22:14,mainnet,10233650,10233649,1
2020-06-09 22:23:43,mainnet,10233660,10233660,0
2020-06-09 22:25:11,mainnet,10233671,10233670,1
2020-06-09 22:26:33,mainnet,10233676,10233675,1
2020-06-09 22:27:55,mainnet,10233684,10233683,1
2020-06-09 22:29:20,mainnet,10233692,10233687,5
2020-06-09 22:30:54,mainnet,10233701,10233701,0
2020-06-09 22:32:16,mainnet,10233704,10233704,0
2020-06-09 22:33:44,mainnet,10233711,10233711,0
2020-06-09 22:35:18,mainnet,10233721,10233712,9
2020-06-09 22:36:50,mainnet,10233723,10233712,11
2020-06-09 22:38:12,mainnet,10233733,10233730,3
2020-06-09 22:39:40,mainnet,10233735,10233735,0
2020-06-09 22:41:06,mainnet,10233748,10233747,1
2020-06-09 22:42:41,mainnet,10233751,10233752,-1
2020-06-09 22:44:05,mainnet,10233757,10233757,0
2020-06-09 22:45:30,mainnet,10233767,10233766,1
2020-06-09 22:47:32,mainnet,10233777,10233775,2
2020-06-09 22:48:58,mainnet,10233783,10233775,8
2020-06-09 22:50:34,mainnet,10233789,10233788,1
2020-06-09 22:52:07,mainnet,10233795,10233791,4
2020-06-09 22:53:33,mainnet,10233801,10233791,10
2020-06-09 22:55:02,mainnet,10233809,10233801,8
2020-06-09 22:56:28,mainnet,10233816,10233811,5
2020-06-09 22:58:04,mainnet,10233821,10233816,5
2020-06-09 22:59:30,mainnet,10233823,10233818,5
2020-06-09 23:00:57,mainnet,10233826,10233826,0
2020-06-09 23:02:28,mainnet,10233834,10233833,1
2020-06-09 23:03:58,mainnet,10233841,10233841,0
2020-06-09 23:06:24,mainnet,10233852,10233848,4
2020-06-09 23:07:56,mainnet,10233858,10233853,5
2020-06-09 23:09:23,mainnet,10233865,10233856,9
2020-06-09 23:10:54,mainnet,10233874,10233873,1
2020-06-09 23:12:33,mainnet,10233884,10233875,9
2020-06-09 23:14:00,mainnet,10233891,10233891,0
2020-06-09 23:15:31,mainnet,10233903,10233901,2
2020-06-09 23:16:55,mainnet,10233907,10233907,0
2020-06-09 23:18:22,mainnet,10233918,10233907,11
2020-06-09 23:19:50,mainnet,10233923,10233907,16
2020-06-09 23:21:12,mainnet,10233930,10233930,0
2020-06-09 23:22:39,mainnet,10233937,10233937,0
2020-06-09 23:24:17,mainnet,10233944,10233937,7
2020-06-09 23:25:56,mainnet,10233954,10233952,2
2020-06-09 23:27:21,mainnet,10233961,10233959,2
2020-06-09 23:29:11,mainnet,10233967,10233959,8
2020-06-09 23:30:34,mainnet,10233974,10233966,8
2020-06-09 23:32:16,mainnet,10233980,10233966,14
2020-06-09 23:33:42,mainnet,10233986,10233966,20
2020-06-09 23:35:10,mainnet,10233993,10233991,2
2020-06-09 23:36:38,mainnet,10234003,10234001,2
2020-06-09 23:38:35,mainnet,10234009,10234001,8
2020-06-09 23:40:12,mainnet,10234013,10234013,0
2020-06-09 23:41:37,mainnet,10234020,10234020,0
2020-06-09 23:43:12,mainnet,10234030,10234025,5
2020-06-09 23:44:57,mainnet,10234041,10234040,1
2020-06-09 23:46:54,mainnet,10234048,10234044,4
2020-06-09 23:52:46,mainnet,10234078,10234071,7
2020-06-09 23:54:13,mainnet,10234083,10234071,12
2020-06-09 23:55:38,mainnet,10234087,10234087,0
2020-06-09 23:57:05,mainnet,10234091,10234091,0
2020-06-09 23:58:43,mainnet,10234097,10234091,6
2020-06-10 00:00:37,mainnet,10234107,10234106,1
2020-06-10 00:02:02,mainnet,10234113,10234113,0
2020-06-10 00:03:30,mainnet,10234121,10234120,1
2020-06-10 00:05:11,mainnet,10234129,10234120,9
2020-06-10 00:06:35,mainnet,10234134,10234129,5
2020-06-10 00:08:29,mainnet,10234143,10234141,2
2020-06-10 00:10:12,mainnet,10234151,10234150,1
2020-06-10 00:11:49,mainnet,10234157,10234155,2
2020-06-10 00:13:29,mainnet,10234161,10234161,0
2020-06-10 00:14:58,mainnet,10234168,10234167,1
2020-06-10 00:16:20,mainnet,10234176,10234173,3
2020-06-10 00:18:20,mainnet,10234186,10234186,0
2020-06-10 00:19:53,mainnet,10234192,10234192,0
2020-06-10 00:21:15,mainnet,10234198,10234198,0
2020-06-10 00:22:45,mainnet,10234205,10234204,1
2020-06-10 00:24:07,mainnet,10234211,10234211,0
2020-06-10 00:25:29,mainnet,10234223,10234222,1
2020-06-10 00:27:21,mainnet,10234229,10234227,2
2020-06-10 00:28:44,mainnet,10234239,10234231,8
2020-06-10 00:30:10,mainnet,10234246,10234245,1
2020-06-10 00:31:35,mainnet,10234252,10234252,0
2020-06-10 00:33:12,mainnet,10234264,10234255,9
2020-06-10 00:34:37,mainnet,10234270,10234266,4
2020-06-10 00:35:59,mainnet,10234277,10234276,1
2020-06-10 00:37:30,mainnet,10234283,10234283,0
2020-06-10 00:38:55,mainnet,10234288,10234288,0
2020-06-10 00:40:22,mainnet,10234294,10234293,1
2020-06-10 00:41:57,mainnet,10234304,10234301,3
2020-06-10 00:43:26,mainnet,10234312,10234309,3
2020-06-10 00:44:52,mainnet,10234319,10234309,10
2020-06-10 00:46:14,mainnet,10234325,10234324,1
2020-06-10 00:48:34,mainnet,10234329,10234329,0
2020-06-10 00:50:35,mainnet,10234335,10234333,2
2020-06-10 00:52:12,mainnet,10234343,10234343,0
2020-06-10 00:53:44,mainnet,10234351,10234348,3
2020-06-10 00:55:15,mainnet,10234358,10234357,1
2020-06-10 00:56:47,mainnet,10234365,10234363,2
2020-06-10 00:58:22,mainnet,10234372,10234368,4
2020-06-10 01:00:37,mainnet,10234380,10234379,1
2020-06-10 01:02:07,mainnet,10234385,10234384,1
2020-06-10 01:03:47,mainnet,10234391,10234390,1
2020-06-10 01:05:15,mainnet,10234396,10234394,2
2020-06-10 01:06:43,mainnet,10234404,10234400,4
2020-06-10 01:08:08,mainnet,10234412,10234406,6
2020-06-10 01:09:33,mainnet,10234417,10234414,3
2020-06-10 01:11:03,mainnet,10234426,10234417,9
2020-06-10 01:12:35,mainnet,10234433,10234433,0
2020-06-10 01:14:09,mainnet,10234441,10234439,2
2020-06-10 01:15:49,mainnet,10234445,10234445,0
2020-06-10 01:17:18,mainnet,10234451,10234450,1
2020-06-10 01:18:48,mainnet,10234454,10234452,2
2020-06-10 01:20:10,mainnet,10234460,10234460,0
2020-06-10 01:21:40,mainnet,10234469,10234465,4
2020-06-10 01:23:16,mainnet,10234479,10234475,4
2020-06-10 01:24:47,mainnet,10234489,10234481,8
2020-06-10 01:26:13,mainnet,10234497,10234497,0
2020-06-10 01:27:54,mainnet,10234505,10234504,1
2020-06-10 01:29:28,mainnet,10234516,10234504,12
2020-06-10 01:30:55,mainnet,10234521,10234519,2
2020-06-10 01:32:27,mainnet,10234527,10234521,6
2020-06-10 01:33:56,mainnet,10234534,10234532,2
2020-06-10 01:35:43,mainnet,10234535,10234535,0
2020-06-10 01:37:10,mainnet,10234545,10234544,1
2020-06-10 01:38:39,mainnet,10234555,10234544,11
2020-06-10 01:40:12,mainnet,10234563,10234556,7
2020-06-10 01:41:39,mainnet,10234566,10234565,1
2020-06-10 01:43:19,mainnet,10234570,10234567,3
2020-06-10 01:44:44,mainnet,10234578,10234573,5
2020-06-10 01:46:25,mainnet,10234589,10234578,11
2020-06-10 01:47:50,mainnet,10234595,10234594,1
2020-06-10 01:49:18,mainnet,10234603,10234594,9
2020-06-10 01:50:51,mainnet,10234612,10234610,2
2020-06-10 01:52:17,mainnet,10234617,10234614,3
2020-06-10 01:53:59,mainnet,10234619,10234619,0
2020-06-10 01:55:25,mainnet,10234628,10234628,0
2020-06-10 01:56:54,mainnet,10234635,10234633,2
2020-06-10 01:58:24,mainnet,10234643,10234633,10
2020-06-10 01:59:46,mainnet,10234649,10234647,2
2020-06-10 02:01:17,mainnet,10234656,10234656,0
2020-06-10 02:02:49,mainnet,10234659,10234656,3
2020-06-10 02:04:11,mainnet,10234665,10234664,1
2020-06-10 02:05:37,mainnet,10234671,10234671,0
2020-06-10 02:07:09,mainnet,10234677,10234677,0
2020-06-10 02:08:33,mainnet,10234684,10234683,1
2020-06-10 02:10:16,mainnet,10234688,10234688,0
2020-06-10 02:11:41,mainnet,10234697,10234693,4
2020-06-10 02:13:13,mainnet,10234704,10234703,1
2020-06-10 02:14:42,mainnet,10234709,10234709,0
2020-06-10 02:16:09,mainnet,10234717,10234714,3
2020-06-10 02:18:14,mainnet,10234724,10234722,2
2020-06-10 02:19:40,mainnet,10234730,10234728,2
2020-06-10 02:21:23,mainnet,10234731,10234731,0
2020-06-10 02:22:48,mainnet,10234739,10234734,5
2020-06-10 02:24:50,mainnet,10234746,10234745,1
2020-06-10 02:26:56,mainnet,10234750,10234750,0
2020-06-10 02:28:24,mainnet,10234755,10234755,0
2020-06-10 02:29:46,mainnet,10234761,10234759,2
2020-06-10 02:31:11,mainnet,10234767,10234767,0
2020-06-10 02:32:34,mainnet,10234774,10234774,0
2020-06-10 02:34:04,mainnet,10234786,10234782,4
2020-06-10 02:36:01,mainnet,10234790,10234790,0
2020-06-10 02:37:32,mainnet,10234800,10234797,3
2020-06-10 02:39:00,mainnet,10234806,10234805,1
2020-06-10 02:40:23,mainnet,10234817,10234811,6
2020-06-10 02:41:50,mainnet,10234832,10234831,1
2020-06-10 02:43:19,mainnet,10234837,10234835,2
2020-06-10 02:44:41,mainnet,10234845,10234843,2
2020-06-10 02:46:09,mainnet,10234847,10234847,0
2020-06-10 02:47:34,mainnet,10234853,10234853,0
2020-06-10 02:48:56,mainnet,10234859,10234858,1
2020-06-10 02:50:26,mainnet,10234863,10234863,0
2020-06-10 02:51:53,mainnet,10234866,10234866,0
2020-06-10 02:53:22,mainnet,10234868,10234868,0
2020-06-10 02:54:49,mainnet,10234878,10234877,1
2020-06-10 02:56:43,mainnet,10234884,10234884,0
2020-06-10 02:58:20,mainnet,10234893,10234891,2
2020-06-10 02:59:48,mainnet,10234902,10234901,1
2020-06-10 03:03:57,mainnet,10234920,10234905,15
2020-06-10 03:06:12,mainnet,10234925,10234921,4
2020-06-10 03:07:38,mainnet,10234930,10234930,0
2020-06-10 03:09:25,mainnet,10234936,10234936,0
2020-06-10 03:10:49,mainnet,10234941,10234941,0
2020-06-10 03:12:11,mainnet,10234950,10234946,4
2020-06-10 03:13:33,mainnet,10234957,10234951,6
2020-06-10 03:15:10,mainnet,10234963,10234964,-1
2020-06-10 03:16:35,mainnet,10234971,10234971,0
2020-06-10 03:18:03,mainnet,10234975,10234975,0
2020-06-10 03:19:28,mainnet,10234981,10234981,0
2020-06-10 03:20:53,mainnet,10234991,10234989,2
2020-06-10 03:22:19,mainnet,10235000,10234998,2
2020-06-10 03:23:50,mainnet,10235007,10235005,2
2020-06-10 03:25:13,mainnet,10235014,10235011,3
2020-06-10 03:26:57,mainnet,10235022,10235018,4
2020-06-10 03:28:24,mainnet,10235031,10235028,3
2020-06-10 03:29:46,mainnet,10235037,10235038,-1
2020-06-10 03:31:11,mainnet,10235044,10235044,0
2020-06-10 03:32:40,mainnet,10235053,10235052,1
2020-06-10 03:34:39,mainnet,10235058,10235057,1
2020-06-10 03:36:01,mainnet,10235063,10235063,0
2020-06-10 03:37:26,mainnet,10235069,10235069,0
2020-06-10 03:39:01,mainnet,10235073,10235072,1
2020-06-10 03:40:25,mainnet,10235079,10235072,7
2020-06-10 03:41:52,mainnet,10235085,10235082,3
2020-06-10 03:43:15,mainnet,10235097,10235097,0
2020-06-10 03:44:49,mainnet,10235101,10235101,0
2020-06-10 03:46:26,mainnet,10235106,10235106,0
2020-06-10 03:48:20,mainnet,10235114,10235113,1
2020-06-10 03:49:42,mainnet,10235118,10235119,-1
2020-06-10 03:51:25,mainnet,10235125,10235123,2
2020-06-10 03:52:47,mainnet,10235132,10235132,0
2020-06-10 03:54:30,mainnet,10235137,10235137,0
2020-06-10 03:56:05,mainnet,10235147,10235142,5
2020-06-10 03:57:31,mainnet,10235156,10235149,7
2020-06-10 03:59:41,mainnet,10235163,10235163,0
2020-06-10 04:01:10,mainnet,10235167,10235167,0
2020-06-10 04:02:44,mainnet,10235170,10235170,0
2020-06-10 04:04:06,mainnet,10235174,10235174,0
2020-06-10 04:05:33,mainnet,10235181,10235178,3
2020-06-10 04:06:59,mainnet,10235188,10235188,0
2020-06-10 04:08:27,mainnet,10235198,10235194,4
2020-06-10 04:10:31,mainnet,10235206,10235202,4
2020-06-10 04:11:53,mainnet,10235210,10235210,0
2020-06-10 04:13:19,mainnet,10235222,10235222,0
2020-06-10 04:14:56,mainnet,10235226,10235226,0
2020-06-10 04:16:28,mainnet,10235230,10235230,0
2020-06-10 04:17:50,mainnet,10235235,10235235,0
2020-06-10 04:19:15,mainnet,10235238,10235238,0
2020-06-10 04:20:42,mainnet,10235243,10235243,0
2020-06-10 04:22:14,mainnet,10235251,10235251,0
2020-06-10 04:24:05,mainnet,10235254,10235254,0
2020-06-10 04:25:31,mainnet,10235260,10235258,2
2020-06-10 04:27:10,mainnet,10235272,10235268,4
2020-06-10 04:28:39,mainnet,10235280,10235278,2
2020-06-10 04:30:11,mainnet,10235287,10235286,1
2020-06-10 04:31:39,mainnet,10235291,10235291,0
2020-06-10 04:33:38,mainnet,10235296,10235296,0
2020-06-10 04:35:08,mainnet,10235303,10235303,0
2020-06-10 04:36:36,mainnet,10235312,10235312,0
2020-06-10 04:38:04,mainnet,10235320,10235320,0
2020-06-10 04:39:31,mainnet,10235330,10235329,1
2020-06-10 04:41:18,mainnet,10235337,10235335,2
2020-06-10 04:42:40,mainnet,10235345,10235343,2
2020-06-10 04:44:02,mainnet,10235348,10235348,0
2020-06-10 04:45:40,mainnet,10235353,10235353,0
2020-06-10 04:47:04,mainnet,10235356,10235356,0
2020-06-10 04:48:30,mainnet,10235362,10235362,0
2020-06-10 04:49:52,mainnet,10235365,10235365,0
2020-06-10 04:51:40,mainnet,10235375,10235373,2
2020-06-10 04:53:06,mainnet,10235382,10235381,1
2020-06-10 04:54:40,mainnet,10235386,10235386,0
2020-06-10 04:56:07,mainnet,10235389,10235390,-1
2020-06-10 04:57:36,mainnet,10235396,10235396,0
2020-06-10 04:59:29,mainnet,10235405,10235405,0
2020-06-10 05:01:31,mainnet,10235414,10235414,0
2020-06-10 05:02:58,mainnet,10235423,10235423,0
2020-06-10 05:04:22,mainnet,10235434,10235433,1
2020-06-10 05:05:52,mainnet,10235440,10235436,4
2020-06-10 05:07:19,mainnet,10235446,10235444,2
2020-06-10 05:09:15,mainnet,10235454,10235450,4
2020-06-10 05:10:48,mainnet,10235466,10235463,3
2020-06-10 05:12:40,mainnet,10235474,10235469,5
2020-06-10 05:14:03,mainnet,10235479,10235478,1
2020-06-10 05:15:31,mainnet,10235483,10235482,1
2020-06-10 05:17:09,mainnet,10235488,10235487,1
2020-06-10 05:18:31,mainnet,10235491,10235491,0
2020-06-10 05:20:15,mainnet,10235502,10235498,4
2020-06-10 05:21:37,mainnet,10235504,10235502,2
2020-06-10 05:23:02,mainnet,10235508,10235506,2
2020-06-10 05:24:26,mainnet,10235517,10235517,0
2020-06-10 05:25:54,mainnet,10235525,10235525,0
2020-06-10 05:27:20,mainnet,10235533,10235528,5
2020-06-10 05:28:44,mainnet,10235537,10235537,0
2020-06-10 05:30:15,mainnet,10235540,10235540,0
2020-06-10 05:31:40,mainnet,10235549,10235547,2
2020-06-10 05:33:04,mainnet,10235554,10235550,4
2020-06-10 05:34:29,mainnet,10235562,10235559,3
2020-06-10 05:36:17,mainnet,10235566,10235566,0
2020-06-10 05:37:44,mainnet,10235572,10235568,4
2020-06-10 05:39:08,mainnet,10235580,10235577,3
2020-06-10 05:40:33,mainnet,10235586,10235583,3
2020-06-10 05:41:58,mainnet,10235593,10235592,1
2020-06-10 05:43:51,mainnet,10235602,10235597,5
2020-06-10 05:45:33,mainnet,10235605,10235604,1
2020-06-10 05:47:03,mainnet,10235611,10235611,0
2020-06-10 05:48:38,mainnet,10235616,10235615,1
2020-06-10 05:50:05,mainnet,10235619,10235618,1
2020-06-10 05:51:27,mainnet,10235625,10235620,5
2020-06-10 05:52:50,mainnet,10235634,10235620,14
2020-06-10 05:54:22,mainnet,10235639,10235639,0
2020-06-10 05:55:45,mainnet,10235651,10235649,2
2020-06-10 05:57:32,mainnet,10235656,10235656,0
2020-06-10 05:59:07,mainnet,10235668,10235666,2
2020-06-10 06:00:52,mainnet,10235671,10235670,1
2020-06-10 06:02:27,mainnet,10235680,10235680,0
2020-06-10 06:04:01,mainnet,10235687,10235685,2
2020-06-10 06:06:16,mainnet,10235695,10235690,5
2020-06-10 06:07:46,mainnet,10235698,10235698,0
2020-06-10 06:09:11,mainnet,10235703,10235703,0
2020-06-10 06:10:42,mainnet,10235710,10235705,5
2020-06-10 06:12:04,mainnet,10235720,10235719,1
2020-06-10 06:13:41,mainnet,10235729,10235725,4
2020-06-10 06:15:12,mainnet,10235738,10235739,-1
2020-06-10 06:16:42,mainnet,10235746,10235739,7
2020-06-10 06:18:09,mainnet,10235751,10235739,12
2020-06-10 06:19:31,mainnet,10235754,10235754,0
2020-06-10 06:20:56,mainnet,10235760,10235760,0
2020-06-10 06:23:12,mainnet,10235770,10235768,2
2020-06-10 06:24:53,mainnet,10235774,10235774,0
2020-06-10 06:26:22,mainnet,10235778,10235778,0
2020-06-10 06:27:46,mainnet,10235788,10235788,0
2020-06-10 06:29:11,mainnet,10235794,10235792,2
2020-06-10 06:30:47,mainnet,10235795,10235796,-1
2020-06-10 06:32:10,mainnet,10235803,10235800,3
2020-06-10 06:33:55,mainnet,10235811,10235800,11
2020-06-10 06:35:25,mainnet,10235818,10235817,1
2020-06-10 06:36:51,mainnet,10235824,10235824,0
2020-06-10 06:38:20,mainnet,10235830,10235830,0
2020-06-10 06:40:08,mainnet,10235838,10235834,4
2020-06-10 06:41:30,mainnet,10235843,10235843,0
2020-06-10 06:42:59,mainnet,10235854,10235846,8
2020-06-10 06:44:31,mainnet,10235861,10235861,0
2020-06-10 06:46:13,mainnet,10235866,10235864,2
2020-06-10 06:47:37,mainnet,10235869,10235869,0
2020-06-10 06:48:59,mainnet,10235877,10235877,0
2020-06-10 06:50:45,mainnet,10235889,10235884,5
2020-06-10 06:52:15,mainnet,10235903,10235896,7
2020-06-10 06:53:48,mainnet,10235910,10235910,0
2020-06-10 06:55:32,mainnet,10235923,10235922,1
2020-06-10 06:57:24,mainnet,10235927,10235927,0
2020-06-10 06:58:52,mainnet,10235936,10235927,9
2020-06-10 07:00:17,mainnet,10235939,10235939,0
2020-06-10 07:01:40,mainnet,10235943,10235941,2
2020-06-10 07:03:25,mainnet,10235949,10235949,0
2020-06-10 07:05:04,mainnet,10235957,10235957,0
2020-06-10 07:06:38,mainnet,10235966,10235966,0
2020-06-10 07:08:02,mainnet,10235973,10235974,-1
2020-06-10 07:09:31,mainnet,10235981,10235975,6
2020-06-10 07:11:01,mainnet,10235987,10235986,1
2020-06-10 07:12:49,mainnet,10235994,10235991,3
2020-06-10 07:14:15,mainnet,10236004,10235999,5
2020-06-10 07:15:59,mainnet,10236012,10235999,13
2020-06-10 07:17:21,mainnet,10236017,10236017,0
2020-06-10 07:18:48,mainnet,10236023,10236020,3
2020-06-10 07:20:13,mainnet,10236027,10236026,1
2020-06-10 07:21:46,mainnet,10236032,10236031,1
2020-06-10 07:23:38,mainnet,10236036,10236036,0
2020-06-10 07:25:04,mainnet,10236041,10236041,0
2020-06-10 07:26:34,mainnet,10236048,10236047,1
2020-06-10 07:28:03,mainnet,10236057,10236056,1
2020-06-10 07:29:35,mainnet,10236066,10236061,5
2020-06-10 07:31:06,mainnet,10236074,10236070,4
2020-06-10 07:32:30,mainnet,10236078,10236075,3
2020-06-10 07:33:56,mainnet,10236085,10236082,3
2020-06-10 07:35:24,mainnet,10236091,10236082,9
2020-06-10 07:36:47,mainnet,10236100,10236095,5
2020-06-10 07:38:13,mainnet,10236111,10236111,0
2020-06-10 07:39:37,mainnet,10236115,10236115,0
2020-06-10 07:41:09,mainnet,10236118,10236118,0
2020-06-10 07:42:43,mainnet,10236127,10236127,0
2020-06-10 07:44:09,mainnet,10236135,10236133,2
2020-06-10 07:46:26,mainnet,10236143,10236140,3
2020-06-10 07:47:48,mainnet,10236150,10236140,10
2020-06-10 07:49:11,mainnet,10236162,10236156,6
2020-06-10 07:51:07,mainnet,10236169,10236166,3
2020-06-10 07:52:29,mainnet,10236174,10236172,2
2020-06-10 07:54:22,mainnet,10236186,10236181,5
2020-06-10 07:56:14,mainnet,10236193,10236191,2
2020-06-10 07:57:55,mainnet,10236199,10236195,4
2020-06-10 07:59:31,mainnet,10236206,10236203,3
2020-06-10 08:00:52,mainnet,10236209,10236208,1
2020-06-10 08:02:38,mainnet,10236217,10236217,0
2020-06-10 08:04:38,mainnet,10236228,10236219,9
2020-06-10 08:06:23,mainnet,10236237,10236234,3
2020-06-10 08:08:04,mainnet,10236243,10236242,1
2020-06-10 08:09:45,mainnet,10236254,10236250,4
2020-06-10 08:11:22,mainnet,10236259,10236259,0
2020-06-10 08:12:47,mainnet,10236269,10236259,10
2020-06-10 08:14:20,mainnet,10236277,10236272,5
2020-06-10 08:15:46,mainnet,10236286,10236273,13
2020-06-10 08:17:17,mainnet,10236291,10236291,0
2020-06-10 08:18:42,mainnet,10236300,10236299,1
2020-06-10 08:20:09,mainnet,10236302,10236303,-1
2020-06-10 08:21:33,mainnet,10236306,10236306,0
2020-06-10 08:26:07,mainnet,10236330,10236311,19
2020-06-10 08:28:01,mainnet,10236336,10236336,0
2020-06-10 08:29:35,mainnet,10236340,10236337,3
2020-06-10 08:31:19,mainnet,10236349,10236337,12
2020-06-10 08:33:33,mainnet,10236352,10236352,0
2020-06-10 08:34:59,mainnet,10236362,10236359,3
2020-06-10 08:36:34,mainnet,10236369,10236369,0
2020-06-10 08:38:06,mainnet,10236380,10236380,0
2020-06-10 08:39:33,mainnet,10236380,10236380,0
2020-06-10 08:41:00,mainnet,10236383,10236383,0
2020-06-10 08:42:30,mainnet,10236388,10236388,0
2020-06-10 08:43:56,mainnet,10236391,10236391,0
2020-06-10 08:45:20,mainnet,10236397,10236397,0
2020-06-10 08:47:10,mainnet,10236402,10236402,0
2020-06-10 08:48:34,mainnet,10236412,10236410,2
2020-06-10 08:50:21,mainnet,10236417,10236417,0
2020-06-10 08:51:45,mainnet,10236424,10236423,1
2020-06-10 08:53:08,mainnet,10236432,10236428,4
2020-06-10 08:54:40,mainnet,10236438,10236431,7
2020-06-10 08:56:09,mainnet,10236446,10236439,7
2020-06-10 08:57:33,mainnet,10236454,10236450,4
2020-06-10 08:58:59,mainnet,10236461,10236451,10
2020-06-10 09:00:25,mainnet,10236468,10236467,1
2020-06-10 09:01:50,mainnet,10236476,10236474,2
2020-06-10 09:03:33,mainnet,10236482,10236474,8
2020-06-10 09:05:00,mainnet,10236490,10236489,1
2020-06-10 09:06:32,mainnet,10236496,10236493,3
2020-06-10 09:07:58,mainnet,10236504,10236504,0
2020-06-10 09:09:40,mainnet,10236506,10236506,0
2020-06-10 09:11:11,mainnet,10236513,10236511,2
2020-06-10 09:12:41,mainnet,10236522,10236519,3
2020-06-10 09:15:11,mainnet,10236530,10236529,1
2020-06-10 09:16:36,mainnet,10236537,10236534,3
2020-06-10 09:18:26,mainnet,10236547,10236546,1
2020-06-10 09:19:55,mainnet,10236555,10236555,0
2020-06-10 09:21:31,mainnet,10236562,10236562,0
2020-06-10 09:23:02,mainnet,10236574,10236565,9
2020-06-10 09:24:25,mainnet,10236581,10236577,4
2020-06-10 09:26:12,mainnet,10236592,10236586,6
2020-06-10 09:28:28,mainnet,10236600,10236586,14
2020-06-10 09:29:57,mainnet,10236605,10236604,1
2020-06-10 09:31:24,mainnet,10236611,10236611,0
2020-06-10 09:32:49,mainnet,10236622,10236622,0
2020-06-10 09:34:30,mainnet,10236626,10236626,0
2020-06-10 09:35:56,mainnet,10236630,10236630,0
2020-06-10 09:37:26,mainnet,10236638,10236638,0
2020-06-10 09:39:09,mainnet,10236644,10236640,4
2020-06-10 09:40:41,mainnet,10236650,10236640,10
2020-06-10 09:42:11,mainnet,10236657,10236657,0
2020-06-10 09:43:49,mainnet,10236661,10236661,0
2020-06-10 09:45:23,mainnet,10236671,10236664,7
2020-06-10 09:47:17,mainnet,10236676,10236664,12
2020-06-10 09:48:48,mainnet,10236687,10236687,0
2020-06-10 09:50:25,mainnet,10236696,10236687,9
2020-06-10 09:51:52,mainnet,10236701,10236687,14
2020-06-10 09:53:16,mainnet,10236706,10236687,19
2020-06-10 09:54:49,mainnet,10236720,10236719,1
2020-06-10 09:56:19,mainnet,10236731,10236730,1
2020-06-10 09:58:18,mainnet,10236740,10236734,6
2020-06-10 09:59:43,mainnet,10236744,10236744,0
2020-06-10 10:01:20,mainnet,10236758,10236757,1
2020-06-10 10:02:51,mainnet,10236769,10236767,2
2020-06-10 10:04:31,mainnet,10236776,10236767,9
2020-06-10 10:06:04,mainnet,10236784,10236784,0
2020-06-10 10:07:40,mainnet,10236789,10236786,3
2020-06-10 10:09:02,mainnet,10236794,10236793,1
2020-06-10 10:10:31,mainnet,10236800,10236797,3
2020-06-10 10:12:02,mainnet,10236807,10236806,1
2020-06-10 10:13:31,mainnet,10236815,10236813,2
2020-06-10 10:14:58,mainnet,10236821,10236821,0
2020-06-10 10:16:55,mainnet,10236828,10236824,4
2020-06-10 10:18:17,mainnet,10236838,10236824,14
2020-06-10 10:19:39,mainnet,10236842,10236842,0
2020-06-10 10:21:13,mainnet,10236851,10236850,1
2020-06-10 10:23:23,mainnet,10236862,10236850,12
2020-06-10 10:25:02,mainnet,10236872,10236870,2
2020-06-10 10:26:32,mainnet,10236886,10236881,5
2020-06-10 10:27:55,mainnet,10236890,10236888,2
2020-06-10 10:29:21,mainnet,10236899,10236890,9
2020-06-10 10:30:49,mainnet,10236906,10236890,16
2020-06-10 10:32:11,mainnet,10236914,10236909,5
2020-06-10 10:33:34,mainnet,10236921,10236921,0
2020-06-10 10:35:57,mainnet,10236925,10236924,1
2020-06-10 10:37:19,mainnet,10236932,10236928,4
2020-06-10 10:38:49,mainnet,10236939,10236939,0
2020-06-10 10:40:20,mainnet,10236944,10236943,1
2020-06-10 10:41:47,mainnet,10236951,10236949,2
2020-06-10 10:43:31,mainnet,10236959,10236959,0
2020-06-10 10:45:05,mainnet,10236963,10236959,4
2020-06-10 10:46:27,mainnet,10236965,10236965,0
2020-06-10 10:48:09,mainnet,10236974,10236973,1
2020-06-10 10:49:32,mainnet,10236977,10236973,4
2020-06-10 10:50:54,mainnet,10236981,10236973,8
2020-06-10 10:52:16,mainnet,10236988,10236986,2
2020-06-10 10:53:39,mainnet,10236993,10236986,7
2020-06-10 10:55:01,mainnet,10236998,10236994,4
2020-06-10 10:56:32,mainnet,10237002,10237002,0
2020-06-10 10:57:58,mainnet,10237006,10237006,0
2020-06-10 10:59:23,mainnet,10237016,10237014,2
2020-06-10 11:00:48,mainnet,10237024,10237022,2
2020-06-10 11:02:25,mainnet,10237029,10237029,0
2020-06-10 11:03:53,mainnet,10237034,10237034,0
2020-06-10 11:05:34,mainnet,10237038,10237038,0
2020-06-10 11:07:00,mainnet,10237044,10237045,-1
2020-06-10 11:08:31,mainnet,10237055,10237055,0
2020-06-10 11:10:13,mainnet,10237061,10237056,5
2020-06-10 11:11:44,mainnet,10237068,10237063,5
2020-06-10 11:13:19,mainnet,10237075,10237075,0
2020-06-10 11:14:50,mainnet,10237079,10237078,1
2020-06-10 11:16:23,mainnet,10237088,10237084,4
2020-06-10 11:18:01,mainnet,10237098,10237084,14
2020-06-10 11:19:28,mainnet,10237103,10237101,2
2020-06-10 11:20:52,mainnet,10237111,10237105,6
2020-06-10 11:22:37,mainnet,10237117,10237105,12
2020-06-10 11:24:03,mainnet,10237122,10237122,0
2020-06-10 11:25:28,mainnet,10237129,10237129,0
2020-06-10 11:27:42,mainnet,10237139,10237138,1
2020-06-10 11:29:28,mainnet,10237142,10237142,0
2020-06-10 11:31:00,mainnet,10237150,10237149,1
2020-06-10 11:32:26,mainnet,10237155,10237155,0
2020-06-10 11:33:51,mainnet,10237159,10237156,3
2020-06-10 11:35:13,mainnet,10237165,10237163,2
2020-06-10 11:37:00,mainnet,10237170,10237168,2
2020-06-10 11:38:29,mainnet,10237177,10237172,5
2020-06-10 11:40:02,mainnet,10237179,10237179,0
2020-06-10 11:41:40,mainnet,10237187,10237186,1
2020-06-10 11:43:14,mainnet,10237194,10237187,7
2020-06-10 11:44:52,mainnet,10237198,10237194,4
2020-06-10 11:46:16,mainnet,10237204,10237204,0
2020-06-10 11:47:59,mainnet,10237211,10237211,0
2020-06-10 11:49:28,mainnet,10237223,10237212,11
2020-06-10 11:51:00,mainnet,10237229,10237229,0
2020-06-10 11:52:24,mainnet,10237236,10237236,0
2020-06-10 11:53:57,mainnet,10237247,10237236,11
2020-06-10 11:55:21,mainnet,10237256,10237248,8
2020-06-10 11:58:10,mainnet,10237268,10237252,16
2020-06-10 11:59:47,mainnet,10237275,10237252,23
2020-06-10 12:01:11,mainnet,10237281,10237278,3
2020-06-10 12:02:58,mainnet,10237286,10237286,0
2020-06-10 12:04:27,mainnet,10237295,10237294,1
2020-06-10 12:05:53,mainnet,10237299,10237295,4
2020-06-10 12:07:19,mainnet,10237305,10237305,0
2020-06-10 12:08:44,mainnet,10237315,10237309,6
2020-06-10 12:10:25,mainnet,10237324,10237324,0
2020-06-10 12:12:04,mainnet,10237337,10237330,7
2020-06-10 12:14:12,mainnet,10237342,10237341,1
2020-06-10 12:15:34,mainnet,10237351,10237343,8
2020-06-10 12:17:21,mainnet,10237358,10237343,15
2020-06-10 12:19:06,mainnet,10237366,10237363,3
2020-06-10 12:20:45,mainnet,10237374,10237363,11
2020-06-10 12:22:49,mainnet,10237382,10237381,1
2020-06-10 12:24:32,mainnet,10237390,10237382,8
2020-06-10 12:26:49,mainnet,10237396,10237382,14
2020-06-10 12:28:11,mainnet,10237404,10237404,0
2020-06-10 12:29:44,mainnet,10237411,10237405,6
2020-06-10 12:31:09,mainnet,10237417,10237415,2
2020-06-10 12:33:07,mainnet,10237425,10237424,1
2020-06-10 12:35:04,mainnet,10237428,10237424,4
2020-06-10 12:36:27,mainnet,10237434,10237429,5
2020-06-10 12:38:01,mainnet,10237442,10237434,8
2020-06-10 12:39:45,mainnet,10237446,10237439,7
2020-06-10 12:41:36,mainnet,10237451,10237449,2
2020-06-10 12:43:09,mainnet,10237459,10237455,4
2020-06-10 12:44:54,mainnet,10237467,10237465,2
2020-06-10 12:46:21,mainnet,10237477,10237472,5
2020-06-10 12:48:01,mainnet,10237481,10237480,1
2020-06-10 12:49:34,mainnet,10237485,10237485,0
2020-06-10 12:51:00,mainnet,10237493,10237493,0
2020-06-10 12:52:30,mainnet,10237509,10237501,8
2020-06-10 12:54:29,mainnet,10237514,10237512,2
2020-06-10 12:56:11,mainnet,10237520,10237519,1
2020-06-10 12:57:41,mainnet,10237524,10237524,0
2020-06-10 12:59:10,mainnet,10237530,10237525,5
2020-06-10 13:00:44,mainnet,10237534,10237533,1
2020-06-10 13:02:06,mainnet,10237543,10237541,2
2020-06-10 13:03:48,mainnet,10237551,10237541,10
2020-06-10 13:05:13,mainnet,10237556,10237554,2
2020-06-10 13:06:35,mainnet,10237561,10237554,7
2020-06-10 13:07:57,mainnet,10237570,10237570,0
2020-06-10 13:09:26,mainnet,10237582,10237577,5
2020-06-10 13:11:03,mainnet,10237589,10237577,12
2020-06-10 13:12:44,mainnet,10237593,10237587,6
2020-06-10 13:14:36,mainnet,10237604,10237600,4
2020-06-10 13:16:12,mainnet,10237614,10237600,14
2020-06-10 13:18:08,mainnet,10237618,10237600,18
2020-06-10 13:19:36,mainnet,10237626,10237625,1
2020-06-10 13:21:11,mainnet,10237634,10237634,0
2020-06-10 13:22:35,mainnet,10237638,10237638,0
2020-06-10 13:24:01,mainnet,10237648,10237648,0
2020-06-10 13:25:32,mainnet,10237651,10237651,0
2020-06-10 13:26:54,mainnet,10237654,10237655,-1
2020-06-10 13:28:19,mainnet,10237660,10237660,0
2020-06-10 13:29:43,mainnet,10237668,10237665,3
2020-06-10 13:31:19,mainnet,10237672,10237671,1
2020-06-10 13:32:48,mainnet,10237680,10237677,3
2020-06-10 13:34:19,mainnet,10237683,10237683,0
2020-06-10 13:35:58,mainnet,10237698,10237696,2
2020-06-10 13:37:42,mainnet,10237705,10237705,0
2020-06-10 13:39:06,mainnet,10237713,10237713,0
2020-06-10 13:40:30,mainnet,10237717,10237714,3
2020-06-10 13:41:57,mainnet,10237720,10237720,0
2020-06-10 13:43:25,mainnet,10237725,10237725,0
2020-06-10 13:44:47,mainnet,10237731,10237730,1
2020-06-10 13:46:27,mainnet,10237737,10237737,0
2020-06-10 13:47:58,mainnet,10237745,10237741,4
2020-06-10 13:49:32,mainnet,10237750,10237750,0
2020-06-10 13:51:00,mainnet,10237756,10237751,5
2020-06-10 13:52:38,mainnet,10237766,10237758,8
2020-06-10 13:54:04,mainnet,10237771,10237762,9
2020-06-10 13:55:30,mainnet,10237783,10237781,2
2020-06-10 13:57:06,mainnet,10237786,10237786,0
2020-06-10 13:58:35,mainnet,10237790,10237791,-1
2020-06-10 14:00:03,mainnet,10237803,10237801,2
2020-06-10 14:02:00,mainnet,10237806,10237806,0
2020-06-10 14:03:25,mainnet,10237813,10237813,0
2020-06-10 14:04:48,mainnet,10237819,10237819,0
2020-06-10 14:06:17,mainnet,10237823,10237823,0
2020-06-10 14:07:40,mainnet,10237825,10237826,-1
2020-06-10 14:09:02,mainnet,10237834,10237832,2
2020-06-10 14:10:37,mainnet,10237844,10237837,7
2020-06-10 14:12:03,mainnet,10237852,10237853,-1
2020-06-10 14:13:32,mainnet,10237858,10237858,0
2020-06-10 14:15:01,mainnet,10237868,10237868,0
2020-06-10 14:16:25,mainnet,10237872,10237872,0
2020-06-10 14:17:50,mainnet,10237881,10237880,1
2020-06-10 14:19:31,mainnet,10237885,10237885,0
2020-06-10 14:20:59,mainnet,10237891,10237889,2
2020-06-10 14:22:29,mainnet,10237899,10237898,1
2020-06-10 14:23:57,mainnet,10237904,10237904,0
2020-06-10 14:25:25,mainnet,10237910,10237910,0
2020-06-10 14:26:48,mainnet,10237917,10237916,1
2020-06-10 14:28:14,mainnet,10237922,10237922,0
2020-06-10 14:29:49,mainnet,10237929,10237929,0
2020-06-10 14:31:16,mainnet,10237935,10237933,2
2020-06-10 14:33:14,mainnet,10237941,10237941,0
2020-06-10 14:34:41,mainnet,10237947,10237947,0
2020-06-10 14:36:05,mainnet,10237953,10237953,0
2020-06-10 14:37:30,mainnet,10237959,10237958,1
2020-06-10 14:38:59,mainnet,10237969,10237969,0
2020-06-10 14:40:39,mainnet,10237984,10237980,4
2020-06-10 14:42:33,mainnet,10237989,10237989,0
2020-06-10 14:43:55,mainnet,10237998,10237997,1
2020-06-10 14:45:36,mainnet,10238004,10238001,3
2020-06-10 14:46:58,mainnet,10238013,10238013,0
2020-06-10 14:48:20,mainnet,10238022,10238022,0
2020-06-10 14:49:42,mainnet,10238028,10238028,0
2020-06-10 14:51:09,mainnet,10238038,10238039,-1
2020-06-10 14:52:45,mainnet,10238045,10238045,0
2020-06-10 14:54:41,mainnet,10238059,10238047,12
2020-06-10 14:56:26,mainnet,10238066,10238065,1
2020-06-10 14:57:57,mainnet,10238073,10238074,-1
2020-06-10 14:59:26,mainnet,10238080,10238080,0
2020-06-10 15:00:50,mainnet,10238085,10238086,-1
2020-06-10 15:02:12,mainnet,10238099,10238098,1
2020-06-10 15:03:43,mainnet,10238105,10238106,-1
2020-06-10 15:05:12,mainnet,10238115,10238109,6
2020-06-10 15:06:53,mainnet,10238128,10238127,1
2020-06-10 15:08:21,mainnet,10238140,10238140,0
2020-06-10 15:09:46,mainnet,10238150,10238143,7
2020-06-10 15:11:12,mainnet,10238160,10238160,0
2020-06-10 15:12:42,mainnet,10238168,10238168,0
2020-06-10 15:14:34,mainnet,10238178,10238176,2
2020-06-10 15:16:02,mainnet,10238186,10238181,5
2020-06-10 15:17:27,mainnet,10238192,10238191,1
2020-06-10 15:19:39,mainnet,10238201,10238201,0
2020-06-10 15:21:06,mainnet,10238205,10238205,0
2020-06-10 15:22:37,mainnet,10238215,10238215,0
2020-06-10 15:24:07,mainnet,10238221,10238221,0
2020-06-10 15:25:42,mainnet,10238228,10238228,0
2020-06-10 15:27:25,mainnet,10238233,10238233,0
2020-06-10 15:28:48,mainnet,10238239,10238238,1
2020-06-10 15:30:13,mainnet,10238247,10238244,3
2020-06-10 15:32:21,mainnet,10238257,10238257,0
2020-06-10 15:33:48,mainnet,10238264,10238264,0
2020-06-10 15:36:20,mainnet,10238272,10238265,7
2020-06-10 15:37:47,mainnet,10238282,10238282,0
2020-06-10 15:39:22,mainnet,10238289,10238289,0
2020-06-10 15:40:51,mainnet,10238294,10238294,0
2020-06-10 15:42:15,mainnet,10238296,10238295,1
2020-06-10 15:43:43,mainnet,10238306,10238304,2
2020-06-10 15:45:09,mainnet,10238310,10238310,0
2020-06-10 15:46:36,mainnet,10238318,10238318,0
2020-06-10 15:47:58,mainnet,10238329,10238329,0
2020-06-10 15:49:23,mainnet,10238337,10238335,2
2020-06-10 15:50:50,mainnet,10238340,10238340,0
2020-06-10 15:52:14,mainnet,10238346,10238346,0
2020-06-10 15:53:42,mainnet,10238353,10238351,2
2020-06-10 15:55:07,mainnet,10238359,10238358,1
2020-06-10 15:56:29,mainnet,10238365,10238363,2
2020-06-10 15:57:52,mainnet,10238369,10238369,0
2020-06-10 15:59:15,mainnet,10238375,10238374,1
2020-06-10 16:00:42,mainnet,10238383,10238378,5
2020-06-10 16:02:17,mainnet,10238392,10238386,6
2020-06-10 16:04:13,mainnet,10238397,10238397,0
2020-06-10 16:05:41,mainnet,10238408,10238399,9
2020-06-10 16:07:19,mainnet,10238415,10238399,16
2020-06-10 16:08:42,mainnet,10238423,10238420,3
2020-06-10 16:10:17,mainnet,10238430,10238430,0
2020-06-10 16:11:43,mainnet,10238440,10238440,0
2020-06-10 16:13:08,mainnet,10238448,10238441,7
2020-06-10 16:14:30,mainnet,10238456,10238456,0
2020-06-10 16:15:52,mainnet,10238461,10238461,0
2020-06-10 16:17:18,mainnet,10238474,10238468,6
2020-06-10 16:18:47,mainnet,10238477,10238468,9
2020-06-10 16:20:22,mainnet,10238489,10238488,1
2020-06-10 16:21:47,mainnet,10238497,10238490,7
2020-06-10 16:23:19,mainnet,10238501,10238501,0
2020-06-10 16:24:49,mainnet,10238508,10238506,2
2020-06-10 16:26:21,mainnet,10238517,10238514,3
2020-06-10 16:27:45,mainnet,10238522,10238520,2
2020-06-10 16:29:09,mainnet,10238528,10238525,3
2020-06-10 16:30:34,mainnet,10238537,10238537,0
2020-06-10 16:32:20,mainnet,10238547,10238548,-1
2020-06-10 16:34:07,mainnet,10238555,10238553,2
2020-06-10 16:35:37,mainnet,10238560,10238557,3
2020-06-10 16:37:06,mainnet,10238565,10238565,0
2020-06-10 16:38:36,mainnet,10238570,10238569,1
2020-06-10 16:39:58,mainnet,10238579,10238578,1
2020-06-10 16:41:22,mainnet,10238588,10238578,10
2020-06-10 16:42:59,mainnet,10238597,10238595,2
2020-06-10 16:44:31,mainnet,10238606,10238600,6
2020-06-10 16:45:59,mainnet,10238611,10238602,9
2020-06-10 16:47:23,mainnet,10238614,10238602,12
2020-06-10 16:49:12,mainnet,10238620,10238618,2
2020-06-10 16:50:47,mainnet,10238627,10238625,2
2020-06-10 16:52:38,mainnet,10238634,10238627,7
2020-06-10 16:54:04,mainnet,10238642,10238641,1
2020-06-10 16:55:38,mainnet,10238646,10238646,0
2020-06-10 16:57:12,mainnet,10238660,10238646,14
2020-06-10 16:59:16,mainnet,10238667,10238666,1
2020-06-10 17:00:43,mainnet,10238670,10238670,0
2020-06-10 17:02:29,mainnet,10238676,10238676,0
2020-06-10 17:03:59,mainnet,10238685,10238685,0
2020-06-10 17:05:31,mainnet,10238689,10238686,3
2020-06-10 17:06:55,mainnet,10238697,10238696,1
2020-06-10 17:08:19,mainnet,10238701,10238699,2
2020-06-10 17:09:59,mainnet,10238709,10238706,3
2020-06-10 17:11:26,mainnet,10238717,10238716,1
2020-06-10 17:12:59,mainnet,10238719,10238719,0
2020-06-10 17:14:24,mainnet,10238724,10238722,2
2020-06-10 17:15:48,mainnet,10238730,10238722,8
2020-06-10 17:17:15,mainnet,10238737,10238735,2
2020-06-10 17:18:48,mainnet,10238739,10238737,2
2020-06-10 17:20:34,mainnet,10238747,10238737,10
2020-06-10 17:22:03,mainnet,10238751,10238737,14
2020-06-10 17:23:32,mainnet,10238756,10238752,4
2020-06-10 17:24:58,mainnet,10238760,10238756,4
2020-06-10 17:26:21,mainnet,10238764,10238756,8
2020-06-10 17:27:47,mainnet,10238771,10238771,0
2020-06-10 17:29:16,mainnet,10238779,10238776,3
2020-06-10 17:30:53,mainnet,10238786,10238782,4
2020-06-10 17:32:29,mainnet,10238792,10238788,4
2020-06-10 17:33:53,mainnet,10238797,10238792,5
2020-06-10 17:35:19,mainnet,10238801,10238801,0
2020-06-10 17:36:59,mainnet,10238808,10238809,-1
2020-06-10 17:38:39,mainnet,10238814,10238814,0
2020-06-10 17:40:07,mainnet,10238825,10238826,-1
2020-06-10 17:41:39,mainnet,10238832,10238832,0
2020-06-10 17:43:05,mainnet,10238838,10238834,4
2020-06-10 17:44:30,mainnet,10238846,10238846,0
2020-06-10 17:45:52,mainnet,10238849,10238848,1
2020-06-10 17:47:14,mainnet,10238857,10238848,9
2020-06-10 17:48:44,mainnet,10238863,10238861,2
2020-06-10 17:50:19,mainnet,10238870,10238869,1
2020-06-10 17:51:45,mainnet,10238877,10238877,0
2020-06-10 17:53:07,mainnet,10238883,10238881,2
2020-06-10 17:54:38,mainnet,10238892,10238890,2
2020-06-10 17:56:16,mainnet,10238904,10238890,14
2020-06-10 17:58:00,mainnet,10238913,10238895,18
2020-06-10 17:59:33,mainnet,10238917,10238917,0
2020-06-10 18:01:32,mainnet,10238924,10238920,4
2020-06-10 18:03:05,mainnet,10238928,10238928,0
2020-06-10 18:04:30,mainnet,10238932,10238932,0
2020-06-10 18:05:51,mainnet,10238938,10238936,2
2020-06-10 18:07:25,mainnet,10238945,10238944,1
2020-06-10 18:08:55,mainnet,10238948,10238948,0
2020-06-10 18:10:21,mainnet,10238953,10238953,0
2020-06-10 18:11:45,mainnet,10238963,10238959,4
2020-06-10 18:13:09,mainnet,10238967,10238967,0
2020-06-10 18:14:35,mainnet,10238972,10238970,2
2020-06-10 18:16:07,mainnet,10238979,10238970,9
2020-06-10 18:17:32,mainnet,10238981,10238979,2
2020-06-10 18:18:54,mainnet,10238990,10238990,0
2020-06-10 18:20:16,mainnet,10238995,10238993,2
2020-06-10 18:21:42,mainnet,10239003,10238993,10
2020-06-10 18:23:09,mainnet,10239011,10239009,2
2020-06-10 18:25:37,mainnet,10239020,10239018,2
2020-06-10 18:27:07,mainnet,10239025,10239025,0
2020-06-10 18:28:50,mainnet,10239030,10239030,0
2020-06-10 18:30:32,mainnet,10239039,10239032,7
2020-06-10 18:32:30,mainnet,10239045,10239042,3
2020-06-10 18:34:00,mainnet,10239054,10239042,12
2020-06-10 18:35:31,mainnet,10239062,10239062,0
2020-06-10 18:36:57,mainnet,10239065,10239064,1
2020-06-10 18:38:23,mainnet,10239069,10239065,4
2020-06-10 18:39:54,mainnet,10239076,10239065,11
2020-06-10 18:41:19,mainnet,10239083,10239083,0
2020-06-10 18:42:45,mainnet,10239087,10239087,0
2020-06-10 18:44:08,mainnet,10239097,10239088,9
2020-06-10 18:45:33,mainnet,10239102,10239102,0
2020-06-10 18:46:57,mainnet,10239106,10239106,0
2020-06-10 18:48:56,mainnet,10239113,10239111,2
2020-06-10 18:50:22,mainnet,10239120,10239120,0
2020-06-10 18:51:44,mainnet,10239122,10239122,0
2020-06-10 18:53:12,mainnet,10239127,10239127,0
2020-06-10 18:54:34,mainnet,10239134,10239134,0
2020-06-10 18:56:05,mainnet,10239142,10239141,1
2020-06-10 18:57:32,mainnet,10239152,10239152,0
2020-06-10 18:59:00,mainnet,10239161,10239159,2
2020-06-10 19:00:27,mainnet,10239169,10239168,1
2020-06-10 19:01:51,mainnet,10239173,10239173,0
2020-06-10 19:03:24,mainnet,10239179,10239179,0
2020-06-10 19:04:57,mainnet,10239182,10239182,0
2020-06-10 19:06:19,mainnet,10239186,10239186,0
2020-06-10 19:07:50,mainnet,10239193,10239193,0
2020-06-10 19:09:14,mainnet,10239204,10239204,0
2020-06-10 19:10:41,mainnet,10239210,10239210,0
2020-06-10 19:12:08,mainnet,10239212,10239212,0
2020-06-10 19:13:30,mainnet,10239224,10239224,0
2020-06-10 19:15:07,mainnet,10239231,10239229,2
2020-06-10 19:16:39,mainnet,10239236,10239232,4
2020-06-10 19:18:05,mainnet,10239243,10239232,11
2020-06-10 19:19:30,mainnet,10239247,10239244,3
2020-06-10 19:20:55,mainnet,10239252,10239248,4
2020-06-10 19:22:36,mainnet,10239255,10239255,0
2020-06-10 19:23:58,mainnet,10239260,10239259,1
2020-06-10 19:25:26,mainnet,10239267,10239267,0
2020-06-10 19:26:49,mainnet,10239273,10239273,0
2020-06-10 19:28:15,mainnet,10239283,10239278,5
2020-06-10 19:29:44,mainnet,10239286,10239286,0
2020-06-10 19:31:11,mainnet,10239296,10239296,0
2020-06-10 19:32:35,mainnet,10239301,10239301,0
2020-06-10 19:34:04,mainnet,10239307,10239301,6
2020-06-10 19:35:32,mainnet,10239315,10239315,0
2020-06-10 19:37:07,mainnet,10239320,10239320,0
2020-06-10 19:38:35,mainnet,10239328,10239327,1
2020-06-10 19:40:01,mainnet,10239339,10239335,4
2020-06-10 19:41:23,mainnet,10239345,10239343,2
2020-06-10 19:42:52,mainnet,10239353,10239353,0
2020-06-10 19:44:24,mainnet,10239364,10239364,0
2020-06-10 19:45:47,mainnet,10239367,10239367,0
2020-06-10 19:48:10,mainnet,10239377,10239370,7
2020-06-10 19:49:34,mainnet,10239384,10239382,2
2020-06-10 19:51:06,mainnet,10239388,10239387,1
2020-06-10 19:52:31,mainnet,10239392,10239392,0
2020-06-10 19:53:59,mainnet,10239400,10239396,4
2020-06-10 19:55:35,mainnet,10239407,10239407,0
2020-06-10 19:57:19,mainnet,10239416,10239415,1
2020-06-10 19:58:46,mainnet,10239417,10239417,0
2020-06-10 20:00:17,mainnet,10239424,10239425,-1
2020-06-10 20:01:53,mainnet,10239429,10239429,0
2020-06-10 20:03:39,mainnet,10239434,10239432,2
2020-06-10 20:05:01,mainnet,10239441,10239437,4
2020-06-10 20:06:24,mainnet,10239448,10239448,0
2020-06-10 20:08:16,mainnet,10239456,10239456,0
2020-06-10 20:09:46,mainnet,10239463,10239463,0
2020-06-10 20:11:30,mainnet,10239471,10239471,0
2020-06-10 20:13:05,mainnet,10239477,10239477,0
2020-06-10 20:14:41,mainnet,10239482,10239482,0
2020-06-10 20:16:08,mainnet,10239489,10239483,6
2020-06-10 20:17:31,mainnet,10239495,10239483,12
2020-06-10 20:18:58,mainnet,10239501,10239483,18
2020-06-10 20:20:25,mainnet,10239506,10239506,0
2020-06-10 20:21:49,mainnet,10239515,10239511,4
2020-06-10 20:23:16,mainnet,10239524,10239523,1
2020-06-10 20:24:44,mainnet,10239533,10239533,0
2020-06-10 20:26:10,mainnet,10239538,10239535,3
2020-06-10 20:27:54,mainnet,10239544,10239535,9
2020-06-10 20:29:47,mainnet,10239552,10239552,0
2020-06-10 20:31:09,mainnet,10239564,10239560,4
2020-06-10 20:32:34,mainnet,10239568,10239560,8
2020-06-10 20:34:03,mainnet,10239574,10239560,14
2020-06-10 20:35:32,mainnet,10239577,10239577,0
2020-06-10 20:37:04,mainnet,10239585,10239585,0
2020-06-10 20:38:31,mainnet,10239589,10239589,0
2020-06-10 20:39:57,mainnet,10239597,10239597,0
2020-06-10 20:41:27,mainnet,10239602,10239598,4
2020-06-10 20:42:49,mainnet,10239605,10239603,2
2020-06-10 20:44:11,mainnet,10239613,10239612,1
2020-06-10 20:45:39,mainnet,10239618,10239617,1
2020-06-10 20:47:08,mainnet,10239623,10239623,0
2020-06-10 20:48:34,mainnet,10239627,10239627,0
2020-06-10 20:49:57,mainnet,10239631,10239631,0
2020-06-10 20:51:45,mainnet,10239639,10239637,2
2020-06-10 20:53:21,mainnet,10239654,10239648,6
2020-06-10 20:57:54,mainnet,10239681,10239672,9
2020-06-10 20:59:35,mainnet,10239687,10239686,1
2020-06-10 21:01:01,mainnet,10239701,10239701,0
2020-06-10 21:02:53,mainnet,10239712,10239712,0
2020-06-10 21:04:22,mainnet,10239719,10239718,1
2020-06-10 21:06:21,mainnet,10239729,10239727,2
2020-06-10 21:08:00,mainnet,10239739,10239738,1
2020-06-10 21:09:25,mainnet,10239745,10239744,1
2020-06-10 21:10:51,mainnet,10239755,10239755,0
2020-06-10 21:12:30,mainnet,10239762,10239762,0
2020-06-10 21:14:07,mainnet,10239769,10239768,1
2020-06-10 21:15:30,mainnet,10239776,10239771,5
2020-06-10 21:16:57,mainnet,10239785,10239784,1
2020-06-10 21:18:41,mainnet,10239798,10239790,8
2020-06-10 21:20:24,mainnet,10239801,10239801,0
2020-06-10 21:21:46,mainnet,10239809,10239805,4
2020-06-10 21:23:38,mainnet,10239814,10239813,1
2020-06-10 21:25:05,mainnet,10239824,10239823,1
2020-06-10 21:26:53,mainnet,10239832,10239830,2
2020-06-10 21:28:22,mainnet,10239836,10239835,1
2020-06-10 21:29:46,mainnet,10239838,10239838,0
2020-06-10 21:31:21,mainnet,10239843,10239842,1
2020-06-10 21:32:48,mainnet,10239853,10239852,1
2020-06-10 21:34:11,mainnet,10239863,10239861,2
2020-06-10 21:35:36,mainnet,10239872,10239872,0
2020-06-10 21:37:05,mainnet,10239883,10239872,11
2020-06-10 21:38:55,mainnet,10239888,10239883,5
2020-06-10 21:40:42,mainnet,10239891,10239883,8
2020-06-10 21:42:12,mainnet,10239896,10239883,13
2020-06-10 21:43:42,mainnet,10239905,10239883,22
2020-06-10 21:45:12,mainnet,10239914,10239883,31
2020-06-10 21:46:46,mainnet,10239923,10239883,40
2020-06-10 21:48:09,mainnet,10239930,10239883,47
2020-06-10 21:49:31,mainnet,10239936,10239883,53
2020-06-10 21:51:05,mainnet,10239942,10239940,2
2020-06-10 21:52:45,mainnet,10239950,10239949,1
2020-06-10 21:54:24,mainnet,10239964,10239949,15
2020-06-10 21:56:21,mainnet,10239970,10239970,0
2020-06-10 21:58:10,mainnet,10239976,10239976,0
2020-06-10 21:59:46,mainnet,10239981,10239978,3
2020-06-10 22:01:11,mainnet,10239987,10239987,0
2020-06-10 22:02:39,mainnet,10239995,10239995,0
2020-06-10 22:04:01,mainnet,10240002,10239997,5
2020-06-10 22:05:23,mainnet,10240007,10240007,0
2020-06-10 22:06:46,mainnet,10240020,10240009,11
2020-06-10 22:08:40,mainnet,10240024,10240025,-1
2020-06-10 22:10:21,mainnet,10240033,10240033,0
2020-06-10 22:11:48,mainnet,10240044,10240041,3
2020-06-10 22:13:25,mainnet,10240049,10240049,0
2020-06-10 22:14:59,mainnet,10240056,10240055,1
2020-06-10 22:16:29,mainnet,10240066,10240065,1
2020-06-10 22:17:58,mainnet,10240075,10240067,8
2020-06-10 22:19:23,mainnet,10240083,10240076,7
2020-06-10 22:21:01,mainnet,10240090,10240090,0
2020-06-10 22:22:46,mainnet,10240095,10240095,0
2020-06-10 22:24:19,mainnet,10240099,10240099,0
2020-06-10 22:25:46,mainnet,10240107,10240107,0
2020-06-10 22:27:17,mainnet,10240113,10240112,1
2020-06-10 22:28:59,mainnet,10240118,10240119,-1
2020-06-10 22:30:21,mainnet,10240123,10240124,-1
2020-06-10 22:31:48,mainnet,10240134,10240133,1
2020-06-10 22:33:11,mainnet,10240137,10240136,1
2020-06-10 22:34:44,mainnet,10240141,10240138,3
2020-06-10 22:36:08,mainnet,10240148,10240147,1
2020-06-10 22:37:44,mainnet,10240153,10240153,0
2020-06-10 22:39:33,mainnet,10240158,10240156,2
2020-06-10 22:40:58,mainnet,10240165,10240164,1
2020-06-10 22:42:29,mainnet,10240170,10240170,0
2020-06-10 22:43:51,mainnet,10240175,10240175,0
2020-06-10 22:45:17,mainnet,10240183,10240177,6
2020-06-10 22:46:50,mainnet,10240190,10240190,0
2020-06-10 22:48:43,mainnet,10240193,10240193,0
2020-06-10 22:50:13,mainnet,10240198,10240198,0
2020-06-10 22:51:40,mainnet,10240204,10240202,2
2020-06-10 22:53:16,mainnet,10240208,10240202,6
2020-06-10 22:54:45,mainnet,10240213,10240213,0
2020-06-10 22:56:07,mainnet,10240220,10240218,2
2020-06-10 22:57:40,mainnet,10240226,10240224,2
2020-06-10 22:59:07,mainnet,10240233,10240224,9
2020-06-10 23:00:37,mainnet,10240240,10240236,4
2020-06-10 23:02:02,mainnet,10240247,10240246,1
2020-06-10 23:03:24,mainnet,10240259,10240249,10
2020-06-10 23:04:50,mainnet,10240264,10240264,0
2020-06-10 23:06:14,mainnet,10240270,10240270,0
2020-06-10 23:07:59,mainnet,10240277,10240275,2
2020-06-10 23:09:32,mainnet,10240283,10240282,1
2020-06-10 23:11:09,mainnet,10240286,10240286,0
2020-06-10 23:12:40,mainnet,10240292,10240290,2
2020-06-10 23:14:05,mainnet,10240304,10240290,14
2020-06-10 23:15:27,mainnet,10240312,10240304,8
2020-06-10 23:16:55,mainnet,10240320,10240315,5
2020-06-10 23:18:21,mainnet,10240327,10240326,1
2020-06-10 23:19:59,mainnet,10240334,10240326,8
2020-06-10 23:21:25,mainnet,10240342,10240336,6
2020-06-10 23:22:56,mainnet,10240349,10240336,13
2020-06-10 23:24:26,mainnet,10240360,10240358,2
2020-06-10 23:25:56,mainnet,10240371,10240370,1
2020-06-10 23:27:36,mainnet,10240380,10240380,0
2020-06-10 23:29:27,mainnet,10240386,10240383,3
2020-06-10 23:31:08,mainnet,10240389,10240386,3
2020-06-10 23:32:39,mainnet,10240394,10240390,4
2020-06-10 23:34:10,mainnet,10240397,10240395,2
2020-06-10 23:35:40,mainnet,10240403,10240400,3
2020-06-10 23:37:04,mainnet,10240412,10240408,4
2020-06-10 23:38:30,mainnet,10240423,10240422,1
2020-06-10 23:41:06,mainnet,10240432,10240428,4
2020-06-10 23:42:34,mainnet,10240436,10240428,8
2020-06-10 23:44:13,mainnet,10240448,10240428,20
2020-06-10 23:45:59,mainnet,10240449,10240449,0
2020-06-10 23:47:32,mainnet,10240455,10240452,3
2020-06-10 23:49:22,mainnet,10240464,10240452,12
2020-06-10 23:50:47,mainnet,10240467,10240467,0
2020-06-10 23:52:21,mainnet,10240472,10240471,1
2020-06-10 23:53:54,mainnet,10240477,10240471,6
2020-06-10 23:55:21,mainnet,10240480,10240471,9
2020-06-10 23:56:54,mainnet,10240487,10240485,2
2020-06-10 23:58:22,mainnet,10240496,10240487,9
2020-06-10 23:59:48,mainnet,10240503,10240499,4
2020-06-11 00:01:13,mainnet,10240509,10240509,0
2020-06-11 00:02:41,mainnet,10240517,10240513,4
2020-06-11 00:04:07,mainnet,10240527,10240513,14
2020-06-11 00:05:32,mainnet,10240533,10240532,1
2020-06-11 00:07:21,mainnet,10240544,10240541,3
2020-06-11 00:08:43,mainnet,10240548,10240548,0
2020-06-11 00:10:09,mainnet,10240553,10240553,0
2020-06-11 00:11:34,mainnet,10240555,10240555,0
2020-06-11 00:13:00,mainnet,10240565,10240565,0
2020-06-11 00:14:31,mainnet,10240571,10240570,1
2020-06-11 00:15:57,mainnet,10240574,10240573,1
2020-06-11 00:17:30,mainnet,10240584,10240584,0
2020-06-11 00:18:53,mainnet,10240593,10240593,0
2020-06-11 00:20:53,mainnet,10240603,10240603,0
2020-06-11 00:22:19,mainnet,10240613,10240607,6
2020-06-11 00:23:59,mainnet,10240619,10240617,2
2020-06-11 00:25:37,mainnet,10240625,10240625,0
2020-06-11 00:27:06,mainnet,10240629,10240627,2
2020-06-11 00:28:37,mainnet,10240636,10240635,1
2020-06-11 00:30:11,mainnet,10240643,10240641,2
2020-06-11 00:31:45,mainnet,10240650,10240650,0
2020-06-11 00:33:13,mainnet,10240658,10240656,2
2020-06-11 00:34:46,mainnet,10240661,10240661,0
2020-06-11 00:36:16,mainnet,10240670,10240670,0
2020-06-11 00:37:42,mainnet,10240676,10240675,1
2020-06-11 00:39:12,mainnet,10240684,10240681,3
2020-06-11 00:40:51,mainnet,10240693,10240692,1
2020-06-11 00:42:17,mainnet,10240702,10240702,0
2020-06-11 00:43:43,mainnet,10240706,10240706,0
2020-06-11 00:45:08,mainnet,10240711,10240711,0
2020-06-11 00:46:37,mainnet,10240721,10240716,5
2020-06-11 00:47:59,mainnet,10240724,10240716,8
2020-06-11 00:49:22,mainnet,10240739,10240716,23
2020-06-11 00:51:08,mainnet,10240747,10240747,0
2020-06-11 00:52:30,mainnet,10240751,10240748,3
2020-06-11 00:53:56,mainnet,10240759,10240759,0
2020-06-11 00:55:24,mainnet,10240764,10240764,0
2020-06-11 00:57:03,mainnet,10240773,10240769,4
2020-06-11 00:58:56,mainnet,10240784,10240784,0
2020-06-11 01:00:26,mainnet,10240789,10240789,0
2020-06-11 01:01:54,mainnet,10240792,10240792,0
2020-06-11 01:03:16,mainnet,10240801,10240800,1
2020-06-11 01:04:41,mainnet,10240809,10240807,2
2020-06-11 01:06:05,mainnet,10240818,10240816,2
2020-06-11 01:07:30,mainnet,10240825,10240825,0
2020-06-11 01:09:22,mainnet,10240831,10240831,0
2020-06-11 01:11:02,mainnet,10240834,10240834,0
2020-06-11 01:12:40,mainnet,10240838,10240836,2
2020-06-11 01:14:06,mainnet,10240845,10240845,0
2020-06-11 01:15:31,mainnet,10240851,10240851,0
2020-06-11 01:16:57,mainnet,10240857,10240858,-1
2020-06-11 01:18:23,mainnet,10240867,10240864,3
2020-06-11 01:20:05,mainnet,10240872,10240872,0
2020-06-11 01:21:42,mainnet,10240878,10240878,0
2020-06-11 01:23:08,mainnet,10240888,10240888,0
2020-06-11 01:24:35,mainnet,10240892,10240892,0
2020-06-11 01:26:01,mainnet,10240897,10240897,0
2020-06-11 01:27:27,mainnet,10240900,10240900,0
2020-06-11 01:28:51,mainnet,10240904,10240904,0
2020-06-11 01:30:15,mainnet,10240911,10240909,2
2020-06-11 01:31:42,mainnet,10240916,10240916,0
2020-06-11 01:33:11,mainnet,10240920,10240918,2
2020-06-11 01:34:33,mainnet,10240923,10240923,0
2020-06-11 01:35:58,mainnet,10240929,10240929,0
2020-06-11 01:37:22,mainnet,10240935,10240935,0
2020-06-11 01:39:00,mainnet,10240940,10240940,0
2020-06-11 01:40:22,mainnet,10240946,10240946,0
2020-06-11 01:42:02,mainnet,10240955,10240948,7
2020-06-11 01:43:26,mainnet,10240963,10240948,15
2020-06-11 01:44:50,mainnet,10240971,10240970,1
2020-06-11 01:46:19,mainnet,10240975,10240975,0
2020-06-11 01:47:47,mainnet,10240981,10240981,0
2020-06-11 01:49:08,mainnet,10240983,10240983,0
2020-06-11 01:50:35,mainnet,10240986,10240986,0
2020-06-11 01:52:01,mainnet,10240993,10240993,0
2020-06-11 01:53:57,mainnet,10240997,10240997,0
2020-06-11 01:55:30,mainnet,10241004,10241003,1
2020-06-11 01:57:05,mainnet,10241008,10241008,0
2020-06-11 01:58:31,mainnet,10241013,10241012,1
2020-06-11 01:59:54,mainnet,10241023,10241021,2
2020-06-11 02:01:21,mainnet,10241029,10241029,0
2020-06-11 02:02:58,mainnet,10241034,10241032,2
2020-06-11 02:04:26,mainnet,10241038,10241038,0
2020-06-11 02:05:48,mainnet,10241045,10241041,4
2020-06-11 02:07:14,mainnet,10241049,10241049,0
2020-06-11 02:08:38,mainnet,10241054,10241051,3
2020-06-11 02:10:00,mainnet,10241059,10241059,0
2020-06-11 02:11:31,mainnet,10241063,10241063,0
2020-06-11 02:15:05,mainnet,10241083,10241081,2
2020-06-11 02:16:41,mainnet,10241088,10241088,0
2020-06-11 02:18:07,mainnet,10241099,10241097,2
2020-06-11 02:19:48,mainnet,10241102,10241103,-1
2020-06-11 02:21:13,mainnet,10241111,10241111,0
2020-06-11 02:22:37,mainnet,10241119,10241118,1
2020-06-11 02:24:01,mainnet,10241126,10241124,2
2020-06-11 02:25:24,mainnet,10241132,10241127,5
2020-06-11 02:26:53,mainnet,10241141,10241127,14
2020-06-11 02:28:15,mainnet,10241151,10241149,2
2020-06-11 02:29:37,mainnet,10241160,10241154,6
2020-06-11 02:31:01,mainnet,10241167,10241160,7
2020-06-11 02:32:34,mainnet,10241170,10241169,1
2020-06-11 02:34:00,mainnet,10241178,10241178,0
2020-06-11 02:35:47,mainnet,10241188,10241185,3
2020-06-11 02:37:18,mainnet,10241194,10241191,3
2020-06-11 02:38:43,mainnet,10241203,10241191,12
2020-06-11 02:40:16,mainnet,10241212,10241205,7
2020-06-11 02:41:44,mainnet,10241219,10241219,0
2020-06-11 02:43:49,mainnet,10241226,10241219,7
2020-06-11 02:45:13,mainnet,10241234,10241230,4
2020-06-11 02:46:37,mainnet,10241244,10241230,14
2020-06-11 02:48:08,mainnet,10241254,10241245,9
2020-06-11 02:49:30,mainnet,10241257,10241257,0
2020-06-11 02:51:12,mainnet,10241266,10241257,9
2020-06-11 02:52:42,mainnet,10241272,10241268,4
2020-06-11 02:54:11,mainnet,10241279,10241279,0
2020-06-11 02:55:54,mainnet,10241286,10241281,5
2020-06-11 02:57:40,mainnet,10241288,10241288,0
2020-06-11 02:59:06,mainnet,10241294,10241289,5
2020-06-11 03:00:38,mainnet,10241301,10241290,11
2020-06-11 03:02:00,mainnet,10241311,10241305,6
2020-06-11 03:03:32,mainnet,10241316,10241305,11
2020-06-11 03:04:56,mainnet,10241323,10241321,2
2020-06-11 03:06:35,mainnet,10241331,10241331,0
2020-06-11 03:08:19,mainnet,10241340,10241333,7
2020-06-11 03:09:44,mainnet,10241349,10241333,16
2020-06-11 03:14:07,mainnet,10241369,10241333,36
2020-06-11 03:15:36,mainnet,10241376,10241333,43
2020-06-11 03:17:11,mainnet,10241383,10241333,50
2020-06-11 03:18:39,mainnet,10241387,10241357,30
2020-06-11 03:20:01,mainnet,10241394,10241391,3
2020-06-11 03:21:27,mainnet,10241401,10241395,6
2020-06-11 03:23:00,mainnet,10241413,10241395,18
2020-06-11 03:24:27,mainnet,10241420,10241413,7
2020-06-11 03:25:55,mainnet,10241426,10241415,11
2020-06-11 03:27:18,mainnet,10241433,10241430,3
2020-06-11 03:28:45,mainnet,10241438,10241438,0
2020-06-11 03:30:18,mainnet,10241444,10241439,5
2020-06-11 03:32:00,mainnet,10241454,10241439,15
2020-06-11 03:33:26,mainnet,10241465,10241439,26
2020-06-11 03:35:00,mainnet,10241468,10241448,20
2020-06-11 03:36:25,mainnet,10241475,10241475,0
2020-06-11 03:38:18,mainnet,10241479,10241478,1
2020-06-11 03:39:46,mainnet,10241487,10241483,4
2020-06-11 03:41:09,mainnet,10241494,10241494,0
2020-06-11 03:42:40,mainnet,10241500,10241498,2
2020-06-11 03:44:04,mainnet,10241505,10241502,3
2020-06-11 03:45:40,mainnet,10241514,10241511,3
2020-06-11 03:47:18,mainnet,10241523,10241523,0
2020-06-11 03:48:47,mainnet,10241529,10241527,2
2020-06-11 03:50:09,mainnet,10241534,10241533,1
2020-06-11 03:51:39,mainnet,10241542,10241538,4
2020-06-11 03:53:03,mainnet,10241546,10241545,1
2020-06-11 03:54:34,mainnet,10241552,10241552,0
2020-06-11 03:56:05,mainnet,10241556,10241555,1
2020-06-11 03:57:28,mainnet,10241563,10241563,0
2020-06-11 03:58:53,mainnet,10241567,10241567,0
2020-06-11 04:00:18,mainnet,10241575,10241575,0
2020-06-11 04:01:43,mainnet,10241583,10241582,1
2020-06-11 04:03:06,mainnet,10241590,10241590,0
2020-06-11 04:04:28,mainnet,10241599,10241598,1
2020-06-11 04:05:54,mainnet,10241605,10241605,0
2020-06-11 04:07:30,mainnet,10241610,10241610,0
2020-06-11 04:08:57,mainnet,10241619,10241617,2
2020-06-11 04:10:23,mainnet,10241624,10241624,0
2020-06-11 04:11:47,mainnet,10241633,10241629,4
2020-06-11 04:13:13,mainnet,10241643,10241637,6
2020-06-11 04:14:59,mainnet,10241655,10241655,0
2020-06-11 04:16:49,mainnet,10241660,10241660,0
2020-06-11 04:18:19,mainnet,10241667,10241667,0
2020-06-11 04:19:43,mainnet,10241674,10241674,0
2020-06-11 04:21:10,mainnet,10241685,10241685,0
2020-06-11 04:22:58,mainnet,10241689,10241689,0
2020-06-11 04:24:22,mainnet,10241692,10241692,0
2020-06-11 04:25:50,mainnet,10241702,10241702,0
2020-06-11 04:27:14,mainnet,10241714,10241713,1
2020-06-11 04:28:57,mainnet,10241721,10241721,0
2020-06-11 04:30:27,mainnet,10241728,10241728,0
2020-06-11 04:31:55,mainnet,10241735,10241733,2
2020-06-11 04:33:28,mainnet,10241742,10241742,0
2020-06-11 04:35:07,mainnet,10241753,10241752,1
2020-06-11 04:37:03,mainnet,10241758,10241758,0
2020-06-11 04:38:46,mainnet,10241765,10241765,0
2020-06-11 04:40:30,mainnet,10241773,10241773,0
2020-06-11 04:41:55,mainnet,10241782,10241781,1
2020-06-11 04:43:32,mainnet,10241788,10241788,0
2020-06-11 04:45:03,mainnet,10241792,10241792,0
2020-06-11 04:46:27,mainnet,10241798,10241798,0
2020-06-11 04:48:12,mainnet,10241808,10241808,0
2020-06-11 04:49:35,mainnet,10241816,10241816,0
2020-06-11 04:51:02,mainnet,10241823,10241819,4
2020-06-11 04:52:32,mainnet,10241828,10241826,2
2020-06-11 04:53:58,mainnet,10241836,10241831,5
2020-06-11 04:55:37,mainnet,10241839,10241839,0
2020-06-11 04:57:02,mainnet,10241845,10241845,0
2020-06-11 04:58:44,mainnet,10241849,10241849,0
2020-06-11 05:00:09,mainnet,10241859,10241858,1
2020-06-11 05:01:31,mainnet,10241868,10241866,2
2020-06-11 05:02:55,mainnet,10241875,10241867,8
2020-06-11 05:04:22,mainnet,10241885,10241885,0
2020-06-11 05:05:46,mainnet,10241887,10241886,1
2020-06-11 05:07:15,mainnet,10241896,10241892,4
2020-06-11 05:08:40,mainnet,10241900,10241892,8
2020-06-11 05:10:27,mainnet,10241911,10241892,19
2020-06-11 05:12:34,mainnet,10241922,10241892,30
2020-06-11 05:14:34,mainnet,10241930,10241892,38
2020-06-11 05:16:29,mainnet,10241943,10241892,51
2020-06-11 05:18:26,mainnet,10241949,10241892,57
2020-06-11 05:20:30,mainnet,10241957,10241892,65
2020-06-11 05:22:20,mainnet,10241964,10241892,72
2020-06-11 05:24:04,mainnet,10241971,10241892,79
2020-06-11 05:25:51,mainnet,10241982,10241892,90
2020-06-11 05:28:04,mainnet,10241991,10241892,99
2020-06-11 05:30:03,mainnet,10241998,10241892,106
2020-06-11 05:31:55,mainnet,10242005,10241892,113
2020-06-11 05:33:49,mainnet,10242016,10241892,124
2020-06-11 05:35:45,mainnet,10242025,10241892,133
2020-06-11 05:37:31,mainnet,10242032,10241892,140
2020-06-11 05:39:20,mainnet,10242041,10241892,149
2020-06-11 05:41:48,mainnet,10242048,10241892,156
2020-06-11 05:43:36,mainnet,10242054,10241892,162
2020-06-11 05:45:31,mainnet,10242061,10241892,169
2020-06-11 05:47:24,mainnet,10242071,10241892,179
2020-06-11 05:49:30,mainnet,10242081,10241892,189
2020-06-11 05:51:21,mainnet,10242091,10241892,199
2020-06-11 05:53:17,mainnet,10242100,10241892,208
2020-06-11 05:55:12,mainnet,10242112,10241892,220
2020-06-11 05:56:56,mainnet,10242117,10241892,225
2020-06-11 05:58:44,mainnet,10242122,10241892,230
2020-06-11 06:00:40,mainnet,10242130,10241892,238
2020-06-11 06:02:44,mainnet,10242145,10241892,253
2020-06-11 06:04:57,mainnet,10242156,10241892,264
2020-06-11 06:07:11,mainnet,10242168,10241892,276
2020-06-11 06:09:07,mainnet,10242176,10241892,284
2020-06-11 06:11:14,mainnet,10242184,10241892,292
2020-06-11 06:13:13,mainnet,10242187,10241892,295
2020-06-11 06:15:26,mainnet,10242200,10241892,308
2020-06-11 06:17:15,mainnet,10242210,10241892,318
2020-06-11 06:19:07,mainnet,10242220,10241892,328
2020-06-11 06:21:19,mainnet,10242231,10241892,339
2020-06-11 06:23:14,mainnet,10242237,10241892,345
2020-06-11 06:25:14,mainnet,10242252,10241892,360
2020-06-11 06:27:08,mainnet,10242262,10241892,370
2020-06-11 06:29:00,mainnet,10242270,10241892,378
2020-06-11 06:30:56,mainnet,10242280,10241892,388
2020-06-11 06:33:05,mainnet,10242291,10241892,399
2020-06-11 06:35:32,mainnet,10242299,10241892,407
2020-06-11 06:37:34,mainnet,10242311,10241892,419
2020-06-11 06:39:40,mainnet,10242324,10241892,432
2020-06-11 06:41:46,mainnet,10242338,10241892,446
2020-06-11 06:43:54,mainnet,10242349,10241892,457
2020-06-11 06:45:49,mainnet,10242364,10241892,472
2020-06-11 06:47:47,mainnet,10242373,10241892,481
2020-06-11 06:49:43,mainnet,10242382,10241892,490
2020-06-11 06:51:51,mainnet,10242394,10241892,502
2020-06-11 06:53:46,mainnet,10242404,10241892,512
2020-06-11 06:55:45,mainnet,10242412,10241892,520
2020-06-11 06:57:32,mainnet,10242419,10241892,527
2020-06-11 06:59:29,mainnet,10242425,10241892,533
2020-06-11 07:01:37,mainnet,10242436,10241892,544
2020-06-11 07:03:37,mainnet,10242446,10241892,554
2020-06-11 07:05:27,mainnet,10242451,10241892,559
2020-06-11 07:07:23,mainnet,10242458,10241892,566
2020-06-11 07:09:12,mainnet,10242464,10241892,572
2020-06-11 07:11:02,mainnet,10242472,10241892,580
2020-06-11 07:12:57,mainnet,10242479,10241892,587
2020-06-11 07:14:44,mainnet,10242488,10241892,596
2020-06-11 07:16:55,mainnet,10242496,10241892,604
2020-06-11 07:18:48,mainnet,10242505,10241892,613
2020-06-11 07:20:54,mainnet,10242511,10241892,619
2020-06-11 07:23:06,mainnet,10242519,10241892,627
2020-06-11 07:25:11,mainnet,10242530,10241892,638
2020-06-11 07:27:01,mainnet,10242537,10241892,645
2020-06-11 07:29:16,mainnet,10242545,10241892,653
2020-06-11 07:31:32,mainnet,10242558,10241892,666
2020-06-11 07:33:23,mainnet,10242565,10241892,673
2020-06-11 07:35:36,mainnet,10242574,10241892,682
2020-06-11 07:37:30,mainnet,10242584,10241892,692
2020-06-11 07:39:17,mainnet,10242593,10241892,701
2020-06-11 07:41:28,mainnet,10242601,10241892,709
2020-06-11 07:43:38,mainnet,10242614,10241892,722
2020-06-11 07:45:32,mainnet,10242619,10241892,727
2020-06-11 07:47:32,mainnet,10242627,10241892,735
2020-06-11 07:49:36,mainnet,10242637,10241892,745
2020-06-11 07:51:38,mainnet,10242640,10241892,748
2020-06-11 07:53:47,mainnet,10242648,10241892,756
2020-06-11 07:56:10,mainnet,10242659,10241892,767
2020-06-11 07:58:13,mainnet,10242669,10241892,777
2020-06-11 08:00:03,mainnet,10242674,10241892,782
2020-06-11 08:02:03,mainnet,10242685,10241892,793
2020-06-11 08:04:06,mainnet,10242693,10241892,801
2020-06-11 08:06:09,mainnet,10242697,10241892,805
2020-06-11 08:08:09,mainnet,10242705,10241892,813
2020-06-11 08:10:13,mainnet,10242716,10241892,824
2020-06-11 08:12:07,mainnet,10242722,10241892,830
2020-06-11 08:14:12,mainnet,10242729,10241892,837
2020-06-11 08:16:15,mainnet,10242737,10241892,845
2020-06-11 08:18:11,mainnet,10242744,10241892,852
2020-06-11 08:20:29,mainnet,10242757,10241892,865
2020-06-11 08:23:08,mainnet,10242773,10241892,881
2020-06-11 08:25:12,mainnet,10242780,10241892,888
2020-06-11 08:27:11,mainnet,10242787,10241892,895
2020-06-11 08:29:06,mainnet,10242794,10241892,902
2020-06-11 08:31:06,mainnet,10242799,10241892,907
2020-06-11 08:32:51,mainnet,10242803,10241892,911
2020-06-11 08:34:47,mainnet,10242814,10241892,922
2020-06-11 08:36:42,mainnet,10242818,10241892,926
2020-06-11 08:38:53,mainnet,10242833,10241892,941
2020-06-11 08:40:49,mainnet,10242844,10241892,952
2020-06-11 08:42:59,mainnet,10242858,10241892,966
2020-06-11 08:44:53,mainnet,10242868,10241892,976
2020-06-11 08:47:11,mainnet,10242875,10241892,983
2020-06-11 08:49:07,mainnet,10242887,10241892,995
2020-06-11 08:51:21,mainnet,10242896,10241892,1004
2020-06-11 08:53:25,mainnet,10242908,10241892,1016
2020-06-11 08:55:15,mainnet,10242916,10241892,1024
2020-06-11 08:57:27,mainnet,10242925,10241892,1033
2020-06-11 08:59:21,mainnet,10242932,10241892,1040
2020-06-11 09:01:07,mainnet,10242943,10241892,1051
2020-06-11 09:03:45,mainnet,10242952,10241892,1060
2020-06-11 09:05:45,mainnet,10242960,10241892,1068
2020-06-11 09:07:35,mainnet,10242966,10241892,1074
2020-06-11 09:09:26,mainnet,10242980,10241892,1088
2020-06-11 09:11:28,mainnet,10242994,10241892,1102
2020-06-11 09:13:23,mainnet,10243001,10241892,1109
2020-06-11 09:15:33,mainnet,10243011,10241892,1119
2020-06-11 09:18:20,mainnet,10243015,10241892,1123
2020-06-11 09:20:24,mainnet,10243025,10241892,1133
2020-06-11 09:22:10,mainnet,10243033,10241892,1141
2020-06-11 09:24:07,mainnet,10243046,10241892,1154
2020-06-11 09:26:53,mainnet,10243060,10241892,1168
2020-06-11 09:29:11,mainnet,10243070,10241892,1178
2020-06-11 09:32:02,mainnet,10243081,10241892,1189
2020-06-11 09:34:17,mainnet,10243086,10241892,1194
2020-06-11 09:36:13,mainnet,10243093,10241892,1201
2020-06-11 09:38:40,mainnet,10243111,10241892,1219
2020-06-11 09:41:20,mainnet,10243124,10241892,1232
2020-06-11 09:43:27,mainnet,10243129,10241892,1237
2020-06-11 09:45:42,mainnet,10243140,10241892,1248
2020-06-11 09:47:36,mainnet,10243147,10241892,1255
2020-06-11 09:49:36,mainnet,10243156,10241892,1264
2020-06-11 09:51:49,mainnet,10243168,10241892,1276
2020-06-11 09:54:12,mainnet,10243176,10241892,1284
2020-06-11 09:56:14,mainnet,10243188,10241892,1296
2020-06-11 09:58:13,mainnet,10243195,10241892,1303
2020-06-11 10:00:36,mainnet,10243204,10241892,1312
2020-06-11 10:02:38,mainnet,10243215,10241892,1323
2020-06-11 10:04:32,mainnet,10243221,10241892,1329
2020-06-11 10:06:25,mainnet,10243228,10241892,1336
2020-06-11 10:08:16,mainnet,10243238,10241892,1346
2020-06-11 10:10:37,mainnet,10243244,10241892,1352
2020-06-11 10:12:32,mainnet,10243249,10241892,1357
2020-06-11 10:14:37,mainnet,10243254,10241892,1362
2020-06-11 10:16:31,mainnet,10243264,10241892,1372
2020-06-11 10:18:32,mainnet,10243268,10241892,1376
2020-06-11 10:20:11,mainnet,10243275,10241892,1383
2020-06-11 10:21:58,mainnet,10243279,10241892,1387
2020-06-11 10:23:47,mainnet,10243289,10241892,1397
2020-06-11 10:25:31,mainnet,10243301,10241892,1409
2020-06-11 10:27:11,mainnet,10243315,10241892,1423
2020-06-11 10:29:07,mainnet,10243322,10241892,1430
2020-06-11 10:31:01,mainnet,10243331,10241892,1439
2020-06-11 10:32:48,mainnet,10243337,10241892,1445
2020-06-11 10:34:32,mainnet,10243344,10241892,1452
2020-06-11 10:39:14,mainnet,10243375,10241892,1483
2020-06-11 10:41:09,mainnet,10243380,10241892,1488
2020-06-11 10:42:53,mainnet,10243390,10241892,1498
2020-06-11 10:45:47,mainnet,10243400,10241892,1508
2020-06-11 10:47:34,mainnet,10243407,10241892,1515
2020-06-11 10:49:31,mainnet,10243413,10241892,1521
2020-06-11 10:51:15,mainnet,10243419,10241892,1527
2020-06-11 10:52:56,mainnet,10243428,10241892,1536
2020-06-11 10:54:38,mainnet,10243431,10241892,1539
2020-06-11 10:56:22,mainnet,10243442,10241892,1550
2020-06-11 10:58:03,mainnet,10243452,10241893,1559
2020-06-11 10:59:46,mainnet,10243460,10242017,1443
2020-06-11 11:01:44,mainnet,10243470,10242017,1453
2020-06-11 11:03:18,mainnet,10243477,10242105,1372
2020-06-11 11:05:18,mainnet,10243487,10242329,1158
2020-06-11 11:06:56,mainnet,10243499,10242539,960
2020-06-11 11:08:43,mainnet,10243507,10242755,752
2020-06-11 11:10:31,mainnet,10243514,10242755,759
2020-06-11 11:12:16,mainnet,10243523,10242910,613
2020-06-11 11:14:04,mainnet,10243532,10243159,373
2020-06-11 11:15:45,mainnet,10243541,10243395,146
2020-06-11 11:17:24,mainnet,10243550,10243550,0
2020-06-11 11:19:02,mainnet,10243556,10243554,2
2020-06-11 11:20:51,mainnet,10243566,10243564,2
2020-06-11 11:22:33,mainnet,10243573,10243569,4
2020-06-11 11:24:14,mainnet,10243584,10243569,15
2020-06-11 11:25:52,mainnet,10243591,10243586,5
2020-06-11 11:27:34,mainnet,10243601,10243586,15
2020-06-11 11:29:20,mainnet,10243609,10243586,23
2020-06-11 11:31:03,mainnet,10243615,10243586,29
2020-06-11 11:32:44,mainnet,10243622,10243618,4
2020-06-11 11:34:22,mainnet,10243628,10243618,10
2020-06-11 11:36:02,mainnet,10243640,10243618,22
2020-06-11 11:37:41,mainnet,10243645,10243618,27
2020-06-11 11:39:21,mainnet,10243653,10243618,35
2020-06-11 11:41:03,mainnet,10243660,10243618,42
2020-06-11 11:42:45,mainnet,10243666,10243618,48
2020-06-11 11:44:29,mainnet,10243673,10243618,55
2020-06-11 11:46:16,mainnet,10243684,10243618,66
2020-06-11 11:47:50,mainnet,10243694,10243618,76
2020-06-11 11:49:35,mainnet,10243701,10243618,83
2020-06-11 11:51:13,mainnet,10243708,10243618,90
2020-06-11 11:52:58,mainnet,10243716,10243618,98
2020-06-11 11:54:40,mainnet,10243723,10243618,105
2020-06-11 11:56:26,mainnet,10243732,10243618,114
2020-06-11 11:58:05,mainnet,10243739,10243618,121
2020-06-11 11:59:46,mainnet,10243746,10243630,116
2020-06-11 12:01:42,mainnet,10243761,10243755,6
2020-06-11 12:03:13,mainnet,10243768,10243768,0
2020-06-11 12:04:39,mainnet,10243772,10243772,0
2020-06-11 12:06:07,mainnet,10243775,10243775,0
2020-06-11 12:07:30,mainnet,10243784,10243784,0
2020-06-11 12:09:00,mainnet,10243792,10243792,0
2020-06-11 12:10:28,mainnet,10243796,10243796,0
2020-06-11 12:11:54,mainnet,10243803,10243797,6
2020-06-11 12:13:21,mainnet,10243807,10243808,-1
2020-06-11 12:14:48,mainnet,10243816,10243816,0
2020-06-11 12:16:21,mainnet,10243819,10243820,-1
2020-06-11 12:17:48,mainnet,10243827,10243827,0
2020-06-11 12:22:21,mainnet,10243841,10243841,0
2020-06-11 12:23:45,mainnet,10243847,10243844,3
2020-06-11 12:25:49,mainnet,10243854,10243844,10
2020-06-11 12:27:41,mainnet,10243868,10243868,0
2020-06-11 12:29:08,mainnet,10243873,10243869,4
2020-06-11 12:30:34,mainnet,10243881,10243877,4
2020-06-11 12:31:56,mainnet,10243882,10243881,1
2020-06-11 12:33:25,mainnet,10243892,10243890,2
2020-06-11 12:34:54,mainnet,10243898,10243898,0
2020-06-11 12:36:37,mainnet,10243905,10243904,1
2020-06-11 12:38:18,mainnet,10243913,10243913,0
2020-06-11 12:39:47,mainnet,10243917,10243916,1
2020-06-11 12:41:10,mainnet,10243925,10243924,1
2020-06-11 12:42:53,mainnet,10243932,10243927,5
2020-06-11 12:44:19,mainnet,10243939,10243935,4
2020-06-11 12:45:43,mainnet,10243946,10243943,3
2020-06-11 12:47:27,mainnet,10243949,10243950,-1
2020-06-11 12:48:55,mainnet,10243951,10243951,0
2020-06-11 12:50:21,mainnet,10243956,10243951,5
2020-06-11 12:51:47,mainnet,10243961,10243960,1
2020-06-11 12:53:15,mainnet,10243966,10243960,6
2020-06-11 12:54:37,mainnet,10243974,10243974,0
2020-06-11 12:56:13,mainnet,10243979,10243978,1
2020-06-11 12:57:38,mainnet,10243982,10243981,1
2020-06-11 12:59:04,mainnet,10243990,10243983,7
2020-06-11 13:00:37,mainnet,10243993,10243993,0
2020-06-11 13:02:02,mainnet,10244000,10244000,0
2020-06-11 13:03:39,mainnet,10244013,10244004,9
2020-06-11 13:05:45,mainnet,10244020,10244019,1
2020-06-11 13:07:19,mainnet,10244027,10244027,0
2020-06-11 13:09:12,mainnet,10244035,10244027,8
2020-06-11 13:10:42,mainnet,10244045,10244038,7
2020-06-11 13:12:15,mainnet,10244053,10244048,5
2020-06-11 13:13:53,mainnet,10244064,10244048,16
2020-06-11 13:15:17,mainnet,10244069,10244069,0
2020-06-11 13:16:58,mainnet,10244077,10244075,2
2020-06-11 13:18:29,mainnet,10244079,10244079,0
2020-06-11 13:20:02,mainnet,10244086,10244081,5
2020-06-11 13:21:28,mainnet,10244093,10244091,2
2020-06-11 13:23:03,mainnet,10244100,10244099,1
2020-06-11 13:25:04,mainnet,10244109,10244106,3
2020-06-11 13:26:30,mainnet,10244115,10244106,9
2020-06-11 13:27:59,mainnet,10244122,10244122,0
2020-06-11 13:29:27,mainnet,10244126,10244123,3
2020-06-11 13:30:51,mainnet,10244130,10244130,0
2020-06-11 13:32:13,mainnet,10244134,10244130,4
2020-06-11 13:33:39,mainnet,10244142,10244140,2
2020-06-11 13:35:28,mainnet,10244150,10244148,2
2020-06-11 13:36:58,mainnet,10244157,10244153,4
2020-06-11 13:38:34,mainnet,10244162,10244162,0
2020-06-11 13:39:56,mainnet,10244168,10244165,3
2020-06-11 13:41:34,mainnet,10244171,10244170,1
2020-06-11 13:43:04,mainnet,10244178,10244178,0
2020-06-11 13:44:46,mainnet,10244185,10244185,0
2020-06-11 13:46:21,mainnet,10244190,10244189,1
2020-06-11 13:47:58,mainnet,10244192,10244192,0
2020-06-11 13:49:27,mainnet,10244203,10244203,0
2020-06-11 13:51:04,mainnet,10244206,10244206,0
2020-06-11 13:52:46,mainnet,10244213,10244207,6
2020-06-11 13:54:29,mainnet,10244229,10244216,13
2020-06-11 13:56:24,mainnet,10244238,10244233,5
2020-06-11 13:57:51,mainnet,10244245,10244238,7
2020-06-11 13:59:13,mainnet,10244252,10244252,0
2020-06-11 14:00:41,mainnet,10244259,10244255,4
2020-06-11 14:02:17,mainnet,10244267,10244264,3
2020-06-11 14:03:46,mainnet,10244273,10244273,0
2020-06-11 14:05:18,mainnet,10244277,10244277,0
2020-06-11 14:06:45,mainnet,10244286,10244286,0
2020-06-11 14:08:12,mainnet,10244290,10244289,1
2020-06-11 14:09:36,mainnet,10244293,10244290,3
2020-06-11 14:11:05,mainnet,10244295,10244295,0
2020-06-11 14:12:35,mainnet,10244300,10244298,2
2020-06-11 14:14:13,mainnet,10244309,10244308,1
2020-06-11 14:15:42,mainnet,10244314,10244313,1
2020-06-11 14:17:06,mainnet,10244321,10244320,1
2020-06-11 14:18:58,mainnet,10244327,10244326,1
2020-06-11 14:20:27,mainnet,10244336,10244330,6
2020-06-11 14:21:59,mainnet,10244343,10244330,13
2020-06-11 14:23:21,mainnet,10244349,10244347,2
2020-06-11 14:24:43,mainnet,10244353,10244352,1
2020-06-11 14:26:18,mainnet,10244364,10244361,3
2020-06-11 14:28:34,mainnet,10244367,10244367,0
2020-06-11 14:30:04,mainnet,10244374,10244374,0
2020-06-11 14:31:43,mainnet,10244382,10244382,0
2020-06-11 14:33:24,mainnet,10244387,10244384,3
2020-06-11 14:34:46,mainnet,10244393,10244390,3
2020-06-11 14:36:19,mainnet,10244396,10244396,0
2020-06-11 14:37:43,mainnet,10244404,10244404,0
2020-06-11 14:39:13,mainnet,10244410,10244405,5
2020-06-11 14:40:35,mainnet,10244414,10244414,0
2020-06-11 14:42:11,mainnet,10244424,10244422,2
2020-06-11 14:44:11,mainnet,10244434,10244422,12
2020-06-11 14:45:42,mainnet,10244441,10244439,2
2020-06-11 14:47:22,mainnet,10244447,10244447,0
2020-06-11 14:48:45,mainnet,10244452,10244451,1
2020-06-11 14:50:22,mainnet,10244460,10244453,7
2020-06-11 14:51:55,mainnet,10244473,10244460,13
2020-06-11 14:53:22,mainnet,10244478,10244478,0
2020-06-11 14:54:49,mainnet,10244484,10244479,5
2020-06-11 14:56:15,mainnet,10244491,10244479,12
2020-06-11 14:57:38,mainnet,10244496,10244493,3
2020-06-11 14:59:04,mainnet,10244501,10244493,8
2020-06-11 15:00:27,mainnet,10244508,10244506,2
2020-06-11 15:01:55,mainnet,10244512,10244510,2
2020-06-11 15:03:24,mainnet,10244516,10244516,0
2020-06-11 15:04:54,mainnet,10244522,10244518,4
2020-06-11 15:06:15,mainnet,10244525,10244524,1
2020-06-11 15:07:45,mainnet,10244533,10244525,8
2020-06-11 15:09:11,mainnet,10244543,10244542,1
2020-06-11 15:10:49,mainnet,10244545,10244544,1
2020-06-11 15:12:18,mainnet,10244550,10244545,5
2020-06-11 15:13:42,mainnet,10244558,10244557,1
2020-06-11 15:15:15,mainnet,10244564,10244558,6
2020-06-11 15:16:44,mainnet,10244576,10244572,4
2020-06-11 15:18:42,mainnet,10244584,10244584,0
2020-06-11 15:20:13,mainnet,10244590,10244590,0
2020-06-11 15:21:53,mainnet,10244604,10244604,0
2020-06-11 15:23:30,mainnet,10244610,10244610,0
2020-06-11 15:24:52,mainnet,10244620,10244617,3
2020-06-11 15:26:36,mainnet,10244625,10244625,0
2020-06-11 15:28:05,mainnet,10244632,10244631,1
2020-06-11 15:29:31,mainnet,10244638,10244638,0
2020-06-11 15:30:54,mainnet,10244644,10244639,5
2020-06-11 15:32:27,mainnet,10244651,10244651,0
2020-06-11 15:33:50,mainnet,10244661,10244661,0
2020-06-11 15:35:19,mainnet,10244666,10244666,0
2020-06-11 15:36:52,mainnet,10244675,10244673,2
2020-06-11 15:38:16,mainnet,10244681,10244680,1
2020-06-11 15:39:41,mainnet,10244690,10244688,2
2020-06-11 15:41:43,mainnet,10244697,10244697,0
2020-06-11 15:43:09,mainnet,10244705,10244705,0
2020-06-11 15:44:32,mainnet,10244714,10244711,3
2020-06-11 15:46:10,mainnet,10244721,10244722,-1
2020-06-11 15:47:44,mainnet,10244731,10244731,0
2020-06-11 15:49:33,mainnet,10244740,10244740,0
2020-06-11 15:51:03,mainnet,10244749,10244749,0
2020-06-11 15:52:42,mainnet,10244758,10244758,0
2020-06-11 15:54:48,mainnet,10244774,10244772,2
2020-06-11 15:56:34,mainnet,10244783,10244783,0
2020-06-11 15:58:04,mainnet,10244788,10244788,0
2020-06-11 15:59:37,mainnet,10244792,10244792,0
2020-06-11 16:01:06,mainnet,10244798,10244798,0
2020-06-11 16:02:30,mainnet,10244809,10244809,0
2020-06-11 16:03:53,mainnet,10244817,10244812,5
2020-06-11 16:05:33,mainnet,10244825,10244826,-1
2020-06-11 16:07:14,mainnet,10244834,10244834,0
2020-06-11 16:08:45,mainnet,10244841,10244840,1
2020-06-11 16:10:08,mainnet,10244851,10244844,7
2020-06-11 16:11:34,mainnet,10244855,10244853,2
2020-06-11 16:12:59,mainnet,10244866,10244860,6
2020-06-11 16:14:54,mainnet,10244872,10244872,0
2020-06-11 16:16:20,mainnet,10244878,10244878,0
2020-06-11 16:17:45,mainnet,10244890,10244880,10
2020-06-11 16:19:14,mainnet,10244898,10244897,1
2020-06-11 16:20:40,mainnet,10244901,10244901,0
2020-06-11 16:22:17,mainnet,10244909,10244909,0
2020-06-11 16:23:45,mainnet,10244916,10244915,1
2020-06-11 16:25:24,mainnet,10244921,10244918,3
2020-06-11 16:26:46,mainnet,10244923,10244922,1
2020-06-11 16:28:12,mainnet,10244933,10244931,2
2020-06-11 16:29:38,mainnet,10244941,10244941,0
2020-06-11 16:31:04,mainnet,10244944,10244945,-1
2020-06-11 16:32:33,mainnet,10244949,10244949,0
2020-06-11 16:33:58,mainnet,10244952,10244952,0
2020-06-11 16:35:21,mainnet,10244958,10244958,0
2020-06-11 16:37:00,mainnet,10244964,10244964,0
2020-06-11 16:38:30,mainnet,10244977,10244975,2
2020-06-11 16:40:08,mainnet,10244983,10244983,0
2020-06-11 16:41:39,mainnet,10244989,10244989,0
2020-06-11 16:43:10,mainnet,10244994,10244994,0
2020-06-11 16:44:38,mainnet,10245001,10245001,0
2020-06-11 16:46:06,mainnet,10245006,10245001,5
2020-06-11 16:47:29,mainnet,10245016,10245012,4
2020-06-11 16:49:03,mainnet,10245023,10245019,4
2020-06-11 16:50:42,mainnet,10245032,10245033,-1
2020-06-11 16:52:16,mainnet,10245036,10245036,0
2020-06-11 16:54:12,mainnet,10245042,10245042,0
2020-06-11 16:56:03,mainnet,10245054,10245054,0
2020-06-11 16:57:39,mainnet,10245061,10245060,1
2020-06-11 16:59:06,mainnet,10245065,10245065,0
2020-06-11 17:00:28,mainnet,10245071,10245071,0
2020-06-11 17:01:53,mainnet,10245073,10245073,0
2020-06-11 17:03:28,mainnet,10245080,10245081,-1
2020-06-11 17:05:05,mainnet,10245089,10245089,0
2020-06-11 17:06:27,mainnet,10245092,10245092,0
2020-06-11 17:08:25,mainnet,10245103,10245102,1
2020-06-11 17:10:25,mainnet,10245111,10245110,1
2020-06-11 17:11:55,mainnet,10245115,10245115,0
2020-06-11 17:13:34,mainnet,10245121,10245117,4
2020-06-11 17:15:35,mainnet,10245125,10245126,-1
2020-06-11 17:17:04,mainnet,10245133,10245133,0
2020-06-11 17:18:28,mainnet,10245138,10245139,-1
2020-06-11 17:20:11,mainnet,10245145,10245144,1
2020-06-11 17:21:33,mainnet,10245150,10245150,0
2020-06-11 17:22:58,mainnet,10245156,10245153,3
2020-06-11 17:24:23,mainnet,10245161,10245161,0
2020-06-11 17:25:51,mainnet,10245170,10245170,0
2020-06-11 17:27:14,mainnet,10245177,10245177,0
2020-06-11 17:28:37,mainnet,10245184,10245182,2
2020-06-11 17:30:23,mainnet,10245193,10245193,0
2020-06-11 17:31:52,mainnet,10245198,10245198,0
2020-06-11 17:33:19,mainnet,10245207,10245207,0
2020-06-11 17:34:51,mainnet,10245213,10245210,3
2020-06-11 17:36:22,mainnet,10245221,10245221,0
2020-06-11 17:37:48,mainnet,10245225,10245225,0
2020-06-11 17:39:11,mainnet,10245229,10245229,0
2020-06-11 17:40:37,mainnet,10245235,10245235,0
2020-06-11 17:42:11,mainnet,10245242,10245242,0
2020-06-11 17:43:34,mainnet,10245249,10245247,2
2020-06-11 17:45:00,mainnet,10245258,10245258,0
2020-06-11 17:46:44,mainnet,10245265,10245265,0
2020-06-11 17:48:06,mainnet,10245273,10245273,0
2020-06-11 17:49:47,mainnet,10245278,10245278,0
2020-06-11 17:51:19,mainnet,10245284,10245283,1
2020-06-11 17:52:51,mainnet,10245296,10245295,1
2020-06-11 17:54:40,mainnet,10245301,10245301,0
2020-06-11 17:56:03,mainnet,10245309,10245303,6
2020-06-11 17:57:44,mainnet,10245315,10245315,0
2020-06-11 17:59:33,mainnet,10245323,10245323,0
2020-06-11 18:00:58,mainnet,10245331,10245331,0
2020-06-11 18:02:24,mainnet,10245343,10245343,0
2020-06-11 18:03:46,mainnet,10245349,10245348,1
2020-06-11 18:05:52,mainnet,10245359,10245359,0
2020-06-11 18:07:25,mainnet,10245367,10245367,0
2020-06-11 18:09:17,mainnet,10245377,10245377,0
2020-06-11 18:11:06,mainnet,10245384,10245384,0
2020-06-11 18:12:29,mainnet,10245390,10245390,0
2020-06-11 18:14:18,mainnet,10245395,10245395,0
2020-06-11 18:15:48,mainnet,10245398,10245398,0
2020-06-11 18:17:12,mainnet,10245404,10245400,4
2020-06-11 18:18:40,mainnet,10245409,10245409,0
2020-06-11 18:20:19,mainnet,10245414,10245414,0
2020-06-11 18:21:43,mainnet,10245422,10245422,0
2020-06-11 18:23:14,mainnet,10245432,10245431,1
2020-06-11 18:24:38,mainnet,10245440,10245440,0
2020-06-11 18:26:07,mainnet,10245449,10245447,2
2020-06-11 18:27:34,mainnet,10245453,10245452,1
2020-06-11 18:28:57,mainnet,10245461,10245461,0
2020-06-11 18:30:22,mainnet,10245465,10245465,0
2020-06-11 18:32:00,mainnet,10245469,10245467,2
2020-06-11 18:33:25,mainnet,10245474,10245474,0
2020-06-11 18:34:47,mainnet,10245478,10245478,0
2020-06-11 18:36:11,mainnet,10245485,10245485,0
2020-06-11 18:37:33,mainnet,10245491,10245491,0
2020-06-11 18:39:05,mainnet,10245498,10245497,1
2020-06-11 18:40:28,mainnet,10245503,10245499,4
2020-06-11 18:41:52,mainnet,10245506,10245505,1
2020-06-11 18:43:18,mainnet,10245510,10245508,2
2020-06-11 18:44:42,mainnet,10245515,10245514,1
2020-06-11 18:46:08,mainnet,10245522,10245520,2
2020-06-11 18:47:36,mainnet,10245529,10245529,0
2020-06-11 18:48:59,mainnet,10245536,10245536,0
2020-06-11 18:50:21,mainnet,10245542,10245542,0
2020-06-11 18:51:46,mainnet,10245550,10245551,-1
2020-06-11 18:53:22,mainnet,10245557,10245557,0
2020-06-11 18:54:46,mainnet,10245566,10245559,7
2020-06-11 18:56:14,mainnet,10245573,10245570,3
2020-06-11 18:57:41,mainnet,10245575,10245575,0
2020-06-11 18:59:04,mainnet,10245581,10245580,1
2020-06-11 19:00:26,mainnet,10245592,10245593,-1
2020-06-11 19:02:00,mainnet,10245603,10245601,2
2020-06-11 19:03:47,mainnet,10245617,10245617,0
2020-06-11 19:05:22,mainnet,10245624,10245624,0
2020-06-11 19:06:50,mainnet,10245629,10245629,0
2020-06-11 19:08:24,mainnet,10245639,10245639,0
2020-06-11 19:09:50,mainnet,10245645,10245645,0
2020-06-11 19:11:22,mainnet,10245649,10245649,0
2020-06-11 19:12:45,mainnet,10245658,10245652,6
2020-06-11 19:14:07,mainnet,10245661,10245661,0
2020-06-11 19:15:29,mainnet,10245670,10245669,1
2020-06-11 19:16:53,mainnet,10245678,10245678,0
2020-06-11 19:18:18,mainnet,10245680,10245680,0
2020-06-11 19:19:55,mainnet,10245690,10245683,7
2020-06-11 19:21:20,mainnet,10245698,10245699,-1
2020-06-11 19:22:44,mainnet,10245701,10245701,0
2020-06-11 19:24:10,mainnet,10245708,10245707,1
2020-06-11 19:25:39,mainnet,10245716,10245715,1
2020-06-11 19:27:46,mainnet,10245727,10245726,1
2020-06-11 19:29:11,mainnet,10245731,10245731,0
2020-06-11 19:30:36,mainnet,10245737,10245734,3
2020-06-11 19:32:06,mainnet,10245751,10245751,0
2020-06-11 19:33:33,mainnet,10245757,10245757,0
2020-06-11 19:35:15,mainnet,10245762,10245762,0
2020-06-11 19:36:38,mainnet,10245773,10245773,0
2020-06-11 19:38:07,mainnet,10245783,10245782,1
2020-06-11 19:39:48,mainnet,10245791,10245790,1
2020-06-11 19:41:15,mainnet,10245800,10245798,2
2020-06-11 19:43:11,mainnet,10245805,10245806,-1
2020-06-11 19:44:37,mainnet,10245810,10245810,0
2020-06-11 19:45:59,mainnet,10245820,10245820,0
2020-06-11 19:47:37,mainnet,10245831,10245829,2
2020-06-11 19:49:12,mainnet,10245835,10245835,0
2020-06-11 19:50:41,mainnet,10245840,10245839,1
2020-06-11 19:52:08,mainnet,10245843,10245843,0
2020-06-11 19:53:32,mainnet,10245856,10245847,9
2020-06-11 19:55:03,mainnet,10245866,10245865,1
2020-06-11 19:56:28,mainnet,10245870,10245870,0
2020-06-11 19:58:14,mainnet,10245875,10245872,3
2020-06-11 19:59:37,mainnet,10245885,10245880,5
2020-06-11 20:01:08,mainnet,10245888,10245888,0
2020-06-11 20:02:44,mainnet,10245892,10245892,0
2020-06-11 20:04:07,mainnet,10245900,10245900,0
2020-06-11 20:05:34,mainnet,10245905,10245905,0
2020-06-11 20:07:02,mainnet,10245912,10245912,0
2020-06-11 20:08:25,mainnet,10245922,10245923,-1
2020-06-11 20:09:57,mainnet,10245931,10245927,4
2020-06-11 20:11:50,mainnet,10245939,10245939,0
2020-06-11 20:13:19,mainnet,10245946,10245946,0
2020-06-11 20:14:49,mainnet,10245951,10245951,0
2020-06-11 20:19:26,mainnet,10245971,10245970,1
2020-06-11 20:20:49,mainnet,10245975,10245975,0
2020-06-11 20:22:16,mainnet,10245985,10245985,0
2020-06-11 20:23:41,mainnet,10245992,10245990,2
2020-06-11 20:25:17,mainnet,10245996,10245996,0
2020-06-11 20:27:07,mainnet,10246009,10246009,0
2020-06-11 20:28:54,mainnet,10246019,10246017,2
2020-06-11 20:30:21,mainnet,10246028,10246025,3
2020-06-11 20:32:01,mainnet,10246034,10246025,9
2020-06-11 20:33:24,mainnet,10246039,10246039,0
2020-06-11 20:34:51,mainnet,10246049,10246048,1
2020-06-11 20:36:38,mainnet,10246054,10246054,0
2020-06-11 20:38:04,mainnet,10246058,10246058,0
2020-06-11 20:39:43,mainnet,10246065,10246063,2
2020-06-11 20:41:29,mainnet,10246073,10246069,4
2020-06-11 20:42:54,mainnet,10246080,10246078,2
2020-06-11 20:44:22,mainnet,10246088,10246088,0
2020-06-11 20:46:24,mainnet,10246096,10246096,0
2020-06-11 20:47:58,mainnet,10246106,10246103,3
2020-06-11 20:49:23,mainnet,10246112,10246104,8
2020-06-11 20:50:53,mainnet,10246120,10246120,0
2020-06-11 20:52:27,mainnet,10246125,10246122,3
2020-06-11 20:53:49,mainnet,10246127,10246122,5
2020-06-11 20:55:14,mainnet,10246135,10246135,0
2020-06-11 20:56:50,mainnet,10246145,10246143,2
2020-06-11 20:58:26,mainnet,10246154,10246154,0
2020-06-11 20:59:55,mainnet,10246162,10246160,2
2020-06-11 21:01:30,mainnet,10246169,10246167,2
2020-06-11 21:02:52,mainnet,10246178,10246177,1
2020-06-11 21:04:18,mainnet,10246186,10246185,1
2020-06-11 21:05:40,mainnet,10246192,10246191,1
2020-06-11 21:07:11,mainnet,10246206,10246205,1
2020-06-11 21:09:00,mainnet,10246213,10246208,5
2020-06-11 21:10:58,mainnet,10246224,10246217,7
2020-06-11 21:12:29,mainnet,10246230,10246217,13
2020-06-11 21:13:52,mainnet,10246240,10246236,4
2020-06-11 21:15:35,mainnet,10246248,10246236,12
2020-06-11 21:17:07,mainnet,10246258,10246236,22
2020-06-11 21:19:18,mainnet,10246268,10246236,32
2020-06-11 21:20:40,mainnet,10246274,10246273,1
2020-06-11 21:22:08,mainnet,10246281,10246275,6
2020-06-11 21:23:33,mainnet,10246285,10246275,10
2020-06-11 21:24:55,mainnet,10246295,10246275,20
2020-06-11 21:26:23,mainnet,10246303,10246275,28
2020-06-11 21:27:47,mainnet,10246309,10246275,34
2020-06-11 21:29:17,mainnet,10246310,10246275,35
2020-06-11 21:30:39,mainnet,10246318,10246275,43
2020-06-11 21:32:06,mainnet,10246323,10246321,2
2020-06-11 21:33:31,mainnet,10246328,10246328,0
2020-06-11 21:35:25,mainnet,10246335,10246335,0
2020-06-11 21:36:52,mainnet,10246338,10246337,1
2020-06-11 21:38:19,mainnet,10246346,10246338,8
2020-06-11 21:39:49,mainnet,10246350,10246350,0
2020-06-11 21:41:21,mainnet,10246355,10246355,0
2020-06-11 21:42:52,mainnet,10246360,10246359,1
2020-06-11 21:44:20,mainnet,10246368,10246368,0
2020-06-11 21:45:51,mainnet,10246377,10246377,0
2020-06-11 21:47:18,mainnet,10246384,10246384,0
2020-06-11 21:49:08,mainnet,10246392,10246390,2
2020-06-11 21:50:33,mainnet,10246400,10246397,3
2020-06-11 21:52:00,mainnet,10246407,10246406,1
2020-06-11 21:53:49,mainnet,10246414,10246406,8
2020-06-11 21:55:21,mainnet,10246420,10246419,1
2020-06-11 21:56:58,mainnet,10246428,10246425,3
2020-06-11 21:58:27,mainnet,10246436,10246431,5
2020-06-11 22:00:12,mainnet,10246441,10246431,10
2020-06-11 22:02:04,mainnet,10246445,10246443,2
2020-06-11 22:03:26,mainnet,10246450,10246447,3
2020-06-11 22:04:48,mainnet,10246455,10246455,0
2020-06-11 22:06:10,mainnet,10246463,10246455,8
2020-06-11 22:07:34,mainnet,10246467,10246466,1
2020-06-11 22:09:00,mainnet,10246475,10246473,2
2020-06-11 22:10:53,mainnet,10246481,10246481,0
2020-06-11 22:12:24,mainnet,10246484,10246484,0
2020-06-11 22:13:49,mainnet,10246495,10246484,11
2020-06-11 22:15:16,mainnet,10246502,10246484,18
2020-06-11 22:16:42,mainnet,10246507,10246506,1
2020-06-11 22:18:13,mainnet,10246514,10246511,3
2020-06-11 22:19:35,mainnet,10246522,10246519,3
2020-06-11 22:21:06,mainnet,10246528,10246528,0
2020-06-11 22:22:33,mainnet,10246533,10246532,1
2020-06-11 22:23:57,mainnet,10246545,10246532,13
2020-06-11 22:25:27,mainnet,10246553,10246546,7
2020-06-11 22:26:52,mainnet,10246556,10246556,0
2020-06-11 22:28:31,mainnet,10246561,10246561,0
2020-06-11 22:30:10,mainnet,10246571,10246571,0
2020-06-11 22:31:47,mainnet,10246579,10246571,8
2020-06-11 22:33:13,mainnet,10246585,10246586,-1
2020-06-11 22:34:35,mainnet,10246596,10246593,3
2020-06-11 22:36:12,mainnet,10246600,10246600,0
2020-06-11 22:37:59,mainnet,10246607,10246600,7
2020-06-11 22:39:45,mainnet,10246617,10246607,10
2020-06-11 22:41:15,mainnet,10246633,10246631,2
2020-06-11 22:43:09,mainnet,10246648,10246631,17
2020-06-11 22:44:40,mainnet,10246655,10246652,3
2020-06-11 22:46:20,mainnet,10246661,10246652,9
2020-06-11 22:47:50,mainnet,10246665,10246652,13
2020-06-11 22:49:18,mainnet,10246671,10246671,0
2020-06-11 22:50:45,mainnet,10246677,10246671,6
2020-06-11 22:52:14,mainnet,10246688,10246671,17
2020-06-11 22:54:28,mainnet,10246695,10246695,0
2020-06-11 22:55:58,mainnet,10246697,10246697,0
2020-06-11 22:57:25,mainnet,10246703,10246703,0
2020-06-11 22:59:08,mainnet,10246706,10246705,1
2020-06-11 23:00:39,mainnet,10246715,10246705,10
2020-06-11 23:02:06,mainnet,10246723,10246720,3
2020-06-11 23:03:33,mainnet,10246728,10246728,0
2020-06-11 23:05:08,mainnet,10246737,10246735,2
2020-06-11 23:06:58,mainnet,10246743,10246739,4
2020-06-11 23:08:31,mainnet,10246746,10246745,1
2020-06-11 23:09:57,mainnet,10246753,10246753,0
2020-06-11 23:11:32,mainnet,10246761,10246754,7
2020-06-11 23:13:12,mainnet,10246765,10246762,3
2020-06-11 23:14:34,mainnet,10246774,10246774,0
2020-06-11 23:16:02,mainnet,10246782,10246782,0
2020-06-11 23:17:32,mainnet,10246790,10246782,8
2020-06-11 23:19:35,mainnet,10246794,10246793,1
2020-06-11 23:21:16,mainnet,10246801,10246793,8
2020-06-11 23:22:55,mainnet,10246809,10246793,16
2020-06-11 23:24:24,mainnet,10246812,10246793,19
2020-06-11 23:25:51,mainnet,10246824,10246818,6
2020-06-11 23:27:53,mainnet,10246830,10246818,12
2020-06-11 23:29:15,mainnet,10246836,10246818,18
2020-06-11 23:30:37,mainnet,10246843,10246838,5
2020-06-11 23:32:08,mainnet,10246857,10246852,5
2020-06-11 23:33:57,mainnet,10246866,10246864,2
2020-06-11 23:35:41,mainnet,10246870,10246870,0
2020-06-11 23:37:10,mainnet,10246882,10246878,4
2020-06-11 23:38:38,mainnet,10246889,10246878,11
2020-06-11 23:40:10,mainnet,10246896,10246896,0
2020-06-11 23:41:42,mainnet,10246898,10246898,0
2020-06-11 23:43:08,mainnet,10246902,10246902,0
2020-06-11 23:44:36,mainnet,10246908,10246908,0
2020-06-11 23:46:09,mainnet,10246917,10246908,9
2020-06-11 23:47:39,mainnet,10246929,10246925,4
2020-06-11 23:49:26,mainnet,10246935,10246935,0
2020-06-11 23:50:59,mainnet,10246941,10246936,5
2020-06-11 23:52:47,mainnet,10246947,10246944,3
2020-06-11 23:54:30,mainnet,10246955,10246955,0
2020-06-11 23:56:04,mainnet,10246961,10246956,5
2020-06-11 23:57:27,mainnet,10246967,10246956,11
2020-06-11 23:58:56,mainnet,10246970,10246970,0
2020-06-12 00:00:24,mainnet,10246978,10246977,1
2020-06-12 00:02:31,mainnet,10246989,10246988,1
2020-06-12 00:04:06,mainnet,10246994,10246988,6
2020-06-12 00:05:34,mainnet,10247001,10246998,3
2020-06-12 00:07:15,mainnet,10247004,10247003,1
2020-06-12 00:08:49,mainnet,10247010,10247004,6
2020-06-12 00:10:11,mainnet,10247016,10247010,6
2020-06-12 00:12:08,mainnet,10247020,10247018,2
2020-06-12 00:13:32,mainnet,10247029,10247018,11
2020-06-12 00:15:18,mainnet,10247037,10247018,19
2020-06-12 00:16:48,mainnet,10247039,10247039,0
2020-06-12 00:18:16,mainnet,10247047,10247047,0
2020-06-12 00:19:39,mainnet,10247056,10247050,6
2020-06-12 00:21:08,mainnet,10247058,10247056,2
2020-06-12 00:22:37,mainnet,10247066,10247058,8
2020-06-12 00:23:59,mainnet,10247071,10247070,1
2020-06-12 00:25:43,mainnet,10247076,10247076,0
2020-06-12 00:27:13,mainnet,10247086,10247085,1
2020-06-12 00:28:38,mainnet,10247092,10247087,5
2020-06-12 00:30:03,mainnet,10247096,10247096,0
2020-06-12 00:31:37,mainnet,10247106,10247104,2
2020-06-12 00:33:21,mainnet,10247110,10247109,1
2020-06-12 00:34:46,mainnet,10247118,10247117,1
2020-06-12 00:36:11,mainnet,10247122,10247121,1
2020-06-12 00:37:40,mainnet,10247129,10247126,3
2020-06-12 00:39:12,mainnet,10247138,10247132,6
2020-06-12 00:40:36,mainnet,10247143,10247143,0
2020-06-12 00:41:59,mainnet,10247148,10247146,2
2020-06-12 00:43:24,mainnet,10247153,10247151,2
2020-06-12 00:44:46,mainnet,10247155,10247151,4
2020-06-12 00:46:28,mainnet,10247157,10247156,1
2020-06-12 00:47:55,mainnet,10247163,10247163,0
2020-06-12 00:49:24,mainnet,10247170,10247165,5
2020-06-12 00:50:49,mainnet,10247175,10247174,1
2020-06-12 00:52:33,mainnet,10247179,10247177,2
2020-06-12 00:54:04,mainnet,10247186,10247186,0
2020-06-12 00:55:32,mainnet,10247193,10247186,7
2020-06-12 00:56:57,mainnet,10247201,10247199,2
2020-06-12 00:58:25,mainnet,10247203,10247202,1
2020-06-12 01:00:00,mainnet,10247209,10247208,1
2020-06-12 01:01:22,mainnet,10247217,10247215,2
2020-06-12 01:02:58,mainnet,10247229,10247224,5
2020-06-12 01:04:22,mainnet,10247238,10247235,3
2020-06-12 01:06:03,mainnet,10247243,10247239,4
2020-06-12 01:07:37,mainnet,10247248,10247244,4
2020-06-12 01:08:59,mainnet,10247251,10247250,1
2020-06-12 01:10:31,mainnet,10247257,10247257,0
2020-06-12 01:12:03,mainnet,10247264,10247263,1
2020-06-12 01:13:44,mainnet,10247269,10247265,4
2020-06-12 01:15:18,mainnet,10247275,10247271,4
2020-06-12 01:16:55,mainnet,10247284,10247275,9
2020-06-12 01:18:17,mainnet,10247287,10247286,1
2020-06-12 01:19:51,mainnet,10247292,10247287,5
2020-06-12 01:21:28,mainnet,10247302,10247301,1
2020-06-12 01:24:21,mainnet,10247315,10247315,0
2020-06-12 01:25:46,mainnet,10247322,10247319,3
2020-06-12 01:27:26,mainnet,10247327,10247323,4
2020-06-12 01:29:03,mainnet,10247330,10247328,2
2020-06-12 01:30:38,mainnet,10247340,10247337,3
2020-06-12 01:32:14,mainnet,10247347,10247346,1
2020-06-12 01:33:55,mainnet,10247356,10247346,10
2020-06-12 01:35:29,mainnet,10247365,10247365,0
2020-06-12 01:37:12,mainnet,10247378,10247372,6
2020-06-12 01:38:41,mainnet,10247383,10247372,11
2020-06-12 01:40:09,mainnet,10247390,10247372,18
2020-06-12 01:41:31,mainnet,10247396,10247395,1
2020-06-12 01:43:00,mainnet,10247403,10247401,2
2020-06-12 01:44:27,mainnet,10247407,10247407,0
2020-06-12 01:46:00,mainnet,10247412,10247411,1
2020-06-12 01:47:27,mainnet,10247422,10247421,1
2020-06-12 01:48:53,mainnet,10247429,10247428,1
2020-06-12 01:50:20,mainnet,10247438,10247437,1
2020-06-12 01:51:53,mainnet,10247443,10247442,1
2020-06-12 01:53:31,mainnet,10247455,10247453,2
2020-06-12 01:54:55,mainnet,10247460,10247455,5
2020-06-12 01:56:17,mainnet,10247467,10247455,12
2020-06-12 01:57:52,mainnet,10247473,10247470,3
2020-06-12 01:59:18,mainnet,10247480,10247470,10
2020-06-12 02:00:40,mainnet,10247484,10247483,1
2020-06-12 02:02:12,mainnet,10247488,10247484,4
2020-06-12 02:03:40,mainnet,10247496,10247496,0
2020-06-12 02:06:05,mainnet,10247504,10247504,0
2020-06-12 02:07:33,mainnet,10247512,10247509,3
2020-06-12 02:08:58,mainnet,10247523,10247509,14
2020-06-12 02:10:39,mainnet,10247532,10247532,0
2020-06-12 02:12:57,mainnet,10247536,10247534,2
2020-06-12 02:14:39,mainnet,10247541,10247534,7
2020-06-12 02:16:08,mainnet,10247547,10247547,0
2020-06-12 02:17:41,mainnet,10247556,10247556,0
2020-06-12 02:19:03,mainnet,10247564,10247562,2
2020-06-12 02:20:35,mainnet,10247571,10247564,7
2020-06-12 02:22:26,mainnet,10247579,10247571,8
2020-06-12 02:24:01,mainnet,10247588,10247588,0
2020-06-12 02:25:33,mainnet,10247592,10247592,0
2020-06-12 02:26:55,mainnet,10247602,10247601,1
2020-06-12 02:28:22,mainnet,10247606,10247604,2
2020-06-12 02:29:44,mainnet,10247614,10247606,8
2020-06-12 02:31:07,mainnet,10247618,10247608,10
2020-06-12 02:32:51,mainnet,10247634,10247621,13
2020-06-12 02:35:33,mainnet,10247644,10247640,4
2020-06-12 02:37:00,mainnet,10247652,10247650,2
2020-06-12 02:38:41,mainnet,10247660,10247651,9
2020-06-12 02:40:19,mainnet,10247668,10247666,2
2020-06-12 02:41:55,mainnet,10247676,10247674,2
2020-06-12 02:43:24,mainnet,10247679,10247679,0
2020-06-12 02:44:50,mainnet,10247687,10247687,0
2020-06-12 02:46:14,mainnet,10247693,10247693,0
2020-06-12 02:47:44,mainnet,10247698,10247697,1
2020-06-12 02:49:06,mainnet,10247707,10247700,7
2020-06-12 02:50:28,mainnet,10247711,10247711,0
2020-06-12 02:51:59,mainnet,10247719,10247719,0
2020-06-12 02:53:33,mainnet,10247721,10247721,0
2020-06-12 02:54:58,mainnet,10247726,10247726,0
2020-06-12 02:56:20,mainnet,10247732,10247730,2
2020-06-12 02:57:46,mainnet,10247746,10247745,1
2020-06-12 02:59:18,mainnet,10247752,10247752,0
2020-06-12 03:00:47,mainnet,10247761,10247753,8
2020-06-12 03:02:35,mainnet,10247769,10247766,3
2020-06-12 03:04:03,mainnet,10247772,10247766,6
2020-06-12 03:05:34,mainnet,10247782,10247780,2
2020-06-12 03:07:02,mainnet,10247785,10247783,2
2020-06-12 03:08:32,mainnet,10247794,10247793,1
2020-06-12 03:09:58,mainnet,10247798,10247793,5
2020-06-12 03:11:44,mainnet,10247806,10247805,1
2020-06-12 03:13:06,mainnet,10247817,10247816,1
2020-06-12 03:14:46,mainnet,10247825,10247820,5
2020-06-12 03:16:12,mainnet,10247831,10247820,11
2020-06-12 03:17:51,mainnet,10247835,10247836,-1
2020-06-12 03:19:16,mainnet,10247844,10247840,4
2020-06-12 03:20:44,mainnet,10247854,10247850,4
2020-06-12 03:22:11,mainnet,10247866,10247861,5
2020-06-12 03:23:39,mainnet,10247878,10247864,14
2020-06-12 03:25:24,mainnet,10247885,10247884,1
2020-06-12 03:26:47,mainnet,10247890,10247890,0
2020-06-12 03:28:21,mainnet,10247897,10247892,5
2020-06-12 03:30:10,mainnet,10247905,10247905,0
2020-06-12 03:31:42,mainnet,10247913,10247913,0
2020-06-12 03:33:18,mainnet,10247916,10247916,0
2020-06-12 03:34:59,mainnet,10247916,10247916,0
2020-06-12 03:36:26,mainnet,10247921,10247921,0
2020-06-12 03:37:48,mainnet,10247930,10247928,2
2020-06-12 03:39:30,mainnet,10247941,10247928,13
2020-06-12 03:41:08,mainnet,10247949,10247941,8
2020-06-12 03:42:31,mainnet,10247956,10247949,7
2020-06-12 03:44:04,mainnet,10247969,10247949,20
2020-06-12 03:45:26,mainnet,10247975,10247974,1
2020-06-12 03:47:03,mainnet,10247980,10247980,0
2020-06-12 03:48:31,mainnet,10247987,10247986,1
2020-06-12 03:50:01,mainnet,10247995,10247991,4
2020-06-12 03:51:37,mainnet,10248007,10247998,9
2020-06-12 03:53:00,mainnet,10248017,10248015,2
2020-06-12 03:54:32,mainnet,10248022,10248020,2
2020-06-12 03:56:03,mainnet,10248029,10248028,1
2020-06-12 03:57:39,mainnet,10248037,10248030,7
2020-06-12 03:59:12,mainnet,10248043,10248040,3
2020-06-12 04:00:39,mainnet,10248049,10248045,4
2020-06-12 04:02:13,mainnet,10248057,10248053,4
2020-06-12 04:03:36,mainnet,10248060,10248060,0
2020-06-12 04:05:03,mainnet,10248070,10248065,5
2020-06-12 04:06:31,mainnet,10248078,10248065,13
2020-06-12 04:07:54,mainnet,10248085,10248082,3
2020-06-12 04:09:20,mainnet,10248089,10248088,1
2020-06-12 04:10:43,mainnet,10248101,10248096,5
2020-06-12 04:12:08,mainnet,10248109,10248106,3
2020-06-12 04:13:44,mainnet,10248115,10248106,9
2020-06-12 04:15:06,mainnet,10248120,10248106,14
2020-06-12 04:16:34,mainnet,10248126,10248106,20
2020-06-12 04:17:56,mainnet,10248135,10248130,5
2020-06-12 04:19:23,mainnet,10248139,10248138,1
2020-06-12 04:20:50,mainnet,10248146,10248138,8
2020-06-12 04:22:12,mainnet,10248156,10248152,4
2020-06-12 04:23:42,mainnet,10248163,10248158,5
2020-06-12 04:25:24,mainnet,10248168,10248158,10
2020-06-12 04:26:50,mainnet,10248174,10248170,4
2020-06-12 04:28:25,mainnet,10248181,10248178,3
2020-06-12 04:29:51,mainnet,10248188,10248188,0
2020-06-12 04:31:17,mainnet,10248194,10248193,1
2020-06-12 04:32:46,mainnet,10248199,10248195,4
2020-06-12 04:34:08,mainnet,10248203,10248195,8
2020-06-12 04:35:32,mainnet,10248205,10248205,0
2020-06-12 04:37:14,mainnet,10248208,10248208,0
2020-06-12 04:38:54,mainnet,10248220,10248209,11
2020-06-12 04:40:24,mainnet,10248233,10248222,11
2020-06-12 04:42:09,mainnet,10248241,10248240,1
2020-06-12 04:43:53,mainnet,10248253,10248249,4
2020-06-12 04:45:32,mainnet,10248260,10248249,11
2020-06-12 04:46:58,mainnet,10248269,10248256,13
2020-06-12 04:48:35,mainnet,10248277,10248276,1
2020-06-12 04:50:00,mainnet,10248281,10248278,3
2020-06-12 04:51:33,mainnet,10248290,10248284,6
2020-06-12 04:53:06,mainnet,10248295,10248285,10
2020-06-12 04:54:28,mainnet,10248300,10248297,3
2020-06-12 04:55:59,mainnet,10248304,10248303,1
2020-06-12 04:57:27,mainnet,10248314,10248314,0
2020-06-12 04:58:53,mainnet,10248321,10248320,1
2020-06-12 05:00:18,mainnet,10248324,10248324,0
2020-06-12 05:01:40,mainnet,10248329,10248325,4
2020-06-12 05:03:03,mainnet,10248335,10248335,0
2020-06-12 05:04:31,mainnet,10248340,10248339,1
2020-06-12 05:06:00,mainnet,10248341,10248341,0
2020-06-12 05:07:26,mainnet,10248346,10248346,0
2020-06-12 05:09:01,mainnet,10248351,10248350,1
2020-06-12 05:10:30,mainnet,10248356,10248356,0
2020-06-12 05:12:01,mainnet,10248364,10248363,1
2020-06-12 05:13:31,mainnet,10248375,10248371,4
2020-06-12 05:15:18,mainnet,10248384,10248378,6
2020-06-12 05:17:02,mainnet,10248393,10248378,15
2020-06-12 05:18:27,mainnet,10248404,10248398,6
2020-06-12 05:20:20,mainnet,10248407,10248407,0
2020-06-12 05:21:56,mainnet,10248414,10248407,7
2020-06-12 05:23:41,mainnet,10248417,10248407,10
2020-06-12 05:25:18,mainnet,10248421,10248421,0
2020-06-12 05:26:40,mainnet,10248431,10248431,0
2020-06-12 05:28:27,mainnet,10248438,10248438,0
2020-06-12 05:29:54,mainnet,10248446,10248445,1
2020-06-12 05:31:16,mainnet,10248454,10248447,7
2020-06-12 05:32:42,mainnet,10248462,10248461,1
2020-06-12 05:34:14,mainnet,10248469,10248468,1
2020-06-12 05:36:00,mainnet,10248478,10248469,9
2020-06-12 05:37:22,mainnet,10248485,10248484,1
2020-06-12 05:38:48,mainnet,10248494,10248487,7
2020-06-12 05:40:21,mainnet,10248502,10248496,6
2020-06-12 05:42:07,mainnet,10248514,10248513,1
2020-06-12 05:44:07,mainnet,10248523,10248513,10
2020-06-12 05:45:38,mainnet,10248528,10248524,4
2020-06-12 05:47:09,mainnet,10248534,10248531,3
2020-06-12 05:48:38,mainnet,10248540,10248538,2
2020-06-12 05:50:24,mainnet,10248548,10248538,10
2020-06-12 05:51:49,mainnet,10248556,10248544,12
2020-06-12 05:53:24,mainnet,10248559,10248555,4
2020-06-12 05:54:49,mainnet,10248565,10248555,10
2020-06-12 05:56:11,mainnet,10248573,10248555,18
2020-06-12 05:57:37,mainnet,10248579,10248555,24
2020-06-12 05:59:15,mainnet,10248591,10248555,36
2020-06-12 06:00:39,mainnet,10248597,10248594,3
2020-06-12 06:02:11,mainnet,10248603,10248604,-1
2020-06-12 06:03:41,mainnet,10248608,10248608,0
2020-06-12 06:05:09,mainnet,10248614,10248610,4
2020-06-12 06:06:34,mainnet,10248618,10248610,8
2020-06-12 06:07:56,mainnet,10248626,10248626,0
2020-06-12 06:09:31,mainnet,10248633,10248630,3
2020-06-12 06:10:58,mainnet,10248643,10248634,9
2020-06-12 06:12:33,mainnet,10248646,10248643,3
2020-06-12 06:13:58,mainnet,10248652,10248643,9
2020-06-12 06:15:22,mainnet,10248664,10248643,21
2020-06-12 06:16:55,mainnet,10248674,10248643,31
2020-06-12 06:18:19,mainnet,10248682,10248681,1
2020-06-12 06:19:51,mainnet,10248686,10248686,0
2020-06-12 06:21:14,mainnet,10248693,10248686,7
2020-06-12 06:22:43,mainnet,10248704,10248686,18
2020-06-12 06:24:10,mainnet,10248709,10248709,0
2020-06-12 06:25:51,mainnet,10248712,10248712,0
2020-06-12 06:27:21,mainnet,10248723,10248720,3
2020-06-12 06:28:44,mainnet,10248729,10248725,4
2020-06-12 06:30:29,mainnet,10248735,10248725,10
2020-06-12 06:32:06,mainnet,10248741,10248741,0
2020-06-12 06:33:37,mainnet,10248744,10248743,1
2020-06-12 06:35:09,mainnet,10248752,10248747,5
2020-06-12 06:36:38,mainnet,10248757,10248756,1
2020-06-12 06:38:23,mainnet,10248763,10248760,3
2020-06-12 06:39:53,mainnet,10248772,10248760,12
2020-06-12 06:41:24,mainnet,10248778,10248760,18
2020-06-12 06:42:50,mainnet,10248782,10248781,1
2020-06-12 06:44:21,mainnet,10248789,10248787,2
2020-06-12 06:45:47,mainnet,10248794,10248793,1
2020-06-12 06:47:25,mainnet,10248798,10248795,3
2020-06-12 06:48:50,mainnet,10248806,10248798,8
2020-06-12 06:50:20,mainnet,10248816,10248812,4
2020-06-12 06:51:57,mainnet,10248822,10248820,2
2020-06-12 06:53:27,mainnet,10248832,10248825,7
2020-06-12 06:55:01,mainnet,10248838,10248834,4
2020-06-12 06:56:27,mainnet,10248849,10248847,2
2020-06-12 06:57:57,mainnet,10248856,10248856,0
2020-06-12 06:59:33,mainnet,10248868,10248857,11
2020-06-12 07:01:26,mainnet,10248875,10248873,2
2020-06-12 07:02:51,mainnet,10248880,10248879,1
2020-06-12 07:04:16,mainnet,10248887,10248882,5
2020-06-12 07:05:42,mainnet,10248892,10248892,0
2020-06-12 07:07:07,mainnet,10248901,10248893,8
2020-06-12 07:08:30,mainnet,10248911,10248910,1
2020-06-12 07:10:10,mainnet,10248921,10248911,10
2020-06-12 07:12:00,mainnet,10248923,10248911,12
2020-06-12 07:13:25,mainnet,10248932,10248928,4
2020-06-12 07:14:56,mainnet,10248945,10248943,2
2020-06-12 07:16:22,mainnet,10248951,10248950,1
2020-06-12 07:18:01,mainnet,10248956,10248954,2
2020-06-12 07:19:25,mainnet,10248961,10248954,7
2020-06-12 07:20:56,mainnet,10248970,10248954,16
2020-06-12 07:22:28,mainnet,10248979,10248954,25
2020-06-12 07:24:18,mainnet,10248985,10248979,6
2020-06-12 07:25:43,mainnet,10248992,10248979,13
2020-06-12 07:27:25,mainnet,10248999,10248998,1
2020-06-12 07:28:58,mainnet,10249006,10248999,7
2020-06-12 07:30:35,mainnet,10249015,10248999,16
2020-06-12 07:32:15,mainnet,10249022,10248999,23
2020-06-12 07:33:44,mainnet,10249028,10249027,1
2020-06-12 07:35:21,mainnet,10249035,10249035,0
2020-06-12 07:37:11,mainnet,10249043,10249041,2
2020-06-12 07:38:58,mainnet,10249047,10249041,6
2020-06-12 07:40:23,mainnet,10249052,10249041,11
2020-06-12 07:41:54,mainnet,10249060,10249057,3
2020-06-12 07:43:29,mainnet,10249063,10249061,2
2020-06-12 07:45:27,mainnet,10249069,10249061,8
2020-06-12 07:46:59,mainnet,10249075,10249075,0
2020-06-12 07:49:15,mainnet,10249081,10249081,0
2020-06-12 07:50:43,mainnet,10249085,10249085,0
2020-06-12 07:52:26,mainnet,10249091,10249087,4
2020-06-12 07:53:54,mainnet,10249095,10249091,4
2020-06-12 07:55:23,mainnet,10249102,10249096,6
2020-06-12 07:56:53,mainnet,10249109,10249107,2
2020-06-12 07:58:25,mainnet,10249119,10249109,10
2020-06-12 07:59:53,mainnet,10249125,10249109,16
2020-06-12 08:01:44,mainnet,10249134,10249109,25
2020-06-12 08:03:15,mainnet,10249140,10249109,31
2020-06-12 08:04:36,mainnet,10249149,10249109,40
2020-06-12 08:05:59,mainnet,10249155,10249154,1
2020-06-12 08:07:41,mainnet,10249161,10249154,7
2020-06-12 08:09:41,mainnet,10249170,10249170,0
2020-06-12 08:11:27,mainnet,10249174,10249173,1
2020-06-12 08:12:55,mainnet,10249178,10249178,0
2020-06-12 08:14:17,mainnet,10249181,10249181,0
2020-06-12 08:15:39,mainnet,10249186,10249186,0
2020-06-12 08:17:56,mainnet,10249196,10249195,1
2020-06-12 08:20:03,mainnet,10249203,10249203,0
2020-06-12 08:21:28,mainnet,10249212,10249208,4
2020-06-12 08:22:59,mainnet,10249221,10249208,13
2020-06-12 08:24:27,mainnet,10249226,10249226,0
2020-06-12 08:26:19,mainnet,10249233,10249227,6
2020-06-12 08:27:47,mainnet,10249240,10249227,13
2020-06-12 08:29:15,mainnet,10249245,10249227,18
2020-06-12 08:30:40,mainnet,10249252,10249250,2
2020-06-12 08:32:14,mainnet,10249257,10249255,2
2020-06-12 08:33:48,mainnet,10249263,10249261,2
2020-06-12 08:35:20,mainnet,10249271,10249264,7
2020-06-12 08:36:46,mainnet,10249279,10249272,7
2020-06-12 08:38:11,mainnet,10249287,10249286,1
2020-06-12 08:39:41,mainnet,10249295,10249291,4
2020-06-12 08:41:12,mainnet,10249302,10249301,1
2020-06-12 08:42:37,mainnet,10249310,10249309,1
2020-06-12 08:44:06,mainnet,10249319,10249315,4
2020-06-12 08:45:54,mainnet,10249325,10249320,5
2020-06-12 08:47:19,mainnet,10249330,10249320,10
2020-06-12 08:48:49,mainnet,10249338,10249331,7
2020-06-12 08:50:13,mainnet,10249344,10249344,0
2020-06-12 08:51:43,mainnet,10249350,10249344,6
2020-06-12 08:53:05,mainnet,10249356,10249354,2
2020-06-12 08:54:33,mainnet,10249365,10249358,7
2020-06-12 08:56:23,mainnet,10249373,10249358,15
2020-06-12 08:57:49,mainnet,10249376,10249358,18
2020-06-12 08:59:36,mainnet,10249383,10249358,25
2020-06-12 09:01:05,mainnet,10249389,10249358,31
2020-06-12 09:02:49,mainnet,10249396,10249395,1
2020-06-12 09:04:20,mainnet,10249399,10249396,3
2020-06-12 09:05:41,mainnet,10249409,10249396,13
2020-06-12 09:07:13,mainnet,10249419,10249417,2
2020-06-12 09:08:57,mainnet,10249423,10249417,6
2020-06-12 09:10:21,mainnet,10249436,10249425,11
2020-06-12 09:12:07,mainnet,10249442,10249441,1
2020-06-12 09:13:54,mainnet,10249450,10249450,0
2020-06-12 09:15:17,mainnet,10249457,10249451,6
2020-06-12 09:16:39,mainnet,10249466,10249451,15
2020-06-12 09:18:07,mainnet,10249471,10249471,0
2020-06-12 09:19:30,mainnet,10249477,10249472,5
2020-06-12 09:21:21,mainnet,10249482,10249476,6
2020-06-12 09:22:57,mainnet,10249487,10249476,11
2020-06-12 09:24:54,mainnet,10249497,10249476,21
2020-06-12 09:26:16,mainnet,10249498,10249476,22
2020-06-12 09:27:43,mainnet,10249501,10249501,0
2020-06-12 09:29:11,mainnet,10249506,10249501,5
2020-06-12 09:30:33,mainnet,10249511,10249501,10
2020-06-12 09:32:16,mainnet,10249519,10249501,18
2020-06-12 09:33:40,mainnet,10249523,10249520,3
2020-06-12 09:35:16,mainnet,10249534,10249520,14
2020-06-12 09:36:38,mainnet,10249539,10249520,19
2020-06-12 09:38:03,mainnet,10249544,10249540,4
2020-06-12 09:39:41,mainnet,10249550,10249547,3
2020-06-12 09:41:09,mainnet,10249559,10249558,1
2020-06-12 09:42:37,mainnet,10249567,10249566,1
2020-06-12 09:44:04,mainnet,10249574,10249574,0
2020-06-12 09:45:46,mainnet,10249578,10249577,1
2020-06-12 09:47:08,mainnet,10249589,10249589,0
2020-06-12 09:48:41,mainnet,10249591,10249591,0
2020-06-12 09:50:13,mainnet,10249595,10249595,0
2020-06-12 09:51:48,mainnet,10249600,10249600,0
2020-06-12 09:53:10,mainnet,10249603,10249602,1
2020-06-12 09:54:49,mainnet,10249610,10249610,0
2020-06-12 09:56:12,mainnet,10249615,10249615,0
2020-06-12 09:57:35,mainnet,10249622,10249622,0
2020-06-12 09:59:06,mainnet,10249626,10249625,1
2020-06-12 10:00:46,mainnet,10249631,10249630,1
2020-06-12 10:02:08,mainnet,10249632,10249632,0
2020-06-12 10:03:34,mainnet,10249637,10249638,-1
2020-06-12 10:04:56,mainnet,10249644,10249644,0
2020-06-12 10:06:21,mainnet,10249650,10249650,0
2020-06-12 10:52:40,mainnet,10249860,10249657,203
2020-06-12 10:54:05,mainnet,10249866,10249740,126
2020-06-12 10:55:31,mainnet,10249874,10249855,19
2020-06-12 10:57:00,mainnet,10249884,10249883,1
2020-06-12 10:58:32,mainnet,10249892,10249884,8
2020-06-12 10:59:58,mainnet,10249898,10249884,14
2020-06-12 11:01:21,mainnet,10249903,10249899,4
2020-06-12 11:02:43,mainnet,10249913,10249913,0
2020-06-12 11:04:19,mainnet,10249921,10249916,5
2020-06-12 11:06:04,mainnet,10249929,10249928,1
2020-06-12 11:07:38,mainnet,10249932,10249932,0
2020-06-12 11:09:07,mainnet,10249937,10249932,5
2020-06-12 11:10:32,mainnet,10249944,10249944,0
2020-06-12 11:12:01,mainnet,10249951,10249950,1
2020-06-12 11:13:30,mainnet,10249961,10249961,0
2020-06-12 11:15:00,mainnet,10249969,10249969,0
2020-06-12 11:16:25,mainnet,10249973,10249973,0
2020-06-12 11:17:48,mainnet,10249976,10249976,0
2020-06-12 11:19:17,mainnet,10249980,10249980,0
2020-06-12 11:20:46,mainnet,10249987,10249986,1
2020-06-12 11:22:13,mainnet,10249997,10249986,11
2020-06-12 11:23:53,mainnet,10250001,10249986,15
2020-06-12 11:25:33,mainnet,10250005,10250005,0
2020-06-12 11:27:06,mainnet,10250010,10250008,2
2020-06-12 11:28:47,mainnet,10250015,10250008,7
2020-06-12 11:30:15,mainnet,10250018,10250017,1
2020-06-12 11:31:45,mainnet,10250030,10250023,7
2020-06-12 11:33:07,mainnet,10250038,10250023,15
2020-06-12 11:34:46,mainnet,10250045,10250023,22
2020-06-12 11:36:17,mainnet,10250050,10250044,6
2020-06-12 11:37:39,mainnet,10250056,10250050,6
2020-06-12 11:39:13,mainnet,10250059,10250050,9
2020-06-12 11:40:35,mainnet,10250069,10250060,9
2020-06-12 11:41:57,mainnet,10250082,10250082,0
2020-06-12 11:43:49,mainnet,10250097,10250096,1
2020-06-12 11:45:19,mainnet,10250106,10250098,8
2020-06-12 11:46:45,mainnet,10250111,10250111,0
2020-06-12 11:48:15,mainnet,10250112,10250112,0
2020-06-12 11:49:55,mainnet,10250125,10250120,5
2020-06-12 11:51:17,mainnet,10250136,10250120,16
2020-06-12 11:52:59,mainnet,10250145,10250120,25
2020-06-12 11:54:30,mainnet,10250149,10250121,28
2020-06-12 11:55:54,mainnet,10250157,10250156,1
2020-06-12 11:57:31,mainnet,10250167,10250163,4
2020-06-12 11:59:12,mainnet,10250172,10250172,0
2020-06-12 12:00:54,mainnet,10250184,10250183,1
2020-06-12 12:02:25,mainnet,10250194,10250191,3
2020-06-12 12:03:51,mainnet,10250209,10250209,0
2020-06-12 12:05:29,mainnet,10250219,10250219,0
2020-06-12 12:06:55,mainnet,10250225,10250224,1
2020-06-12 12:08:37,mainnet,10250236,10250238,-2
2020-06-12 12:10:10,mainnet,10250245,10250245,0
2020-06-12 12:11:41,mainnet,10250256,10250253,3
2020-06-12 12:13:11,mainnet,10250265,10250259,6
2020-06-12 12:14:51,mainnet,10250272,10250269,3
2020-06-12 12:16:17,mainnet,10250278,10250278,0
2020-06-12 12:17:59,mainnet,10250285,10250285,0
2020-06-12 12:19:22,mainnet,10250291,10250289,2
2020-06-12 12:21:02,mainnet,10250297,10250289,8
2020-06-12 12:22:25,mainnet,10250303,10250303,0
2020-06-12 12:23:47,mainnet,10250307,10250306,1
2020-06-12 12:25:17,mainnet,10250315,10250315,0
2020-06-12 12:26:45,mainnet,10250323,10250323,0
2020-06-12 12:28:24,mainnet,10250332,10250323,9
2020-06-12 12:30:13,mainnet,10250336,10250333,3
2020-06-12 12:31:39,mainnet,10250341,10250340,1
2020-06-12 12:33:17,mainnet,10250349,10250346,3
2020-06-12 12:34:40,mainnet,10250353,10250353,0
2020-06-12 12:36:08,mainnet,10250360,10250358,2
2020-06-12 12:38:01,mainnet,10250364,10250360,4
2020-06-12 12:39:29,mainnet,10250375,10250371,4
2020-06-12 12:40:58,mainnet,10250383,10250380,3
2020-06-12 12:42:31,mainnet,10250385,10250385,0
2020-06-12 12:43:57,mainnet,10250393,10250386,7
2020-06-12 12:45:22,mainnet,10250399,10250399,0
2020-06-12 12:46:54,mainnet,10250409,10250399,10
2020-06-12 12:48:32,mainnet,10250415,10250399,16
2020-06-12 12:49:59,mainnet,10250421,10250421,0
2020-06-12 12:51:26,mainnet,10250427,10250427,0
2020-06-12 12:52:52,mainnet,10250432,10250432,0
2020-06-12 12:54:16,mainnet,10250442,10250432,10
2020-06-12 12:55:52,mainnet,10250446,10250446,0
2020-06-12 12:57:18,mainnet,10250456,10250456,0
2020-06-12 12:58:43,mainnet,10250465,10250462,3
2020-06-12 13:00:16,mainnet,10250471,10250471,0
2020-06-12 13:01:44,mainnet,10250480,10250481,-1
2020-06-12 13:03:13,mainnet,10250485,10250485,0
2020-06-12 13:04:38,mainnet,10250489,10250489,0
2020-06-12 13:06:02,mainnet,10250498,10250498,0
2020-06-12 13:07:34,mainnet,10250505,10250501,4
2020-06-12 13:09:16,mainnet,10250511,10250501,10
2020-06-12 13:10:41,mainnet,10250516,10250516,0
2020-06-12 13:12:27,mainnet,10250524,10250522,2
2020-06-12 13:13:56,mainnet,10250529,10250522,7
2020-06-12 13:15:31,mainnet,10250537,10250535,2
2020-06-12 13:16:55,mainnet,10250544,10250539,5
2020-06-12 13:18:53,mainnet,10250557,10250556,1
2020-06-12 13:20:24,mainnet,10250563,10250563,0
2020-06-12 13:21:53,mainnet,10250568,10250568,0
2020-06-12 13:23:21,mainnet,10250571,10250570,1
2020-06-12 13:25:22,mainnet,10250580,10250573,7
2020-06-12 13:26:50,mainnet,10250587,10250587,0
2020-06-12 13:28:12,mainnet,10250594,10250593,1
2020-06-12 13:29:41,mainnet,10250603,10250601,2
2020-06-12 13:31:21,mainnet,10250611,10250609,2
2020-06-12 13:32:45,mainnet,10250617,10250615,2
2020-06-12 13:34:31,mainnet,10250626,10250624,2
2020-06-12 13:36:04,mainnet,10250631,10250630,1
2020-06-12 13:37:26,mainnet,10250637,10250637,0
2020-06-12 13:38:51,mainnet,10250646,10250646,0
2020-06-12 13:40:13,mainnet,10250653,10250653,0
2020-06-12 13:41:39,mainnet,10250660,10250660,0
2020-06-12 13:43:02,mainnet,10250669,10250668,1
2020-06-12 13:44:25,mainnet,10250678,10250676,2
2020-06-12 13:45:58,mainnet,10250685,10250685,0
2020-06-12 13:47:23,mainnet,10250695,10250695,0
2020-06-12 13:49:00,mainnet,10250700,10250699,1
2020-06-12 13:50:25,mainnet,10250706,10250706,0
2020-06-12 13:52:01,mainnet,10250714,10250714,0
2020-06-12 13:53:24,mainnet,10250723,10250723,0
2020-06-12 13:55:01,mainnet,10250733,10250727,6
2020-06-12 13:56:27,mainnet,10250738,10250737,1
2020-06-12 13:57:50,mainnet,10250743,10250744,-1
2020-06-12 13:59:18,mainnet,10250749,10250749,0
2020-06-12 14:00:47,mainnet,10250756,10250756,0
2020-06-12 14:02:13,mainnet,10250763,10250763,0
2020-06-12 14:03:42,mainnet,10250768,10250768,0
2020-06-12 14:05:12,mainnet,10250775,10250775,0
2020-06-12 14:06:40,mainnet,10250785,10250785,0
2020-06-12 14:08:05,mainnet,10250790,10250790,0
2020-06-12 14:09:50,mainnet,10250800,10250794,6
2020-06-12 14:11:17,mainnet,10250804,10250804,0
2020-06-12 14:13:13,mainnet,10250806,10250806,0
2020-06-12 14:14:35,mainnet,10250811,10250811,0
2020-06-12 14:15:57,mainnet,10250816,10250816,0
2020-06-12 14:17:30,mainnet,10250824,10250824,0
2020-06-12 14:19:09,mainnet,10250833,10250833,0
2020-06-12 14:20:36,mainnet,10250839,10250835,4
2020-06-12 14:22:02,mainnet,10250847,10250847,0
2020-06-12 14:23:29,mainnet,10250853,10250847,6
2020-06-12 14:24:51,mainnet,10250862,10250862,0
2020-06-12 14:26:42,mainnet,10250868,10250868,0
2020-06-12 14:28:13,mainnet,10250871,10250871,0
2020-06-12 14:29:42,mainnet,10250877,10250877,0
2020-06-12 14:31:21,mainnet,10250884,10250882,2
2020-06-12 14:32:52,mainnet,10250890,10250890,0
2020-06-12 14:34:25,mainnet,10250895,10250895,0
2020-06-12 14:35:51,mainnet,10250900,10250900,0
2020-06-12 14:37:15,mainnet,10250909,10250908,1
2020-06-12 14:38:44,mainnet,10250914,10250913,1
2020-06-12 14:40:06,mainnet,10250925,10250924,1
2020-06-12 14:41:43,mainnet,10250931,10250931,0
2020-06-12 14:43:05,mainnet,10250936,10250934,2
2020-06-12 14:44:31,mainnet,10250940,10250940,0
2020-06-12 14:45:53,mainnet,10250945,10250944,1
2020-06-12 14:49:42,mainnet,10250963,10250958,5
2020-06-12 14:53:39,mainnet,10250988,10250958,30
2020-06-12 14:55:35,mainnet,10250993,10250958,35
2020-06-12 14:58:03,mainnet,10251005,10250958,47
2020-06-12 15:00:11,mainnet,10251016,10250958,58
2020-06-12 15:02:49,mainnet,10251025,10250958,67
2020-06-12 21:57:54,mainnet,10252905,10251085,1820
2020-06-12 22:01:09,mainnet,10252911,10251085,1826
2020-06-12 22:05:36,mainnet,10252939,10251085,1854
2020-06-12 22:08:22,mainnet,10252947,10251142,1805
2020-06-12 22:09:44,mainnet,10252953,10251314,1639
2020-06-12 22:11:06,mainnet,10252961,10251500,1461
2020-06-12 22:12:31,mainnet,10252967,10251702,1265
2020-06-12 22:14:54,mainnet,10252979,10252065,914
2020-06-12 22:16:31,mainnet,10252984,10252239,745
2020-06-12 22:17:53,mainnet,10252992,10252364,628
2020-06-12 22:19:16,mainnet,10253001,10252514,487
2020-06-12 22:20:42,mainnet,10253005,10252682,323
2020-06-12 22:22:18,mainnet,10253013,10252878,135
2020-06-12 22:24:44,mainnet,10253019,10253019,0
2020-06-12 22:26:30,mainnet,10253031,10253021,10
2020-06-12 22:28:13,mainnet,10253040,10253034,6
2020-06-12 22:30:02,mainnet,10253044,10253045,-1
2020-06-12 22:31:46,mainnet,10253050,10253050,0
2020-06-12 22:33:09,mainnet,10253060,10253052,8
2020-06-12 22:35:05,mainnet,10253068,10253068,0
2020-06-12 22:36:28,mainnet,10253080,10253079,1
2020-06-12 22:38:19,mainnet,10253086,10253085,1
2020-06-12 22:39:42,mainnet,10253091,10253086,5
2020-06-12 22:41:15,mainnet,10253094,10253094,0
2020-06-12 22:43:03,mainnet,10253098,10253098,0
2020-06-12 22:44:29,mainnet,10253111,10253107,4
2020-06-12 22:45:58,mainnet,10253117,10253116,1
2020-06-12 22:47:32,mainnet,10253123,10253123,0
2020-06-12 22:49:11,mainnet,10253131,10253127,4
2020-06-12 22:50:37,mainnet,10253144,10253144,0
2020-06-12 22:52:28,mainnet,10253150,10253150,0
2020-06-12 22:53:50,mainnet,10253155,10253155,0
2020-06-12 22:55:14,mainnet,10253164,10253160,4
2020-06-12 22:56:53,mainnet,10253174,10253172,2
2020-06-12 22:58:58,mainnet,10253177,10253177,0
2020-06-12 23:00:23,mainnet,10253184,10253180,4
2020-06-12 23:02:16,mainnet,10253189,10253189,0
2020-06-12 23:03:38,mainnet,10253196,10253189,7
2020-06-12 23:05:43,mainnet,10253204,10253195,9
2020-06-12 23:07:07,mainnet,10253208,10253208,0
2020-06-12 23:08:35,mainnet,10253212,10253210,2
2020-06-12 23:10:46,mainnet,10253218,10253214,4
2020-06-12 23:12:18,mainnet,10253224,10253221,3
2020-06-12 23:14:29,mainnet,10253227,10253227,0
2020-06-12 23:16:00,mainnet,10253234,10253232,2
2020-06-12 23:17:32,mainnet,10253246,10253240,6
2020-06-12 23:19:35,mainnet,10253255,10253249,6
2020-06-12 23:21:12,mainnet,10253258,10253259,-1
2020-06-12 23:22:38,mainnet,10253268,10253267,1
2020-06-12 23:24:27,mainnet,10253279,10253273,6
2020-06-12 23:26:22,mainnet,10253288,10253287,1
2020-06-12 23:27:48,mainnet,10253297,10253296,1
2020-06-12 23:29:37,mainnet,10253306,10253304,2
2020-06-12 23:31:06,mainnet,10253316,10253316,0
2020-06-12 23:32:39,mainnet,10253329,10253321,8
2020-06-12 23:34:49,mainnet,10253335,10253333,2
2020-06-12 23:36:11,mainnet,10253340,10253335,5
2020-06-12 23:37:39,mainnet,10253354,10253349,5
2020-06-12 23:40:10,mainnet,10253365,10253365,0
2020-06-12 23:41:32,mainnet,10253369,10253369,0
2020-06-12 23:43:05,mainnet,10253377,10253377,0
2020-06-12 23:44:27,mainnet,10253383,10253380,3
2020-06-12 23:45:50,mainnet,10253390,10253388,2
2020-06-12 23:47:22,mainnet,10253400,10253388,12
2020-06-12 23:48:44,mainnet,10253408,10253408,0
2020-06-12 23:50:14,mainnet,10253422,10253414,8
2020-06-12 23:52:11,mainnet,10253430,10253422,8
2020-06-12 23:53:50,mainnet,10253438,10253438,0
2020-06-12 23:55:32,mainnet,10253446,10253445,1
2020-06-12 23:58:00,mainnet,10253453,10253453,0
2020-06-12 23:59:30,mainnet,10253458,10253458,0
2020-06-13 00:01:02,mainnet,10253464,10253462,2
2020-06-13 00:03:00,mainnet,10253471,10253468,3
2020-06-13 00:04:41,mainnet,10253475,10253471,4
2020-06-13 00:06:14,mainnet,10253482,10253482,0
2020-06-13 00:08:02,mainnet,10253495,10253486,9
2020-06-13 00:09:34,mainnet,10253506,10253486,20
2020-06-13 00:11:52,mainnet,10253512,10253486,26
2020-06-13 00:13:20,mainnet,10253522,10253516,6
2020-06-13 00:15:14,mainnet,10253533,10253516,17
2020-06-13 00:17:00,mainnet,10253539,10253535,4
2020-06-13 00:18:27,mainnet,10253550,10253535,15
2020-06-13 00:20:07,mainnet,10253561,10253550,11
2020-06-13 00:24:19,mainnet,10253576,10253576,0
2020-06-13 00:25:49,mainnet,10253582,10253578,4
2020-06-13 00:27:14,mainnet,10253591,10253578,13
2020-06-13 00:28:59,mainnet,10253603,10253591,12
2020-06-13 00:30:42,mainnet,10253612,10253591,21
2020-06-13 00:33:12,mainnet,10253624,10253591,33
2020-06-13 00:35:48,mainnet,10253641,10253591,50
2020-06-13 00:38:22,mainnet,10253654,10253642,12
2020-06-13 00:41:06,mainnet,10253660,10253658,2
2020-06-13 00:44:19,mainnet,10253677,10253658,19
2020-06-13 00:46:34,mainnet,10253688,10253658,30
2020-06-13 00:48:30,mainnet,10253698,10253692,6
2020-06-13 00:50:25,mainnet,10253702,10253699,3
2020-06-13 00:54:35,mainnet,10253724,10253720,4
2020-06-13 00:57:10,mainnet,10253735,10253735,0
2020-06-13 01:00:43,mainnet,10253745,10253736,9
2020-06-13 01:02:12,mainnet,10253750,10253748,2
2020-06-13 01:04:06,mainnet,10253754,10253748,6
2020-06-13 01:05:34,mainnet,10253762,10253754,8
2020-06-13 01:07:50,mainnet,10253764,10253760,4
2020-06-13 01:09:29,mainnet,10253773,10253772,1
2020-06-13 01:11:25,mainnet,10253779,10253772,7
2020-06-13 01:13:21,mainnet,10253782,10253779,3
2020-06-13 01:16:01,mainnet,10253791,10253779,12
2020-06-13 01:17:45,mainnet,10253799,10253779,20
2020-06-13 01:19:07,mainnet,10253806,10253779,27
2020-06-13 01:26:39,mainnet,10253833,10253817,16
2020-06-13 01:28:13,mainnet,10253838,10253817,21
2020-06-13 01:30:14,mainnet,10253853,10253818,35
2020-06-13 01:35:44,mainnet,10253876,10253863,13
2020-06-13 01:37:19,mainnet,10253885,10253879,6
2020-06-13 01:40:29,mainnet,10253902,10253879,23
2020-06-13 01:42:21,mainnet,10253909,10253879,30
2020-06-13 01:45:34,mainnet,10253922,10253879,43
2020-06-13 01:47:36,mainnet,10253930,10253930,0
2020-06-13 01:50:05,mainnet,10253947,10253945,2
2020-06-13 01:55:17,mainnet,10253968,10253954,14
2020-06-13 01:57:52,mainnet,10253978,10253954,24
2020-06-13 01:59:45,mainnet,10253994,10253984,10
2020-06-13 02:02:46,mainnet,10254002,10253999,3
2020-06-13 02:04:56,mainnet,10254011,10254003,8
2020-06-13 02:07:16,mainnet,10254018,10254003,15
2020-06-13 02:11:28,mainnet,10254043,10254031,12
2020-06-13 02:13:40,mainnet,10254050,10254031,19
2020-06-13 02:15:09,mainnet,10254058,10254031,27
2020-06-13 02:17:37,mainnet,10254067,10254031,36
2020-06-13 02:20:36,mainnet,10254080,10254031,49
2020-06-13 02:22:15,mainnet,10254084,10254031,53
2020-06-13 02:24:09,mainnet,10254087,10254084,3
2020-06-13 02:25:35,mainnet,10254096,10254096,0
2020-06-13 02:27:38,mainnet,10254104,10254102,2
2020-06-13 02:30:02,mainnet,10254113,10254108,5
2020-06-13 02:32:09,mainnet,10254124,10254108,16
2020-06-13 02:34:45,mainnet,10254130,10254108,22
2020-06-13 02:36:47,mainnet,10254140,10254137,3
2020-06-13 02:38:14,mainnet,10254148,10254148,0
2020-06-13 02:40:07,mainnet,10254165,10254148,17
2020-06-13 02:42:58,mainnet,10254175,10254148,27
2020-06-13 02:45:08,mainnet,10254181,10254148,33
2020-06-13 02:47:15,mainnet,10254188,10254148,40
2020-06-13 02:49:22,mainnet,10254202,10254200,2
2020-06-13 02:50:49,mainnet,10254211,10254206,5
2020-06-13 02:52:19,mainnet,10254224,10254206,18
2020-06-13 02:54:26,mainnet,10254234,10254206,28
2020-06-13 02:56:22,mainnet,10254244,10254206,38
2020-06-13 02:58:16,mainnet,10254256,10254206,50
2020-06-13 03:01:20,mainnet,10254259,10254257,2
2020-06-13 03:02:43,mainnet,10254268,10254257,11
2020-06-13 03:04:36,mainnet,10254276,10254257,19
2020-06-13 03:07:38,mainnet,10254285,10254257,28
2020-06-13 03:09:19,mainnet,10254296,10254257,39
2020-06-13 03:10:53,mainnet,10254303,10254296,7
2020-06-13 03:12:18,mainnet,10254305,10254304,1
2020-06-13 03:16:35,mainnet,10254324,10254304,20
2020-06-13 03:18:10,mainnet,10254331,10254304,27
2020-06-13 03:21:26,mainnet,10254348,10254304,44
2020-06-13 03:23:37,mainnet,10254354,10254354,0
2020-06-13 03:25:22,mainnet,10254363,10254355,8
2020-06-13 03:27:10,mainnet,10254376,10254355,21
2020-06-13 03:29:51,mainnet,10254387,10254355,32
2020-06-13 03:33:56,mainnet,10254406,10254399,7
2020-06-13 03:35:34,mainnet,10254420,10254399,21
2020-06-13 11:56:09,mainnet,10256661,10254410,2251
2020-06-13 11:57:38,mainnet,10256671,10254410,2261
2020-06-13 12:00:30,mainnet,10256678,10254410,2268
2020-06-13 12:05:59,mainnet,10256702,10254410,2292
2020-06-13 12:08:10,mainnet,10256713,10254410,2303
2020-06-13 12:09:52,mainnet,10256721,10254625,2096
2020-06-13 12:11:38,mainnet,10256728,10254791,1937
2020-06-13 12:15:16,mainnet,10256758,10255045,1713
2020-06-13 12:19:32,mainnet,10256771,10255172,1599
2020-06-13 12:21:21,mainnet,10256782,10255172,1610
2020-06-13 12:24:13,mainnet,10256790,10255211,1579
2020-06-13 12:28:44,mainnet,10256819,10255933,886
2020-06-13 12:31:16,mainnet,10256828,10255933,895
2020-06-13 12:34:00,mainnet,10256833,10255933,900
2020-06-13 12:35:57,mainnet,10256841,10255933,908
2020-06-13 12:37:31,mainnet,10256849,10255933,916
2020-06-13 12:40:54,mainnet,10256864,10255933,931
2020-06-13 12:45:12,mainnet,10256891,10256058,833
2020-06-13 12:49:11,mainnet,10256901,10256058,843
2020-06-13 12:53:22,mainnet,10256913,10256058,855
2020-06-13 12:55:09,mainnet,10256926,10256058,868
2020-06-13 12:59:35,mainnet,10256955,10256058,897
2020-06-13 13:02:37,mainnet,10256967,10256058,909
2020-06-13 13:04:34,mainnet,10256977,10256058,919
2020-06-13 13:07:36,mainnet,10256994,10256058,936
2020-06-13 13:10:58,mainnet,10257003,10256058,945
2020-06-13 13:14:17,mainnet,10257019,10256058,961
2020-06-13 13:16:54,mainnet,10257027,10256058,969
2020-06-13 13:18:33,mainnet,10257035,10256058,977
2020-06-13 13:21:48,mainnet,10257049,10256058,991
2020-06-13 13:24:38,mainnet,10257064,10256180,884
2020-06-13 13:27:25,mainnet,10257075,10256180,895
2020-06-13 13:29:42,mainnet,10257092,10256180,912
2020-06-13 13:33:01,mainnet,10257099,10256180,919
2020-06-13 13:34:51,mainnet,10257107,10256180,927
2020-06-13 13:36:33,mainnet,10257123,10256180,943
2020-06-13 13:39:05,mainnet,10257133,10256180,953
2020-06-13 13:40:53,mainnet,10257148,10256180,968
2020-06-13 13:42:27,mainnet,10257157,10256180,977
2020-06-13 13:48:18,mainnet,10257182,10256180,1002
2020-06-13 13:50:46,mainnet,10257193,10256180,1013
2020-06-13 13:52:55,mainnet,10257204,10256180,1024
2020-06-13 13:55:19,mainnet,10257216,10256180,1036
2020-06-13 13:57:25,mainnet,10257225,10256180,1045
2020-06-13 14:07:39,mainnet,10257269,10256180,1089
2020-06-13 14:09:42,mainnet,10257285,10256294,991
2020-06-13 14:12:08,mainnet,10257294,10256421,873
2020-06-13 14:14:14,mainnet,10257304,10256421,883
2020-06-13 14:19:30,mainnet,10257318,10256673,645
2020-06-13 14:24:16,mainnet,10257331,10256673,658
2020-06-13 14:26:03,mainnet,10257343,10256673,670
2020-06-13 14:30:06,mainnet,10257355,10256673,682
2020-06-13 14:36:40,mainnet,10257383,10256673,710
2020-06-13 14:44:47,mainnet,10257416,10256799,617
2020-06-13 14:48:50,mainnet,10257429,10256912,517
2020-06-13 14:50:20,mainnet,10257438,10256997,441
2020-06-13 14:51:43,mainnet,10257445,10257153,292
2020-06-13 14:57:41,mainnet,10257462,10257387,75
2020-06-13 14:59:20,mainnet,10257472,10257387,85
2020-06-13 15:03:31,mainnet,10257489,10257387,102
2020-06-13 15:05:06,mainnet,10257496,10257496,0
2020-06-13 15:07:00,mainnet,10257507,10257502,5
2020-06-13 15:08:51,mainnet,10257513,10257512,1
2020-06-13 15:10:21,mainnet,10257520,10257517,3
2020-06-13 15:12:58,mainnet,10257531,10257517,14
2020-06-13 15:15:41,mainnet,10257546,10257517,29
2020-06-13 15:22:02,mainnet,10257568,10257517,51
2020-06-13 15:25:14,mainnet,10257581,10257517,64
2020-06-13 15:30:37,mainnet,10257610,10257517,93
2020-06-13 15:35:37,mainnet,10257625,10257517,108
2020-06-13 15:39:23,mainnet,10257638,10257517,121
2020-06-13 15:40:47,mainnet,10257647,10257517,130
2020-06-13 15:44:50,mainnet,10257670,10257517,153
2020-06-13 15:49:47,mainnet,10257689,10257517,172
2020-06-13 15:51:16,mainnet,10257698,10257517,181
2020-06-13 15:56:51,mainnet,10257730,10257517,213
2020-06-13 16:05:52,mainnet,10257772,10257517,255
2020-06-13 16:08:38,mainnet,10257785,10257517,268
2020-06-13 16:11:29,mainnet,10257794,10257517,277
2020-06-13 16:17:07,mainnet,10257820,10257517,303
2020-06-13 16:18:57,mainnet,10257833,10257517,316
2020-06-13 16:20:53,mainnet,10257842,10257517,325
2020-06-13 16:22:36,mainnet,10257856,10257517,339
2020-06-13 16:26:08,mainnet,10257868,10257517,351
2020-06-13 16:31:54,mainnet,10257887,10257517,370
2020-06-13 16:52:10,mainnet,10257992,10257517,475
2020-06-13 16:54:25,mainnet,10258005,10257517,488
2020-06-13 16:57:49,mainnet,10258018,10257517,501
2020-06-13 16:59:50,mainnet,10258025,10257517,508
2020-06-13 17:04:59,mainnet,10258051,10257517,534
2020-06-13 17:09:51,mainnet,10258066,10257517,549
2020-06-13 17:14:46,mainnet,10258096,10257517,579
2020-06-13 17:23:44,mainnet,10258134,10257517,617
2020-06-13 17:27:36,mainnet,10258149,10257517,632
2020-06-13 17:34:18,mainnet,10258182,10257517,665
2020-06-13 17:36:18,mainnet,10258191,10257517,674
2020-06-13 17:38:02,mainnet,10258197,10257517,680
2020-06-13 17:40:01,mainnet,10258201,10257517,684
2020-06-13 17:41:32,mainnet,10258213,10257641,572
2020-06-13 17:46:03,mainnet,10258229,10257656,573
2020-06-13 17:49:05,mainnet,10258238,10257895,343
2020-06-13 17:51:53,mainnet,10258247,10258022,225
2020-06-13 17:54:12,mainnet,10258254,10258022,232
2020-06-13 17:58:59,mainnet,10258279,10258261,18
2020-06-13 18:00:50,mainnet,10258291,10258261,30
2020-06-13 18:03:17,mainnet,10258298,10258261,37
2020-06-13 18:05:38,mainnet,10258316,10258261,55
2020-06-13 18:11:44,mainnet,10258334,10258261,73
2020-06-13 18:13:15,mainnet,10258343,10258261,82
2020-06-13 18:15:10,mainnet,10258353,10258261,92
2020-06-13 18:17:10,mainnet,10258365,10258261,104
2020-06-13 18:18:48,mainnet,10258373,10258261,112
2020-06-13 18:22:34,mainnet,10258395,10258261,134
2020-06-13 18:25:01,mainnet,10258404,10258261,143
2020-06-13 18:37:28,mainnet,10258455,10258261,194
2020-06-13 18:44:29,mainnet,10258485,10258385,100
2020-06-13 18:47:51,mainnet,10258512,10258385,127
2020-06-13 18:51:02,mainnet,10258524,10258512,12
2020-06-13 18:53:59,mainnet,10258531,10258512,19
2020-06-13 18:56:59,mainnet,10258544,10258539,5
2020-06-13 18:58:44,mainnet,10258548,10258539,9
2020-06-13 19:00:16,mainnet,10258563,10258553,10
2020-06-13 19:03:44,mainnet,10258582,10258553,29
2020-06-13 19:06:57,mainnet,10258598,10258553,45
2020-06-13 19:09:22,mainnet,10258613,10258553,60
2020-06-13 19:12:24,mainnet,10258621,10258553,68
2020-06-13 19:14:30,mainnet,10258626,10258553,73
2020-06-13 19:20:02,mainnet,10258653,10258553,100
2020-06-13 19:23:10,mainnet,10258668,10258553,115
2020-06-13 19:25:50,mainnet,10258682,10258553,129
2020-06-13 19:30:29,mainnet,10258697,10258553,144
2020-06-13 19:33:54,mainnet,10258713,10258553,160
2020-06-13 19:40:00,mainnet,10258741,10258553,188
2020-06-13 19:43:25,mainnet,10258757,10258553,204
2020-06-13 19:45:51,mainnet,10258779,10258553,226
2020-06-13 19:48:35,mainnet,10258789,10258553,236
2020-06-13 19:51:13,mainnet,10258795,10258553,242
2020-06-13 19:53:17,mainnet,10258803,10258553,250
2020-06-13 20:01:40,mainnet,10258842,10258553,289
2020-06-13 20:04:29,mainnet,10258853,10258553,300
2020-06-13 20:06:09,mainnet,10258862,10258553,309
2020-06-13 20:10:32,mainnet,10258889,10258553,336
2020-06-13 20:16:21,mainnet,10258906,10258553,353
2020-06-13 20:19:17,mainnet,10258917,10258553,364
2020-06-13 20:22:44,mainnet,10258940,10258553,387
2020-06-13 20:28:08,mainnet,10258972,10258953,19
2020-06-13 20:31:30,mainnet,10258989,10258956,33
2020-06-13 20:34:37,mainnet,10258996,10258989,7
2020-06-13 20:41:01,mainnet,10259019,10259005,14
2020-06-13 20:42:37,mainnet,10259032,10259005,27
2020-06-13 20:44:47,mainnet,10259045,10259005,40
2020-06-13 20:55:08,mainnet,10259096,10259049,47
2020-06-13 20:57:19,mainnet,10259106,10259049,57
2020-06-13 20:59:37,mainnet,10259110,10259049,61
2020-06-13 21:09:44,mainnet,10259166,10259049,117
2020-06-13 21:14:19,mainnet,10259185,10259049,136
2020-06-13 21:18:47,mainnet,10259208,10259049,159
2020-06-13 21:23:21,mainnet,10259229,10259049,180
2020-06-13 21:25:26,mainnet,10259244,10259049,195
2020-06-13 21:35:49,mainnet,10259284,10259049,235
2020-06-13 21:38:03,mainnet,10259294,10259049,245
2020-06-13 21:41:24,mainnet,10259313,10259049,264
2020-06-13 21:46:16,mainnet,10259331,10259049,282
2020-06-13 21:48:49,mainnet,10259336,10259049,287
2020-06-13 21:51:11,mainnet,10259349,10259049,300
2020-06-13 21:53:30,mainnet,10259362,10259049,313
2020-06-13 21:55:42,mainnet,10259367,10259049,318
2020-06-13 21:58:21,mainnet,10259385,10259049,336
2020-06-13 22:00:58,mainnet,10259400,10259049,351
2020-06-13 22:05:27,mainnet,10259413,10259049,364
2020-06-13 22:11:03,mainnet,10259438,10259172,266
2020-06-13 22:14:19,mainnet,10259465,10259438,27
2020-06-13 22:17:13,mainnet,10259482,10259438,44
2020-06-13 22:23:12,mainnet,10259512,10259438,74
2020-06-13 22:26:01,mainnet,10259527,10259516,11
2020-06-13 22:36:51,mainnet,10259585,10259516,69
2020-06-13 22:38:21,mainnet,10259593,10259516,77
2020-06-13 22:54:42,mainnet,10259651,10259516,135
2020-06-13 23:01:35,mainnet,10259683,10259516,167
2020-06-13 23:03:07,mainnet,10259693,10259677,16
2020-06-13 23:08:25,mainnet,10259712,10259677,35
2020-06-13 23:10:01,mainnet,10259717,10259677,40
2020-06-13 23:21:13,mainnet,10259777,10259677,100
2020-06-13 23:26:37,mainnet,10259785,10259677,108
2020-06-13 23:28:42,mainnet,10259795,10259677,118
2020-06-13 23:30:16,mainnet,10259808,10259677,131
2020-06-13 23:36:16,mainnet,10259838,10259689,149
2020-06-13 23:44:02,mainnet,10259873,10259845,28
2020-06-13 23:49:10,mainnet,10259897,10259845,52
2020-06-13 23:51:09,mainnet,10259913,10259845,68
2020-06-14 00:05:01,mainnet,10259974,10259845,129
2020-06-14 00:07:35,mainnet,10259983,10259845,138
2020-06-14 00:13:41,mainnet,10260004,10259845,159
2020-06-14 00:15:58,mainnet,10260019,10259845,174
2020-06-14 00:18:04,mainnet,10260030,10259845,185
2020-06-14 00:22:28,mainnet,10260044,10259845,199
2020-06-14 00:24:11,mainnet,10260052,10259846,206
2020-06-14 00:40:06,mainnet,10260132,10260053,79
2020-06-14 00:44:36,mainnet,10260145,10260145,0
2020-06-14 00:46:55,mainnet,10260148,10260147,1
2020-06-14 00:48:33,mainnet,10260162,10260147,15
2020-06-14 00:51:33,mainnet,10260175,10260147,28
2020-06-14 00:54:17,mainnet,10260177,10260177,0
2020-06-14 00:55:45,mainnet,10260185,10260179,6
2020-06-14 00:58:41,mainnet,10260205,10260196,9
2020-06-14 01:00:51,mainnet,10260212,10260208,4
2020-06-14 01:02:38,mainnet,10260214,10260208,6
2020-06-14 01:04:04,mainnet,10260222,10260219,3
2020-06-14 01:06:30,mainnet,10260230,10260230,0
2020-06-14 01:09:08,mainnet,10260240,10260235,5
2020-06-14 01:11:22,mainnet,10260248,10260235,13
2020-06-14 01:13:26,mainnet,10260259,10260235,24
2020-06-14 01:16:00,mainnet,10260270,10260235,35
2020-06-14 01:17:30,mainnet,10260277,10260235,42
2020-06-14 01:19:42,mainnet,10260284,10260236,48
2020-06-14 01:21:24,mainnet,10260292,10260287,5
2020-06-14 01:22:56,mainnet,10260300,10260287,13
2020-06-14 01:24:31,mainnet,10260314,10260287,27
2020-06-14 01:27:06,mainnet,10260328,10260287,41
2020-06-14 01:30:30,mainnet,10260337,10260287,50
2020-06-14 01:32:18,mainnet,10260346,10260287,59
2020-06-14 01:35:09,mainnet,10260357,10260357,0
2020-06-14 01:36:59,mainnet,10260362,10260358,4
2020-06-14 01:38:58,mainnet,10260372,10260368,4
2020-06-14 01:41:16,mainnet,10260386,10260368,18
2020-06-14 01:44:37,mainnet,10260398,10260398,0
2020-06-14 01:46:10,mainnet,10260403,10260401,2
2020-06-14 01:47:57,mainnet,10260410,10260409,1
2020-06-14 01:49:23,mainnet,10260419,10260410,9
2020-06-14 10:51:07,mainnet,10262893,10260410,2483
2020-06-14 10:54:38,mainnet,10262908,10260410,2498
2020-06-14 10:59:38,mainnet,10262930,10260410,2520
2020-06-14 11:01:10,mainnet,10262942,10260537,2405
2020-06-14 11:03:58,mainnet,10262952,10260726,2226
2020-06-14 11:11:59,mainnet,10262987,10260918,2069
2020-06-14 11:14:49,mainnet,10263005,10260918,2087
2020-06-14 11:17:54,mainnet,10263017,10260918,2099
2020-06-14 11:20:02,mainnet,10263031,10260918,2113
2020-06-14 11:36:07,mainnet,10263104,10260918,2186
2020-06-14 11:38:35,mainnet,10263111,10260918,2193
2020-06-14 11:42:55,mainnet,10263134,10260918,2216
2020-06-14 11:45:13,mainnet,10263145,10261321,1824
2020-06-14 11:49:20,mainnet,10263151,10261423,1728
2020-06-14 11:54:43,mainnet,10263172,10261423,1749
2020-06-14 11:56:22,mainnet,10263196,10261423,1773
2020-06-14 12:01:21,mainnet,10263213,10261423,1790
2020-06-14 12:06:58,mainnet,10263241,10261436,1805
2020-06-14 12:08:50,mainnet,10263258,10261436,1822
2020-06-14 12:12:23,mainnet,10263272,10261436,1836
2020-06-14 12:14:38,mainnet,10263286,10261436,1850
2020-06-14 12:16:37,mainnet,10263290,10261436,1854
2020-06-14 12:19:03,mainnet,10263299,10261436,1863
2020-06-14 12:22:05,mainnet,10263312,10261436,1876
2020-06-14 12:24:03,mainnet,10263327,10261436,1891
2020-06-14 12:39:05,mainnet,10263398,10261436,1962
2020-06-14 12:41:03,mainnet,10263414,10261436,1978
2020-06-14 12:47:13,mainnet,10263435,10261436,1999
2020-06-14 12:49:25,mainnet,10263442,10261436,2006
2020-06-14 12:52:00,mainnet,10263455,10261436,2019
2020-06-14 12:53:53,mainnet,10263462,10261436,2026
2020-06-14 12:55:48,mainnet,10263475,10261436,2039
2020-06-14 13:01:23,mainnet,10263490,10261436,2054
2020-06-14 13:07:01,mainnet,10263522,10261436,2086
2020-06-14 13:11:59,mainnet,10263536,10261436,2100
2020-06-14 13:14:06,mainnet,10263541,10261436,2105
2020-06-14 13:15:32,mainnet,10263556,10261436,2120
2020-06-14 13:19:46,mainnet,10263567,10261436,2131
2020-06-14 13:23:17,mainnet,10263580,10261436,2144
2020-06-14 13:25:50,mainnet,10263598,10261436,2162
2020-06-14 13:29:01,mainnet,10263608,10261436,2172
2020-06-14 13:32:26,mainnet,10263632,10261436,2196
2020-06-14 13:37:36,mainnet,10263645,10261436,2209
2020-06-14 13:40:43,mainnet,10263654,10261436,2218
2020-06-14 13:43:41,mainnet,10263668,10261436,2232
2020-06-14 13:51:08,mainnet,10263702,10261436,2266
2020-06-14 13:53:14,mainnet,10263716,10261436,2280
2020-06-14 13:54:48,mainnet,10263720,10261436,2284
2020-06-14 13:56:53,mainnet,10263728,10261436,2292
2020-06-14 13:59:07,mainnet,10263743,10261436,2307
2020-06-14 14:02:45,mainnet,10263760,10261436,2324
2020-06-14 14:05:21,mainnet,10263773,10261436,2337
2020-06-14 14:07:18,mainnet,10263782,10261436,2346
2020-06-14 14:09:29,mainnet,10263790,10261436,2354
2020-06-14 14:12:58,mainnet,10263798,10261436,2362
2020-06-14 14:15:06,mainnet,10263805,10261436,2369
2020-06-14 14:16:39,mainnet,10263816,10261436,2380
2020-06-14 14:18:54,mainnet,10263828,10261436,2392
2020-06-14 14:25:09,mainnet,10263854,10261436,2418
2020-06-14 14:27:20,mainnet,10263867,10261436,2431
2020-06-14 14:30:03,mainnet,10263879,10261436,2443
2020-06-14 14:36:00,mainnet,10263900,10261436,2464
2020-06-14 14:38:17,mainnet,10263911,10261436,2475
2020-06-14 14:40:03,mainnet,10263917,10261436,2481
2020-06-14 14:42:31,mainnet,10263931,10261436,2495
2020-06-14 15:03:59,mainnet,10264038,10261436,2602
2020-06-14 15:09:40,mainnet,10264056,10261436,2620
2020-06-14 15:13:46,mainnet,10264078,10261436,2642
2020-06-14 15:17:54,mainnet,10264100,10261436,2664
2020-06-14 15:20:10,mainnet,10264110,10261436,2674
2020-06-14 15:23:48,mainnet,10264120,10261436,2684
2020-06-14 15:25:22,mainnet,10264123,10261436,2687
2020-06-14 15:27:07,mainnet,10264135,10261436,2699
2020-06-14 15:30:09,mainnet,10264142,10261436,2706
2020-06-14 15:39:55,mainnet,10264194,10261436,2758
2020-06-14 15:48:34,mainnet,10264239,10261436,2803
2020-06-14 15:52:09,mainnet,10264249,10261544,2705
2020-06-14 15:54:27,mainnet,10264258,10261834,2424
2020-06-14 15:56:04,mainnet,10264263,10262057,2206
2020-06-14 15:57:26,mainnet,10264269,10262071,2198
2020-06-14 15:59:45,mainnet,10264281,10262071,2210
2020-06-14 16:02:03,mainnet,10264286,10262261,2025
2020-06-14 16:03:44,mainnet,10264297,10262482,1815
2020-06-14 16:05:25,mainnet,10264302,10262752,1550
2020-06-14 16:07:43,mainnet,10264314,10262914,1400
2020-06-14 16:10:39,mainnet,10264324,10262914,1410
2020-06-14 16:17:07,mainnet,10264342,10263014,1328
2020-06-14 16:18:55,mainnet,10264350,10263166,1184
2020-06-14 16:20:51,mainnet,10264356,10263166,1190
2020-06-14 16:22:41,mainnet,10264367,10263166,1201
2020-06-14 16:24:46,mainnet,10264376,10263166,1210
2020-06-14 16:26:45,mainnet,10264387,10263166,1221
2020-06-14 16:29:31,mainnet,10264394,10263166,1228
2020-06-14 16:31:38,mainnet,10264401,10263166,1235
2020-06-14 16:33:19,mainnet,10264409,10263166,1243
2020-06-14 16:35:08,mainnet,10264424,10263166,1258
2020-06-14 16:36:36,mainnet,10264435,10263166,1269
2020-06-14 16:38:13,mainnet,10264451,10263166,1285
2020-06-14 16:54:32,mainnet,10264528,10263166,1362
2020-06-14 16:56:27,mainnet,10264534,10263166,1368
2020-06-14 16:58:02,mainnet,10264539,10263233,1306
2020-06-14 16:59:40,mainnet,10264549,10263414,1135
2020-06-14 17:01:14,mainnet,10264555,10263570,985
2020-06-14 17:02:38,mainnet,10264561,10263743,818
2020-06-14 17:04:06,mainnet,10264567,10263937,630
2020-06-14 17:05:43,mainnet,10264573,10264170,403
2020-06-14 17:09:48,mainnet,10264592,10264585,7
2020-06-14 17:11:30,mainnet,10264607,10264588,19
2020-06-14 17:14:09,mainnet,10264617,10264588,29
2020-06-14 17:15:52,mainnet,10264628,10264628,0
2020-06-14 17:18:05,mainnet,10264639,10264628,11
2020-06-14 17:20:18,mainnet,10264644,10264628,16
2020-06-14 17:21:50,mainnet,10264654,10264628,26
2020-06-14 17:23:42,mainnet,10264661,10264628,33
2020-06-14 17:25:09,mainnet,10264666,10264628,38
2020-06-14 17:26:35,mainnet,10264672,10264628,44
2020-06-14 17:29:09,mainnet,10264685,10264675,10
2020-06-14 17:30:54,mainnet,10264694,10264675,19
2020-06-14 17:32:25,mainnet,10264703,10264686,17
2020-06-14 17:33:51,mainnet,10264712,10264686,26
2020-06-14 17:36:32,mainnet,10264716,10264714,2
2020-06-14 17:38:04,mainnet,10264726,10264714,12
2020-06-14 17:39:49,mainnet,10264733,10264714,19
2020-06-14 17:41:50,mainnet,10264741,10264714,27
2020-06-14 17:45:23,mainnet,10264760,10264714,46
2020-06-14 17:47:49,mainnet,10264771,10264714,57
2020-06-14 17:49:57,mainnet,10264776,10264714,62
2020-06-14 17:51:27,mainnet,10264786,10264714,72
2020-06-14 17:53:04,mainnet,10264803,10264714,89
2020-06-14 17:56:07,mainnet,10264809,10264714,95
2020-06-14 17:57:52,mainnet,10264822,10264714,108
2020-06-14 18:00:06,mainnet,10264838,10264714,124
2020-06-14 18:02:40,mainnet,10264844,10264714,130
2020-06-14 18:04:09,mainnet,10264852,10264714,138
2020-06-14 18:05:45,mainnet,10264856,10264856,0
2020-06-14 18:07:22,mainnet,10264861,10264861,0
2020-06-14 18:08:47,mainnet,10264868,10264863,5
2020-06-14 18:10:36,mainnet,10264878,10264864,14
2020-06-14 18:12:43,mainnet,10264896,10264890,6
2020-06-14 18:15:00,mainnet,10264904,10264890,14
2020-06-14 18:18:08,mainnet,10264921,10264890,31
2020-06-14 18:20:04,mainnet,10264931,10264931,0
2020-06-14 18:22:01,mainnet,10264946,10264931,15
2020-06-14 18:24:12,mainnet,10264951,10264931,20
2020-06-14 18:26:14,mainnet,10264960,10264931,29
2020-06-14 18:31:09,mainnet,10264981,10264931,50
2020-06-14 18:33:41,mainnet,10264988,10264988,0
2020-06-14 18:36:14,mainnet,10265005,10264988,17
2020-06-14 18:38:12,mainnet,10265014,10264988,26
2020-06-14 18:40:04,mainnet,10265033,10265023,10
2020-06-14 18:43:52,mainnet,10265044,10265023,21
2020-06-14 18:46:00,mainnet,10265071,10265023,48
2020-06-14 18:49:47,mainnet,10265083,10265023,60
2020-06-14 18:52:28,mainnet,10265098,10265023,75
2020-06-14 18:57:17,mainnet,10265113,10265023,90
2020-06-14 19:01:45,mainnet,10265123,10265023,100
2020-06-14 19:08:07,mainnet,10265146,10265023,123
2020-06-14 19:14:23,mainnet,10265173,10265023,150
2020-06-14 19:19:23,mainnet,10265187,10265023,164
2020-06-14 19:21:58,mainnet,10265196,10265023,173
2020-06-14 19:29:05,mainnet,10265236,10265023,213
2020-06-14 19:31:00,mainnet,10265250,10265023,227
2020-06-14 19:32:54,mainnet,10265255,10265023,232
2020-06-14 19:34:54,mainnet,10265268,10265023,245
2020-06-14 19:40:05,mainnet,10265289,10265023,266
2020-06-14 19:43:52,mainnet,10265302,10265023,279
2020-06-14 19:46:18,mainnet,10265314,10265023,291
2020-06-14 19:48:37,mainnet,10265323,10265023,300
2020-06-14 19:52:37,mainnet,10265341,10265023,318
2020-06-14 19:55:24,mainnet,10265348,10265023,325
2020-06-14 20:05:48,mainnet,10265389,10265023,366
2020-06-14 20:23:07,mainnet,10265452,10265023,429
2020-06-14 20:37:50,mainnet,10265523,10265023,500
2020-06-14 20:53:47,mainnet,10265600,10265023,577
2020-06-14 20:58:49,mainnet,10265633,10265143,490
2020-06-14 21:04:19,mainnet,10265655,10265143,512
2020-06-14 21:05:55,mainnet,10265661,10265143,518
2020-06-14 21:15:57,mainnet,10265710,10265143,567
2020-06-14 21:28:44,mainnet,10265755,10265143,612
2020-06-14 21:38:04,mainnet,10265800,10265143,657
2020-06-14 21:45:33,mainnet,10265834,10265650,184
2020-06-14 21:48:08,mainnet,10265842,10265650,192
2020-06-14 21:50:26,mainnet,10265846,10265650,196
2020-06-14 21:55:13,mainnet,10265869,10265650,219
2020-06-14 22:22:25,mainnet,10265985,10265650,335
2020-06-14 22:26:18,mainnet,10266005,10265650,355
2020-06-14 22:32:58,mainnet,10266038,10265650,388
2020-06-14 22:35:15,mainnet,10266054,10265650,404
2020-06-14 22:43:22,mainnet,10266089,10265650,439
2020-06-14 22:49:54,mainnet,10266121,10265650,471
2020-06-14 23:08:59,mainnet,10266204,10265650,554
2020-06-14 23:15:44,mainnet,10266238,10265650,588
2020-06-14 23:25:20,mainnet,10266283,10265650,633
2020-06-14 23:29:57,mainnet,10266308,10265650,658
2020-06-14 23:31:20,mainnet,10266318,10265650,668
2020-06-14 23:33:46,mainnet,10266337,10265650,687
2020-06-14 23:38:12,mainnet,10266342,10265650,692
2020-06-14 23:40:46,mainnet,10266356,10265650,706
2020-06-14 23:45:27,mainnet,10266383,10265650,733
2020-06-14 23:48:43,mainnet,10266397,10265650,747
2020-06-14 23:50:48,mainnet,10266406,10265650,756
2020-06-14 23:53:18,mainnet,10266420,10265650,770
2020-06-14 23:55:56,mainnet,10266431,10265650,781
2020-06-15 00:00:27,mainnet,10266449,10265650,799
2020-06-15 00:03:00,mainnet,10266459,10265650,809
2020-06-15 17:08:08,mainnet,10271021,10265725,5296
2020-06-15 17:10:19,mainnet,10271028,10265854,5174
2020-06-15 17:12:07,mainnet,10271039,10266031,5008
2020-06-15 17:14:58,mainnet,10271056,10266031,5025
2020-06-15 17:18:09,mainnet,10271060,10266031,5029
2020-06-15 17:19:38,mainnet,10271066,10266031,5035
2020-06-15 17:21:12,mainnet,10271083,10266031,5052
2020-06-15 17:23:53,mainnet,10271101,10266031,5070
2020-06-15 17:27:29,mainnet,10271111,10266031,5080
2020-06-15 17:28:58,mainnet,10271119,10266122,4997
2020-06-15 17:30:40,mainnet,10271132,10266338,4794
2020-06-15 17:32:35,mainnet,10271140,10266527,4613
2020-06-15 17:41:15,mainnet,10271178,10267171,4007
2020-06-15 17:46:45,mainnet,10271206,10267171,4035
2020-06-15 17:48:19,mainnet,10271217,10267171,4046
2020-06-15 17:51:11,mainnet,10271229,10267413,3816
2020-06-15 17:52:54,mainnet,10271245,10267424,3821
2020-06-15 17:54:34,mainnet,10271255,10267620,3635
2020-06-15 17:55:56,mainnet,10271260,10267932,3328
2020-06-15 17:58:45,mainnet,10271273,10267932,3341
2020-06-15 18:00:36,mainnet,10271282,10267932,3350
2020-06-15 18:02:31,mainnet,10271287,10267932,3355
2020-06-15 18:10:51,mainnet,10271319,10267932,3387
2020-06-15 18:13:02,mainnet,10271330,10267932,3398
2020-06-15 18:15:46,mainnet,10271347,10267932,3415
2020-06-15 18:21:35,mainnet,10271374,10267932,3442
2020-06-15 18:25:14,mainnet,10271390,10267932,3458
2020-06-15 18:29:23,mainnet,10271411,10268311,3100
2020-06-15 18:31:03,mainnet,10271419,10268311,3108
2020-06-15 18:33:00,mainnet,10271432,10268311,3121
2020-06-15 18:35:08,mainnet,10271437,10268311,3126
2020-06-15 18:36:30,mainnet,10271442,10268526,2916
2020-06-15 18:38:42,mainnet,10271467,10268812,2655
2020-06-15 18:41:16,mainnet,10271476,10268812,2664
2020-06-15 18:42:45,mainnet,10271478,10268812,2666
2020-06-15 18:44:56,mainnet,10271486,10268812,2674
2020-06-15 18:46:52,mainnet,10271495,10268812,2683
2020-06-15 18:48:38,mainnet,10271511,10268812,2699
2020-06-15 18:50:19,mainnet,10271522,10269172,2350
2020-06-15 18:52:58,mainnet,10271531,10269192,2339
2020-06-15 18:55:12,mainnet,10271543,10269308,2235
2020-06-15 18:57:04,mainnet,10271552,10269314,2238
2020-06-15 18:58:27,mainnet,10271559,10269580,1979
2020-06-15 19:00:00,mainnet,10271568,10269815,1753
2020-06-15 19:02:13,mainnet,10271579,10270088,1491
2020-06-15 19:07:19,mainnet,10271597,10270623,974
2020-06-15 19:08:51,mainnet,10271605,10270850,755
2020-06-15 19:10:57,mainnet,10271609,10270958,651
2020-06-15 19:12:29,mainnet,10271622,10271083,539
2020-06-15 19:15:02,mainnet,10271627,10271147,480
2020-06-15 19:17:31,mainnet,10271642,10271359,283
2020-06-15 19:20:18,mainnet,10271648,10271645,3
2020-06-15 19:22:53,mainnet,10271658,10271647,11
2020-06-15 19:24:35,mainnet,10271668,10271647,21
2020-06-15 19:26:30,mainnet,10271675,10271647,28
2020-06-15 19:28:24,mainnet,10271686,10271647,39
2020-06-15 19:30:12,mainnet,10271690,10271647,43
2020-06-15 19:31:38,mainnet,10271698,10271695,3
2020-06-15 19:33:16,mainnet,10271710,10271695,15
2020-06-15 19:35:02,mainnet,10271727,10271695,32
2020-06-15 19:37:45,mainnet,10271734,10271695,39
2020-06-15 19:39:28,mainnet,10271744,10271695,49
2020-06-15 19:41:56,mainnet,10271752,10271747,5
2020-06-15 19:44:13,mainnet,10271760,10271747,13
2020-06-15 19:46:42,mainnet,10271776,10271747,29
2020-06-15 19:48:59,mainnet,10271776,10271747,29
2020-06-15 19:50:56,mainnet,10271782,10271747,35
2020-06-15 19:52:43,mainnet,10271790,10271785,5
2020-06-15 19:54:50,mainnet,10271796,10271785,11
2020-06-15 19:56:46,mainnet,10271806,10271785,21
2020-06-15 19:59:01,mainnet,10271817,10271785,32
2020-06-15 20:01:01,mainnet,10271823,10271785,38
2020-06-15 20:03:03,mainnet,10271830,10271827,3
2020-06-15 20:04:46,mainnet,10271844,10271827,17
2020-06-15 20:07:17,mainnet,10271852,10271827,25
2020-06-15 20:08:54,mainnet,10271860,10271852,8
2020-06-15 20:10:29,mainnet,10271872,10271852,20
2020-06-15 20:12:19,mainnet,10271878,10271875,3
2020-06-15 20:14:02,mainnet,10271881,10271879,2
2020-06-15 20:16:24,mainnet,10271890,10271879,11
2020-06-15 20:17:55,mainnet,10271903,10271879,24
2020-06-15 20:20:14,mainnet,10271914,10271879,35
2020-06-15 20:22:06,mainnet,10271926,10271879,47
2020-06-15 20:23:46,mainnet,10271935,10271879,56
2020-06-15 20:25:29,mainnet,10271950,10271879,71
2020-06-15 20:28:00,mainnet,10271961,10271879,82
2020-06-15 20:29:59,mainnet,10271971,10271879,92
2020-06-15 20:32:33,mainnet,10271985,10271982,3
2020-06-15 20:35:05,mainnet,10271998,10271982,16
2020-06-15 20:37:29,mainnet,10272006,10272007,-1
2020-06-15 20:39:06,mainnet,10272012,10272007,5
2020-06-15 20:40:31,mainnet,10272017,10272007,10
2020-06-15 20:41:58,mainnet,10272030,10272029,1
2020-06-15 20:44:37,mainnet,10272052,10272029,23
2020-06-15 20:48:06,mainnet,10272060,10272052,8
2020-06-15 20:50:02,mainnet,10272069,10272059,10
2020-06-15 20:51:40,mainnet,10272078,10272059,19
2020-06-15 20:53:07,mainnet,10272083,10272059,24
2020-06-15 20:54:48,mainnet,10272090,10272059,31
2020-06-15 20:56:20,mainnet,10272095,10272059,36
2020-06-15 20:58:03,mainnet,10272101,10272101,0
2020-06-15 20:59:28,mainnet,10272110,10272104,6
2020-06-15 21:00:51,mainnet,10272120,10272115,5
2020-06-15 21:02:50,mainnet,10272130,10272115,15
2020-06-15 21:04:12,mainnet,10272137,10272115,22
2020-06-15 21:06:03,mainnet,10272144,10272138,6
2020-06-15 21:07:44,mainnet,10272153,10272153,0
2020-06-15 21:09:40,mainnet,10272162,10272155,7
2020-06-15 21:13:32,mainnet,10272177,10272177,0
2020-06-15 21:15:51,mainnet,10272193,10272177,16
2020-06-15 21:18:25,mainnet,10272205,10272177,28
2020-06-15 21:19:51,mainnet,10272213,10272177,36
2020-06-15 21:26:27,mainnet,10272242,10272177,65
2020-06-15 21:28:27,mainnet,10272248,10272177,71
2020-06-15 21:30:30,mainnet,10272253,10272252,1
2020-06-15 21:32:03,mainnet,10272260,10272256,4
2020-06-15 21:34:30,mainnet,10272267,10272267,0
2020-06-15 21:36:48,mainnet,10272282,10272267,15
2020-06-15 21:38:46,mainnet,10272292,10272267,25
2020-06-15 21:41:09,mainnet,10272300,10272267,33
2020-06-15 21:42:43,mainnet,10272306,10272305,1
2020-06-15 21:44:30,mainnet,10272311,10272310,1
2020-06-15 21:46:04,mainnet,10272318,10272310,8
2020-06-15 21:48:17,mainnet,10272330,10272329,1
2020-06-15 21:49:59,mainnet,10272348,10272331,17
2020-06-15 21:53:22,mainnet,10272363,10272352,11
2020-06-15 21:55:10,mainnet,10272369,10272352,17
2020-06-15 21:56:38,mainnet,10272382,10272352,30
2020-06-15 21:58:25,mainnet,10272388,10272388,0
2020-06-15 22:00:34,mainnet,10272398,10272388,10
2020-06-15 22:04:41,mainnet,10272425,10272400,25
2020-06-15 22:06:26,mainnet,10272434,10272400,34
2020-06-15 22:07:48,mainnet,10272445,10272400,45
2020-06-15 22:09:39,mainnet,10272448,10272400,48
2020-06-15 22:11:21,mainnet,10272458,10272400,58
2020-06-15 22:13:02,mainnet,10272468,10272400,68
2020-06-15 22:14:45,mainnet,10272477,10272400,77
2020-06-15 22:16:25,mainnet,10272480,10272477,3
2020-06-15 22:18:51,mainnet,10272491,10272477,14
2020-06-15 22:21:00,mainnet,10272496,10272477,19
2020-06-15 22:22:24,mainnet,10272503,10272499,4
2020-06-15 22:24:10,mainnet,10272507,10272506,1
2020-06-15 22:25:58,mainnet,10272514,10272506,8
2020-06-15 22:27:56,mainnet,10272527,10272519,8
2020-06-15 22:30:31,mainnet,10272529,10272529,0
2020-06-15 22:32:20,mainnet,10272543,10272531,12
2020-06-15 22:34:00,mainnet,10272552,10272544,8
2020-06-15 22:35:32,mainnet,10272560,10272560,0
2020-06-15 22:37:10,mainnet,10272567,10272567,0
2020-06-15 22:38:53,mainnet,10272576,10272568,8
2020-06-15 22:40:26,mainnet,10272587,10272582,5
2020-06-15 22:42:26,mainnet,10272593,10272582,11
2020-06-15 22:44:45,mainnet,10272601,10272582,19
2020-06-15 22:46:07,mainnet,10272612,10272602,10
2020-06-15 22:48:09,mainnet,10272622,10272616,6
2020-06-15 22:50:50,mainnet,10272625,10272616,9
2020-06-15 22:52:20,mainnet,10272631,10272631,0
2020-06-15 22:53:43,mainnet,10272638,10272632,6
2020-06-15 22:55:05,mainnet,10272645,10272632,13
2020-06-15 22:56:52,mainnet,10272650,10272649,1
2020-06-15 22:58:30,mainnet,10272659,10272659,0
2020-06-15 22:59:52,mainnet,10272670,10272664,6
2020-06-15 23:02:34,mainnet,10272676,10272672,4
2020-06-15 23:06:20,mainnet,10272689,10272689,0
2020-06-15 23:07:55,mainnet,10272696,10272693,3
2020-06-15 23:09:36,mainnet,10272707,10272703,4
2020-06-15 23:11:17,mainnet,10272714,10272703,11
2020-06-15 23:12:59,mainnet,10272719,10272719,0
2020-06-15 23:14:41,mainnet,10272726,10272721,5
2020-06-15 23:16:04,mainnet,10272734,10272726,8
2020-06-15 23:17:44,mainnet,10272742,10272737,5
2020-06-15 23:19:46,mainnet,10272752,10272737,15
2020-06-15 23:22:05,mainnet,10272760,10272755,5
2020-06-15 23:24:02,mainnet,10272767,10272760,7
2020-06-15 23:26:17,mainnet,10272778,10272774,4
2020-06-15 23:28:50,mainnet,10272790,10272788,2
2020-06-15 23:30:38,mainnet,10272793,10272792,1
2020-06-15 23:32:32,mainnet,10272799,10272792,7
2020-06-15 23:34:22,mainnet,10272805,10272804,1
2020-06-15 23:35:57,mainnet,10272818,10272804,14
2020-06-15 23:38:17,mainnet,10272829,10272804,25
2020-06-15 23:39:54,mainnet,10272836,10272821,15
2020-06-15 23:42:01,mainnet,10272848,10272839,9
2020-06-15 23:43:32,mainnet,10272854,10272854,0
2020-06-15 23:45:09,mainnet,10272861,10272858,3
2020-06-15 23:47:14,mainnet,10272876,10272866,10
2020-06-15 23:49:53,mainnet,10272888,10272888,0
2020-06-15 23:51:19,mainnet,10272898,10272892,6
2020-06-15 23:53:28,mainnet,10272908,10272892,16
2020-06-15 23:54:50,mainnet,10272918,10272911,7
2020-06-15 23:57:18,mainnet,10272930,10272930,0
2020-06-15 23:58:45,mainnet,10272933,10272932,1
2020-06-16 00:00:19,mainnet,10272943,10272932,11
2020-06-16 00:01:51,mainnet,10272958,10272951,7
2020-06-16 00:04:35,mainnet,10272967,10272951,16
2020-06-16 00:06:02,mainnet,10272973,10272969,4
2020-06-16 00:08:07,mainnet,10272983,10272969,14
2020-06-16 08:28:10,mainnet,10275199,10272969,2230
2020-06-16 08:29:56,mainnet,10275209,10272969,2240
2020-06-16 08:31:38,mainnet,10275215,10272969,2246
2020-06-16 08:33:24,mainnet,10275221,10273124,2097
2020-06-16 08:35:06,mainnet,10275237,10273331,1906
2020-06-16 08:37:00,mainnet,10275250,10273551,1699
2020-06-16 08:39:09,mainnet,10275261,10273824,1437
2020-06-16 08:40:56,mainnet,10275267,10274070,1197
2020-06-16 08:42:43,mainnet,10275275,10274348,927
2020-06-16 08:44:31,mainnet,10275282,10274610,672
2020-06-16 08:46:21,mainnet,10275290,10274876,414
2020-06-16 08:48:05,mainnet,10275298,10275134,164
2020-06-16 08:49:46,mainnet,10275306,10275306,0
2020-06-16 08:51:28,mainnet,10275314,10275308,6
2020-06-16 08:53:13,mainnet,10275319,10275316,3
2020-06-16 08:54:59,mainnet,10275330,10275321,9
2020-06-16 08:56:45,mainnet,10275340,10275325,15
2020-06-16 08:58:30,mainnet,10275345,10275325,20
2020-06-16 09:00:30,mainnet,10275350,10275325,25
2020-06-16 09:02:26,mainnet,10275355,10275325,30
2020-06-16 09:04:19,mainnet,10275365,10275325,40
2020-06-16 09:06:01,mainnet,10275373,10275325,48
2020-06-16 09:07:51,mainnet,10275379,10275325,54
2020-06-16 09:09:39,mainnet,10275388,10275325,63
2020-06-16 09:11:28,mainnet,10275394,10275325,69
2020-06-16 09:13:21,mainnet,10275400,10275325,75
2020-06-16 09:15:03,mainnet,10275409,10275325,84
2020-06-16 09:16:44,mainnet,10275413,10275325,88
2020-06-16 09:18:28,mainnet,10275423,10275325,98
2020-06-16 09:20:13,mainnet,10275431,10275325,106
2020-06-16 09:22:02,mainnet,10275444,10275325,119
2020-06-16 09:24:01,mainnet,10275448,10275325,123
2020-06-16 09:25:47,mainnet,10275458,10275325,133
2020-06-16 09:27:43,mainnet,10275463,10275325,138
2020-06-16 09:29:34,mainnet,10275475,10275325,150
2020-06-16 09:31:19,mainnet,10275481,10275325,156
2020-06-16 09:33:10,mainnet,10275494,10275325,169
2020-06-16 09:34:57,mainnet,10275501,10275325,176
2020-06-16 09:36:40,mainnet,10275510,10275325,185
2020-06-16 09:38:23,mainnet,10275514,10275325,189
2020-06-16 09:40:08,mainnet,10275521,10275325,196
2020-06-16 09:41:58,mainnet,10275528,10275325,203
2020-06-16 09:43:53,mainnet,10275540,10275325,215
2020-06-16 09:45:41,mainnet,10275543,10275325,218
2020-06-16 09:47:26,mainnet,10275552,10275325,227
2020-06-16 09:49:22,mainnet,10275565,10275325,240
2020-06-16 09:51:12,mainnet,10275572,10275325,247
2020-06-16 09:52:56,mainnet,10275575,10275325,250
2020-06-16 09:54:50,mainnet,10275583,10275325,258
2020-06-16 09:56:34,mainnet,10275588,10275325,263
2020-06-16 09:58:15,mainnet,10275595,10275325,270
2020-06-16 10:00:01,mainnet,10275603,10275325,278
2020-06-16 10:01:49,mainnet,10275611,10275325,286
2020-06-16 10:03:37,mainnet,10275618,10275325,293
2020-06-16 10:05:25,mainnet,10275624,10275325,299
2020-06-16 10:07:07,mainnet,10275634,10275325,309
2020-06-16 10:08:51,mainnet,10275640,10275325,315
2020-06-16 10:10:34,mainnet,10275645,10275325,320
2020-06-16 10:12:22,mainnet,10275654,10275325,329
2020-06-16 10:14:15,mainnet,10275659,10275325,334
2020-06-16 10:16:11,mainnet,10275665,10275325,340
2020-06-16 10:18:01,mainnet,10275668,10275325,343
2020-06-16 10:19:44,mainnet,10275679,10275325,354
2020-06-16 10:21:24,mainnet,10275685,10275325,360
2020-06-16 10:23:07,mainnet,10275692,10275325,367
2020-06-16 10:24:49,mainnet,10275705,10275325,380
2020-06-16 10:26:37,mainnet,10275713,10275325,388
2020-06-16 10:28:29,mainnet,10275718,10275363,355
2020-06-16 10:29:52,mainnet,10275724,10275560,164
2020-06-16 10:31:19,mainnet,10275733,10275732,1
2020-06-16 10:32:45,mainnet,10275740,10275740,0
2020-06-16 10:34:13,mainnet,10275748,10275748,0
2020-06-16 10:35:39,mainnet,10275755,10275756,-1
2020-06-16 10:37:11,mainnet,10275762,10275761,1
2020-06-16 10:38:40,mainnet,10275769,10275769,0
2020-06-16 10:40:09,mainnet,10275775,10275775,0
2020-06-16 10:41:33,mainnet,10275778,10275779,-1
2020-06-16 10:42:57,mainnet,10275786,10275785,1
2020-06-16 10:44:27,mainnet,10275791,10275791,0
2020-06-16 10:45:54,mainnet,10275797,10275797,0
2020-06-16 10:47:22,mainnet,10275805,10275806,-1
2020-06-16 10:48:52,mainnet,10275813,10275813,0
2020-06-16 10:50:25,mainnet,10275821,10275821,0
2020-06-16 10:51:54,mainnet,10275830,10275830,0
2020-06-16 10:53:20,mainnet,10275834,10275834,0
2020-06-16 10:54:52,mainnet,10275840,10275840,0
2020-06-16 10:56:21,mainnet,10275844,10275844,0
2020-06-16 10:57:51,mainnet,10275851,10275851,0
2020-06-16 10:59:21,mainnet,10275859,10275858,1
2020-06-16 11:00:45,mainnet,10275866,10275866,0
2020-06-16 11:02:14,mainnet,10275870,10275870,0
2020-06-16 11:03:56,mainnet,10275879,10275879,0
2020-06-16 11:05:30,mainnet,10275887,10275887,0
2020-06-16 11:07:02,mainnet,10275899,10275899,0
2020-06-16 11:08:32,mainnet,10275911,10275912,-1
2020-06-16 11:10:00,mainnet,10275918,10275919,-1
2020-06-16 11:11:28,mainnet,10275921,10275921,0
2020-06-16 11:12:58,mainnet,10275925,10275926,-1
2020-06-16 11:14:28,mainnet,10275934,10275934,0
2020-06-16 11:15:57,mainnet,10275941,10275941,0
2020-06-16 11:17:27,mainnet,10275944,10275944,0
2020-06-16 11:18:59,mainnet,10275954,10275954,0
2020-06-16 11:20:30,mainnet,10275963,10275963,0
2020-06-16 11:22:02,mainnet,10275970,10275970,0
2020-06-16 11:23:30,mainnet,10275978,10275978,0
2020-06-16 11:25:04,mainnet,10275984,10275984,0
2020-06-16 11:26:30,mainnet,10275988,10275988,0
2020-06-16 11:28:10,mainnet,10275997,10275997,0
2020-06-16 11:29:37,mainnet,10276004,10276004,0
2020-06-16 11:31:06,mainnet,10276011,10276011,0
2020-06-16 11:32:34,mainnet,10276020,10276020,0
2020-06-16 11:34:07,mainnet,10276028,10276029,-1
2020-06-16 11:35:44,mainnet,10276032,10276032,0
2020-06-16 11:37:22,mainnet,10276038,10276038,0
2020-06-16 11:38:58,mainnet,10276046,10276044,2
2020-06-16 11:40:24,mainnet,10276053,10276053,0
2020-06-16 11:42:00,mainnet,10276057,10276057,0
2020-06-16 11:43:25,mainnet,10276061,10276059,2
2020-06-16 11:44:53,mainnet,10276068,10276069,-1
2020-06-16 11:46:27,mainnet,10276077,10276076,1
2020-06-16 11:47:53,mainnet,10276087,10276087,0
2020-06-16 11:49:22,mainnet,10276092,10276093,-1
2020-06-16 11:50:54,mainnet,10276103,10276103,0
2020-06-16 11:52:22,mainnet,10276112,10276112,0
2020-06-16 11:54:02,mainnet,10276121,10276121,0
2020-06-16 20:43:44,mainnet,10278525,10218204,60321
2020-06-16 20:45:08,mainnet,10278530,10218314,60216
2020-06-16 20:46:41,mainnet,10278539,10218432,60107
2020-06-16 20:48:03,mainnet,10278550,10218586,59964
2020-06-16 20:49:25,mainnet,10278558,10218750,59808
2020-06-16 20:50:48,mainnet,10278561,10218915,59646
2020-06-16 20:52:10,mainnet,10278567,10219109,59458
2020-06-16 20:53:33,mainnet,10278575,10219305,59270
2020-06-16 20:54:56,mainnet,10278580,10219481,59099
2020-06-16 20:56:19,mainnet,10278588,10219655,58933
2020-06-16 20:57:42,mainnet,10278592,10219826,58766
2020-06-16 20:59:05,mainnet,10278603,10219997,58606
2020-06-16 21:00:30,mainnet,10278606,10220206,58400
2020-06-16 21:02:16,mainnet,10278614,10220364,58250
2020-06-16 21:03:39,mainnet,10278617,10220542,58075
2020-06-16 21:05:06,mainnet,10278622,10220711,57911
2020-06-16 21:06:29,mainnet,10278628,10220884,57744
2020-06-16 21:07:54,mainnet,10278631,10220989,57642
2020-06-16 21:09:16,mainnet,10278646,10221087,57559
2020-06-16 21:10:44,mainnet,10278652,10221177,57475
2020-06-16 21:12:08,mainnet,10278660,10221312,57348
2020-06-16 21:13:32,mainnet,10278664,10221463,57201
2020-06-16 21:14:58,mainnet,10278668,10221626,57042
2020-06-16 21:16:21,mainnet,10278674,10221784,56890
2020-06-16 21:17:50,mainnet,10278681,10221944,56737
2020-06-16 21:19:14,mainnet,10278691,10222123,56568
2020-06-16 21:20:45,mainnet,10278700,10222323,56377
2020-06-16 21:22:29,mainnet,10278707,10222502,56205
2020-06-16 21:23:51,mainnet,10278712,10222703,56009
2020-06-16 21:25:15,mainnet,10278716,10222895,55821
2020-06-16 21:26:37,mainnet,10278718,10223080,55638
2020-06-16 21:28:01,mainnet,10278726,10223308,55418
2020-06-16 21:30:00,mainnet,10278729,10223487,55242
2020-06-16 21:31:23,mainnet,10278736,10223648,55088
2020-06-16 21:32:46,mainnet,10278738,10223799,54939
2020-06-16 21:34:08,mainnet,10278741,10223912,54829
2020-06-16 21:35:38,mainnet,10278746,10224018,54728
2020-06-16 21:37:01,mainnet,10278753,10224139,54614
2020-06-16 21:38:24,mainnet,10278758,10224330,54428
2020-06-16 21:39:50,mainnet,10278768,10224493,54275
2020-06-16 21:41:13,mainnet,10278772,10224636,54136
2020-06-16 21:42:37,mainnet,10278776,10224822,53954
2020-06-16 21:44:01,mainnet,10278781,10225016,53765
2020-06-16 21:45:28,mainnet,10278791,10225197,53594
2020-06-16 21:46:52,mainnet,10278797,10225377,53420
2020-06-16 21:48:17,mainnet,10278803,10225570,53233
2020-06-16 21:49:40,mainnet,10278810,10225778,53032
2020-06-16 21:51:08,mainnet,10278817,10225964,52853
2020-06-16 21:52:35,mainnet,10278824,10226130,52694
2020-06-16 21:53:58,mainnet,10278829,10226218,52611
2020-06-16 21:55:22,mainnet,10278835,10226317,52518
2020-06-16 21:56:44,mainnet,10278837,10226394,52443
2020-06-16 21:58:07,mainnet,10278841,10226495,52346
2020-06-16 21:59:30,mainnet,10278846,10226635,52211
2020-06-16 22:00:53,mainnet,10278853,10226822,52031
2020-06-16 22:02:37,mainnet,10278861,10226956,51905
2020-06-16 22:03:59,mainnet,10278865,10227106,51759
2020-06-16 22:05:23,mainnet,10278873,10227258,51615
2020-06-16 22:06:46,mainnet,10278881,10227402,51479
2020-06-16 22:08:08,mainnet,10278883,10227539,51344
2020-06-16 22:09:31,mainnet,10278888,10227700,51188
2020-06-16 22:10:54,mainnet,10278896,10227877,51019
2020-06-16 22:12:19,mainnet,10278905,10228012,50893
2020-06-16 22:13:42,mainnet,10278913,10228180,50733
2020-06-16 22:15:05,mainnet,10278918,10228342,50576
2020-06-16 22:16:28,mainnet,10278924,10228516,50408
2020-06-16 22:17:56,mainnet,10278928,10228650,50278
2020-06-16 22:19:18,mainnet,10278936,10228802,50134
2020-06-16 22:20:42,mainnet,10278943,10228916,50027
2020-06-16 22:22:05,mainnet,10278950,10229013,49937
2020-06-16 22:23:29,mainnet,10278956,10229114,49842
2020-06-16 22:24:52,mainnet,10278960,10229265,49695
2020-06-16 22:26:17,mainnet,10278964,10229427,49537
2020-06-16 22:27:41,mainnet,10278969,10229632,49337
2020-06-16 22:29:04,mainnet,10278978,10229775,49203
2020-06-16 22:30:27,mainnet,10278982,10229966,49016
2020-06-16 22:31:52,mainnet,10278985,10230144,48841
2020-06-16 22:33:14,mainnet,10278990,10230349,48641
2020-06-16 22:34:37,mainnet,10278996,10230549,48447
2020-06-16 22:36:20,mainnet,10279003,10230688,48315
2020-06-16 22:37:44,mainnet,10279008,10230873,48135
2020-06-16 22:39:07,mainnet,10279013,10231053,47960
2020-06-16 22:40:31,mainnet,10279017,10231228,47789
2020-06-16 22:41:54,mainnet,10279024,10231364,47660
2020-06-16 22:43:18,mainnet,10279029,10231476,47553
2020-06-16 22:44:41,mainnet,10279036,10231562,47474
2020-06-16 22:46:04,mainnet,10279045,10231645,47400
2020-06-16 22:47:27,mainnet,10279053,10231735,47318
2020-06-16 22:48:51,mainnet,10279057,10231901,47156
2020-06-16 22:50:14,mainnet,10279064,10232068,46996
2020-06-16 22:51:37,mainnet,10279072,10232208,46864
2020-06-16 22:53:00,mainnet,10279080,10232329,46751
2020-06-16 22:54:22,mainnet,10279085,10232488,46597
2020-06-16 22:55:45,mainnet,10279092,10232643,46449
2020-06-16 22:57:08,mainnet,10279098,10232835,46263
2020-06-16 22:58:30,mainnet,10279106,10233011,46095
2020-06-16 22:59:53,mainnet,10279109,10233180,45929
2020-06-16 23:01:16,mainnet,10279115,10233332,45783
2020-06-16 23:02:38,mainnet,10279122,10233491,45631
2020-06-16 23:04:02,mainnet,10279125,10233614,45511
2020-06-16 23:05:25,mainnet,10279136,10233769,45367
2020-06-16 23:06:49,mainnet,10279142,10233920,45222
2020-06-16 23:08:12,mainnet,10279150,10234030,45120
2020-06-16 23:09:34,mainnet,10279155,10234119,45036
2020-06-16 23:10:59,mainnet,10279162,10234208,44954
2020-06-16 23:12:22,mainnet,10279169,10234320,44849
2020-06-16 23:13:44,mainnet,10279176,10234452,44724
2020-06-16 23:15:06,mainnet,10279183,10234596,44587
2020-06-16 23:16:29,mainnet,10279188,10234729,44459
2020-06-16 23:17:51,mainnet,10279192,10234882,44310
2020-06-16 23:19:13,mainnet,10279195,10235049,44146
2020-06-16 23:20:36,mainnet,10279201,10235206,43995
2020-06-16 23:21:58,mainnet,10279202,10235393,43809
2020-06-16 23:23:21,mainnet,10279206,10235598,43608
2020-06-16 23:24:43,mainnet,10279210,10235791,43419
2020-06-16 23:26:06,mainnet,10279216,10235971,43245
2020-06-16 23:27:29,mainnet,10279219,10236104,43115
2020-06-16 23:28:53,mainnet,10279223,10236293,42930
2020-06-16 23:30:16,mainnet,10279228,10236486,42742
2020-06-16 23:31:50,mainnet,10279233,10236600,42633
2020-06-16 23:33:13,mainnet,10279241,10236713,42528
2020-06-16 23:34:36,mainnet,10279248,10236791,42457
2020-06-16 23:36:00,mainnet,10279249,10236866,42383
2020-06-16 23:37:23,mainnet,10279256,10237000,42256
2020-06-16 23:38:46,mainnet,10279265,10237185,42080
2020-06-16 23:40:11,mainnet,10279268,10237378,41890
2020-06-16 23:41:57,mainnet,10279277,10237520,41757
2020-06-16 23:43:20,mainnet,10279284,10237658,41626
2020-06-16 23:44:42,mainnet,10279290,10237836,41454
2020-06-16 23:46:07,mainnet,10279293,10238021,41272
2020-06-16 23:47:29,mainnet,10279298,10238213,41085
2020-06-16 23:48:52,mainnet,10279301,10238413,40888
2020-06-16 23:50:15,mainnet,10279308,10238582,40726
2020-06-16 23:51:38,mainnet,10279313,10238751,40562
2020-06-16 23:53:01,mainnet,10279321,10238934,40387
2020-06-16 23:54:23,mainnet,10279328,10239080,40248
2020-06-16 23:55:46,mainnet,10279334,10239176,40158
2020-06-16 23:57:08,mainnet,10279340,10239285,40055
2020-06-16 23:58:31,mainnet,10279347,10239349,39998
2020-06-16 23:59:55,mainnet,10279349,10239417,39932
2020-06-17 00:01:18,mainnet,10279355,10239492,39863
2020-06-17 00:02:41,mainnet,10279357,10239620,39737
2020-06-17 00:04:05,mainnet,10279364,10239783,39581
2020-06-17 00:05:29,mainnet,10279370,10239913,39457
2020-06-17 00:06:52,mainnet,10279380,10240055,39325
2020-06-17 00:08:14,mainnet,10279392,10240190,39202
2020-06-17 00:09:38,mainnet,10279397,10240321,39076
2020-06-17 00:11:01,mainnet,10279402,10240433,38969
2020-06-17 00:12:24,mainnet,10279410,10240576,38834
2020-06-17 00:13:48,mainnet,10279417,10240716,38701
2020-06-17 00:15:10,mainnet,10279418,10240867,38551
2020-06-17 00:16:32,mainnet,10279423,10241023,38400
2020-06-17 00:17:54,mainnet,10279433,10241180,38253
2020-06-17 00:19:17,mainnet,10279440,10241339,38101
2020-06-17 00:20:40,mainnet,10279447,10241531,37916
2020-06-17 00:22:02,mainnet,10279455,10241727,37728
2020-06-17 00:23:25,mainnet,10279461,10241844,37617
2020-06-17 00:24:48,mainnet,10279467,10241958,37509
2020-06-17 00:26:11,mainnet,10279473,10242043,37430
2020-06-17 00:27:33,mainnet,10279478,10242135,37343
2020-06-17 00:28:56,mainnet,10279482,10242243,37239
2020-06-17 00:30:18,mainnet,10279486,10242383,37103
2020-06-17 00:31:40,mainnet,10279496,10242546,36950
2020-06-17 00:33:02,mainnet,10279505,10242750,36755
2020-06-17 00:34:34,mainnet,10279511,10242884,36627
2020-06-17 00:35:57,mainnet,10279518,10243047,36471
2020-06-17 00:37:20,mainnet,10279522,10243185,36337
2020-06-17 00:38:42,mainnet,10279532,10243369,36163
2020-06-17 00:40:07,mainnet,10279538,10243547,35991
2020-06-17 00:41:30,mainnet,10279544,10243718,35826
2020-06-17 00:42:53,mainnet,10279552,10243885,35667
2020-06-17 00:44:16,mainnet,10279556,10244053,35503
2020-06-17 00:45:40,mainnet,10279562,10244186,35376
2020-06-17 00:47:02,mainnet,10279566,10244305,35261
2020-06-17 00:48:26,mainnet,10279575,10244414,35161
2020-06-17 00:50:13,mainnet,10279581,10244505,35076
2020-06-17 00:51:38,mainnet,10279585,10244585,35000
2020-06-17 00:53:01,mainnet,10279593,10244683,34910
2020-06-17 00:54:24,mainnet,10279599,10244825,34774
2020-06-17 00:55:46,mainnet,10279603,10245006,34597
2020-06-17 00:57:09,mainnet,10279615,10245179,34436
2020-06-17 00:58:31,mainnet,10279622,10245366,34256
2020-06-17 00:59:54,mainnet,10279631,10245542,34089
2020-06-17 01:01:16,mainnet,10279635,10245715,33920
2020-06-17 01:02:38,mainnet,10279643,10245904,33739
2020-06-17 01:04:01,mainnet,10279647,10246096,33551
2020-06-17 01:05:23,mainnet,10279651,10246231,33420
2020-06-17 01:06:45,mainnet,10279655,10246384,33271
2020-06-17 01:08:08,mainnet,10279659,10246535,33124
2020-06-17 01:09:30,mainnet,10279662,10246650,33012
2020-06-17 01:10:52,mainnet,10279667,10246792,32875
2020-06-17 01:12:15,mainnet,10279676,10246900,32776
2020-06-17 01:13:38,mainnet,10279685,10246975,32710
2020-06-17 01:15:01,mainnet,10279694,10247044,32650
2020-06-17 01:16:24,mainnet,10279706,10247101,32605
2020-06-17 01:17:48,mainnet,10279710,10247163,32547
2020-06-17 01:19:12,mainnet,10279715,10247229,32486
2020-06-17 01:20:36,mainnet,10279720,10247333,32387
2020-06-17 01:21:58,mainnet,10279724,10247480,32244
2020-06-17 01:23:20,mainnet,10279734,10247637,32097
2020-06-17 01:24:42,mainnet,10279741,10247780,31961
2020-06-17 01:26:04,mainnet,10279746,10247947,31799
2020-06-17 01:27:27,mainnet,10279749,10248110,31639
2020-06-17 01:28:49,mainnet,10279751,10248256,31495
2020-06-17 01:30:12,mainnet,10279755,10248444,31311
2020-06-17 01:31:34,mainnet,10279757,10248617,31140
2020-06-17 01:32:57,mainnet,10279765,10248797,30968
2020-06-17 01:34:19,mainnet,10279766,10248959,30807
2020-06-17 01:35:41,mainnet,10279772,10249116,30656
2020-06-17 01:37:03,mainnet,10279779,10249298,30481
2020-06-17 01:38:26,mainnet,10279785,10249453,30332
2020-06-17 01:39:49,mainnet,10279791,10249565,30226
2020-06-17 01:41:12,mainnet,10279800,10249682,30118
2020-06-17 01:42:35,mainnet,10279806,10249776,30030
2020-06-17 01:43:58,mainnet,10279813,10249840,29973
2020-06-17 01:45:22,mainnet,10279823,10249920,29903
2020-06-17 01:46:44,mainnet,10279830,10250062,29768
2020-06-17 01:48:07,mainnet,10279839,10250239,29600
2020-06-17 01:49:29,mainnet,10279846,10250390,29456
2020-06-17 01:50:53,mainnet,10279852,10250562,29290
2020-06-17 01:52:16,mainnet,10279859,10250717,29142
2020-06-17 01:53:40,mainnet,10279867,10250866,29001
2020-06-17 01:55:04,mainnet,10279875,10251040,28835
2020-06-17 01:56:28,mainnet,10279885,10251193,28692
2020-06-17 01:57:50,mainnet,10279890,10251364,28526
2020-06-17 01:59:13,mainnet,10279894,10251502,28392
2020-06-17 02:00:35,mainnet,10279902,10251669,28233
2020-06-17 02:01:59,mainnet,10279911,10251849,28062
2020-06-17 02:03:23,mainnet,10279916,10252029,27887
2020-06-17 02:04:47,mainnet,10279922,10252153,27769
2020-06-17 02:06:11,mainnet,10279931,10252243,27688
2020-06-17 02:07:33,mainnet,10279941,10252313,27628
2020-06-17 02:08:56,mainnet,10279947,10252388,27559
2020-06-17 02:10:25,mainnet,10279950,10252462,27488
2020-06-17 02:11:48,mainnet,10279957,10252588,27369
2020-06-17 02:13:10,mainnet,10279960,10252729,27231
2020-06-17 02:14:32,mainnet,10279967,10252860,27107
2020-06-17 02:15:55,mainnet,10279971,10252979,26992
2020-06-17 02:17:17,mainnet,10279975,10253110,26865
2020-06-17 02:18:40,mainnet,10279981,10253239,26742
2020-06-17 02:20:04,mainnet,10279986,10253363,26623
2020-06-17 02:21:27,mainnet,10279996,10253497,26499
2020-06-17 02:22:49,mainnet,10280009,10253645,26364
2020-06-17 02:24:12,mainnet,10280015,10253790,26225
2020-06-17 02:25:34,mainnet,10280019,10253903,26116
2020-06-17 02:26:56,mainnet,10280024,10254045,25979
2020-06-17 02:28:19,mainnet,10280036,10254182,25854
2020-06-17 02:29:42,mainnet,10280041,10254315,25726
2020-06-17 02:31:04,mainnet,10280044,10254460,25584
2020-06-17 02:32:26,mainnet,10280050,10254643,25407
2020-06-17 02:34:00,mainnet,10280056,10254759,25297
2020-06-17 02:35:23,mainnet,10280065,10254833,25232
2020-06-17 02:36:46,mainnet,10280071,10254938,25133
2020-06-17 02:38:08,mainnet,10280079,10255000,25079
2020-06-17 02:39:31,mainnet,10280083,10255060,25023
2020-06-17 02:40:53,mainnet,10280093,10255143,24950
2020-06-17 02:42:16,mainnet,10280102,10255288,24814
2020-06-17 02:43:38,mainnet,10280111,10255438,24673
2020-06-17 02:45:01,mainnet,10280119,10255604,24515
2020-06-17 02:46:24,mainnet,10280128,10255766,24362
2020-06-17 02:47:46,mainnet,10280133,10255933,24200
2020-06-17 02:49:08,mainnet,10280138,10256071,24067
2020-06-17 02:50:30,mainnet,10280144,10256248,23896
2020-06-17 02:51:55,mainnet,10280151,10256413,23738
2020-06-17 02:53:18,mainnet,10280159,10256584,23575
2020-06-17 02:54:41,mainnet,10280163,10256720,23443
2020-06-17 02:56:04,mainnet,10280171,10256871,23300
2020-06-17 02:57:26,mainnet,10280179,10257037,23142
2020-06-17 02:58:50,mainnet,10280186,10257200,22986
2020-06-17 03:00:13,mainnet,10280197,10257328,22869
2020-06-17 03:01:37,mainnet,10280199,10257433,22766
2020-06-17 03:03:00,mainnet,10280202,10257520,22682
2020-06-17 03:04:22,mainnet,10280207,10257586,22621
2020-06-17 03:05:45,mainnet,10280212,10257698,22514
2020-06-17 03:07:07,mainnet,10280217,10257848,22369
2020-06-17 03:08:30,mainnet,10280221,10258002,22219
2020-06-17 03:09:53,mainnet,10280228,10258164,22064
2020-06-17 03:11:15,mainnet,10280232,10258323,21909
2020-06-17 03:12:39,mainnet,10280237,10258478,21759
2020-06-17 03:14:01,mainnet,10280241,10258618,21623
2020-06-17 03:15:23,mainnet,10280247,10258797,21450
2020-06-17 03:16:46,mainnet,10280251,10258942,21309
2020-06-17 03:18:08,mainnet,10280259,10259106,21153
2020-06-17 03:19:34,mainnet,10280264,10259278,20986
2020-06-17 03:21:01,mainnet,10280269,10259412,20857
2020-06-17 03:22:35,mainnet,10280274,10259603,20671
2020-06-17 03:24:01,mainnet,10280284,10259736,20548
2020-06-17 03:25:29,mainnet,10280289,10259867,20422
2020-06-17 03:26:54,mainnet,10280296,10259962,20334
2020-06-17 03:28:21,mainnet,10280304,10260022,20282
2020-06-17 03:29:45,mainnet,10280309,10260120,20189
2020-06-17 03:31:08,mainnet,10280320,10260188,20132
2020-06-17 03:32:31,mainnet,10280324,10260259,20065
2020-06-17 03:33:54,mainnet,10280328,10260348,19980
2020-06-17 03:35:19,mainnet,10280337,10260518,19819
2020-06-17 03:36:44,mainnet,10280343,10260683,19660
2020-06-17 03:38:10,mainnet,10280345,10260838,19507
2020-06-17 03:39:37,mainnet,10280349,10261006,19343
2020-06-17 03:41:05,mainnet,10280358,10261178,19180
2020-06-17 03:42:29,mainnet,10280364,10261339,19025
2020-06-17 03:43:51,mainnet,10280371,10261477,18894
2020-06-17 03:45:15,mainnet,10280378,10261654,18724
2020-06-17 03:46:39,mainnet,10280382,10261837,18545
2020-06-17 03:48:06,mainnet,10280389,10262038,18351
2020-06-17 03:49:34,mainnet,10280396,10262205,18191
2020-06-17 03:50:57,mainnet,10280402,10262370,18032
2020-06-17 03:52:26,mainnet,10280409,10262548,17861
2020-06-17 03:54:02,mainnet,10280418,10262685,17733
2020-06-17 03:55:32,mainnet,10280426,10262799,17627
2020-06-17 03:57:00,mainnet,10280434,10262900,17534
2020-06-17 03:58:25,mainnet,10280439,10262977,17462
2020-06-17 03:59:53,mainnet,10280451,10263055,17396
2020-06-17 04:01:19,mainnet,10280457,10263182,17275
2020-06-17 04:02:46,mainnet,10280461,10263339,17122
2020-06-17 04:04:12,mainnet,10280468,10263501,16967
2020-06-17 04:05:45,mainnet,10280473,10263653,16820
2020-06-17 04:07:11,mainnet,10280482,10263822,16660
2020-06-17 04:08:43,mainnet,10280488,10263956,16532
2020-06-17 04:10:09,mainnet,10280492,10264128,16364
2020-06-17 04:11:41,mainnet,10280505,10264321,16184
2020-06-17 04:13:10,mainnet,10280510,10264470,16040
2020-06-17 04:14:37,mainnet,10280520,10264635,15885
2020-06-17 04:16:10,mainnet,10280524,10264803,15721
2020-06-17 04:17:36,mainnet,10280529,10264977,15552
2020-06-17 04:19:06,mainnet,10280536,10265147,15389
2020-06-17 04:20:33,mainnet,10280544,10265234,15310
2020-06-17 04:21:56,mainnet,10280546,10265330,15216
2020-06-17 04:23:21,mainnet,10280556,10265398,15158
2020-06-17 04:24:48,mainnet,10280565,10265460,15105
2020-06-17 04:26:12,mainnet,10280574,10265552,15022
2020-06-17 04:27:36,mainnet,10280578,10265730,14848
2020-06-17 04:29:21,mainnet,10280585,10265883,14702
2020-06-17 04:30:44,mainnet,10280593,10266054,14539
2020-06-17 04:32:16,mainnet,10280596,10266217,14379
2020-06-17 04:33:40,mainnet,10280604,10266373,14231
2020-06-17 04:35:10,mainnet,10280610,10266530,14080
2020-06-17 04:36:33,mainnet,10280622,10266692,13930
2020-06-17 04:38:13,mainnet,10280630,10266853,13777
2020-06-17 04:39:43,mainnet,10280640,10267035,13605
2020-06-17 04:41:11,mainnet,10280646,10267212,13434
2020-06-17 04:42:38,mainnet,10280650,10267413,13237
2020-06-17 04:44:11,mainnet,10280653,10267604,13049
2020-06-17 04:45:40,mainnet,10280663,10267800,12863
2020-06-17 04:47:11,mainnet,10280666,10267949,12717
2020-06-17 04:48:39,mainnet,10280669,10268074,12595
2020-06-17 04:50:11,mainnet,10280677,10268158,12519
2020-06-17 04:51:34,mainnet,10280683,10268245,12438
2020-06-17 04:53:01,mainnet,10280689,10268337,12352
2020-06-17 04:54:27,mainnet,10280701,10268533,12168
2020-06-17 04:55:52,mainnet,10280703,10268721,11982
2020-06-17 04:57:17,mainnet,10280706,10268908,11798
2020-06-17 04:58:39,mainnet,10280710,10269116,11594
2020-06-17 05:00:16,mainnet,10280718,10269312,11406
2020-06-17 05:01:44,mainnet,10280726,10269542,11184
2020-06-17 05:03:21,mainnet,10280734,10269748,10986
2020-06-17 05:04:44,mainnet,10280741,10269943,10798
2020-06-17 05:06:11,mainnet,10280748,10270113,10635
2020-06-17 05:07:33,mainnet,10280752,10270280,10472
2020-06-17 05:08:57,mainnet,10280758,10270433,10325
2020-06-17 05:10:28,mainnet,10280766,10270564,10202
2020-06-17 05:11:51,mainnet,10280775,10270671,10104
2020-06-17 05:13:15,mainnet,10280788,10270779,10009
2020-06-17 05:15:01,mainnet,10280794,10270874,9920
2020-06-17 05:16:23,mainnet,10280798,10270968,9830
2020-06-17 05:17:56,mainnet,10280802,10271057,9745
2020-06-17 05:19:21,mainnet,10280806,10271218,9588
2020-06-17 05:20:52,mainnet,10280814,10271378,9436
2020-06-17 05:22:24,mainnet,10280819,10271551,9268
2020-06-17 05:23:58,mainnet,10280825,10271739,9086
2020-06-17 05:25:24,mainnet,10280834,10271902,8932
2020-06-17 05:26:48,mainnet,10280838,10272074,8764
2020-06-17 05:28:12,mainnet,10280847,10272288,8559
2020-06-17 05:29:35,mainnet,10280855,10272453,8402
2020-06-17 05:30:59,mainnet,10280864,10272618,8246
2020-06-17 05:32:23,mainnet,10280868,10272793,8075
2020-06-17 05:33:45,mainnet,10280876,10272959,7917
2020-06-17 05:35:30,mainnet,10280880,10273091,7789
2020-06-17 05:36:53,mainnet,10280882,10273210,7672
2020-06-17 05:38:18,mainnet,10280886,10273303,7583
2020-06-17 05:39:43,mainnet,10280891,10273396,7495
2020-06-17 05:41:08,mainnet,10280896,10273461,7435
2020-06-17 05:42:33,mainnet,10280902,10273535,7367
2020-06-17 05:43:56,mainnet,10280910,10273662,7248
2020-06-17 05:45:24,mainnet,10280920,10273818,7102
2020-06-17 05:46:52,mainnet,10280921,10273977,6944
2020-06-17 05:48:17,mainnet,10280926,10274154,6772
2020-06-17 05:49:41,mainnet,10280930,10274341,6589
2020-06-17 05:51:10,mainnet,10280937,10274549,6388
2020-06-17 05:52:41,mainnet,10280945,10274715,6230
2020-06-17 05:54:04,mainnet,10280958,10274900,6058
2020-06-17 05:55:37,mainnet,10280962,10275120,5842
2020-06-17 05:57:00,mainnet,10280969,10275295,5674
2020-06-17 05:58:23,mainnet,10280975,10275491,5484
2020-06-17 05:59:50,mainnet,10280985,10275692,5293
2020-06-17 06:01:20,mainnet,10280991,10275863,5128
2020-06-17 06:02:52,mainnet,10280999,10275964,5035
2020-06-17 06:04:14,mainnet,10281003,10276056,4947
2020-06-17 06:05:36,mainnet,10281006,10276132,4874
2020-06-17 06:06:59,mainnet,10281009,10276213,4796
2020-06-17 06:08:21,mainnet,10281013,10276307,4706
2020-06-17 06:09:43,mainnet,10281016,10276476,4540
2020-06-17 06:11:06,mainnet,10281022,10276665,4357
2020-06-17 06:12:41,mainnet,10281030,10276835,4195
2020-06-17 06:14:03,mainnet,10281034,10277020,4014
2020-06-17 06:15:25,mainnet,10281035,10277194,3841
2020-06-17 06:16:48,mainnet,10281040,10277372,3668
2020-06-17 06:18:18,mainnet,10281048,10277568,3480
2020-06-17 06:19:46,mainnet,10281058,10277687,3371
2020-06-17 06:21:09,mainnet,10281064,10277877,3187
2020-06-17 06:22:31,mainnet,10281065,10278016,3049
2020-06-17 06:23:54,mainnet,10281072,10278151,2921
2020-06-17 06:25:16,mainnet,10281076,10278264,2812
2020-06-17 06:26:39,mainnet,10281088,10278389,2699
2020-06-17 06:28:01,mainnet,10281096,10278484,2612
2020-06-17 06:29:24,mainnet,10281104,10278551,2553
2020-06-17 06:30:46,mainnet,10281115,10278591,2524
2020-06-17 06:32:09,mainnet,10281121,10278646,2475
2020-06-17 06:33:34,mainnet,10281125,10278737,2388
2020-06-17 06:34:56,mainnet,10281134,10278869,2265
2020-06-17 06:36:19,mainnet,10281140,10278992,2148
2020-06-17 06:37:42,mainnet,10281147,10279119,2028
2020-06-17 06:39:04,mainnet,10281151,10279254,1897
2020-06-17 06:40:27,mainnet,10281163,10279388,1775
2020-06-17 06:41:52,mainnet,10281167,10279524,1643
2020-06-17 06:43:19,mainnet,10281176,10279647,1529
2020-06-17 06:44:41,mainnet,10281180,10279777,1403
2020-06-17 06:46:04,mainnet,10281187,10279929,1258
2020-06-17 06:47:26,mainnet,10281195,10280069,1126
2020-06-17 06:48:49,mainnet,10281198,10280225,973
2020-06-17 06:50:12,mainnet,10281203,10280403,800
2020-06-17 06:51:36,mainnet,10281207,10280577,630
2020-06-17 06:52:59,mainnet,10281218,10280750,468
2020-06-17 06:54:22,mainnet,10281229,10280953,276
2020-06-17 06:55:53,mainnet,10281235,10281070,165
2020-06-17 06:57:32,mainnet,10281245,10281181,64
2020-06-17 06:59:00,mainnet,10281251,10281251,0
2020-06-17 07:00:22,mainnet,10281253,10281253,0
2020-06-17 07:01:53,mainnet,10281260,10281260,0
2020-06-17 07:03:22,mainnet,10281266,10281266,0
2020-06-17 07:04:44,mainnet,10281269,10281269,0
2020-06-17 07:06:10,mainnet,10281276,10281276,0
2020-06-17 07:07:34,mainnet,10281285,10281285,0
2020-06-17 07:09:05,mainnet,10281290,10281290,0
2020-06-17 07:10:41,mainnet,10281296,10281297,-1
2020-06-17 07:12:14,mainnet,10281302,10281301,1
2020-06-17 07:13:40,mainnet,10281312,10281312,0
2020-06-17 07:15:10,mainnet,10281322,10281322,0
2020-06-17 07:16:41,mainnet,10281329,10281329,0
2020-06-17 07:18:09,mainnet,10281331,10281331,0
2020-06-17 07:19:38,mainnet,10281335,10281335,0
2020-06-17 07:21:07,mainnet,10281339,10281339,0
2020-06-17 07:22:34,mainnet,10281343,10281343,0
2020-06-17 07:24:01,mainnet,10281347,10281347,0
2020-06-17 07:25:29,mainnet,10281358,10281359,-1
2020-06-17 07:26:57,mainnet,10281363,10281363,0
2020-06-17 07:28:23,mainnet,10281366,10281366,0
2020-06-17 07:29:53,mainnet,10281371,10281371,0
2020-06-17 07:31:21,mainnet,10281379,10281379,0
2020-06-17 07:32:46,mainnet,10281385,10281385,0
2020-06-17 07:34:11,mainnet,10281386,10281387,-1
2020-06-17 07:35:39,mainnet,10281393,10281393,0
2020-06-17 07:37:06,mainnet,10281397,10281397,0
2020-06-17 07:38:35,mainnet,10281401,10281401,0
2020-06-17 07:40:05,mainnet,10281408,10281408,0
2020-06-17 07:41:33,mainnet,10281416,10281416,0
2020-06-17 07:43:00,mainnet,10281422,10281421,1
2020-06-17 07:44:28,mainnet,10281428,10281429,-1
2020-06-17 07:45:56,mainnet,10281433,10281433,0
2020-06-17 07:47:22,mainnet,10281440,10281442,-2
2020-06-17 07:48:52,mainnet,10281454,10281454,0
2020-06-17 07:50:21,mainnet,10281457,10281457,0
2020-06-17 07:51:50,mainnet,10281462,10281462,0
2020-06-17 07:53:18,mainnet,10281468,10281468,0
2020-06-17 07:54:46,mainnet,10281469,10281469,0
2020-06-17 07:56:11,mainnet,10281476,10281476,0
2020-06-17 07:57:37,mainnet,10281484,10281484,0
2020-06-17 07:59:04,mainnet,10281490,10281489,1
2020-06-17 08:01:05,mainnet,10281496,10281494,2
2020-06-17 08:02:35,mainnet,10281502,10281502,0
2020-06-17 08:04:04,mainnet,10281509,10281510,-1
2020-06-17 08:05:37,mainnet,10281513,10281513,0
2020-06-17 08:07:04,mainnet,10281520,10281520,0
2020-06-17 08:08:26,mainnet,10281526,10281526,0
2020-06-17 08:09:58,mainnet,10281534,10281534,0
2020-06-17 08:11:25,mainnet,10281538,10281538,0
2020-06-17 08:12:50,mainnet,10281543,10281543,0
2020-06-17 08:14:22,mainnet,10281548,10281548,0
2020-06-17 08:15:52,mainnet,10281553,10281553,0
2020-06-17 08:17:23,mainnet,10281562,10281562,0
2020-06-17 08:21:36,mainnet,10281584,10281584,0
2020-06-17 08:23:05,mainnet,10281590,10281588,2
2020-06-17 08:24:34,mainnet,10281597,10281597,0
2020-06-17 08:26:09,mainnet,10281609,10281609,0
2020-06-17 09:12:53,mainnet,10281808,10281616,192
2020-06-17 09:14:17,mainnet,10281815,10281689,126
2020-06-17 09:15:43,mainnet,10281822,10281811,11
2020-06-17 09:17:11,mainnet,10281825,10281824,1
2020-06-17 09:18:45,mainnet,10281831,10281829,2
2020-06-17 09:20:25,mainnet,10281832,10281833,-1
2020-06-17 09:21:54,mainnet,10281842,10281842,0
2020-06-17 09:23:28,mainnet,10281848,10281848,0
2020-06-17 09:25:01,mainnet,10281860,10281859,1
2020-06-17 09:26:34,mainnet,10281863,10281863,0
2020-06-17 09:28:04,mainnet,10281875,10281875,0
2020-06-17 09:29:43,mainnet,10281882,10281881,1
2020-06-17 09:31:19,mainnet,10281888,10281888,0
2020-06-17 09:32:50,mainnet,10281891,10281891,0
2020-06-17 09:34:13,mainnet,10281895,10281895,0
2020-06-17 09:35:44,mainnet,10281901,10281901,0
2020-06-17 09:37:08,mainnet,10281913,10281913,0
2020-06-17 09:38:37,mainnet,10281925,10281922,3
2020-06-17 09:40:10,mainnet,10281929,10281930,-1
2020-06-17 09:41:37,mainnet,10281935,10281936,-1
2020-06-17 09:43:07,mainnet,10281942,10281942,0
2020-06-17 09:44:38,mainnet,10281946,10281946,0
2020-06-17 09:46:02,mainnet,10281950,10281950,0
2020-06-17 09:47:26,mainnet,10281959,10281959,0
2020-06-17 09:48:59,mainnet,10281965,10281965,0
2020-06-17 09:50:27,mainnet,10281972,10281972,0
2020-06-17 09:51:55,mainnet,10281977,10281977,0
2020-06-17 09:53:23,mainnet,10281985,10281984,1
2020-06-17 09:54:54,mainnet,10281999,10281999,0
2020-06-17 09:56:17,mainnet,10282001,10282001,0
2020-06-17 09:57:46,mainnet,10282008,10282008,0
2020-06-17 09:59:18,mainnet,10282018,10282018,0
2020-06-17 10:00:48,mainnet,10282022,10282022,0
2020-06-17 10:02:16,mainnet,10282029,10282029,0
2020-06-17 10:03:46,mainnet,10282037,10282038,-1
2020-06-17 10:05:18,mainnet,10282047,10282047,0
2020-06-17 10:06:45,mainnet,10282053,10282053,0
2020-06-17 10:08:16,mainnet,10282060,10282060,0
2020-06-17 10:09:46,mainnet,10282068,10282068,0
2020-06-17 10:11:16,mainnet,10282075,10282075,0
2020-06-17 10:12:44,mainnet,10282080,10282080,0
2020-06-17 10:14:11,mainnet,10282082,10282082,0
2020-06-17 10:15:41,mainnet,10282088,10282088,0
2020-06-17 10:17:10,mainnet,10282095,10282094,1
2020-06-17 10:18:43,mainnet,10282103,10282101,2
2020-06-17 10:20:16,mainnet,10282109,10282109,0
2020-06-17 10:21:45,mainnet,10282119,10282119,0
2020-06-17 10:23:20,mainnet,10282123,10282122,1
2020-06-17 10:24:52,mainnet,10282127,10282127,0
2020-06-17 10:26:21,mainnet,10282142,10282141,1
2020-06-17 10:27:50,mainnet,10282147,10282147,0
2020-06-17 10:29:23,mainnet,10282153,10282154,-1
2020-06-17 10:30:53,mainnet,10282160,10282160,0
2020-06-17 10:32:29,mainnet,10282168,10282168,0
2020-06-17 10:33:59,mainnet,10282177,10282177,0
2020-06-17 10:35:32,mainnet,10282183,10282184,-1
2020-06-17 10:37:00,mainnet,10282193,10282193,0
2020-06-17 10:38:28,mainnet,10282199,10282199,0
2020-06-17 10:40:01,mainnet,10282203,10282203,0
2020-06-17 10:41:26,mainnet,10282205,10282205,0
2020-06-17 10:42:55,mainnet,10282210,10282210,0
2020-06-17 10:44:29,mainnet,10282217,10282217,0
2020-06-17 10:45:57,mainnet,10282222,10282222,0
2020-06-17 10:47:23,mainnet,10282225,10282226,-1
2020-06-17 10:48:52,mainnet,10282233,10282233,0
2020-06-17 10:50:44,mainnet,10282243,10282243,0
2020-06-17 10:52:10,mainnet,10282251,10282251,0
2020-06-17 10:53:45,mainnet,10282258,10282258,0
2020-06-17 10:55:21,mainnet,10282265,10282265,0
2020-06-17 10:56:49,mainnet,10282271,10282271,0
2020-06-17 10:58:20,mainnet,10282282,10282282,0
2020-06-17 10:59:51,mainnet,10282288,10282288,0
2020-06-17 11:01:20,mainnet,10282300,10282300,0
2020-06-17 11:02:53,mainnet,10282307,10282307,0
2020-06-17 11:04:33,mainnet,10282316,10282316,0
2020-06-17 11:06:04,mainnet,10282325,10282325,0
2020-06-17 11:07:42,mainnet,10282330,10282330,0
2020-06-17 11:09:16,mainnet,10282338,10282338,0
2020-06-17 11:10:46,mainnet,10282343,10282343,0
2020-06-17 11:12:23,mainnet,10282351,10282351,0
2020-06-17 11:13:51,mainnet,10282358,10282357,1
2020-06-17 11:15:22,mainnet,10282367,10282366,1
2020-06-17 11:16:46,mainnet,10282375,10282375,0
2020-06-17 11:18:18,mainnet,10282385,10282383,2
2020-06-17 11:19:51,mainnet,10282390,10282388,2
2020-06-17 11:21:23,mainnet,10282397,10282397,0
2020-06-17 11:22:54,mainnet,10282404,10282404,0
2020-06-17 11:24:28,mainnet,10282410,10282410,0
2020-06-17 11:25:54,mainnet,10282413,10282414,-1
2020-06-17 11:27:23,mainnet,10282420,10282419,1
2020-06-17 11:28:53,mainnet,10282423,10282423,0
2020-06-17 11:30:24,mainnet,10282429,10282429,0
2020-06-17 11:31:54,mainnet,10282437,10282437,0
2020-06-17 11:33:20,mainnet,10282444,10282442,2
2020-06-17 11:34:56,mainnet,10282446,10282446,0
2020-06-17 11:36:19,mainnet,10282450,10282450,0
2020-06-17 11:37:47,mainnet,10282460,10282460,0
2020-06-17 11:39:21,mainnet,10282469,10282468,1
2020-06-17 11:40:57,mainnet,10282475,10282475,0
2020-06-17 11:42:34,mainnet,10282488,10282488,0
2020-06-17 11:44:05,mainnet,10282493,10282493,0
2020-06-17 11:45:37,mainnet,10282502,10282500,2
2020-06-17 11:47:08,mainnet,10282510,10282509,1
2020-06-17 11:48:36,mainnet,10282516,10282513,3
2020-06-17 11:50:07,mainnet,10282524,10282524,0
2020-06-17 11:51:39,mainnet,10282527,10282528,-1
2020-06-17 11:53:10,mainnet,10282537,10282537,0
2020-06-17 11:54:44,mainnet,10282541,10282541,0
2020-06-17 11:56:12,mainnet,10282550,10282550,0
2020-06-17 11:57:43,mainnet,10282556,10282556,0
2020-06-17 11:59:16,mainnet,10282564,10282562,2
2020-06-17 12:00:48,mainnet,10282570,10282573,-3
2020-06-17 12:02:23,mainnet,10282580,10282580,0
2020-06-17 12:03:51,mainnet,10282587,10282587,0
2020-06-17 12:05:21,mainnet,10282592,10282592,0
2020-06-17 12:06:51,mainnet,10282598,10282599,-1
2020-06-17 12:08:26,mainnet,10282602,10282602,0
2020-06-17 12:09:59,mainnet,10282609,10282609,0
2020-06-17 12:11:26,mainnet,10282617,10282618,-1
2020-06-17 12:12:56,mainnet,10282623,10282623,0
2020-06-17 12:14:27,mainnet,10282632,10282633,-1
2020-06-17 12:15:59,mainnet,10282640,10282640,0
2020-06-17 12:17:27,mainnet,10282647,10282645,2
2020-06-17 12:18:58,mainnet,10282652,10282652,0
2020-06-17 12:20:28,mainnet,10282657,10282657,0
2020-06-17 12:22:03,mainnet,10282665,10282665,0
2020-06-17 12:23:34,mainnet,10282676,10282676,0
2020-06-17 12:25:04,mainnet,10282681,10282681,0
2020-06-17 12:26:36,mainnet,10282685,10282685,0
2020-06-17 12:28:06,mainnet,10282689,10282689,0
2020-06-17 12:29:36,mainnet,10282697,10282693,4
2020-06-17 12:31:08,mainnet,10282703,10282703,0
2020-06-17 12:32:49,mainnet,10282712,10282712,0
2020-06-17 12:34:28,mainnet,10282719,10282717,2
2020-06-17 12:35:58,mainnet,10282727,10282727,0
2020-06-17 12:37:35,mainnet,10282733,10282733,0
2020-06-17 12:39:06,mainnet,10282741,10282740,1
2020-06-17 12:40:35,mainnet,10282751,10282751,0
2020-06-17 12:42:04,mainnet,10282756,10282756,0
2020-06-17 12:43:32,mainnet,10282760,10282760,0
2020-06-17 12:45:07,mainnet,10282769,10282769,0
2020-06-17 12:46:39,mainnet,10282776,10282776,0
2020-06-17 12:48:13,mainnet,10282784,10282784,0
2020-06-17 12:49:46,mainnet,10282788,10282788,0
2020-06-17 12:51:14,mainnet,10282801,10282801,0
2020-06-17 12:52:45,mainnet,10282806,10282806,0
2020-06-17 12:54:15,mainnet,10282813,10282808,5
2020-06-17 12:55:48,mainnet,10282822,10282821,1
2020-06-17 12:57:20,mainnet,10282825,10282822,3
2020-06-17 12:58:52,mainnet,10282833,10282822,11
2020-06-17 13:00:22,mainnet,10282840,10282839,1
2020-06-17 13:05:19,mainnet,10282869,10282842,27
2020-06-17 13:06:54,mainnet,10282879,10282842,37
2020-06-17 13:12:57,mainnet,10282906,10282906,0
2020-06-17 13:14:32,mainnet,10282918,10282915,3
2020-06-17 13:16:16,mainnet,10282926,10282926,0
2020-06-17 13:17:48,mainnet,10282930,10282930,0
2020-06-17 13:19:17,mainnet,10282936,10282936,0
2020-06-17 13:20:39,mainnet,10282948,10282948,0
2020-06-17 13:22:01,mainnet,10282953,10282953,0
2020-06-17 13:23:32,mainnet,10282957,10282957,0
2020-06-17 13:24:56,mainnet,10282964,10282964,0
2020-06-17 13:26:18,mainnet,10282967,10282967,0
2020-06-17 13:27:43,mainnet,10282975,10282975,0
2020-06-17 13:29:25,mainnet,10282985,10282983,2
2020-06-17 13:31:02,mainnet,10282993,10282994,-1
2020-06-17 13:32:34,mainnet,10282997,10282997,0
2020-06-17 13:34:00,mainnet,10283009,10283006,3
2020-06-17 13:35:38,mainnet,10283017,10283017,0
2020-06-17 13:37:00,mainnet,10283026,10283026,0
2020-06-17 13:38:28,mainnet,10283034,10283034,0
2020-06-17 13:39:58,mainnet,10283040,10283040,0
2020-06-17 13:41:22,mainnet,10283042,10283042,0
2020-06-17 13:42:46,mainnet,10283048,10283046,2
2020-06-17 13:44:11,mainnet,10283052,10283052,0
2020-06-17 13:45:34,mainnet,10283056,10283056,0
2020-06-17 13:47:00,mainnet,10283063,10283063,0
2020-06-17 13:48:22,mainnet,10283071,10283071,0
2020-06-17 13:49:44,mainnet,10283077,10283076,1
2020-06-17 13:51:12,mainnet,10283082,10283082,0
2020-06-17 13:52:39,mainnet,10283086,10283086,0
2020-06-17 13:54:01,mainnet,10283095,10283093,2
2020-06-17 13:55:24,mainnet,10283105,10283105,0
2020-06-17 13:56:49,mainnet,10283111,10283111,0
2020-06-17 13:58:13,mainnet,10283116,10283114,2
2020-06-17 13:59:43,mainnet,10283123,10283122,1
2020-06-17 14:01:09,mainnet,10283130,10283130,0
2020-06-17 14:03:05,mainnet,10283139,10283138,1
2020-06-17 14:04:32,mainnet,10283145,10283145,0
2020-06-17 14:05:54,mainnet,10283151,10283151,0
2020-06-17 14:07:19,mainnet,10283156,10283156,0
2020-06-17 14:08:43,mainnet,10283164,10283164,0
2020-06-17 14:10:07,mainnet,10283171,10283172,-1
2020-06-17 14:11:31,mainnet,10283177,10283177,0
2020-06-17 14:12:54,mainnet,10283183,10283183,0
2020-06-17 14:14:17,mainnet,10283188,10283188,0
2020-06-17 14:15:40,mainnet,10283196,10283196,0
2020-06-17 14:17:02,mainnet,10283202,10283202,0
2020-06-17 14:18:26,mainnet,10283208,10283208,0
2020-06-17 14:19:59,mainnet,10283214,10283214,0
2020-06-17 14:21:21,mainnet,10283226,10283226,0
2020-06-17 14:22:50,mainnet,10283229,10283229,0
2020-06-17 14:24:21,mainnet,10283236,10283236,0
2020-06-17 14:25:54,mainnet,10283241,10283241,0
2020-06-17 14:27:16,mainnet,10283248,10283248,0
2020-06-17 14:28:47,mainnet,10283254,10283254,0
2020-06-17 14:30:09,mainnet,10283259,10283259,0
2020-06-17 14:31:42,mainnet,10283270,10283270,0
2020-06-17 14:33:16,mainnet,10283280,10283280,0
2020-06-17 14:35:00,mainnet,10283286,10283287,-1
2020-06-17 14:36:42,mainnet,10283295,10283295,0
2020-06-17 14:38:17,mainnet,10283305,10283305,0
2020-06-17 14:39:42,mainnet,10283310,10283310,0
2020-06-17 14:41:05,mainnet,10283317,10283317,0
2020-06-17 14:42:31,mainnet,10283326,10283326,0
2020-06-17 14:44:05,mainnet,10283334,10283335,-1
2020-06-17 14:46:02,mainnet,10283341,10283341,0
2020-06-17 14:47:24,mainnet,10283348,10283348,0
2020-06-17 14:48:51,mainnet,10283356,10283356,0
2020-06-17 14:50:14,mainnet,10283364,10283365,-1
2020-06-17 14:51:37,mainnet,10283368,10283368,0
2020-06-17 14:53:07,mainnet,10283373,10283373,0
2020-06-17 14:54:33,mainnet,10283377,10283377,0
2020-06-17 14:56:10,mainnet,10283385,10283385,0
2020-06-17 14:57:46,mainnet,10283390,10283390,0
2020-06-17 14:59:09,mainnet,10283398,10283398,0
2020-06-17 15:00:32,mainnet,10283407,10283407,0
2020-06-17 15:01:59,mainnet,10283411,10283411,0
2020-06-17 15:03:25,mainnet,10283414,10283414,0
2020-06-17 15:04:57,mainnet,10283422,10283422,0
2020-06-17 15:06:21,mainnet,10283426,10283427,-1
2020-06-17 15:07:43,mainnet,10283434,10283434,0
2020-06-17 15:09:05,mainnet,10283445,10283445,0
2020-06-17 15:10:31,mainnet,10283457,10283457,0
2020-06-17 15:11:55,mainnet,10283458,10283459,-1
2020-06-17 15:13:19,mainnet,10283466,10283467,-1
2020-06-17 15:14:45,mainnet,10283478,10283476,2
2020-06-17 15:16:20,mainnet,10283490,10283489,1
2020-06-17 15:18:09,mainnet,10283495,10283495,0
2020-06-17 15:19:34,mainnet,10283502,10283501,1
2020-06-17 15:21:07,mainnet,10283508,10283509,-1
2020-06-17 15:22:29,mainnet,10283517,10283517,0
2020-06-17 15:23:58,mainnet,10283530,10283529,1
2020-06-17 15:25:27,mainnet,10283532,10283533,-1
2020-06-17 15:26:50,mainnet,10283539,10283539,0
2020-06-17 15:28:42,mainnet,10283545,10283545,0
2020-06-17 15:30:10,mainnet,10283555,10283555,0
2020-06-17 15:31:43,mainnet,10283561,10283561,0
2020-06-17 15:33:09,mainnet,10283570,10283570,0
2020-06-17 15:34:38,mainnet,10283578,10283578,0
2020-06-17 15:36:01,mainnet,10283586,10283587,-1
2020-06-17 15:37:27,mainnet,10283594,10283594,0
2020-06-17 15:38:55,mainnet,10283601,10283601,0
2020-06-17 15:40:56,mainnet,10283611,10283611,0
2020-06-17 15:42:23,mainnet,10283616,10283614,2
2020-06-17 15:43:46,mainnet,10283623,10283623,0
2020-06-17 15:45:10,mainnet,10283629,10283629,0
2020-06-17 15:46:32,mainnet,10283634,10283634,0
2020-06-17 15:48:12,mainnet,10283639,10283639,0
2020-06-17 15:49:34,mainnet,10283642,10283642,0
2020-06-17 15:51:03,mainnet,10283648,10283648,0
2020-06-17 15:52:27,mainnet,10283653,10283653,0
2020-06-17 15:53:50,mainnet,10283659,10283659,0
2020-06-17 15:55:39,mainnet,10283664,10283664,0
2020-06-17 15:57:03,mainnet,10283671,10283671,0
2020-06-17 15:58:26,mainnet,10283680,10283681,-1
2020-06-17 15:59:48,mainnet,10283686,10283686,0
2020-06-17 16:01:16,mainnet,10283692,10283692,0
2020-06-17 16:02:38,mainnet,10283697,10283697,0
2020-06-17 16:04:08,mainnet,10283699,10283699,0
2020-06-17 16:05:32,mainnet,10283705,10283705,0
2020-06-17 16:06:55,mainnet,10283711,10283711,0
2020-06-17 16:08:22,mainnet,10283720,10283712,8
2020-06-17 16:09:48,mainnet,10283728,10283728,0
2020-06-17 16:11:14,mainnet,10283735,10283735,0
2020-06-17 16:12:40,mainnet,10283742,10283742,0
2020-06-17 16:14:07,mainnet,10283749,10283747,2
2020-06-17 16:15:29,mainnet,10283756,10283756,0
2020-06-17 16:16:52,mainnet,10283762,10283762,0
2020-06-17 16:18:18,mainnet,10283765,10283765,0
2020-06-17 16:19:40,mainnet,10283768,10283769,-1
2020-06-17 16:21:05,mainnet,10283775,10283775,0
2020-06-17 16:22:31,mainnet,10283783,10283783,0
2020-06-17 16:24:00,mainnet,10283790,10283790,0
2020-06-17 16:25:32,mainnet,10283794,10283794,0
2020-06-17 16:26:55,mainnet,10283800,10283799,1
2020-06-17 16:28:23,mainnet,10283806,10283799,7
2020-06-17 16:29:49,mainnet,10283809,10283809,0
2020-06-17 16:31:19,mainnet,10283816,10283816,0
2020-06-17 16:32:45,mainnet,10283820,10283820,0
2020-06-17 16:34:08,mainnet,10283827,10283827,0
2020-06-17 16:35:30,mainnet,10283830,10283831,-1
2020-06-17 16:36:57,mainnet,10283837,10283837,0
2020-06-17 16:38:30,mainnet,10283840,10283840,0
2020-06-17 16:39:51,mainnet,10283844,10283844,0
2020-06-17 16:41:14,mainnet,10283849,10283849,0
2020-06-17 16:42:36,mainnet,10283855,10283855,0
2020-06-17 16:44:01,mainnet,10283860,10283859,1
2020-06-17 16:45:40,mainnet,10283865,10283865,0
2020-06-17 16:47:02,mainnet,10283869,10283869,0
2020-06-17 16:48:36,mainnet,10283876,10283876,0
2020-06-17 16:50:04,mainnet,10283886,10283886,0
2020-06-17 16:51:28,mainnet,10283891,10283891,0
2020-06-17 16:52:55,mainnet,10283897,10283897,0
2020-06-17 16:54:29,mainnet,10283905,10283904,1
2020-06-17 16:55:53,mainnet,10283910,10283910,0
2020-06-17 16:57:15,mainnet,10283919,10283919,0
2020-06-17 16:58:39,mainnet,10283927,10283927,0
2020-06-17 17:00:14,mainnet,10283930,10283930,0
2020-06-17 17:01:45,mainnet,10283935,10283935,0
2020-06-17 17:03:13,mainnet,10283941,10283941,0
2020-06-17 17:04:35,mainnet,10283947,10283944,3
2020-06-17 17:06:00,mainnet,10283953,10283951,2
2020-06-17 17:07:24,mainnet,10283960,10283960,0
2020-06-17 17:08:46,mainnet,10283966,10283963,3
2020-06-17 17:10:08,mainnet,10283973,10283972,1
2020-06-17 17:11:34,mainnet,10283981,10283981,0
2020-06-17 17:13:04,mainnet,10283991,10283991,0
2020-06-17 17:14:26,mainnet,10283996,10283996,0
2020-06-17 17:15:52,mainnet,10284003,10284003,0
2020-06-17 17:17:24,mainnet,10284006,10284006,0
2020-06-17 17:18:48,mainnet,10284011,10284011,0
2020-06-17 17:20:17,mainnet,10284018,10284017,1
2020-06-17 17:21:44,mainnet,10284026,10284025,1
2020-06-17 17:23:20,mainnet,10284030,10284030,0
2020-06-17 17:24:48,mainnet,10284037,10284035,2
2020-06-17 17:26:10,mainnet,10284046,10284046,0
2020-06-17 17:27:41,mainnet,10284052,10284052,0
2020-06-17 17:29:05,mainnet,10284059,10284058,1
2020-06-17 17:30:36,mainnet,10284069,10284059,10
2020-06-17 17:32:01,mainnet,10284077,10284074,3
2020-06-17 17:33:33,mainnet,10284083,10284083,0
2020-06-17 17:34:59,mainnet,10284094,10284088,6
2020-06-17 17:36:41,mainnet,10284102,10284102,0
2020-06-17 17:39:04,mainnet,10284107,10284105,2
2020-06-17 17:40:30,mainnet,10284116,10284106,10
2020-06-17 17:42:11,mainnet,10284122,10284118,4
2020-06-17 17:43:41,mainnet,10284128,10284126,2
2020-06-17 17:45:12,mainnet,10284133,10284130,3
2020-06-17 17:46:39,mainnet,10284138,10284139,-1
2020-06-17 17:48:02,mainnet,10284145,10284146,-1
2020-06-17 17:49:25,mainnet,10284152,10284152,0
2020-06-17 17:50:51,mainnet,10284158,10284157,1
2020-06-17 17:52:15,mainnet,10284162,10284157,5
2020-06-17 17:53:38,mainnet,10284171,10284169,2
2020-06-17 17:55:05,mainnet,10284175,10284174,1
2020-06-17 17:56:31,mainnet,10284181,10284180,1
2020-06-17 17:57:55,mainnet,10284185,10284185,0
2020-06-17 17:59:20,mainnet,10284192,10284192,0
2020-06-17 18:00:47,mainnet,10284197,10284197,0
2020-06-17 18:02:12,mainnet,10284199,10284200,-1
2020-06-17 18:03:38,mainnet,10284204,10284204,0
2020-06-17 18:05:01,mainnet,10284213,10284208,5
2020-06-17 18:06:39,mainnet,10284221,10284216,5
2020-06-17 18:08:01,mainnet,10284225,10284225,0
2020-06-17 18:09:28,mainnet,10284232,10284232,0
2020-06-17 18:10:55,mainnet,10284240,10284240,0
2020-06-17 18:12:28,mainnet,10284251,10284251,0
2020-06-17 18:13:52,mainnet,10284256,10284257,-1
2020-06-17 18:15:29,mainnet,10284264,10284264,0
2020-06-17 18:17:00,mainnet,10284273,10284270,3
2020-06-17 18:19:00,mainnet,10284278,10284279,-1
2020-06-17 18:20:27,mainnet,10284289,10284289,0
2020-06-17 18:22:10,mainnet,10284298,10284298,0
2020-06-17 18:23:48,mainnet,10284301,10284302,-1
2020-06-17 18:25:11,mainnet,10284308,10284308,0
2020-06-17 18:26:38,mainnet,10284317,10284314,3
2020-06-17 18:28:00,mainnet,10284323,10284323,0
2020-06-17 18:29:22,mainnet,10284332,10284328,4
2020-06-17 18:30:54,mainnet,10284337,10284337,0
2020-06-17 18:32:17,mainnet,10284345,10284342,3
2020-06-17 18:33:52,mainnet,10284349,10284347,2
2020-06-17 18:35:18,mainnet,10284354,10284352,2
2020-06-17 18:36:41,mainnet,10284361,10284360,1
2020-06-17 18:38:06,mainnet,10284371,10284371,0
2020-06-17 18:39:44,mainnet,10284379,10284377,2
2020-06-17 18:41:12,mainnet,10284385,10284377,8
2020-06-17 18:42:34,mainnet,10284391,10284391,0
2020-06-17 18:44:01,mainnet,10284393,10284393,0
2020-06-17 18:45:23,mainnet,10284398,10284398,0
2020-06-17 18:46:49,mainnet,10284405,10284403,2
2020-06-17 18:48:17,mainnet,10284413,10284413,0
2020-06-17 18:49:44,mainnet,10284422,10284421,1
2020-06-17 18:51:12,mainnet,10284429,10284428,1
2020-06-17 18:52:38,mainnet,10284436,10284437,-1
2020-06-17 18:54:02,mainnet,10284438,10284438,0
2020-06-17 18:55:27,mainnet,10284443,10284443,0
2020-06-17 18:56:57,mainnet,10284447,10284447,0
2020-06-17 18:58:19,mainnet,10284456,10284456,0
2020-06-17 18:59:47,mainnet,10284465,10284465,0
2020-06-17 19:01:10,mainnet,10284470,10284470,0
2020-06-17 19:02:35,mainnet,10284476,10284476,0
2020-06-17 19:04:01,mainnet,10284488,10284486,2
2020-06-17 19:05:30,mainnet,10284493,10284493,0
2020-06-17 19:07:05,mainnet,10284496,10284496,0
2020-06-17 19:08:33,mainnet,10284502,10284502,0
2020-06-17 19:10:03,mainnet,10284510,10284510,0
2020-06-17 19:11:26,mainnet,10284513,10284513,0
2020-06-17 19:12:50,mainnet,10284518,10284518,0
2020-06-17 19:14:20,mainnet,10284520,10284520,0
2020-06-17 19:15:44,mainnet,10284527,10284527,0
2020-06-17 19:17:06,mainnet,10284533,10284529,4
2020-06-17 19:18:28,mainnet,10284535,10284535,0
2020-06-17 19:19:51,mainnet,10284541,10284541,0
2020-06-17 19:21:26,mainnet,10284549,10284550,-1
2020-06-17 19:22:48,mainnet,10284561,10284560,1
2020-06-17 19:24:12,mainnet,10284566,10284563,3
2020-06-17 19:25:36,mainnet,10284570,10284570,0
2020-06-17 19:26:59,mainnet,10284578,10284579,-1
2020-06-17 19:28:55,mainnet,10284584,10284584,0
2020-06-17 19:30:17,mainnet,10284589,10284589,0
2020-06-17 19:31:41,mainnet,10284606,10284606,0
2020-06-17 19:33:04,mainnet,10284612,10284612,0
2020-06-17 19:34:36,mainnet,10284615,10284616,-1
2020-06-17 19:36:07,mainnet,10284625,10284625,0
2020-06-17 19:37:30,mainnet,10284632,10284631,1
2020-06-17 19:38:56,mainnet,10284635,10284635,0
2020-06-17 19:40:20,mainnet,10284643,10284640,3
2020-06-17 19:41:47,mainnet,10284649,10284649,0
2020-06-17 19:43:10,mainnet,10284657,10284656,1
2020-06-17 19:44:38,mainnet,10284660,10284659,1
2020-06-17 19:50:20,mainnet,10284689,10284668,21
2020-06-17 19:52:04,mainnet,10284697,10284690,7
2020-06-17 19:53:47,mainnet,10284706,10284690,16
2020-06-17 19:55:38,mainnet,10284712,10284690,22
2020-06-17 19:57:10,mainnet,10284720,10284690,30
2020-06-17 19:58:57,mainnet,10284727,10284690,37
2020-06-17 20:00:58,mainnet,10284737,10284690,47
2020-06-17 20:02:41,mainnet,10284746,10284740,6
2020-06-17 20:04:28,mainnet,10284749,10284749,0
2020-06-17 20:05:50,mainnet,10284755,10284755,0
2020-06-17 20:07:13,mainnet,10284762,10284762,0
2020-06-17 20:08:35,mainnet,10284767,10284768,-1
2020-06-17 20:10:04,mainnet,10284774,10284774,0
2020-06-17 20:11:32,mainnet,10284781,10284781,0
2020-06-17 20:12:57,mainnet,10284789,10284789,0
2020-06-17 20:14:25,mainnet,10284790,10284790,0
2020-06-17 20:15:50,mainnet,10284792,10284792,0
2020-06-17 20:17:13,mainnet,10284798,10284800,-2
2020-06-17 20:18:41,mainnet,10284807,10284806,1
2020-06-17 20:20:11,mainnet,10284815,10284815,0
2020-06-17 20:21:36,mainnet,10284823,10284823,0
2020-06-17 20:23:00,mainnet,10284829,10284829,0
2020-06-17 20:24:26,mainnet,10284833,10284833,0
2020-06-17 20:25:51,mainnet,10284839,10284839,0
2020-06-17 20:27:17,mainnet,10284848,10284848,0
2020-06-17 20:28:43,mainnet,10284855,10284855,0
2020-06-17 20:30:13,mainnet,10284864,10284864,0
2020-06-17 20:31:37,mainnet,10284871,10284871,0
2020-06-17 20:33:05,mainnet,10284878,10284877,1
2020-06-17 20:34:34,mainnet,10284880,10284880,0
2020-06-17 20:35:57,mainnet,10284888,10284888,0
2020-06-17 20:37:27,mainnet,10284893,10284893,0
2020-06-17 20:38:53,mainnet,10284903,10284901,2
2020-06-17 20:40:22,mainnet,10284910,10284910,0
2020-06-17 20:41:45,mainnet,10284921,10284921,0
2020-06-17 20:43:10,mainnet,10284924,10284924,0
2020-06-17 20:44:40,mainnet,10284934,10284934,0
2020-06-17 20:46:09,mainnet,10284936,10284936,0
2020-06-17 20:47:42,mainnet,10284941,10284941,0
2020-06-17 20:49:08,mainnet,10284945,10284945,0
2020-06-17 20:50:34,mainnet,10284953,10284953,0
2020-06-17 20:52:05,mainnet,10284960,10284961,-1
2020-06-17 20:53:29,mainnet,10284966,10284966,0
2020-06-17 20:54:59,mainnet,10284974,10284974,0
2020-06-17 20:56:25,mainnet,10284979,10284978,1
2020-06-17 20:57:56,mainnet,10284984,10284984,0
2020-06-17 20:59:34,mainnet,10284989,10284989,0
2020-06-17 21:01:00,mainnet,10284994,10284995,-1
2020-06-17 21:02:26,mainnet,10285000,10285001,-1
2020-06-17 21:03:51,mainnet,10285010,10285010,0
2020-06-17 21:05:18,mainnet,10285021,10285021,0
2020-06-17 21:06:43,mainnet,10285026,10285027,-1
2020-06-17 21:08:11,mainnet,10285036,10285037,-1
2020-06-17 21:09:46,mainnet,10285043,10285043,0
2020-06-17 21:11:13,mainnet,10285046,10285046,0
2020-06-17 21:12:37,mainnet,10285053,10285052,1
2020-06-17 21:14:08,mainnet,10285057,10285057,0
2020-06-17 21:15:32,mainnet,10285065,10285065,0
2020-06-17 21:17:00,mainnet,10285073,10285073,0
2020-06-17 21:18:30,mainnet,10285081,10285081,0
2020-06-17 21:19:55,mainnet,10285085,10285085,0
2020-06-17 21:21:22,mainnet,10285093,10285092,1
2020-06-17 21:22:53,mainnet,10285096,10285096,0
2020-06-17 21:24:34,mainnet,10285103,10285101,2
2020-06-17 21:26:10,mainnet,10285109,10285109,0
2020-06-17 21:27:47,mainnet,10285115,10285115,0
2020-06-17 21:29:11,mainnet,10285126,10285123,3
2020-06-17 21:30:37,mainnet,10285131,10285131,0
2020-06-17 21:32:02,mainnet,10285141,10285141,0
2020-06-17 21:33:28,mainnet,10285150,10285150,0
2020-06-17 21:34:51,mainnet,10285155,10285155,0
2020-06-17 21:36:17,mainnet,10285159,10285159,0
2020-06-17 21:37:44,mainnet,10285163,10285163,0
2020-06-17 21:39:08,mainnet,10285172,10285172,0
2020-06-17 21:40:35,mainnet,10285177,10285177,0
2020-06-17 21:42:02,mainnet,10285180,10285180,0
2020-06-17 21:46:21,mainnet,10285203,10285185,18
2020-06-17 21:47:45,mainnet,10285210,10285209,1
2020-06-17 21:49:12,mainnet,10285215,10285215,0
2020-06-17 21:50:40,mainnet,10285220,10285219,1
2020-06-17 21:52:04,mainnet,10285224,10285224,0
2020-06-17 21:53:28,mainnet,10285228,10285227,1
2020-06-17 21:54:54,mainnet,10285235,10285235,0
2020-06-17 21:56:24,mainnet,10285241,10285241,0
2020-06-17 21:57:53,mainnet,10285248,10285247,1
2020-06-17 21:59:16,mainnet,10285252,10285252,0
2020-06-17 22:00:41,mainnet,10285258,10285258,0
2020-06-17 22:02:12,mainnet,10285263,10285263,0
2020-06-17 22:03:35,mainnet,10285268,10285268,0
2020-06-17 22:05:03,mainnet,10285274,10285274,0
2020-06-17 22:06:30,mainnet,10285281,10285281,0
2020-06-17 22:07:58,mainnet,10285286,10285286,0
2020-06-17 22:09:26,mainnet,10285291,10285291,0
2020-06-17 22:10:52,mainnet,10285298,10285298,0
2020-06-17 22:12:16,mainnet,10285302,10285302,0
2020-06-17 22:13:41,mainnet,10285306,10285306,0
2020-06-17 22:15:06,mainnet,10285315,10285315,0
2020-06-17 22:16:33,mainnet,10285319,10285319,0
2020-06-17 22:17:58,mainnet,10285323,10285323,0
2020-06-17 22:19:21,mainnet,10285332,10285333,-1
2020-06-17 22:20:47,mainnet,10285340,10285341,-1
2020-06-17 22:22:10,mainnet,10285346,10285346,0
2020-06-17 22:23:35,mainnet,10285349,10285349,0
2020-06-17 22:25:02,mainnet,10285355,10285354,1
2020-06-17 22:26:24,mainnet,10285358,10285358,0
2020-06-17 22:27:49,mainnet,10285367,10285367,0
2020-06-17 22:29:18,mainnet,10285378,10285378,0
2020-06-17 22:30:45,mainnet,10285385,10285385,0
2020-06-17 22:32:13,mainnet,10285389,10285389,0
2020-06-17 22:33:41,mainnet,10285398,10285398,0
2020-06-17 22:35:07,mainnet,10285405,10285405,0
2020-06-17 22:36:33,mainnet,10285409,10285409,0
2020-06-17 22:38:00,mainnet,10285418,10285418,0
2020-06-17 22:39:26,mainnet,10285426,10285426,0
2020-06-17 22:40:53,mainnet,10285433,10285433,0
2020-06-17 22:42:24,mainnet,10285445,10285445,0
2020-06-17 22:43:49,mainnet,10285451,10285451,0
2020-06-17 22:45:14,mainnet,10285460,10285460,0
2020-06-17 22:46:42,mainnet,10285465,10285465,0
2020-06-17 22:48:13,mainnet,10285475,10285476,-1
2020-06-17 22:49:41,mainnet,10285483,10285483,0
2020-06-17 22:51:07,mainnet,10285491,10285491,0
2020-06-17 22:52:36,mainnet,10285502,10285502,0
2020-06-17 22:53:58,mainnet,10285509,10285509,0
2020-06-17 22:55:26,mainnet,10285514,10285514,0
2020-06-17 22:56:54,mainnet,10285522,10285522,0
2020-06-17 22:58:23,mainnet,10285528,10285528,0
2020-06-17 22:59:50,mainnet,10285534,10285534,0
2020-06-17 23:01:16,mainnet,10285538,10285538,0
2020-06-17 23:02:46,mainnet,10285546,10285546,0
2020-06-17 23:04:15,mainnet,10285551,10285552,-1
2020-06-17 23:05:40,mainnet,10285559,10285559,0
2020-06-17 23:07:06,mainnet,10285569,10285568,1
2020-06-17 23:08:29,mainnet,10285572,10285571,1
2020-06-17 23:09:58,mainnet,10285577,10285577,0
2020-06-17 23:11:24,mainnet,10285584,10285584,0
2020-06-17 23:12:54,mainnet,10285589,10285589,0
2020-06-17 23:14:23,mainnet,10285594,10285593,1
2020-06-17 23:15:52,mainnet,10285601,10285602,-1
2020-06-17 23:17:19,mainnet,10285608,10285607,1
2020-06-17 23:18:50,mainnet,10285610,10285610,0
2020-06-17 23:20:14,mainnet,10285619,10285619,0
2020-06-17 23:21:49,mainnet,10285622,10285622,0
2020-06-17 23:23:11,mainnet,10285627,10285627,0
2020-06-17 23:24:35,mainnet,10285630,10285630,0
2020-06-17 23:26:03,mainnet,10285636,10285636,0
2020-06-17 23:27:26,mainnet,10285637,10285638,-1
2020-06-17 23:28:48,mainnet,10285645,10285645,0
2020-06-17 23:30:13,mainnet,10285653,10285653,0
2020-06-17 23:31:47,mainnet,10285659,10285659,0
2020-06-17 23:33:13,mainnet,10285668,10285668,0
2020-06-17 23:34:45,mainnet,10285672,10285672,0
2020-06-17 23:36:13,mainnet,10285677,10285677,0
2020-06-17 23:37:38,mainnet,10285686,10285686,0
2020-06-17 23:39:04,mainnet,10285696,10285696,0
2020-06-17 23:40:34,mainnet,10285701,10285701,0
2020-06-17 23:41:57,mainnet,10285711,10285711,0
2020-06-17 23:43:20,mainnet,10285719,10285719,0
2020-06-17 23:44:47,mainnet,10285728,10285727,1
2020-06-17 23:46:17,mainnet,10285733,10285733,0
2020-06-17 23:47:44,mainnet,10285740,10285740,0
2020-06-17 23:49:08,mainnet,10285743,10285743,0
2020-06-17 23:50:31,mainnet,10285749,10285749,0
2020-06-17 23:51:53,mainnet,10285755,10285755,0
2020-06-17 23:53:15,mainnet,10285762,10285761,1
2020-06-17 23:54:39,mainnet,10285766,10285766,0
2020-06-17 23:56:01,mainnet,10285774,10285772,2
2020-06-17 23:57:24,mainnet,10285780,10285780,0
2020-06-17 23:58:54,mainnet,10285785,10285785,0
2020-06-18 00:00:17,mainnet,10285787,10285787,0
2020-06-18 00:01:44,mainnet,10285794,10285794,0
2020-06-18 00:03:10,mainnet,10285800,10285800,0
2020-06-18 00:04:35,mainnet,10285810,10285804,6
2020-06-18 00:06:05,mainnet,10285816,10285804,12
2020-06-18 00:07:27,mainnet,10285822,10285822,0
2020-06-18 00:08:49,mainnet,10285832,10285832,0
2020-06-18 00:10:13,mainnet,10285840,10285840,0
2020-06-18 00:11:38,mainnet,10285844,10285844,0
2020-06-18 00:13:03,mainnet,10285850,10285850,0
2020-06-18 00:14:30,mainnet,10285860,10285860,0
2020-06-18 00:15:53,mainnet,10285866,10285866,0
2020-06-18 00:17:16,mainnet,10285871,10285871,0
2020-06-18 00:18:43,mainnet,10285875,10285875,0
2020-06-18 00:20:08,mainnet,10285881,10285880,1
2020-06-18 00:21:31,mainnet,10285889,10285888,1
2020-06-18 00:22:57,mainnet,10285898,10285898,0
2020-06-18 00:24:21,mainnet,10285906,10285905,1
2020-06-18 00:25:45,mainnet,10285914,10285914,0
2020-06-18 00:27:11,mainnet,10285921,10285921,0
2020-06-18 00:28:34,mainnet,10285926,10285926,0
2020-06-18 00:30:00,mainnet,10285929,10285929,0
2020-06-18 00:31:22,mainnet,10285937,10285937,0
2020-06-18 00:32:46,mainnet,10285943,10285943,0
2020-06-18 00:34:13,mainnet,10285951,10285951,0
2020-06-18 00:35:35,mainnet,10285952,10285952,0
2020-06-18 00:36:57,mainnet,10285958,10285957,1
2020-06-18 00:38:21,mainnet,10285967,10285967,0
2020-06-18 00:39:47,mainnet,10285972,10285972,0
2020-06-18 00:41:11,mainnet,10285975,10285975,0
2020-06-18 00:43:01,mainnet,10285985,10285985,0
2020-06-18 00:44:29,mainnet,10285993,10285991,2
2020-06-18 00:45:53,mainnet,10285999,10285999,0
2020-06-18 00:47:18,mainnet,10286009,10286009,0
2020-06-18 00:48:40,mainnet,10286018,10286018,0
2020-06-18 00:50:04,mainnet,10286022,10286022,0
2020-06-18 00:51:27,mainnet,10286024,10286024,0
2020-06-18 00:52:49,mainnet,10286034,10286034,0
2020-06-18 00:54:11,mainnet,10286038,10286038,0
2020-06-18 00:55:39,mainnet,10286046,10286046,0
2020-06-18 00:57:12,mainnet,10286052,10286052,0
2020-06-18 00:58:38,mainnet,10286058,10286056,2
2020-06-18 01:00:16,mainnet,10286061,10286061,0
2020-06-18 01:01:40,mainnet,10286067,10286066,1
2020-06-18 01:03:03,mainnet,10286073,10286073,0
2020-06-18 01:04:27,mainnet,10286086,10286086,0
2020-06-18 01:05:52,mainnet,10286091,10286091,0
2020-06-18 01:07:16,mainnet,10286097,10286097,0
2020-06-18 01:08:39,mainnet,10286105,10286105,0
2020-06-18 01:10:06,mainnet,10286112,10286112,0
2020-06-18 01:11:30,mainnet,10286116,10286116,0
2020-06-18 01:12:54,mainnet,10286121,10286121,0
2020-06-18 01:14:17,mainnet,10286133,10286133,0
2020-06-18 01:15:40,mainnet,10286139,10286139,0
2020-06-18 01:17:05,mainnet,10286144,10286143,1
2020-06-18 01:18:29,mainnet,10286149,10286149,0
2020-06-18 01:19:51,mainnet,10286155,10286155,0
2020-06-18 01:21:13,mainnet,10286159,10286159,0
2020-06-18 01:22:38,mainnet,10286166,10286164,2
2020-06-18 01:24:04,mainnet,10286170,10286170,0
2020-06-18 01:25:26,mainnet,10286176,10286175,1
2020-06-18 01:26:52,mainnet,10286182,10286182,0
2020-06-18 01:28:14,mainnet,10286195,10286195,0
2020-06-18 01:29:46,mainnet,10286199,10286199,0
2020-06-18 01:31:10,mainnet,10286201,10286201,0
2020-06-18 01:32:33,mainnet,10286213,10286210,3
2020-06-18 01:34:02,mainnet,10286218,10286218,0
2020-06-18 01:35:26,mainnet,10286220,10286220,0
2020-06-18 01:36:49,mainnet,10286222,10286222,0
2020-06-18 01:38:11,mainnet,10286231,10286231,0
2020-06-18 01:39:33,mainnet,10286245,10286245,0
2020-06-18 01:41:09,mainnet,10286247,10286247,0
2020-06-18 01:42:34,mainnet,10286253,10286253,0
2020-06-18 09:00:06,mainnet,10288236,10281616,6620
2020-06-18 09:01:28,mainnet,10288243,10281706,6537
2020-06-18 09:02:54,mainnet,10288247,10281837,6410
2020-06-18 09:04:25,mainnet,10288254,10282073,6181
2020-06-18 09:05:58,mainnet,10288259,10282234,6025
2020-06-18 09:07:19,mainnet,10288265,10282413,5852
2020-06-18 09:08:43,mainnet,10288273,10282600,5673
2020-06-18 09:10:05,mainnet,10288277,10282776,5501
2020-06-18 09:11:27,mainnet,10288282,10282947,5335
2020-06-18 09:12:51,mainnet,10288288,10283154,5134
2020-06-18 09:14:16,mainnet,10288295,10283322,4973
2020-06-18 09:15:38,mainnet,10288307,10283513,4794
2020-06-18 09:17:02,mainnet,10288312,10283704,4608
2020-06-18 09:18:24,mainnet,10288320,10283885,4435
2020-06-18 09:19:46,mainnet,10288330,10284067,4263
2020-06-18 09:21:08,mainnet,10288344,10284234,4110
2020-06-18 09:22:33,mainnet,10288349,10284322,4027
2020-06-18 09:23:55,mainnet,10288353,10284421,3932
2020-06-18 09:25:17,mainnet,10288356,10284598,3758
2020-06-18 09:26:41,mainnet,10288361,10284747,3614
2020-06-18 09:28:04,mainnet,10288368,10284896,3472
2020-06-18 09:29:26,mainnet,10288376,10285003,3373
2020-06-18 09:30:51,mainnet,10288381,10285142,3239
2020-06-18 09:32:13,mainnet,10288387,10285272,3115
2020-06-18 09:33:41,mainnet,10288391,10285394,2997
2020-06-18 09:35:07,mainnet,10288400,10285522,2878
2020-06-18 09:36:29,mainnet,10288405,10285651,2754
2020-06-18 09:37:51,mainnet,10288411,10285781,2630
2020-06-18 09:39:16,mainnet,10288418,10285923,2495
2020-06-18 09:40:40,mainnet,10288423,10286072,2351
2020-06-18 09:42:07,mainnet,10288431,10286218,2213
2020-06-18 09:43:29,mainnet,10288438,10286361,2077
2020-06-18 09:44:51,mainnet,10288445,10286520,1925
2020-06-18 09:46:14,mainnet,10288449,10286660,1789
2020-06-18 09:47:36,mainnet,10288458,10286823,1635
2020-06-18 09:48:58,mainnet,10288465,10286947,1518
2020-06-18 09:50:30,mainnet,10288471,10287037,1434
2020-06-18 09:51:52,mainnet,10288476,10287113,1363
2020-06-18 09:53:14,mainnet,10288484,10287197,1287
2020-06-18 09:54:36,mainnet,10288493,10287326,1167
2020-06-18 09:55:58,mainnet,10288496,10287505,991
2020-06-18 09:57:20,mainnet,10288502,10287673,829
2020-06-18 09:58:43,mainnet,10288506,10287842,664
2020-06-18 10:00:05,mainnet,10288514,10288011,503
2020-06-18 10:01:27,mainnet,10288519,10288187,332
2020-06-18 10:02:49,mainnet,10288523,10288328,195
2020-06-18 10:04:11,mainnet,10288531,10288474,57
2020-06-18 10:05:47,mainnet,10288536,10288536,0
2020-06-18 10:07:23,mainnet,10288547,10288547,0
2020-06-18 10:09:15,mainnet,10288554,10288553,1
2020-06-18 10:10:38,mainnet,10288559,10288559,0
2020-06-18 10:12:00,mainnet,10288562,10288562,0
2020-06-18 10:13:22,mainnet,10288567,10288567,0
2020-06-18 10:14:44,mainnet,10288575,10288575,0
2020-06-18 10:16:35,mainnet,10288581,10288581,0
2020-06-18 10:17:57,mainnet,10288586,10288586,0
2020-06-18 10:24:13,mainnet,10288624,10288589,35
2020-06-18 10:30:17,mainnet,10288644,10288589,55
2020-06-18 10:31:39,mainnet,10288646,10288589,57
2020-06-18 10:33:04,mainnet,10288652,10288652,0
2020-06-18 10:34:39,mainnet,10288661,10288661,0
2020-06-18 10:36:21,mainnet,10288664,10288664,0
2020-06-18 10:37:43,mainnet,10288667,10288667,0
2020-06-18 10:39:08,mainnet,10288676,10288669,7
2020-06-18 10:40:44,mainnet,10288681,10288681,0
2020-06-18 10:42:07,mainnet,10288688,10288688,0
2020-06-18 10:43:29,mainnet,10288697,10288697,0
2020-06-18 10:45:05,mainnet,10288703,10288703,0
2020-06-18 10:46:27,mainnet,10288710,10288708,2
2020-06-18 10:47:56,mainnet,10288712,10288712,0
2020-06-18 10:49:18,mainnet,10288720,10288720,0
2020-06-18 10:50:42,mainnet,10288726,10288726,0
2020-06-18 10:52:09,mainnet,10288733,10288733,0
2020-06-18 10:53:31,mainnet,10288740,10288742,-2
2020-06-18 10:55:00,mainnet,10288749,10288749,0
2020-06-18 10:56:22,mainnet,10288759,10288760,-1
2020-06-18 10:57:44,mainnet,10288768,10288769,-1
2020-06-18 10:59:07,mainnet,10288777,10288777,0
2020-06-18 11:00:53,mainnet,10288789,10288786,3
2020-06-18 11:02:22,mainnet,10288799,10288799,0
2020-06-18 11:03:51,mainnet,10288810,10288808,2
2020-06-18 11:05:41,mainnet,10288814,10288814,0
2020-06-18 11:07:04,mainnet,10288818,10288818,0
2020-06-18 11:08:58,mainnet,10288822,10288823,-1
2020-06-18 11:10:24,mainnet,10288829,10288829,0
2020-06-18 11:11:52,mainnet,10288835,10288837,-2
2020-06-18 11:13:24,mainnet,10288839,10288840,-1
2020-06-18 11:14:53,mainnet,10288847,10288847,0
2020-06-18 11:16:15,mainnet,10288853,10288853,0
2020-06-18 11:17:40,mainnet,10288857,10288857,0
2020-06-18 11:19:02,mainnet,10288865,10288865,0
2020-06-18 11:20:30,mainnet,10288869,10288869,0
2020-06-18 11:21:52,mainnet,10288870,10288870,0
2020-06-18 11:23:15,mainnet,10288874,10288874,0
2020-06-18 11:24:49,mainnet,10288879,10288879,0
2020-06-18 11:26:16,mainnet,10288884,10288884,0
2020-06-18 11:27:39,mainnet,10288888,10288888,0
2020-06-18 11:29:02,mainnet,10288892,10288892,0
2020-06-18 11:30:26,mainnet,10288896,10288896,0
2020-06-18 11:31:48,mainnet,10288902,10288903,-1
2020-06-18 11:33:11,mainnet,10288907,10288907,0
2020-06-18 11:34:33,mainnet,10288914,10288914,0
2020-06-18 11:36:11,mainnet,10288920,10288920,0
2020-06-18 11:37:33,mainnet,10288928,10288929,-1
2020-06-18 11:38:55,mainnet,10288934,10288934,0
2020-06-18 11:40:26,mainnet,10288939,10288940,-1
2020-06-18 11:41:48,mainnet,10288947,10288947,0
2020-06-18 11:43:10,mainnet,10288959,10288959,0
2020-06-18 11:44:37,mainnet,10288965,10288965,0
2020-06-18 11:46:03,mainnet,10288971,10288971,0
2020-06-18 11:47:32,mainnet,10288974,10288974,0
2020-06-18 11:48:56,mainnet,10288984,10288984,0
2020-06-18 11:50:32,mainnet,10288991,10288991,0
2020-06-18 11:52:06,mainnet,10288997,10288997,0
2020-06-18 11:53:30,mainnet,10289002,10289002,0
2020-06-18 11:54:55,mainnet,10289006,10289006,0
2020-06-18 11:56:31,mainnet,10289013,10289013,0
2020-06-18 11:57:56,mainnet,10289016,10289017,-1
2020-06-18 11:59:23,mainnet,10289023,10289023,0
2020-06-18 12:00:47,mainnet,10289031,10289031,0
2020-06-18 12:02:21,mainnet,10289034,10289035,-1
2020-06-18 12:03:43,mainnet,10289043,10289043,0
2020-06-18 12:05:06,mainnet,10289051,10289051,0
2020-06-18 12:06:32,mainnet,10289055,10289055,0
2020-06-18 12:08:07,mainnet,10289062,10289063,-1
2020-06-18 12:09:29,mainnet,10289072,10289072,0
2020-06-18 12:11:00,mainnet,10289080,10289079,1
2020-06-18 12:12:42,mainnet,10289091,10289091,0
2020-06-18 12:14:04,mainnet,10289100,10289100,0
2020-06-18 12:15:39,mainnet,10289109,10289109,0
2020-06-18 12:17:06,mainnet,10289113,10289113,0
2020-06-18 12:18:28,mainnet,10289119,10289117,2
2020-06-18 12:19:55,mainnet,10289124,10289125,-1
2020-06-18 12:21:27,mainnet,10289130,10289130,0
2020-06-18 12:22:49,mainnet,10289135,10289135,0
2020-06-18 12:24:18,mainnet,10289142,10289142,0
2020-06-18 12:25:50,mainnet,10289148,10289148,0
2020-06-18 12:27:13,mainnet,10289153,10289153,0
2020-06-18 12:28:35,mainnet,10289166,10289166,0
2020-06-18 12:30:00,mainnet,10289171,10289171,0
2020-06-18 12:31:22,mainnet,10289177,10289176,1
2020-06-18 12:32:45,mainnet,10289184,10289184,0
2020-06-18 12:34:07,mainnet,10289192,10289192,0
2020-06-18 12:35:47,mainnet,10289199,10289198,1
2020-06-18 12:37:09,mainnet,10289206,10289206,0
2020-06-18 12:38:36,mainnet,10289212,10289212,0
2020-06-18 12:40:04,mainnet,10289217,10289217,0
2020-06-18 12:41:28,mainnet,10289227,10289227,0
2020-06-18 12:42:51,mainnet,10289231,10289231,0
2020-06-18 12:44:17,mainnet,10289235,10289235,0
2020-06-18 12:45:40,mainnet,10289240,10289240,0
2020-06-18 12:47:13,mainnet,10289248,10289248,0
2020-06-18 12:48:35,mainnet,10289257,10289255,2
2020-06-18 12:50:08,mainnet,10289264,10289264,0
2020-06-18 12:51:31,mainnet,10289269,10289269,0
2020-06-18 12:52:57,mainnet,10289276,10289275,1
2020-06-18 12:54:27,mainnet,10289284,10289284,0
2020-06-18 12:55:49,mainnet,10289295,10289291,4
2020-06-18 12:57:15,mainnet,10289299,10289299,0
2020-06-18 12:58:40,mainnet,10289303,10289303,0
2020-06-18 13:00:02,mainnet,10289306,10289306,0
2020-06-18 13:01:24,mainnet,10289311,10289311,0
2020-06-18 13:02:46,mainnet,10289318,10289319,-1
2020-06-18 13:04:12,mainnet,10289325,10289325,0
2020-06-18 13:05:36,mainnet,10289333,10289330,3
2020-06-18 13:06:58,mainnet,10289339,10289340,-1
2020-06-18 13:08:20,mainnet,10289348,10289348,0
2020-06-18 13:10:04,mainnet,10289350,10289350,0
2020-06-18 13:11:28,mainnet,10289357,10289357,0
2020-06-18 13:12:51,mainnet,10289362,10289362,0
2020-06-18 13:14:13,mainnet,10289368,10289368,0
2020-06-18 13:15:40,mainnet,10289377,10289376,1
2020-06-18 13:17:06,mainnet,10289384,10289384,0
2020-06-18 13:18:28,mainnet,10289391,10289391,0
2020-06-18 13:20:12,mainnet,10289398,10289398,0
2020-06-18 13:21:41,mainnet,10289406,10289405,1
2020-06-18 13:23:12,mainnet,10289415,10289415,0
2020-06-18 13:24:48,mainnet,10289420,10289420,0
2020-06-18 13:26:10,mainnet,10289429,10289429,0
2020-06-18 13:27:34,mainnet,10289431,10289431,0
2020-06-18 13:28:57,mainnet,10289437,10289437,0
2020-06-18 13:30:33,mainnet,10289441,10289442,-1
2020-06-18 13:31:56,mainnet,10289448,10289448,0
2020-06-18 13:33:21,mainnet,10289455,10289455,0
2020-06-18 13:35:05,mainnet,10289463,10289463,0
2020-06-18 13:36:38,mainnet,10289469,10289470,-1
2020-06-18 13:38:03,mainnet,10289480,10289480,0
2020-06-18 13:39:42,mainnet,10289482,10289482,0
2020-06-18 13:41:16,mainnet,10289489,10289489,0
2020-06-18 13:42:43,mainnet,10289494,10289494,0
2020-06-18 13:44:05,mainnet,10289501,10289501,0
2020-06-18 13:45:30,mainnet,10289506,10289506,0
2020-06-18 13:46:52,mainnet,10289510,10289510,0
2020-06-18 13:48:14,mainnet,10289515,10289515,0
2020-06-18 13:49:51,mainnet,10289518,10289518,0
2020-06-18 13:51:14,mainnet,10289526,10289526,0
2020-06-18 13:52:47,mainnet,10289534,10289533,1
2020-06-18 13:54:18,mainnet,10289541,10289541,0
2020-06-18 13:55:51,mainnet,10289544,10289545,-1
2020-06-18 13:57:17,mainnet,10289550,10289550,0
2020-06-18 13:58:40,mainnet,10289558,10289558,0
2020-06-18 14:00:10,mainnet,10289563,10289563,0
2020-06-18 14:01:32,mainnet,10289569,10289569,0
2020-06-18 14:03:03,mainnet,10289576,10289576,0
2020-06-18 14:04:37,mainnet,10289584,10289582,2
2020-06-18 14:06:16,mainnet,10289590,10289590,0
2020-06-18 14:07:39,mainnet,10289598,10289598,0
2020-06-18 14:09:08,mainnet,10289606,10289606,0
2020-06-18 14:10:42,mainnet,10289609,10289609,0
2020-06-18 14:12:18,mainnet,10289612,10289612,0
2020-06-18 14:13:51,mainnet,10289615,10289615,0
2020-06-18 14:15:21,mainnet,10289625,10289624,1
2020-06-18 14:16:51,mainnet,10289631,10289632,-1
2020-06-18 14:18:14,mainnet,10289640,10289640,0
2020-06-18 14:19:40,mainnet,10289655,10289654,1
2020-06-18 14:21:20,mainnet,10289660,10289660,0
2020-06-18 14:22:44,mainnet,10289668,10289668,0
2020-06-18 14:24:31,mainnet,10289672,10289672,0
2020-06-18 14:25:53,mainnet,10289679,10289676,3
2020-06-18 14:27:32,mainnet,10289687,10289688,-1
2020-06-18 14:28:54,mainnet,10289696,10289696,0
2020-06-18 14:30:16,mainnet,10289703,10289702,1
2020-06-18 14:31:56,mainnet,10289710,10289710,0
2020-06-18 14:33:21,mainnet,10289717,10289717,0
2020-06-18 14:34:47,mainnet,10289720,10289720,0
2020-06-18 14:36:10,mainnet,10289726,10289726,0
2020-06-18 14:37:44,mainnet,10289730,10289730,0
2020-06-18 14:39:20,mainnet,10289737,10289736,1
2020-06-18 14:40:42,mainnet,10289742,10289742,0
2020-06-18 14:42:18,mainnet,10289743,10289743,0
2020-06-18 14:43:45,mainnet,10289749,10289749,0
2020-06-18 14:45:09,mainnet,10289756,10289756,0
2020-06-18 14:46:33,mainnet,10289762,10289762,0
2020-06-18 14:47:56,mainnet,10289768,10289768,0
2020-06-18 14:49:26,mainnet,10289772,10289772,0
2020-06-18 14:50:48,mainnet,10289779,10289779,0
2020-06-18 14:52:12,mainnet,10289786,10289786,0
2020-06-18 14:53:34,mainnet,10289796,10289795,1
2020-06-18 14:54:56,mainnet,10289801,10289801,0
2020-06-18 14:56:23,mainnet,10289804,10289804,0
2020-06-18 14:57:45,mainnet,10289818,10289815,3
2020-06-18 14:59:18,mainnet,10289826,10289826,0
2020-06-18 15:00:41,mainnet,10289833,10289832,1
2020-06-18 15:02:03,mainnet,10289839,10289839,0
2020-06-18 15:03:27,mainnet,10289851,10289850,1
2020-06-18 15:04:55,mainnet,10289858,10289858,0
2020-06-18 15:06:27,mainnet,10289866,10289866,0
2020-06-18 15:08:01,mainnet,10289873,10289874,-1
2020-06-18 15:09:27,mainnet,10289880,10289880,0
2020-06-18 15:10:49,mainnet,10289886,10289886,0
2020-06-18 15:12:37,mainnet,10289891,10289891,0
2020-06-18 15:14:00,mainnet,10289898,10289898,0
2020-06-18 15:15:27,mainnet,10289899,10289899,0
2020-06-18 15:16:49,mainnet,10289910,10289910,0
2020-06-18 15:18:21,mainnet,10289919,10289918,1
2020-06-18 15:19:55,mainnet,10289922,10289922,0
2020-06-18 15:21:29,mainnet,10289927,10289926,1
2020-06-18 15:23:01,mainnet,10289932,10289930,2
2020-06-18 15:24:24,mainnet,10289937,10289937,0
2020-06-18 15:25:47,mainnet,10289946,10289946,0
2020-06-18 15:27:12,mainnet,10289957,10289958,-1
2020-06-18 15:28:44,mainnet,10289964,10289964,0
2020-06-18 15:30:13,mainnet,10289969,10289969,0
2020-06-18 15:31:38,mainnet,10289978,10289978,0
2020-06-18 15:33:03,mainnet,10289982,10289982,0
2020-06-18 15:34:26,mainnet,10289990,10289990,0
2020-06-18 15:35:49,mainnet,10289996,10289996,0
2020-06-18 15:37:11,mainnet,10290000,10290000,0
2020-06-18 15:38:34,mainnet,10290002,10290001,1
2020-06-18 15:39:57,mainnet,10290009,10290008,1
2020-06-18 15:41:29,mainnet,10290016,10290016,0
2020-06-18 15:42:51,mainnet,10290024,10290024,0
2020-06-18 15:44:43,mainnet,10290029,10290029,0
2020-06-18 15:46:24,mainnet,10290034,10290033,1
2020-06-18 15:47:47,mainnet,10290042,10290042,0
2020-06-18 15:49:19,mainnet,10290049,10290050,-1
2020-06-18 15:50:41,mainnet,10290054,10290055,-1
2020-06-18 15:52:09,mainnet,10290062,10290062,0
2020-06-18 15:53:36,mainnet,10290068,10290067,1
2020-06-18 15:55:05,mainnet,10290071,10290071,0
2020-06-18 15:56:29,mainnet,10290076,10290076,0
2020-06-18 15:58:00,mainnet,10290080,10290080,0
2020-06-18 15:59:24,mainnet,10290086,10290086,0
2020-06-18 16:00:46,mainnet,10290096,10290096,0
2020-06-18 16:02:18,mainnet,10290103,10290102,1
2020-06-18 16:03:41,mainnet,10290110,10290110,0
2020-06-18 16:05:05,mainnet,10290117,10290117,0
2020-06-18 16:06:28,mainnet,10290122,10290122,0
2020-06-18 16:08:02,mainnet,10290130,10290130,0
2020-06-18 16:09:25,mainnet,10290137,10290137,0
2020-06-18 16:10:53,mainnet,10290144,10290145,-1
2020-06-18 16:12:43,mainnet,10290155,10290155,0
2020-06-18 16:14:10,mainnet,10290161,10290161,0
2020-06-18 16:15:35,mainnet,10290171,10290171,0
2020-06-18 16:17:20,mainnet,10290182,10290179,3
2020-06-18 16:18:56,mainnet,10290188,10290188,0
2020-06-18 16:20:31,mainnet,10290196,10290196,0
2020-06-18 16:21:54,mainnet,10290201,10290201,0
2020-06-18 16:23:16,mainnet,10290206,10290207,-1
2020-06-18 16:24:39,mainnet,10290213,10290213,0
2020-06-18 16:30:14,mainnet,10290235,10290230,5
2020-06-18 16:31:48,mainnet,10290247,10290247,0
2020-06-18 16:33:27,mainnet,10290255,10290254,1
2020-06-18 16:34:55,mainnet,10290268,10290268,0
2020-06-18 16:36:17,mainnet,10290271,10290271,0
2020-06-18 16:37:43,mainnet,10290277,10290277,0
2020-06-18 16:39:10,mainnet,10290286,10290286,0
2020-06-18 16:40:33,mainnet,10290295,10290294,1
2020-06-18 16:42:14,mainnet,10290299,10290299,0
2020-06-18 16:43:37,mainnet,10290301,10290301,0
2020-06-18 16:45:00,mainnet,10290307,10290307,0
2020-06-18 16:46:23,mainnet,10290311,10290311,0
2020-06-18 16:47:45,mainnet,10290317,10290317,0
2020-06-18 16:49:15,mainnet,10290322,10290322,0
2020-06-18 16:50:37,mainnet,10290332,10290332,0
2020-06-18 16:52:04,mainnet,10290340,10290340,0
2020-06-18 16:53:26,mainnet,10290346,10290346,0
2020-06-18 16:54:51,mainnet,10290352,10290352,0
2020-06-18 16:56:14,mainnet,10290361,10290360,1
2020-06-18 16:57:43,mainnet,10290369,10290368,1
2020-06-18 16:59:11,mainnet,10290372,10290372,0
2020-06-18 17:00:37,mainnet,10290376,10290376,0
2020-06-18 17:02:08,mainnet,10290380,10290380,0
2020-06-18 17:03:31,mainnet,10290385,10290385,0
2020-06-18 17:05:02,mainnet,10290393,10290393,0
2020-06-18 17:06:25,mainnet,10290399,10290399,0
2020-06-18 17:08:07,mainnet,10290402,10290402,0
2020-06-18 17:09:29,mainnet,10290407,10290407,0
2020-06-18 17:10:54,mainnet,10290412,10290412,0
2020-06-18 17:12:16,mainnet,10290416,10290414,2
2020-06-18 17:13:41,mainnet,10290421,10290421,0
2020-06-18 17:15:03,mainnet,10290425,10290425,0
2020-06-18 17:16:26,mainnet,10290429,10290429,0
2020-06-18 17:17:51,mainnet,10290433,10290433,0
2020-06-18 17:19:14,mainnet,10290437,10290436,1
2020-06-18 17:20:36,mainnet,10290443,10290443,0
2020-06-18 17:22:17,mainnet,10290451,10290451,0
2020-06-18 17:23:47,mainnet,10290458,10290458,0
2020-06-18 17:25:13,mainnet,10290465,10290465,0
2020-06-18 17:26:38,mainnet,10290470,10290470,0
2020-06-18 17:28:04,mainnet,10290477,10290477,0
2020-06-18 17:29:28,mainnet,10290482,10290483,-1
2020-06-18 17:30:50,mainnet,10290487,10290487,0
2020-06-18 17:32:12,mainnet,10290495,10290496,-1
2020-06-18 17:33:35,mainnet,10290503,10290503,0
2020-06-18 17:34:57,mainnet,10290508,10290508,0
2020-06-18 17:36:25,mainnet,10290514,10290514,0
2020-06-18 17:37:52,mainnet,10290522,10290522,0
2020-06-18 17:39:31,mainnet,10290528,10290528,0
2020-06-18 17:40:53,mainnet,10290534,10290533,1
2020-06-18 17:42:37,mainnet,10290536,10290535,1
2020-06-18 17:43:59,mainnet,10290545,10290545,0
2020-06-18 17:45:22,mainnet,10290551,10290551,0
2020-06-18 17:46:45,mainnet,10290558,10290559,-1
2020-06-18 17:48:27,mainnet,10290567,10290567,0
2020-06-18 17:49:50,mainnet,10290571,10290571,0
2020-06-18 17:51:13,mainnet,10290582,10290582,0
2020-06-18 17:52:38,mainnet,10290592,10290592,0
2020-06-18 17:54:04,mainnet,10290600,10290600,0
2020-06-18 17:55:30,mainnet,10290606,10290606,0
2020-06-18 17:56:55,mainnet,10290611,10290611,0
2020-06-18 17:58:19,mainnet,10290613,10290613,0
2020-06-18 17:59:41,mainnet,10290621,10290621,0
2020-06-18 18:01:05,mainnet,10290631,10290629,2
2020-06-18 18:02:41,mainnet,10290637,10290637,0
2020-06-18 18:04:03,mainnet,10290642,10290639,3
2020-06-18 18:05:25,mainnet,10290648,10290648,0
2020-06-18 18:06:59,mainnet,10290655,10290655,0
2020-06-18 18:08:22,mainnet,10290658,10290658,0
2020-06-18 18:09:49,mainnet,10290663,10290663,0
2020-06-18 18:11:17,mainnet,10290673,10290672,1
2020-06-18 18:12:40,mainnet,10290682,10290682,0
2020-06-18 18:14:12,mainnet,10290686,10290686,0
2020-06-18 18:15:34,mainnet,10290690,10290690,0
2020-06-18 18:17:02,mainnet,10290698,10290698,0
2020-06-18 18:18:24,mainnet,10290703,10290703,0
2020-06-18 18:19:48,mainnet,10290710,10290710,0
2020-06-18 18:21:11,mainnet,10290720,10290721,-1
2020-06-18 18:22:34,mainnet,10290731,10290731,0
2020-06-18 18:24:01,mainnet,10290738,10290738,0
2020-06-18 18:25:22,mainnet,10290745,10290745,0
2020-06-18 18:26:47,mainnet,10290750,10290750,0
2020-06-18 18:28:09,mainnet,10290753,10290753,0
2020-06-18 18:29:37,mainnet,10290762,10290762,0
2020-06-18 18:31:11,mainnet,10290769,10290769,0
2020-06-18 18:32:33,mainnet,10290779,10290779,0
2020-06-18 18:34:07,mainnet,10290787,10290782,5
2020-06-18 18:36:06,mainnet,10290794,10290792,2
2020-06-18 18:37:41,mainnet,10290802,10290801,1
2020-06-18 18:39:07,mainnet,10290811,10290801,10
2020-06-18 18:41:04,mainnet,10290820,10290801,19
2020-06-18 18:42:52,mainnet,10290829,10290801,28
2020-06-18 18:45:08,mainnet,10290836,10290801,35
2020-06-18 18:46:47,mainnet,10290840,10290838,2
2020-06-18 18:48:19,mainnet,10290848,10290844,4
2020-06-18 18:50:02,mainnet,10290855,10290848,7
2020-06-18 18:52:50,mainnet,10290869,10290848,21
2020-06-18 18:55:17,mainnet,10290874,10290874,0
2020-06-18 18:56:40,mainnet,10290876,10290876,0
2020-06-18 18:58:04,mainnet,10290880,10290880,0
2020-06-18 18:59:27,mainnet,10290884,10290884,0
2020-06-18 19:00:54,mainnet,10290889,10290889,0
2020-06-18 19:02:17,mainnet,10290894,10290894,0
2020-06-18 19:03:40,mainnet,10290903,10290903,0
2020-06-18 19:05:03,mainnet,10290908,10290909,-1
2020-06-18 19:06:29,mainnet,10290913,10290913,0
2020-06-18 19:07:53,mainnet,10290920,10290920,0
2020-06-18 19:09:15,mainnet,10290929,10290929,0
2020-06-18 19:10:37,mainnet,10290937,10290937,0
2020-06-18 19:12:00,mainnet,10290943,10290943,0
2020-06-18 19:13:23,mainnet,10290953,10290951,2
2020-06-18 19:14:48,mainnet,10290960,10290960,0
2020-06-18 19:16:11,mainnet,10290968,10290968,0
2020-06-18 19:17:36,mainnet,10290974,10290974,0
2020-06-18 19:18:59,mainnet,10290983,10290983,0
2020-06-18 19:20:22,mainnet,10290987,10290987,0
2020-06-18 19:21:52,mainnet,10290991,10290991,0
2020-06-18 19:23:16,mainnet,10290997,10290997,0
2020-06-18 19:24:45,mainnet,10291004,10291003,1
2020-06-18 19:26:09,mainnet,10291010,10291010,0
2020-06-18 19:27:39,mainnet,10291019,10291019,0
2020-06-18 19:29:02,mainnet,10291024,10291024,0
2020-06-18 19:30:37,mainnet,10291032,10291032,0
2020-06-18 19:32:00,mainnet,10291042,10291042,0
2020-06-18 19:33:22,mainnet,10291049,10291049,0
2020-06-18 19:34:51,mainnet,10291055,10291055,0
2020-06-18 19:36:14,mainnet,10291061,10291061,0
2020-06-18 19:37:41,mainnet,10291067,10291067,0
2020-06-18 19:39:08,mainnet,10291071,10291071,0
2020-06-18 19:40:34,mainnet,10291080,10291080,0
2020-06-18 19:41:59,mainnet,10291089,10291089,0
2020-06-18 19:43:25,mainnet,10291095,10291095,0
2020-06-18 19:44:47,mainnet,10291102,10291101,1
2020-06-18 19:46:12,mainnet,10291111,10291111,0
2020-06-18 19:47:39,mainnet,10291118,10291118,0
2020-06-18 19:49:17,mainnet,10291128,10291128,0
2020-06-18 19:50:39,mainnet,10291133,10291133,0
2020-06-18 19:52:03,mainnet,10291141,10291140,1
2020-06-18 19:53:37,mainnet,10291144,10291144,0
2020-06-18 19:55:04,mainnet,10291149,10291148,1
2020-06-18 19:56:32,mainnet,10291157,10291157,0
2020-06-18 19:57:58,mainnet,10291161,10291161,0
2020-06-18 19:59:20,mainnet,10291165,10291165,0
2020-06-18 20:00:44,mainnet,10291171,10291172,-1
2020-06-18 20:02:17,mainnet,10291179,10291179,0
2020-06-18 20:03:52,mainnet,10291188,10291188,0
2020-06-18 20:05:43,mainnet,10291198,10291198,0
2020-06-18 20:07:09,mainnet,10291209,10291209,0
2020-06-18 20:08:32,mainnet,10291212,10291212,0
2020-06-18 20:09:55,mainnet,10291218,10291217,1
2020-06-18 20:11:21,mainnet,10291224,10291224,0
2020-06-18 20:12:46,mainnet,10291229,10291229,0
2020-06-18 20:14:20,mainnet,10291239,10291239,0
2020-06-18 20:15:47,mainnet,10291246,10291247,-1
2020-06-18 20:17:10,mainnet,10291250,10291250,0
2020-06-18 20:18:33,mainnet,10291255,10291255,0
2020-06-18 20:19:56,mainnet,10291265,10291262,3
2020-06-18 20:21:25,mainnet,10291275,10291274,1
2020-06-18 20:22:49,mainnet,10291283,10291283,0
2020-06-18 20:24:25,mainnet,10291289,10291288,1
2020-06-18 20:25:47,mainnet,10291293,10291291,2
2020-06-18 20:27:09,mainnet,10291298,10291298,0
2020-06-18 20:28:31,mainnet,10291308,10291307,1
2020-06-18 20:29:54,mainnet,10291316,10291316,0
2020-06-18 20:31:19,mainnet,10291326,10291326,0
2020-06-18 20:32:42,mainnet,10291329,10291329,0
2020-06-18 20:34:17,mainnet,10291336,10291336,0
2020-06-18 20:35:42,mainnet,10291346,10291346,0
2020-06-18 20:37:20,mainnet,10291354,10291354,0
2020-06-18 20:38:49,mainnet,10291362,10291362,0
2020-06-18 20:40:11,mainnet,10291368,10291368,0
2020-06-18 20:41:44,mainnet,10291375,10291375,0
2020-06-18 20:43:06,mainnet,10291382,10291381,1
2020-06-18 20:44:29,mainnet,10291389,10291386,3
2020-06-18 20:45:54,mainnet,10291400,10291398,2
2020-06-18 20:47:16,mainnet,10291405,10291405,0
2020-06-18 20:48:38,mainnet,10291413,10291413,0
2020-06-18 20:50:01,mainnet,10291419,10291419,0
2020-06-18 20:51:25,mainnet,10291428,10291427,1
2020-06-18 20:52:49,mainnet,10291431,10291431,0
2020-06-18 20:54:12,mainnet,10291438,10291438,0
2020-06-18 20:55:38,mainnet,10291442,10291441,1
2020-06-18 20:57:07,mainnet,10291448,10291447,1
2020-06-18 20:58:30,mainnet,10291454,10291454,0
2020-06-18 20:59:54,mainnet,10291459,10291459,0
2020-06-18 21:01:20,mainnet,10291462,10291462,0
2020-06-18 21:02:54,mainnet,10291472,10291471,1
2020-06-18 21:04:38,mainnet,10291478,10291479,-1
2020-06-18 21:06:02,mainnet,10291485,10291485,0
2020-06-19 09:47:01,mainnet,10294882,10281630,13252
2020-06-19 09:48:28,mainnet,10294890,10281741,13149
2020-06-19 09:49:50,mainnet,10294895,10281897,12998
2020-06-19 09:51:14,mainnet,10294904,10282093,12811
2020-06-19 09:52:39,mainnet,10294912,10282286,12626
2020-06-19 09:54:02,mainnet,10294919,10282465,12454
2020-06-19 09:55:25,mainnet,10294927,10282665,12262
2020-06-19 09:56:54,mainnet,10294932,10282861,12071
2020-06-19 09:58:19,mainnet,10294936,10283054,11882
2020-06-19 09:59:43,mainnet,10294943,10283255,11688
2020-06-19 10:01:18,mainnet,10294952,10283415,11537
2020-06-19 10:02:49,mainnet,10294956,10283621,11335
2020-06-19 10:04:15,mainnet,10294967,10283815,11152
2020-06-19 10:05:47,mainnet,10294978,10284051,10927
2020-06-19 10:07:19,mainnet,10294986,10284234,10752
2020-06-19 10:08:46,mainnet,10294989,10284344,10645
2020-06-19 10:10:17,mainnet,10295002,10284529,10473
2020-06-19 10:12:07,mainnet,10295007,10284704,10303
2020-06-19 10:13:31,mainnet,10295010,10284862,10148
2020-06-19 10:14:59,mainnet,10295018,10285021,9997
2020-06-19 10:16:21,mainnet,10295023,10285162,9861
2020-06-19 10:17:54,mainnet,10295030,10285305,9725
2020-06-19 10:19:16,mainnet,10295035,10285429,9606
2020-06-19 10:20:40,mainnet,10295038,10285560,9478
2020-06-19 10:22:03,mainnet,10295045,10285719,9326
2020-06-19 10:23:34,mainnet,10295053,10285878,9175
2020-06-19 10:24:56,mainnet,10295056,10286029,9027
2020-06-19 10:26:18,mainnet,10295065,10286170,8895
2020-06-19 10:27:46,mainnet,10295076,10286328,8748
2020-06-19 10:29:10,mainnet,10295084,10286480,8604
2020-06-19 10:30:32,mainnet,10295095,10286650,8445
2020-06-19 10:31:56,mainnet,10295100,10286825,8275
2020-06-19 10:33:22,mainnet,10295109,10286952,8157
2020-06-19 10:34:44,mainnet,10295116,10287034,8082
2020-06-19 10:36:07,mainnet,10295123,10287103,8020
2020-06-19 10:37:29,mainnet,10295125,10287179,7946
2020-06-19 10:38:52,mainnet,10295131,10287264,7867
2020-06-19 10:40:19,mainnet,10295141,10287435,7706
2020-06-19 10:41:44,mainnet,10295144,10287602,7542
2020-06-19 10:43:06,mainnet,10295149,10287783,7366
2020-06-19 10:44:29,mainnet,10295158,10287933,7225
2020-06-19 10:45:55,mainnet,10295163,10288087,7076
2020-06-19 10:47:17,mainnet,10295168,10288265,6903
2020-06-19 10:48:42,mainnet,10295177,10288435,6742
2020-06-19 10:50:05,mainnet,10295181,10288632,6549
2020-06-19 10:51:29,mainnet,10295186,10288803,6383
2020-06-19 10:52:51,mainnet,10295191,10288984,6207
2020-06-19 10:54:14,mainnet,10295198,10289157,6041
2020-06-19 10:55:39,mainnet,10295202,10289290,5912
2020-06-19 10:57:08,mainnet,10295207,10289420,5787
2020-06-19 10:58:36,mainnet,10295217,10289521,5696
2020-06-19 11:00:14,mainnet,10295223,10289613,5610
2020-06-19 11:01:40,mainnet,10295233,10289689,5544
2020-06-19 11:03:03,mainnet,10295237,10289783,5454
2020-06-19 11:04:28,mainnet,10295244,10289960,5284
2020-06-19 11:05:52,mainnet,10295248,10290119,5129
2020-06-19 11:07:17,mainnet,10295257,10290280,4977
2020-06-19 11:08:39,mainnet,10295262,10290462,4800
2020-06-19 11:10:04,mainnet,10295269,10290586,4683
2020-06-19 11:11:27,mainnet,10295276,10290738,4538
2020-06-19 11:12:54,mainnet,10295281,10290906,4375
2020-06-19 11:14:16,mainnet,10295290,10291082,4208
2020-06-19 11:15:43,mainnet,10295301,10291291,4010
2020-06-19 11:17:10,mainnet,10295305,10291447,3858
2020-06-19 11:18:34,mainnet,10295312,10291598,3714
2020-06-19 11:19:58,mainnet,10295318,10291759,3559
2020-06-19 11:21:21,mainnet,10295329,10291880,3449
2020-06-19 11:22:43,mainnet,10295335,10291990,3345
2020-06-19 11:24:09,mainnet,10295340,10292073,3267
2020-06-19 11:25:32,mainnet,10295344,10292147,3197
2020-06-19 11:27:00,mainnet,10295348,10292235,3113
2020-06-19 11:28:23,mainnet,10295353,10292372,2981
2020-06-19 11:29:47,mainnet,10295362,10292517,2845
2020-06-19 11:31:11,mainnet,10295370,10292653,2717
2020-06-19 11:32:34,mainnet,10295383,10292820,2563
2020-06-19 11:34:01,mainnet,10295392,10292973,2419
2020-06-19 11:35:26,mainnet,10295398,10293124,2274
2020-06-19 11:36:54,mainnet,10295403,10293233,2170
2020-06-19 11:38:17,mainnet,10295407,10293373,2034
2020-06-19 11:39:41,mainnet,10295416,10293558,1858
2020-06-19 11:41:06,mainnet,10295427,10293746,1681
2020-06-19 11:42:31,mainnet,10295434,10293920,1514
2020-06-19 11:43:53,mainnet,10295443,10294087,1356
2020-06-19 11:45:18,mainnet,10295449,10294275,1174
2020-06-19 11:46:40,mainnet,10295451,10294448,1003
2020-06-19 11:48:03,mainnet,10295458,10294580,878
2020-06-19 11:49:28,mainnet,10295465,10294691,774
2020-06-19 11:50:50,mainnet,10295467,10294777,690
2020-06-19 11:52:14,mainnet,10295474,10294860,614
2020-06-19 11:53:41,mainnet,10295478,10294936,542
2020-06-19 11:55:07,mainnet,10295480,10295053,427
2020-06-19 11:56:37,mainnet,10295487,10295243,244
2020-06-19 11:58:01,mainnet,10295493,10295431,62
2020-06-19 11:59:37,mainnet,10295502,10295502,0
2020-06-19 12:01:18,mainnet,10295512,10295508,4
2020-06-19 12:02:54,mainnet,10295520,10295519,1
2020-06-19 12:04:28,mainnet,10295526,10295526,0
2020-06-19 12:05:52,mainnet,10295534,10295534,0
2020-06-19 12:07:18,mainnet,10295542,10295542,0
2020-06-19 12:08:46,mainnet,10295550,10295550,0
2020-06-19 12:10:15,mainnet,10295556,10295557,-1
2020-06-19 12:11:40,mainnet,10295566,10295566,0
2020-06-19 12:13:20,mainnet,10295572,10295572,0
2020-06-19 12:14:50,mainnet,10295584,10295584,0
2020-06-19 12:16:13,mainnet,10295595,10295594,1
2020-06-19 12:17:45,mainnet,10295605,10295605,0
2020-06-19 12:19:07,mainnet,10295608,10295608,0
2020-06-19 12:20:43,mainnet,10295614,10295614,0
2020-06-19 12:22:19,mainnet,10295622,10295622,0
2020-06-19 12:23:49,mainnet,10295624,10295624,0
2020-06-19 12:25:11,mainnet,10295630,10295630,0
2020-06-19 12:26:40,mainnet,10295635,10295636,-1
2020-06-19 12:28:24,mainnet,10295644,10295644,0
2020-06-19 12:30:01,mainnet,10295651,10295648,3
2020-06-19 12:31:23,mainnet,10295658,10295656,2
2020-06-19 12:32:51,mainnet,10295661,10295661,0
2020-06-19 12:34:23,mainnet,10295667,10295667,0
2020-06-19 12:35:48,mainnet,10295677,10295677,0
2020-06-19 12:37:18,mainnet,10295687,10295686,1
2020-06-19 12:38:49,mainnet,10295692,10295692,0
2020-06-19 12:40:13,mainnet,10295695,10295695,0
2020-06-19 12:41:38,mainnet,10295700,10295700,0
2020-06-19 12:43:03,mainnet,10295705,10295705,0
2020-06-19 12:44:30,mainnet,10295714,10295713,1
2020-06-19 12:46:13,mainnet,10295721,10295721,0
2020-06-19 12:47:44,mainnet,10295727,10295728,-1
2020-06-19 12:49:20,mainnet,10295736,10295736,0
2020-06-19 12:50:44,mainnet,10295738,10295738,0
2020-06-19 12:52:06,mainnet,10295741,10295741,0
2020-06-19 12:53:32,mainnet,10295747,10295747,0
2020-06-19 12:55:00,mainnet,10295757,10295756,1
2020-06-19 12:56:26,mainnet,10295764,10295761,3
2020-06-19 12:57:57,mainnet,10295769,10295769,0
2020-06-19 12:59:30,mainnet,10295777,10295776,1
2020-06-19 13:00:58,mainnet,10295781,10295781,0
2020-06-19 13:02:20,mainnet,10295787,10295787,0
2020-06-19 13:03:50,mainnet,10295793,10295793,0
2020-06-19 13:05:15,mainnet,10295798,10295798,0
2020-06-19 13:06:39,mainnet,10295802,10295802,0
2020-06-19 13:08:31,mainnet,10295817,10295817,0
2020-06-19 13:09:54,mainnet,10295822,10295822,0
2020-06-19 13:11:19,mainnet,10295827,10295827,0
2020-06-19 13:12:57,mainnet,10295830,10295830,0
2020-06-19 13:14:27,mainnet,10295840,10295840,0
2020-06-19 13:15:57,mainnet,10295841,10295841,0
2020-06-19 13:17:21,mainnet,10295849,10295849,0
2020-06-19 13:18:43,mainnet,10295855,10295856,-1
2020-06-19 13:20:13,mainnet,10295865,10295863,2
2020-06-19 13:21:41,mainnet,10295871,10295871,0
2020-06-19 13:23:12,mainnet,10295878,10295878,0
2020-06-19 13:24:39,mainnet,10295887,10295887,0
2020-06-19 13:26:17,mainnet,10295898,10295898,0
2020-06-19 13:27:53,mainnet,10295906,10295903,3
2020-06-19 13:29:40,mainnet,10295918,10295911,7
2020-06-19 13:31:21,mainnet,10295925,10295925,0
2020-06-19 13:32:43,mainnet,10295932,10295932,0
2020-06-19 13:34:06,mainnet,10295942,10295942,0
2020-06-19 13:35:31,mainnet,10295945,10295946,-1
2020-06-19 13:37:13,mainnet,10295953,10295953,0
2020-06-19 13:38:35,mainnet,10295961,10295961,0
2020-06-19 13:40:02,mainnet,10295965,10295965,0
2020-06-19 13:41:36,mainnet,10295972,10295972,0
2020-06-19 13:43:21,mainnet,10295980,10295980,0
2020-06-19 13:44:56,mainnet,10295988,10295988,0
2020-06-19 13:46:18,mainnet,10295993,10295993,0
2020-06-19 13:47:41,mainnet,10295998,10295998,0
2020-06-19 13:49:25,mainnet,10296006,10296006,0
2020-06-19 13:50:50,mainnet,10296015,10296015,0
2020-06-19 13:52:12,mainnet,10296020,10296020,0
2020-06-19 13:53:42,mainnet,10296023,10296023,0
2020-06-19 13:55:22,mainnet,10296028,10296028,0
2020-06-19 13:56:53,mainnet,10296034,10296034,0
2020-06-19 13:58:21,mainnet,10296044,10296043,1
2020-06-19 13:59:46,mainnet,10296049,10296049,0
2020-06-19 14:01:11,mainnet,10296058,10296059,-1
2020-06-19 14:02:57,mainnet,10296064,10296064,0
2020-06-19 14:04:45,mainnet,10296076,10296076,0
2020-06-19 14:06:20,mainnet,10296078,10296078,0
2020-06-19 14:07:48,mainnet,10296086,10296087,-1
2020-06-19 14:09:18,mainnet,10296094,10296094,0
2020-06-19 14:10:40,mainnet,10296100,10296100,0
2020-06-19 14:12:06,mainnet,10296110,10296108,2
2020-06-19 14:14:15,mainnet,10296120,10296120,0
2020-06-19 14:15:40,mainnet,10296123,10296123,0
2020-06-19 14:17:07,mainnet,10296129,10296129,0
2020-06-19 14:18:31,mainnet,10296134,10296134,0
2020-06-19 14:19:57,mainnet,10296142,10296142,0
2020-06-19 14:21:23,mainnet,10296149,10296144,5
2020-06-19 14:22:54,mainnet,10296154,10296153,1
2020-06-19 14:24:25,mainnet,10296158,10296158,0
2020-06-19 14:25:55,mainnet,10296167,10296164,3
2020-06-19 14:27:23,mainnet,10296176,10296175,1
2020-06-19 14:28:45,mainnet,10296182,10296182,0
2020-06-19 14:30:09,mainnet,10296189,10296189,0
2020-06-19 14:31:35,mainnet,10296196,10296194,2
2020-06-19 14:33:13,mainnet,10296210,10296205,5
2020-06-19 14:34:46,mainnet,10296218,10296217,1
2020-06-19 14:36:26,mainnet,10296224,10296221,3
2020-06-19 14:37:59,mainnet,10296230,10296229,1
2020-06-19 14:39:29,mainnet,10296233,10296233,0
2020-06-19 14:41:18,mainnet,10296241,10296237,4
2020-06-19 14:42:41,mainnet,10296245,10296244,1
2020-06-19 14:44:10,mainnet,10296253,10296252,1
2020-06-19 14:45:54,mainnet,10296261,10296261,0
2020-06-19 14:47:17,mainnet,10296274,10296274,0
2020-06-19 14:49:05,mainnet,10296280,10296280,0
2020-06-19 14:50:42,mainnet,10296283,10296283,0
2020-06-19 14:52:04,mainnet,10296286,10296286,0
2020-06-19 14:53:27,mainnet,10296293,10296293,0
2020-06-19 14:54:55,mainnet,10296301,10296302,-1
2020-06-19 14:56:21,mainnet,10296305,10296304,1
2020-06-19 14:57:43,mainnet,10296311,10296305,6
2020-06-19 14:59:05,mainnet,10296324,10296324,0
2020-06-19 15:00:42,mainnet,10296329,10296329,0
2020-06-19 15:02:13,mainnet,10296333,10296331,2
2020-06-19 15:03:35,mainnet,10296336,10296337,-1
2020-06-19 15:04:59,mainnet,10296343,10296343,0
2020-06-19 15:06:24,mainnet,10296353,10296353,0
2020-06-19 15:07:49,mainnet,10296358,10296357,1
2020-06-19 15:09:18,mainnet,10296363,10296363,0
2020-06-19 15:10:42,mainnet,10296371,10296371,0
2020-06-19 15:12:04,mainnet,10296377,10296378,-1
2020-06-19 15:13:32,mainnet,10296382,10296382,0
2020-06-19 15:14:55,mainnet,10296387,10296385,2
2020-06-19 15:16:20,mainnet,10296395,10296395,0
2020-06-19 15:17:42,mainnet,10296404,10296404,0
2020-06-19 15:19:08,mainnet,10296412,10296409,3
2020-06-19 15:20:30,mainnet,10296422,10296422,0
2020-06-19 15:21:58,mainnet,10296434,10296431,3
2020-06-19 15:23:20,mainnet,10296439,10296439,0
2020-06-19 15:25:08,mainnet,10296446,10296446,0
2020-06-19 15:26:34,mainnet,10296450,10296448,2
2020-06-19 15:27:59,mainnet,10296453,10296448,5
2020-06-19 15:29:22,mainnet,10296459,10296455,4
2020-06-19 15:30:45,mainnet,10296462,10296462,0
2020-06-19 15:32:26,mainnet,10296466,10296466,0
2020-06-19 15:33:49,mainnet,10296473,10296473,0
2020-06-19 15:35:20,mainnet,10296481,10296480,1
2020-06-19 15:36:46,mainnet,10296490,10296490,0
2020-06-19 15:38:31,mainnet,10296496,10296496,0
2020-06-19 15:40:04,mainnet,10296501,10296500,1
2020-06-19 15:41:28,mainnet,10296509,10296507,2
2020-06-19 15:42:56,mainnet,10296514,10296514,0
2020-06-19 15:44:23,mainnet,10296520,10296520,0
2020-06-19 15:45:58,mainnet,10296529,10296528,1
2020-06-19 15:47:24,mainnet,10296534,10296534,0
2020-06-19 15:48:50,mainnet,10296537,10296535,2
2020-06-19 15:50:12,mainnet,10296546,10296543,3
2020-06-19 15:51:35,mainnet,10296553,10296551,2
2020-06-19 15:53:28,mainnet,10296558,10296558,0
2020-06-19 15:54:53,mainnet,10296568,10296564,4
2020-06-19 15:56:14,mainnet,10296575,10296576,-1
2020-06-19 15:57:38,mainnet,10296582,10296582,0
2020-06-19 15:59:07,mainnet,10296584,10296584,0
2020-06-19 16:00:32,mainnet,10296593,10296593,0
2020-06-19 16:01:56,mainnet,10296601,10296602,-1
2020-06-19 16:03:29,mainnet,10296608,10296605,3
2020-06-19 16:04:57,mainnet,10296609,10296609,0
2020-06-19 16:06:25,mainnet,10296612,10296610,2
2020-06-19 16:08:05,mainnet,10296624,10296624,0
2020-06-19 16:09:37,mainnet,10296626,10296626,0
2020-06-19 16:11:08,mainnet,10296632,10296632,0
2020-06-19 16:12:52,mainnet,10296636,10296634,2
2020-06-19 16:14:14,mainnet,10296642,10296642,0
2020-06-19 16:15:36,mainnet,10296649,10296648,1
2020-06-19 16:17:01,mainnet,10296651,10296651,0
2020-06-19 16:18:27,mainnet,10296658,10296658,0
2020-06-19 16:19:49,mainnet,10296665,10296659,6
2020-06-19 16:21:11,mainnet,10296667,10296667,0
2020-06-19 16:22:37,mainnet,10296672,10296672,0
2020-06-19 16:24:00,mainnet,10296679,10296679,0
2020-06-19 16:25:22,mainnet,10296690,10296688,2
2020-06-19 16:26:59,mainnet,10296698,10296693,5
2020-06-19 16:28:21,mainnet,10296709,10296693,16
2020-06-19 16:29:43,mainnet,10296717,10296716,1
2020-06-19 16:31:11,mainnet,10296723,10296722,1
2020-06-19 16:32:45,mainnet,10296731,10296731,0
2020-06-19 16:34:08,mainnet,10296735,10296734,1
2020-06-19 16:35:37,mainnet,10296740,10296739,1
2020-06-19 16:37:01,mainnet,10296745,10296745,0
2020-06-19 16:38:23,mainnet,10296750,10296750,0
2020-06-19 16:39:56,mainnet,10296759,10296757,2
2020-06-19 16:41:42,mainnet,10296764,10296763,1
2020-06-19 16:43:21,mainnet,10296769,10296769,0
2020-06-19 16:44:48,mainnet,10296774,10296772,2
2020-06-19 16:46:23,mainnet,10296780,10296779,1
2020-06-19 16:47:58,mainnet,10296786,10296785,1
2020-06-19 16:49:24,mainnet,10296792,10296792,0
2020-06-19 16:50:52,mainnet,10296799,10296798,1
2020-06-19 16:52:14,mainnet,10296805,10296804,1
2020-06-19 16:53:56,mainnet,10296815,10296815,0
2020-06-19 16:55:20,mainnet,10296819,10296819,0
2020-06-19 16:56:52,mainnet,10296826,10296826,0
2020-06-19 16:58:15,mainnet,10296832,10296832,0
2020-06-19 16:59:45,mainnet,10296836,10296836,0
2020-06-19 17:01:08,mainnet,10296842,10296843,-1
2020-06-19 17:02:31,mainnet,10296851,10296851,0
2020-06-19 17:03:54,mainnet,10296857,10296856,1
2020-06-19 17:05:16,mainnet,10296865,10296865,0
2020-06-19 17:06:38,mainnet,10296872,10296872,0
2020-06-19 17:08:04,mainnet,10296876,10296876,0
2020-06-19 17:09:30,mainnet,10296883,10296883,0
2020-06-19 17:10:59,mainnet,10296890,10296890,0
2020-06-19 17:12:22,mainnet,10296898,10296898,0
2020-06-19 17:13:44,mainnet,10296905,10296905,0
2020-06-19 17:15:11,mainnet,10296909,10296909,0
2020-06-19 17:16:34,mainnet,10296913,10296913,0
2020-06-19 17:17:56,mainnet,10296922,10296922,0
2020-06-19 17:19:18,mainnet,10296925,10296925,0
2020-06-19 17:20:41,mainnet,10296930,10296930,0
2020-06-19 17:22:03,mainnet,10296937,10296937,0
2020-06-19 17:23:25,mainnet,10296942,10296942,0
2020-06-19 17:24:48,mainnet,10296945,10296946,-1
2020-06-19 17:26:11,mainnet,10296952,10296952,0
2020-06-19 17:27:37,mainnet,10296959,10296959,0
2020-06-19 17:28:59,mainnet,10296960,10296960,0
2020-06-19 17:30:24,mainnet,10296963,10296964,-1
2020-06-19 17:31:46,mainnet,10296972,10296969,3
2020-06-19 17:33:10,mainnet,10296977,10296977,0
2020-06-19 17:34:49,mainnet,10296988,10296988,0
2020-06-19 17:36:12,mainnet,10296992,10296992,0
2020-06-19 17:37:34,mainnet,10297000,10297000,0
2020-06-19 17:38:58,mainnet,10297004,10297004,0
2020-06-19 17:40:20,mainnet,10297009,10297009,0
2020-06-19 17:41:54,mainnet,10297013,10297013,0
2020-06-19 17:43:18,mainnet,10297019,10297019,0
2020-06-19 17:44:41,mainnet,10297024,10297024,0
2020-06-19 17:46:08,mainnet,10297027,10297027,0
2020-06-19 17:47:39,mainnet,10297037,10297037,0
2020-06-19 17:49:03,mainnet,10297046,10297046,0
2020-06-19 17:50:44,mainnet,10297056,10297057,-1
2020-06-19 17:52:07,mainnet,10297062,10297062,0
2020-06-19 17:53:36,mainnet,10297068,10297068,0
2020-06-19 17:54:59,mainnet,10297075,10297075,0
2020-06-19 17:56:21,mainnet,10297083,10297082,1
2020-06-19 17:57:46,mainnet,10297092,10297092,0
2020-06-19 17:59:09,mainnet,10297100,10297100,0
2020-06-19 18:00:31,mainnet,10297112,10297113,-1
2020-06-19 18:02:11,mainnet,10297117,10297117,0
2020-06-19 18:03:33,mainnet,10297122,10297122,0
2020-06-19 18:04:56,mainnet,10297129,10297129,0
2020-06-19 18:06:22,mainnet,10297135,10297135,0
2020-06-19 18:08:05,mainnet,10297142,10297143,-1
2020-06-19 18:09:49,mainnet,10297151,10297153,-2
2020-06-19 18:11:12,mainnet,10297161,10297161,0
2020-06-19 18:12:49,mainnet,10297169,10297169,0
2020-06-19 18:14:12,mainnet,10297178,10297178,0
2020-06-19 18:16:26,mainnet,10297187,10297185,2
2020-06-19 18:17:48,mainnet,10297191,10297191,0
2020-06-19 18:19:11,mainnet,10297197,10297198,-1
2020-06-19 18:20:36,mainnet,10297207,10297207,0
2020-06-19 18:22:03,mainnet,10297214,10297214,0
2020-06-19 18:23:26,mainnet,10297219,10297219,0
2020-06-19 18:24:47,mainnet,10297230,10297230,0
2020-06-19 18:26:11,mainnet,10297236,10297237,-1
2020-06-19 18:27:37,mainnet,10297248,10297247,1
2020-06-19 18:29:07,mainnet,10297256,10297256,0
2020-06-19 18:30:33,mainnet,10297268,10297268,0
2020-06-19 18:31:56,mainnet,10297275,10297275,0
2020-06-19 18:33:31,mainnet,10297285,10297285,0
2020-06-19 18:34:54,mainnet,10297293,10297293,0
2020-06-19 18:36:21,mainnet,10297299,10297299,0
2020-06-19 18:37:43,mainnet,10297305,10297305,0
2020-06-19 18:39:17,mainnet,10297313,10297313,0
2020-06-19 18:40:39,mainnet,10297317,10297317,0
2020-06-19 18:42:01,mainnet,10297324,10297324,0
2020-06-19 18:43:23,mainnet,10297327,10297327,0
2020-06-19 18:44:46,mainnet,10297331,10297331,0
2020-06-19 18:46:08,mainnet,10297334,10297334,0
2020-06-19 18:47:31,mainnet,10297340,10297340,0
2020-06-19 18:48:57,mainnet,10297344,10297344,0
2020-06-19 18:50:23,mainnet,10297352,10297352,0
2020-06-19 18:52:01,mainnet,10297359,10297359,0
2020-06-19 18:53:27,mainnet,10297364,10297366,-2
2020-06-19 18:54:50,mainnet,10297373,10297373,0
2020-06-19 18:56:12,mainnet,10297378,10297377,1
2020-06-19 18:57:39,mainnet,10297387,10297387,0
2020-06-19 18:59:02,mainnet,10297392,10297392,0
2020-06-19 19:00:43,mainnet,10297401,10297401,0
2020-06-19 19:02:05,mainnet,10297406,10297406,0
2020-06-19 19:03:27,mainnet,10297412,10297412,0
2020-06-19 19:04:51,mainnet,10297418,10297418,0
2020-06-19 19:06:20,mainnet,10297427,10297427,0
2020-06-19 19:07:49,mainnet,10297435,10297435,0
2020-06-19 19:09:14,mainnet,10297439,10297439,0
2020-06-19 19:10:37,mainnet,10297442,10297442,0
2020-06-19 19:12:01,mainnet,10297449,10297449,0
2020-06-19 19:13:31,mainnet,10297455,10297455,0
2020-06-19 19:15:06,mainnet,10297462,10297462,0
2020-06-19 19:16:40,mainnet,10297465,10297465,0
2020-06-19 19:18:06,mainnet,10297470,10297470,0
2020-06-19 19:19:32,mainnet,10297477,10297477,0
2020-06-19 19:21:28,mainnet,10297485,10297485,0
2020-06-19 19:22:50,mainnet,10297494,10297494,0
2020-06-19 19:24:12,mainnet,10297497,10297497,0
2020-06-19 19:25:38,mainnet,10297503,10297503,0
2020-06-19 19:27:06,mainnet,10297510,10297506,4
2020-06-19 19:28:28,mainnet,10297518,10297518,0
2020-06-19 19:30:09,mainnet,10297522,10297522,0
2020-06-19 19:31:36,mainnet,10297528,10297528,0
2020-06-19 19:33:09,mainnet,10297534,10297532,2
2020-06-19 19:34:33,mainnet,10297540,10297540,0
2020-06-19 19:35:55,mainnet,10297546,10297546,0
2020-06-19 19:37:23,mainnet,10297551,10297551,0
2020-06-19 19:38:45,mainnet,10297555,10297555,0
2020-06-19 19:40:16,mainnet,10297562,10297562,0
2020-06-19 19:41:39,mainnet,10297567,10297567,0
2020-06-19 19:43:01,mainnet,10297575,10297575,0
2020-06-19 19:44:28,mainnet,10297580,10297580,0
2020-06-19 19:45:50,mainnet,10297586,10297585,1
2020-06-19 19:47:12,mainnet,10297590,10297589,1
2020-06-19 19:48:38,mainnet,10297598,10297594,4
2020-06-19 19:50:00,mainnet,10297604,10297604,0
2020-06-19 19:51:22,mainnet,10297614,10297614,0
2020-06-19 19:52:49,mainnet,10297622,10297622,0
2020-06-19 19:54:11,mainnet,10297630,10297630,0
2020-06-19 19:55:34,mainnet,10297638,10297636,2
2020-06-19 19:59:07,mainnet,10297654,10297654,0
2020-06-19 20:00:41,mainnet,10297664,10297661,3
2020-06-19 20:02:04,mainnet,10297669,10297666,3
2020-06-19 20:03:26,mainnet,10297674,10297674,0
2020-06-19 20:04:48,mainnet,10297681,10297681,0
2020-06-19 20:06:11,mainnet,10297687,10297687,0
2020-06-19 20:07:36,mainnet,10297697,10297696,1
2020-06-19 20:08:58,mainnet,10297704,10297704,0
2020-06-19 20:10:20,mainnet,10297710,10297710,0
2020-06-19 20:11:55,mainnet,10297722,10297719,3
2020-06-19 20:13:24,mainnet,10297730,10297730,0
2020-06-19 20:14:49,mainnet,10297734,10297734,0
2020-06-19 20:16:14,mainnet,10297740,10297739,1
2020-06-19 20:17:39,mainnet,10297748,10297745,3
2020-06-19 20:19:01,mainnet,10297753,10297753,0
2020-06-19 20:20:23,mainnet,10297757,10297757,0
2020-06-19 20:21:46,mainnet,10297764,10297764,0
2020-06-19 20:23:09,mainnet,10297770,10297770,0
2020-06-19 20:24:32,mainnet,10297778,10297778,0
2020-06-19 20:26:08,mainnet,10297783,10297783,0
2020-06-19 20:27:42,mainnet,10297787,10297787,0
2020-06-19 20:29:10,mainnet,10297793,10297793,0
2020-06-19 20:30:35,mainnet,10297799,10297799,0
2020-06-19 20:31:57,mainnet,10297805,10297804,1
2020-06-19 20:33:23,mainnet,10297817,10297816,1
2020-06-19 20:34:45,mainnet,10297824,10297824,0
2020-06-19 20:36:22,mainnet,10297829,10297827,2
2020-06-19 20:37:49,mainnet,10297833,10297833,0
2020-06-19 20:39:11,mainnet,10297841,10297839,2
2020-06-19 20:40:53,mainnet,10297852,10297847,5
2020-06-19 20:42:15,mainnet,10297857,10297857,0
2020-06-19 20:43:37,mainnet,10297862,10297863,-1
2020-06-19 20:45:04,mainnet,10297870,10297870,0
2020-06-19 20:46:27,mainnet,10297876,10297876,0
2020-06-19 20:48:08,mainnet,10297880,10297878,2
2020-06-19 20:49:34,mainnet,10297884,10297884,0
2020-06-19 20:50:59,mainnet,10297895,10297895,0
2020-06-19 20:52:21,mainnet,10297899,10297899,0
2020-06-19 20:53:44,mainnet,10297905,10297905,0
2020-06-19 20:55:09,mainnet,10297912,10297912,0
2020-06-19 20:56:34,mainnet,10297917,10297916,1
2020-06-19 20:57:56,mainnet,10297924,10297924,0
2020-06-19 20:59:18,mainnet,10297928,10297928,0
2020-06-19 21:00:40,mainnet,10297938,10297938,0
2020-06-19 21:02:07,mainnet,10297946,10297946,0
2020-06-19 21:03:30,mainnet,10297954,10297954,0
2020-06-21 13:19:48,mainnet,10308804,10281616,27188
2020-06-21 13:21:13,mainnet,10308814,10281676,27138
2020-06-21 13:22:35,mainnet,10308822,10281793,27029
2020-06-21 13:23:58,mainnet,10308825,10281994,26831
2020-06-21 13:25:23,mainnet,10308833,10282208,26625
2020-06-21 13:26:50,mainnet,10308837,10282402,26435
2020-06-21 13:28:20,mainnet,10308843,10282597,26246
2020-06-21 13:29:44,mainnet,10308854,10282770,26084
2020-06-21 13:31:06,mainnet,10308860,10282936,25924
2020-06-21 13:32:28,mainnet,10308868,10283206,25662
2020-06-21 13:34:18,mainnet,10308873,10283312,25561
2020-06-21 13:35:44,mainnet,10308876,10283407,25469
2020-06-21 13:37:11,mainnet,10308880,10283600,25280
2020-06-21 13:38:35,mainnet,10308887,10283788,25099
2020-06-21 13:39:59,mainnet,10308891,10283981,24910
2020-06-21 13:41:21,mainnet,10308899,10284139,24760
2020-06-21 13:42:45,mainnet,10308905,10284268,24637
2020-06-21 13:44:09,mainnet,10308910,10284379,24531
2020-06-21 13:45:33,mainnet,10308914,10284509,24405
2020-06-21 13:46:59,mainnet,10308922,10284689,24233
2020-06-21 13:48:22,mainnet,10308926,10284833,24093
2020-06-21 13:49:44,mainnet,10308933,10284977,23956
2020-06-21 13:51:10,mainnet,10308936,10285128,23808
2020-06-21 13:52:38,mainnet,10308943,10285251,23692
2020-06-21 13:54:00,mainnet,10308951,10285379,23572
2020-06-21 13:55:36,mainnet,10308957,10285523,23434
2020-06-21 13:56:58,mainnet,10308964,10285666,23298
2020-06-21 13:58:22,mainnet,10308971,10285822,23149
2020-06-21 13:59:49,mainnet,10308976,10285959,23017
2020-06-21 14:01:11,mainnet,10308982,10286096,22886
2020-06-21 14:02:33,mainnet,10308990,10286249,22741
2020-06-21 14:03:57,mainnet,10308997,10286398,22599
2020-06-21 14:05:21,mainnet,10309006,10286564,22442
2020-06-21 14:06:44,mainnet,10309011,10286750,22261
2020-06-21 14:08:11,mainnet,10309017,10286919,22098
2020-06-21 14:09:36,mainnet,10309024,10287030,21994
2020-06-21 14:11:07,mainnet,10309028,10287130,21898
2020-06-21 14:12:45,mainnet,10309036,10287229,21807
2020-06-21 14:14:14,mainnet,10309040,10287404,21636
2020-06-21 14:15:37,mainnet,10309047,10287577,21470
2020-06-21 14:17:00,mainnet,10309055,10287752,21303
2020-06-21 14:18:24,mainnet,10309061,10287950,21111
2020-06-21 14:19:51,mainnet,10309064,10288141,20923
2020-06-21 14:21:14,mainnet,10309075,10288327,20748
2020-06-21 14:22:37,mainnet,10309084,10288527,20557
2020-06-21 14:24:05,mainnet,10309091,10288732,20359
2020-06-21 14:25:34,mainnet,10309099,10288937,20162
2020-06-21 14:26:58,mainnet,10309104,10289133,19971
2020-06-21 14:28:24,mainnet,10309113,10289302,19811
2020-06-21 14:29:53,mainnet,10309119,10289440,19679
2020-06-21 14:31:21,mainnet,10309121,10289547,19574
2020-06-21 14:32:44,mainnet,10309128,10289637,19491
2020-06-21 14:34:06,mainnet,10309139,10289718,19421
2020-06-21 14:35:28,mainnet,10309147,10289869,19278
2020-06-21 14:36:50,mainnet,10309153,10290052,19101
2020-06-21 14:38:14,mainnet,10309157,10290217,18940
2020-06-21 14:39:38,mainnet,10309166,10290407,18759
2020-06-21 14:41:01,mainnet,10309173,10290576,18597
2020-06-21 14:42:24,mainnet,10309180,10290734,18446
2020-06-21 14:43:47,mainnet,10309186,10290911,18275
2020-06-21 14:45:11,mainnet,10309192,10291077,18115
2020-06-21 14:46:35,mainnet,10309198,10291267,17931
2020-06-21 14:47:58,mainnet,10309204,10291425,17779
2020-06-21 14:49:20,mainnet,10309208,10291585,17623
2020-06-21 14:50:45,mainnet,10309217,10291754,17463
2020-06-21 14:52:08,mainnet,10309223,10291886,17337
2020-06-21 14:53:34,mainnet,10309231,10292003,17228
2020-06-21 14:54:59,mainnet,10309241,10292106,17135
2020-06-21 14:56:31,mainnet,10309250,10292175,17075
2020-06-21 14:57:55,mainnet,10309256,10292306,16950
2020-06-21 14:59:18,mainnet,10309258,10292457,16801
2020-06-21 15:00:42,mainnet,10309266,10292612,16654
2020-06-21 15:02:05,mainnet,10309274,10292774,16500
2020-06-21 15:03:31,mainnet,10309280,10292935,16345
2020-06-21 15:04:57,mainnet,10309289,10293081,16208
2020-06-21 15:06:22,mainnet,10309296,10293234,16062
2020-06-21 15:07:44,mainnet,10309302,10293374,15928
2020-06-21 15:09:06,mainnet,10309307,10293567,15740
2020-06-21 15:10:29,mainnet,10309312,10293747,15565
2020-06-21 15:11:56,mainnet,10309319,10293939,15380
2020-06-21 15:13:19,mainnet,10309322,10294125,15197
2020-06-21 15:14:43,mainnet,10309327,10294312,15015
2020-06-21 15:16:10,mainnet,10309337,10294482,14855
2020-06-21 15:17:45,mainnet,10309343,10294596,14747
2020-06-21 15:19:15,mainnet,10309346,10294706,14640
2020-06-21 15:20:37,mainnet,10309352,10294814,14538
2020-06-21 15:22:06,mainnet,10309360,10294902,14458
2020-06-21 15:23:29,mainnet,10309367,10294984,14383
2020-06-21 15:24:51,mainnet,10309372,10295155,14217
2020-06-21 15:26:15,mainnet,10309374,10295336,14038
2020-06-21 15:27:37,mainnet,10309378,10295503,13875
2020-06-21 15:28:59,mainnet,10309387,10295686,13701
2020-06-21 15:30:40,mainnet,10309392,10295817,13575
2020-06-21 15:32:07,mainnet,10309397,10295989,13408
2020-06-21 15:33:32,mainnet,10309403,10296155,13248
2020-06-21 15:34:54,mainnet,10309408,10296314,13094
2020-06-21 15:36:17,mainnet,10309415,10296491,12924
2020-06-21 15:37:47,mainnet,10309422,10296628,12794
2020-06-21 15:39:11,mainnet,10309429,10296784,12645
2020-06-21 15:40:35,mainnet,10309433,10296922,12511
2020-06-21 15:41:58,mainnet,10309444,10297061,12383
2020-06-21 15:43:27,mainnet,10309453,10297156,12297
2020-06-21 15:44:49,mainnet,10309457,10297233,12224
2020-06-21 15:46:11,mainnet,10309464,10297344,12120
2020-06-21 15:47:33,mainnet,10309471,10297487,11984
2020-06-21 15:49:01,mainnet,10309475,10297615,11860
2020-06-21 15:50:31,mainnet,10309482,10297752,11730
2020-06-21 15:51:55,mainnet,10309486,10297900,11586
2020-06-21 15:53:19,mainnet,10309491,10298029,11462
2020-06-21 15:54:42,mainnet,10309497,10298152,11345
2020-06-21 15:56:07,mainnet,10309504,10298285,11219
2020-06-21 15:57:31,mainnet,10309518,10298509,11009
2020-06-21 16:00:00,mainnet,10309520,10298665,10855
2020-06-21 16:01:23,mainnet,10309526,10298795,10731
2020-06-21 16:02:45,mainnet,10309533,10298924,10609
2020-06-21 16:04:12,mainnet,10309536,10299055,10481
2020-06-21 16:05:37,mainnet,10309539,10299154,10385
2020-06-21 16:06:59,mainnet,10309542,10299280,10262
2020-06-21 16:08:22,mainnet,10309547,10299360,10187
2020-06-21 16:09:44,mainnet,10309556,10299429,10127
2020-06-21 16:11:08,mainnet,10309565,10299495,10070
2020-06-21 16:12:33,mainnet,10309574,10299550,10024
2020-06-21 16:13:56,mainnet,10309583,10299661,9922
2020-06-21 16:15:19,mainnet,10309590,10299789,9801
2020-06-21 16:16:42,mainnet,10309598,10299928,9670
2020-06-21 16:18:06,mainnet,10309601,10300072,9529
2020-06-21 16:19:29,mainnet,10309606,10300213,9393
2020-06-21 16:20:54,mainnet,10309613,10300298,9315
2020-06-21 16:22:18,mainnet,10309624,10300414,9210
2020-06-21 16:23:56,mainnet,10309632,10300542,9090
2020-06-21 16:25:18,mainnet,10309639,10300699,8940
2020-06-21 16:26:46,mainnet,10309647,10300865,8782
2020-06-21 16:28:13,mainnet,10309655,10301048,8607
2020-06-21 16:29:47,mainnet,10309660,10301221,8439
2020-06-21 17:33:24,mainnet,10309933,10305884,4049
2020-06-21 17:58:10,mainnet,10310032,10305884,4148
2020-06-21 17:59:54,mainnet,10310045,10305884,4161
2020-06-21 18:03:33,mainnet,10310055,10305884,4171
2020-06-21 18:25:03,mainnet,10310167,10305884,4283
2020-06-21 18:45:38,mainnet,10310242,10305884,4358
2020-06-21 18:49:33,mainnet,10310261,10305884,4377
2020-06-21 18:53:10,mainnet,10310280,10305884,4396
2020-06-21 19:02:36,mainnet,10310317,10306008,4309
2020-06-21 19:05:27,mainnet,10310328,10306008,4320
2020-06-21 19:15:21,mainnet,10310362,10306008,4354
2020-06-21 19:17:08,mainnet,10310377,10306008,4369
2020-06-21 19:19:50,mainnet,10310384,10306008,4376
2020-06-21 19:52:23,mainnet,10310529,10306008,4521
2020-06-21 19:54:11,mainnet,10310536,10306008,4528
2020-06-21 19:57:43,mainnet,10310557,10306008,4549
2020-06-21 20:02:39,mainnet,10310580,10306194,4386
2020-06-21 20:14:10,mainnet,10310634,10306321,4313
2020-06-21 20:16:50,mainnet,10310641,10306563,4078
2020-06-21 20:22:40,mainnet,10310662,10306684,3978
2020-06-21 20:24:02,mainnet,10310674,10306684,3990
2020-06-21 20:28:20,mainnet,10310699,10306811,3888
2020-06-21 20:32:49,mainnet,10310729,10306811,3918
2020-06-21 20:34:51,mainnet,10310739,10306811,3928
2020-06-21 20:36:55,mainnet,10310751,10306811,3940
2020-06-21 20:39:21,mainnet,10310757,10306811,3946
2020-06-21 20:40:43,mainnet,10310768,10306811,3957
2020-06-21 21:01:00,mainnet,10310854,10306979,3875
2020-06-21 21:02:24,mainnet,10310860,10307136,3724
2020-06-21 21:03:47,mainnet,10310868,10307300,3568
2020-06-21 21:05:14,mainnet,10310874,10307480,3394
2020-06-21 21:06:49,mainnet,10310881,10307638,3243
2020-06-21 21:08:12,mainnet,10310892,10307812,3080
2020-06-21 21:09:45,mainnet,10310897,10307979,2918
2020-06-21 21:11:09,mainnet,10310901,10308155,2746
2020-06-21 21:12:34,mainnet,10310905,10308300,2605
2020-06-21 21:13:58,mainnet,10310923,10308437,2486
2020-06-21 21:15:36,mainnet,10310931,10308537,2394
2020-06-21 21:17:03,mainnet,10310937,10308611,2326
2020-06-21 21:18:29,mainnet,10310939,10308687,2252
2020-06-21 21:19:52,mainnet,10310942,10308841,2101
2020-06-21 21:21:17,mainnet,10310949,10308985,1964
2020-06-21 21:22:41,mainnet,10310960,10309090,1870
2020-06-21 21:24:09,mainnet,10310965,10309231,1734
2020-06-21 21:25:33,mainnet,10310972,10309391,1581
2020-06-21 21:27:06,mainnet,10310976,10309533,1443
2020-06-21 21:28:34,mainnet,10310982,10309679,1303
2020-06-21 21:29:58,mainnet,10310990,10309834,1156
2020-06-21 21:31:27,mainnet,10310994,10310018,976
2020-06-21 21:33:01,mainnet,10310999,10310136,863
2020-06-21 21:34:32,mainnet,10311001,10310136,865
2020-06-21 21:36:10,mainnet,10311009,10310267,742
2020-06-21 21:37:38,mainnet,10311017,10310438,579
2020-06-21 21:39:07,mainnet,10311026,10310594,432
2020-06-21 21:40:40,mainnet,10311031,10310696,335
2020-06-21 21:42:14,mainnet,10311036,10310785,251
2020-06-21 21:43:41,mainnet,10311042,10310847,195
2020-06-21 21:45:14,mainnet,10311047,10310919,128
2020-06-21 21:46:47,mainnet,10311054,10311054,0
2020-06-21 21:48:20,mainnet,10311061,10311061,0
2020-06-21 21:50:01,mainnet,10311065,10311065,0
2020-06-21 21:51:37,mainnet,10311074,10311074,0
2020-06-21 21:53:15,mainnet,10311080,10311080,0
2020-06-21 21:54:48,mainnet,10311090,10311088,2
2020-06-21 21:56:22,mainnet,10311097,10311096,1
2020-06-21 21:57:49,mainnet,10311101,10311101,0
2020-06-21 21:59:21,mainnet,10311105,10311105,0
2020-06-21 22:18:04,mainnet,10311184,10311140,44
2020-06-21 22:19:32,mainnet,10311188,10311188,0
2020-06-21 22:21:17,mainnet,10311195,10311195,0
2020-06-21 22:22:40,mainnet,10311200,10311200,0
2020-06-21 22:24:08,mainnet,10311207,10311207,0
2020-06-21 22:25:46,mainnet,10311217,10311213,4
2020-06-21 22:27:15,mainnet,10311225,10311226,-1
2020-06-21 22:28:47,mainnet,10311234,10311234,0
2020-06-21 22:30:17,mainnet,10311236,10311236,0
2020-06-21 22:31:57,mainnet,10311240,10311240,0
2020-06-21 22:33:30,mainnet,10311252,10311252,0
2020-06-21 22:35:02,mainnet,10311258,10311259,-1
2020-06-21 22:36:26,mainnet,10311267,10311267,0
2020-06-21 22:37:54,mainnet,10311277,10311277,0
2020-06-21 22:39:22,mainnet,10311284,10311284,0
2020-06-21 22:40:54,mainnet,10311286,10311286,0
2020-06-21 22:42:23,mainnet,10311298,10311297,1
2020-06-21 22:44:00,mainnet,10311307,10311303,4
2020-06-21 22:45:29,mainnet,10311313,10311307,6
2020-06-21 22:46:53,mainnet,10311322,10311316,6
2020-06-21 22:48:26,mainnet,10311330,10311328,2
2020-06-21 22:49:55,mainnet,10311340,10311340,0
2020-06-21 22:51:23,mainnet,10311349,10311349,0
2020-06-21 22:52:49,mainnet,10311357,10311357,0
2020-06-21 22:54:20,mainnet,10311363,10311363,0
2020-06-21 22:55:49,mainnet,10311371,10311371,0
2020-06-21 22:57:23,mainnet,10311376,10311376,0
2020-06-21 22:58:57,mainnet,10311383,10311383,0
2020-06-21 23:00:24,mainnet,10311391,10311392,-1
2020-06-21 23:01:58,mainnet,10311398,10311398,0
2020-06-21 23:03:30,mainnet,10311403,10311403,0
2020-06-21 23:04:59,mainnet,10311409,10311409,0
2020-06-21 23:06:38,mainnet,10311419,10311419,0
2020-06-21 23:08:07,mainnet,10311424,10311424,0
2020-06-21 23:09:44,mainnet,10311429,10311426,3
2020-06-21 23:11:09,mainnet,10311438,10311437,1
2020-06-21 23:12:39,mainnet,10311445,10311445,0
2020-06-21 23:14:20,mainnet,10311453,10311453,0
2020-06-21 23:15:54,mainnet,10311461,10311461,0
2020-06-21 23:17:23,mainnet,10311469,10311464,5
2020-06-21 23:18:59,mainnet,10311473,10311473,0
2020-06-21 23:20:23,mainnet,10311477,10311477,0
2020-06-21 23:21:50,mainnet,10311482,10311482,0
2020-06-21 23:23:18,mainnet,10311488,10311488,0
2020-06-21 23:24:46,mainnet,10311493,10311493,0
2020-06-21 23:26:16,mainnet,10311505,10311505,0
2020-06-21 23:27:44,mainnet,10311511,10311511,0
2020-06-21 23:29:12,mainnet,10311518,10311519,-1
2020-06-21 23:30:40,mainnet,10311525,10311525,0
2020-06-21 23:32:12,mainnet,10311538,10311529,9
2020-06-21 23:33:50,mainnet,10311543,10311543,0
2020-06-23 08:03:31,mainnet,10320330,10311543,8787
2020-06-23 08:05:00,mainnet,10320336,10311580,8756
2020-06-23 08:06:23,mainnet,10320341,10311672,8669
2020-06-23 08:07:52,mainnet,10320346,10311785,8561
2020-06-23 08:09:14,mainnet,10320355,10311922,8433
2020-06-23 08:10:53,mainnet,10320357,10312119,8238
2020-06-23 08:12:49,mainnet,10320368,10312302,8066
2020-06-23 08:14:25,mainnet,10320371,10312453,7918
2020-06-23 08:15:55,mainnet,10320371,10312604,7767
2020-06-23 08:17:17,mainnet,10320379,10312742,7637
2020-06-23 08:18:44,mainnet,10320388,10312871,7517
2020-06-23 08:20:12,mainnet,10320398,10313068,7330
2020-06-23 08:21:56,mainnet,10320405,10313242,7163
2020-06-23 08:23:29,mainnet,10320408,10313472,6936
2020-06-23 08:25:24,mainnet,10320412,10313642,6770
2020-06-23 08:26:49,mainnet,10320419,10313789,6630
2020-06-23 08:28:23,mainnet,10320423,10313927,6496
2020-06-23 08:29:49,mainnet,10320427,10314064,6363
2020-06-23 08:31:27,mainnet,10320437,10314333,6104
2020-06-23 08:33:34,mainnet,10320445,10314542,5903
2020-06-23 08:35:21,mainnet,10320455,10314737,5718
2020-06-23 08:36:58,mainnet,10320460,10314911,5549
2020-06-23 08:38:21,mainnet,10320470,10315070,5400
2020-06-23 08:39:52,mainnet,10320476,10315238,5238
2020-06-23 08:41:16,mainnet,10320478,10315430,5048
2020-06-23 08:42:44,mainnet,10320482,10315609,4873
2020-06-23 08:44:19,mainnet,10320485,10315789,4696
2020-06-23 08:45:42,mainnet,10320494,10315998,4496
2020-06-23 08:47:18,mainnet,10320508,10316162,4346
2020-06-23 08:49:02,mainnet,10320519,10316281,4238
2020-06-23 08:50:32,mainnet,10320531,10316412,4119
2020-06-23 08:52:17,mainnet,10320539,10316592,3947
2020-06-23 08:54:23,mainnet,10320550,10316832,3718
2020-06-23 08:56:21,mainnet,10320552,10317016,3536
2020-06-23 08:57:48,mainnet,10320556,10317177,3379
2020-06-23 08:59:27,mainnet,10320561,10317334,3227
2020-06-23 09:01:03,mainnet,10320565,10317518,3047
2020-06-23 09:02:48,mainnet,10320575,10317698,2877
2020-06-23 09:04:22,mainnet,10320579,10317881,2698
2020-06-23 09:06:01,mainnet,10320587,10318118,2469
2020-06-23 09:07:57,mainnet,10320598,10318288,2310
2020-06-23 09:09:26,mainnet,10320607,10318410,2197
2020-06-23 09:11:00,mainnet,10320611,10318531,2080
2020-06-23 09:12:42,mainnet,10320616,10318637,1979
2020-06-23 09:14:21,mainnet,10320621,10318760,1861
2020-06-23 09:16:03,mainnet,10320627,10318934,1693
2020-06-23 09:17:45,mainnet,10320635,10319115,1520
2020-06-23 09:19:22,mainnet,10320643,10319362,1281
2020-06-23 09:21:26,mainnet,10320650,10319548,1102
2020-06-23 09:23:11,mainnet,10320659,10319749,910
2020-06-23 09:24:54,mainnet,10320667,10319953,714
2020-06-23 09:26:52,mainnet,10320672,10319987,685
2020-06-23 09:28:39,mainnet,10320682,10320233,449
2020-06-23 09:30:34,mainnet,10320694,10320443,251
2020-06-23 09:32:20,mainnet,10320705,10320662,43
2020-06-23 09:33:51,mainnet,10320713,10320711,2
2020-06-23 09:35:24,mainnet,10320713,10320713,0
2020-06-23 09:37:18,mainnet,10320722,10320716,6
2020-06-23 09:39:02,mainnet,10320729,10320729,0
2020-06-23 09:40:59,mainnet,10320736,10320736,0
2020-06-23 09:42:35,mainnet,10320745,10320739,6
2020-06-23 09:44:10,mainnet,10320755,10320753,2
2020-06-23 09:45:52,mainnet,10320762,10320753,9
2020-06-23 09:47:36,mainnet,10320772,10320753,19
2020-06-23 09:49:12,mainnet,10320780,10320780,0
2020-06-23 09:50:55,mainnet,10320788,10320787,1
2020-06-23 09:52:30,mainnet,10320794,10320794,0
2020-06-23 09:54:14,mainnet,10320800,10320800,0
2020-06-23 09:55:46,mainnet,10320809,10320800,9
2020-06-23 09:57:23,mainnet,10320818,10320815,3
2020-06-23 09:59:05,mainnet,10320826,10320824,2
2020-06-23 10:00:44,mainnet,10320830,10320831,-1
2020-06-23 10:02:22,mainnet,10320842,10320835,7
2020-06-23 10:03:58,mainnet,10320850,10320850,0
2020-06-23 10:05:36,mainnet,10320858,10320851,7
2020-06-23 10:07:17,mainnet,10320866,10320866,0
2020-06-23 10:08:47,mainnet,10320871,10320870,1
2020-06-23 10:10:29,mainnet,10320879,10320878,1
2020-06-23 10:12:03,mainnet,10320887,10320878,9
2020-06-23 10:13:50,mainnet,10320891,10320888,3
2020-06-23 10:15:30,mainnet,10320895,10320895,0
2020-06-23 10:17:17,mainnet,10320900,10320898,2
2020-06-23 10:19:05,mainnet,10320906,10320898,8
2020-06-23 10:20:39,mainnet,10320911,10320910,1
2020-06-23 10:22:33,mainnet,10320916,10320916,0
2020-06-23 10:24:19,mainnet,10320924,10320917,7
2020-06-23 10:25:51,mainnet,10320930,10320930,0
2020-06-23 10:27:35,mainnet,10320940,10320937,3
2020-06-23 10:29:14,mainnet,10320945,10320944,1
2020-06-23 10:30:44,mainnet,10320949,10320946,3
2020-06-23 10:32:14,mainnet,10320954,10320949,5
2020-06-23 10:33:47,mainnet,10320960,10320957,3
2020-06-23 10:35:23,mainnet,10320963,10320963,0
2020-06-23 10:37:00,mainnet,10320975,10320967,8
2020-06-23 10:38:38,mainnet,10320981,10320979,2
2020-06-23 10:40:31,mainnet,10320984,10320983,1
2020-06-23 10:42:09,mainnet,10320988,10320983,5
2020-06-23 10:43:50,mainnet,10320995,10320994,1
2020-06-23 10:45:29,mainnet,10320999,10320999,0
2020-06-23 10:47:04,mainnet,10321003,10321002,1
2020-06-23 10:48:44,mainnet,10321009,10321008,1
2020-06-23 10:50:33,mainnet,10321015,10321015,0
2020-06-23 10:52:09,mainnet,10321019,10321019,0
2020-06-23 10:53:47,mainnet,10321023,10321021,2
2020-06-23 10:55:21,mainnet,10321033,10321021,12
2020-06-23 10:57:10,mainnet,10321041,10321031,10
2020-06-23 10:58:52,mainnet,10321049,10321031,18
2020-06-23 11:00:26,mainnet,10321059,10321031,28
2020-06-23 11:01:56,mainnet,10321066,10321065,1
2020-06-23 11:03:42,mainnet,10321076,10321075,1
2020-06-23 11:05:24,mainnet,10321085,10321085,0
2020-06-23 11:07:09,mainnet,10321092,10321085,7
2020-06-23 11:08:40,mainnet,10321093,10321093,0
2020-06-23 11:10:30,mainnet,10321100,10321094,6
2020-06-23 11:12:02,mainnet,10321109,10321094,15
2020-06-23 11:13:34,mainnet,10321120,10321094,26
2020-06-23 11:15:28,mainnet,10321130,10321094,36
2020-06-23 11:17:15,mainnet,10321140,10321094,46
2020-06-23 11:18:43,mainnet,10321142,10321140,2
2020-06-23 11:20:21,mainnet,10321150,10321150,0
2020-06-23 11:22:38,mainnet,10321158,10321158,0
2020-06-23 11:24:24,mainnet,10321164,10321164,0
2020-06-23 11:25:58,mainnet,10321169,10321169,0
2020-06-23 11:27:32,mainnet,10321178,10321169,9
2020-06-23 11:29:12,mainnet,10321184,10321183,1
2020-06-23 11:30:47,mainnet,10321193,10321190,3
2020-06-23 11:32:29,mainnet,10321199,10321194,5
2020-06-23 11:34:07,mainnet,10321208,10321194,14
2020-06-23 11:35:34,mainnet,10321215,10321209,6
2020-06-23 11:37:04,mainnet,10321219,10321218,1
2020-06-23 11:38:37,mainnet,10321224,10321222,2
2020-06-23 11:40:51,mainnet,10321235,10321231,4
2020-06-23 11:42:34,mainnet,10321241,10321239,2
2020-06-23 11:44:07,mainnet,10321245,10321241,4
2020-06-23 11:45:42,mainnet,10321257,10321257,0
2020-06-23 11:47:15,mainnet,10321262,10321262,0
2020-06-23 11:48:49,mainnet,10321271,10321270,1
2020-06-23 11:50:28,mainnet,10321285,10321285,0
2020-06-23 11:52:06,mainnet,10321293,10321293,0
2020-06-23 11:53:40,mainnet,10321303,10321296,7
2020-06-23 11:55:30,mainnet,10321308,10321308,0
2020-06-23 11:57:09,mainnet,10321312,10321313,-1
2020-06-23 11:58:50,mainnet,10321319,10321319,0
2020-06-23 12:00:38,mainnet,10321324,10321319,5
2020-06-23 12:02:19,mainnet,10321332,10321331,1
2020-06-23 12:04:04,mainnet,10321342,10321331,11
2020-06-23 12:05:49,mainnet,10321350,10321346,4
2020-06-23 12:07:29,mainnet,10321356,10321357,-1
2020-06-23 12:08:53,mainnet,10321361,10321361,0
2020-06-23 12:10:36,mainnet,10321370,10321365,5
2020-06-23 12:12:12,mainnet,10321376,10321375,1
2020-06-23 12:13:49,mainnet,10321382,10321378,4
2020-06-23 12:15:29,mainnet,10321391,10321386,5
2020-06-23 12:17:16,mainnet,10321400,10321400,0
2020-06-23 12:18:49,mainnet,10321406,10321401,5
2020-06-23 12:20:44,mainnet,10321413,10321413,0
2020-06-23 12:22:17,mainnet,10321420,10321420,0
2020-06-23 12:23:56,mainnet,10321428,10321426,2
2020-06-23 12:25:32,mainnet,10321439,10321439,0
2020-06-23 12:27:12,mainnet,10321445,10321439,6
2020-06-23 12:28:47,mainnet,10321452,10321439,13
2020-06-23 12:30:22,mainnet,10321455,10321455,0
2020-06-23 12:32:04,mainnet,10321467,10321464,3
2020-06-23 12:33:57,mainnet,10321476,10321464,12
2020-06-23 12:35:42,mainnet,10321484,10321484,0
2020-06-23 12:37:20,mainnet,10321490,10321484,6
2020-06-23 12:39:06,mainnet,10321498,10321498,0
2020-06-23 12:40:50,mainnet,10321502,10321501,1
2020-06-23 12:42:34,mainnet,10321509,10321502,7
2020-06-23 12:44:12,mainnet,10321520,10321509,11
2020-06-23 12:45:46,mainnet,10321528,10321523,5
2020-06-23 12:47:17,mainnet,10321537,10321537,0
2020-06-23 12:49:05,mainnet,10321543,10321537,6
2020-06-23 12:50:40,mainnet,10321552,10321552,0
2020-06-23 12:52:21,mainnet,10321558,10321558,0
2020-06-23 12:53:54,mainnet,10321568,10321568,0
2020-06-23 12:55:33,mainnet,10321572,10321571,1
2020-06-23 12:57:09,mainnet,10321578,10321576,2
2020-06-23 12:58:53,mainnet,10321583,10321580,3
2020-06-23 13:00:34,mainnet,10321591,10321580,11
2020-06-23 13:02:10,mainnet,10321606,10321580,26
2020-06-23 13:03:53,mainnet,10321619,10321599,20
2020-06-23 13:05:29,mainnet,10321625,10321625,0
2020-06-23 13:07:01,mainnet,10321629,10321626,3
2020-06-23 13:08:35,mainnet,10321638,10321626,12
2020-06-23 13:10:24,mainnet,10321644,10321644,0
2020-06-23 13:12:01,mainnet,10321650,10321650,0
2020-06-23 13:13:39,mainnet,10321659,10321652,7
2020-06-23 13:15:19,mainnet,10321666,10321665,1
2020-06-23 13:17:05,mainnet,10321673,10321672,1
2020-06-23 13:18:40,mainnet,10321681,10321676,5
2020-06-23 13:20:22,mainnet,10321692,10321676,16
2020-06-23 13:22:04,mainnet,10321697,10321676,21
2020-06-23 13:23:42,mainnet,10321708,10321676,32
2020-06-23 13:25:25,mainnet,10321719,10321676,43
2020-06-23 13:27:03,mainnet,10321722,10321676,46
2020-06-23 13:28:27,mainnet,10321728,10321728,0
2020-06-23 13:30:02,mainnet,10321741,10321734,7
2020-06-23 13:31:46,mainnet,10321749,10321749,0
2020-06-23 13:33:14,mainnet,10321750,10321750,0
2020-06-23 13:34:48,mainnet,10321756,10321755,1
2020-06-23 13:36:24,mainnet,10321765,10321763,2
2020-06-23 13:37:57,mainnet,10321772,10321772,0
2020-06-23 13:39:26,mainnet,10321778,10321772,6
2020-06-23 13:40:53,mainnet,10321783,10321779,4
2020-06-23 13:42:19,mainnet,10321788,10321783,5
2020-06-23 13:43:44,mainnet,10321795,10321783,12
2020-06-23 13:45:20,mainnet,10321804,10321783,21
2020-06-23 13:46:54,mainnet,10321813,10321783,30
2020-06-23 13:48:31,mainnet,10321823,10321815,8
2020-06-23 13:50:18,mainnet,10321826,10321826,0
2020-06-23 13:51:52,mainnet,10321832,10321831,1
2020-06-23 13:53:25,mainnet,10321838,10321838,0
2020-06-23 13:55:01,mainnet,10321850,10321838,12
2020-06-23 13:56:31,mainnet,10321859,10321859,0
2020-06-23 13:58:11,mainnet,10321866,10321862,4
2020-06-23 13:59:50,mainnet,10321867,10321867,0
2020-06-23 14:01:23,mainnet,10321877,10321869,8
2020-06-23 14:03:07,mainnet,10321886,10321885,1
2020-06-23 14:04:32,mainnet,10321893,10321885,8
2020-06-23 14:06:06,mainnet,10321900,10321898,2
2020-06-23 14:07:32,mainnet,10321909,10321907,2
2020-06-23 14:09:17,mainnet,10321916,10321916,0
2020-06-23 14:10:51,mainnet,10321924,10321922,2
2020-06-23 14:12:39,mainnet,10321932,10321930,2
2020-06-23 14:14:24,mainnet,10321938,10321938,0
2020-06-23 14:16:13,mainnet,10321947,10321947,0
2020-06-23 14:17:56,mainnet,10321953,10321953,0
2020-06-23 14:19:37,mainnet,10321966,10321954,12
2020-06-23 14:21:13,mainnet,10321971,10321954,17
2020-06-23 14:22:39,mainnet,10321975,10321954,21
2020-06-23 14:24:26,mainnet,10321991,10321954,37
2020-06-23 14:26:02,mainnet,10321999,10321954,45
2020-06-23 14:27:34,mainnet,10322008,10321954,54
2020-06-23 14:29:04,mainnet,10322019,10321954,65
2020-06-23 14:30:39,mainnet,10322027,10322022,5
2020-06-23 14:32:26,mainnet,10322036,10322036,0
2020-06-23 14:34:07,mainnet,10322041,10322041,0
2020-06-23 14:35:43,mainnet,10322047,10322047,0
2020-06-23 14:37:21,mainnet,10322053,10322053,0
2020-06-23 14:39:22,mainnet,10322062,10322062,0
2020-06-23 14:40:46,mainnet,10322068,10322065,3
2020-06-23 14:42:19,mainnet,10322075,10322069,6
2020-06-23 14:43:52,mainnet,10322082,10322077,5
2020-06-23 14:45:26,mainnet,10322090,10322077,13
2020-06-23 14:46:57,mainnet,10322099,10322077,22
2020-06-23 14:48:31,mainnet,10322108,10322105,3
2020-06-23 14:50:11,mainnet,10322118,10322117,1
2020-06-23 14:51:52,mainnet,10322127,10322127,0
2020-06-23 14:53:38,mainnet,10322131,10322132,-1
2020-06-23 14:55:09,mainnet,10322139,10322132,7
2020-06-23 14:56:45,mainnet,10322145,10322143,2
2020-06-23 14:58:15,mainnet,10322154,10322154,0
2020-06-23 15:00:13,mainnet,10322162,10322157,5
2020-06-23 15:01:57,mainnet,10322170,10322168,2
2020-06-23 15:03:39,mainnet,10322175,10322168,7
2020-06-23 15:05:21,mainnet,10322179,10322177,2
2020-06-23 15:06:58,mainnet,10322189,10322186,3
2020-06-23 15:08:24,mainnet,10322201,10322198,3
2020-06-23 15:09:58,mainnet,10322210,10322199,11
2020-06-23 15:11:21,mainnet,10322216,10322216,0
2020-06-23 15:13:00,mainnet,10322223,10322223,0
2020-06-23 15:14:41,mainnet,10322232,10322226,6
2020-06-23 15:16:17,mainnet,10322244,10322226,18
2020-06-23 15:17:47,mainnet,10322251,10322226,25
2020-06-23 15:19:23,mainnet,10322257,10322253,4
2020-06-23 15:20:57,mainnet,10322261,10322261,0
2020-06-23 15:22:36,mainnet,10322268,10322264,4
2020-06-23 15:24:21,mainnet,10322278,10322275,3
2020-06-23 15:25:53,mainnet,10322283,10322275,8
2020-06-23 15:27:27,mainnet,10322292,10322292,0
2020-06-23 15:29:01,mainnet,10322297,10322297,0
2020-06-23 15:30:44,mainnet,10322302,10322298,4
2020-06-23 15:32:16,mainnet,10322311,10322303,8
2020-06-23 15:33:55,mainnet,10322324,10322315,9
2020-06-23 15:35:40,mainnet,10322332,10322315,17
2020-06-23 15:37:09,mainnet,10322336,10322336,0
2020-06-23 15:38:44,mainnet,10322345,10322344,1
2020-06-23 15:40:20,mainnet,10322348,10322344,4
2020-06-23 15:41:53,mainnet,10322355,10322344,11
2020-06-23 15:43:33,mainnet,10322363,10322344,19
2020-06-23 15:45:14,mainnet,10322366,10322344,22
2020-06-23 15:46:47,mainnet,10322370,10322370,0
2020-06-23 15:48:24,mainnet,10322376,10322374,2
2020-06-23 15:49:55,mainnet,10322386,10322374,12
2020-06-23 15:51:27,mainnet,10322393,10322391,2
2020-06-23 15:52:58,mainnet,10322402,10322391,11
2020-06-23 15:54:22,mainnet,10322409,10322391,18
2020-06-23 15:55:51,mainnet,10322415,10322415,0
2020-06-23 15:57:27,mainnet,10322421,10322421,0
2020-06-23 15:59:00,mainnet,10322426,10322426,0
2020-06-23 16:00:48,mainnet,10322439,10322439,0
2020-06-23 16:02:25,mainnet,10322446,10322446,0
2020-06-23 16:03:52,mainnet,10322457,10322446,11
2020-06-23 16:05:33,mainnet,10322465,10322446,19
2020-06-23 16:07:10,mainnet,10322472,10322449,23
2020-06-23 16:08:33,mainnet,10322483,10322474,9
2020-06-23 16:10:10,mainnet,10322486,10322487,-1
2020-06-23 16:11:41,mainnet,10322495,10322494,1
2020-06-23 16:13:25,mainnet,10322503,10322497,6
2020-06-23 16:15:12,mainnet,10322508,10322507,1
2020-06-23 16:16:50,mainnet,10322517,10322510,7
2020-06-23 16:18:27,mainnet,10322528,10322515,13
2020-06-23 16:20:05,mainnet,10322538,10322538,0
2020-06-23 16:21:39,mainnet,10322551,10322551,0
2020-06-23 16:23:30,mainnet,10322561,10322561,0
2020-06-23 16:24:58,mainnet,10322570,10322569,1
2020-06-23 16:26:29,mainnet,10322574,10322574,0
2020-06-23 16:28:08,mainnet,10322582,10322582,0
2020-06-23 16:29:31,mainnet,10322586,10322586,0
2020-06-23 16:30:54,mainnet,10322592,10322592,0
2020-06-23 16:32:25,mainnet,10322601,10322601,0
2020-06-23 16:33:54,mainnet,10322610,10322610,0
2020-06-23 16:35:24,mainnet,10322622,10322622,0
2020-06-23 16:36:58,mainnet,10322631,10322631,0
2020-06-23 16:38:22,mainnet,10322642,10322641,1
2020-06-23 16:39:57,mainnet,10322647,10322645,2
2020-06-23 16:41:30,mainnet,10322650,10322647,3
2020-06-23 16:42:56,mainnet,10322659,10322658,1
2020-06-23 16:44:25,mainnet,10322663,10322663,0
2020-06-23 16:45:53,mainnet,10322677,10322676,1
2020-06-23 16:47:24,mainnet,10322686,10322686,0
2020-06-23 16:48:56,mainnet,10322694,10322694,0
2020-06-23 16:50:35,mainnet,10322700,10322698,2
2020-06-23 16:52:24,mainnet,10322707,10322707,0
2020-06-23 16:54:05,mainnet,10322715,10322714,1
2020-06-23 16:55:39,mainnet,10322724,10322724,0
2020-06-23 16:57:11,mainnet,10322730,10322730,0
2020-06-23 16:58:49,mainnet,10322734,10322734,0
2020-06-23 17:00:22,mainnet,10322743,10322742,1
2020-06-23 17:01:51,mainnet,10322748,10322748,0
2020-06-23 17:03:27,mainnet,10322757,10322757,0
2020-06-23 17:05:12,mainnet,10322760,10322760,0
2020-06-23 17:06:47,mainnet,10322769,10322767,2
2020-06-23 17:08:27,mainnet,10322778,10322774,4
2020-06-23 17:10:13,mainnet,10322783,10322774,9
2020-06-23 17:12:05,mainnet,10322795,10322774,21
2020-06-23 17:13:35,mainnet,10322799,10322796,3
2020-06-23 17:15:08,mainnet,10322804,10322803,1
2020-06-23 17:16:39,mainnet,10322812,10322812,0
2020-06-23 17:18:09,mainnet,10322817,10322816,1
2020-06-23 17:19:40,mainnet,10322825,10322825,0
2020-06-23 17:21:06,mainnet,10322833,10322833,0
2020-06-23 17:22:40,mainnet,10322844,10322840,4
2020-06-23 17:24:23,mainnet,10322848,10322848,0
2020-06-23 17:25:54,mainnet,10322853,10322853,0
2020-06-23 17:27:34,mainnet,10322858,10322859,-1
2020-06-23 17:28:59,mainnet,10322866,10322867,-1
2020-06-23 17:30:33,mainnet,10322872,10322872,0
2020-06-23 17:32:00,mainnet,10322880,10322880,0
2020-06-23 17:33:27,mainnet,10322890,10322891,-1
2020-06-23 17:35:14,mainnet,10322901,10322892,9
2020-06-23 17:36:39,mainnet,10322908,10322908,0
2020-06-23 17:38:09,mainnet,10322913,10322913,0
2020-06-23 17:39:38,mainnet,10322921,10322920,1
2020-06-23 17:41:06,mainnet,10322927,10322924,3
2020-06-23 17:42:30,mainnet,10322933,10322932,1
2020-06-23 17:43:59,mainnet,10322937,10322934,3
2020-06-23 17:45:48,mainnet,10322944,10322942,2
2020-06-23 17:47:30,mainnet,10322951,10322948,3
2020-06-23 17:49:02,mainnet,10322958,10322949,9
2020-06-23 17:50:32,mainnet,10322967,10322958,9
2020-06-23 17:52:04,mainnet,10322970,10322961,9
2020-06-23 17:53:51,mainnet,10322982,10322971,11
2020-06-23 17:55:29,mainnet,10322990,10322988,2
2020-06-23 17:57:08,mainnet,10322996,10322994,2
2020-06-23 17:58:46,mainnet,10323001,10322995,6
2020-06-26 10:20:52,mainnet,10340281,10323001,17280
2020-06-26 10:22:19,mainnet,10340286,10323090,17196
2020-06-26 10:23:41,mainnet,10340292,10323181,17111
2020-06-26 10:25:03,mainnet,10340302,10323269,17033
2020-06-26 10:26:26,mainnet,10340307,10323336,16971
2020-06-26 10:27:48,mainnet,10340312,10323412,16900
2020-06-26 10:29:11,mainnet,10340318,10323501,16817
2020-06-26 10:30:39,mainnet,10340323,10323573,16750
2020-06-26 10:32:01,mainnet,10340328,10323640,16688
2020-06-26 10:33:24,mainnet,10340335,10323705,16630
2020-06-26 10:34:46,mainnet,10340340,10323770,16570
2020-06-26 10:36:10,mainnet,10340348,10323842,16506
2020-06-26 10:37:32,mainnet,10340352,10323907,16445
2020-06-26 10:38:55,mainnet,10340354,10323962,16392
2020-06-26 10:40:18,mainnet,10340362,10324020,16342
2020-06-26 10:41:40,mainnet,10340375,10324080,16295
2020-06-26 10:43:03,mainnet,10340383,10324134,16249
2020-06-26 10:44:27,mainnet,10340390,10324211,16179
2020-06-26 10:45:56,mainnet,10340395,10324287,16108
2020-06-26 10:47:21,mainnet,10340402,10324381,16021
2020-06-26 10:48:43,mainnet,10340410,10324491,15919
2020-06-26 10:50:07,mainnet,10340419,10324617,15802
2020-06-26 10:51:31,mainnet,10340424,10324731,15693
2020-06-26 10:52:55,mainnet,10340430,10324860,15570
2020-06-26 10:54:17,mainnet,10340438,10324974,15464
2020-06-26 10:55:39,mainnet,10340441,10325091,15350
2020-06-26 10:57:03,mainnet,10340449,10325240,15209
2020-06-26 10:58:28,mainnet,10340453,10325373,15080
2020-06-26 10:59:50,mainnet,10340461,10325511,14950
2020-06-26 11:01:12,mainnet,10340469,10325659,14810
2020-06-26 11:02:39,mainnet,10340476,10325807,14669
2020-06-26 11:04:04,mainnet,10340478,10325946,14532
2020-06-26 11:05:26,mainnet,10340482,10326099,14383
2020-06-26 11:07:33,mainnet,10340491,10326344,14147
2020-06-26 11:10:11,mainnet,10340502,10326498,14004
2020-06-26 11:11:56,mainnet,10340516,10326761,13755
2020-06-26 11:14:21,mainnet,10340529,10326963,13566
2020-06-26 11:16:01,mainnet,10340533,10327151,13382
2020-06-26 11:17:50,mainnet,10340550,10327413,13137
2020-06-26 11:19:55,mainnet,10340555,10327622,12933
2020-06-26 11:21:51,mainnet,10340569,10327869,12700
2020-06-26 11:23:51,mainnet,10340575,10328070,12505
2020-06-26 11:25:38,mainnet,10340584,10328276,12308
2020-06-26 11:27:25,mainnet,10340592,10328499,12093
2020-06-26 11:29:11,mainnet,10340598,10328649,11949
2020-06-26 11:30:55,mainnet,10340609,10328856,11753
2020-06-26 11:33:20,mainnet,10340617,10329095,11522
2020-06-26 11:35:28,mainnet,10340626,10329396,11230
2020-06-26 11:37:44,mainnet,10340632,10329606,11026
2020-06-26 11:39:36,mainnet,10340638,10329818,10820
2020-06-26 11:41:25,mainnet,10340643,10330023,10620
2020-06-26 11:43:15,mainnet,10340653,10330290,10363
2020-06-26 11:46:09,mainnet,10340665,10330495,10170
2020-06-26 11:48:19,mainnet,10340672,10330495,10177
2020-06-26 11:50:08,mainnet,10340677,10330701,9976
2020-06-26 11:51:51,mainnet,10340682,10330836,9846
2020-06-26 11:53:25,mainnet,10340692,10330978,9714
2020-06-26 11:55:20,mainnet,10340699,10331157,9542
2020-06-26 11:57:08,mainnet,10340704,10331324,9380
2020-06-26 11:58:53,mainnet,10340714,10331494,9220
2020-06-26 12:00:54,mainnet,10340725,10331740,8985
2020-06-26 12:03:17,mainnet,10340733,10331894,8839
2020-06-26 12:05:09,mainnet,10340735,10332131,8604
2020-06-26 12:06:55,mainnet,10340742,10332357,8385
2020-06-26 12:08:29,mainnet,10340749,10332579,8170
2020-06-26 12:10:16,mainnet,10340756,10332822,7934
2020-06-26 12:12:00,mainnet,10340768,10333034,7734
2020-06-26 12:13:53,mainnet,10340774,10333188,7586
2020-06-26 12:15:33,mainnet,10340780,10333403,7377
2020-06-26 12:17:28,mainnet,10340786,10333416,7370
2020-06-26 12:19:20,mainnet,10340793,10333416,7377
2020-06-26 12:20:48,mainnet,10340798,10333522,7276
2020-06-26 12:22:15,mainnet,10340804,10333670,7134
2020-06-26 12:23:43,mainnet,10340814,10333750,7064
2020-06-26 12:25:07,mainnet,10340819,10333922,6897
2020-06-26 12:26:31,mainnet,10340828,10334082,6746
2020-06-26 12:28:01,mainnet,10340836,10334250,6586
2020-06-26 12:29:37,mainnet,10340842,10334443,6399
2020-06-26 12:31:05,mainnet,10340851,10334672,6179
2020-06-26 12:32:52,mainnet,10340863,10334905,5958
2020-06-26 12:34:32,mainnet,10340873,10335110,5763
2020-06-26 12:36:15,mainnet,10340879,10335269,5610
2020-06-26 12:37:52,mainnet,10340883,10335437,5446
2020-06-26 12:39:38,mainnet,10340890,10335667,5223
2020-06-26 12:41:26,mainnet,10340903,10335938,4965
2020-06-26 12:43:48,mainnet,10340916,10336158,4758
2020-06-26 12:46:10,mainnet,10340924,10336404,4520
2020-06-26 12:48:02,mainnet,10340931,10336639,4292
2020-06-26 12:50:09,mainnet,10340940,10336845,4095
2020-06-26 12:51:57,mainnet,10340946,10336845,4101
2020-06-26 12:53:34,mainnet,10340953,10336845,4108
2020-06-26 12:55:12,mainnet,10340959,10336909,4050
2020-06-26 12:56:46,mainnet,10340963,10337088,3875
2020-06-26 12:58:37,mainnet,10340969,10337300,3669
2020-06-26 13:00:16,mainnet,10340975,10337472,3503
2020-06-26 13:02:25,mainnet,10340982,10337626,3356
2020-06-26 13:03:51,mainnet,10340990,10337760,3230
2020-06-26 13:05:27,mainnet,10340999,10337927,3072
2020-06-26 13:07:05,mainnet,10341009,10338090,2919
2020-06-26 13:08:31,mainnet,10341021,10338212,2809
2020-06-26 13:09:59,mainnet,10341034,10338404,2630
2020-06-26 13:11:44,mainnet,10341040,10338604,2436
2020-06-26 13:13:27,mainnet,10341045,10338798,2247
2020-06-26 13:15:18,mainnet,10341057,10339078,1979
2020-06-26 13:17:28,mainnet,10341065,10339254,1811
2020-06-26 13:19:07,mainnet,10341075,10339444,1631
2020-06-26 13:21:14,mainnet,10341083,10339673,1410
2020-06-26 13:23:10,mainnet,10341099,10339812,1287
2020-06-26 13:25:15,mainnet,10341113,10339958,1155
2020-06-26 13:27:18,mainnet,10341120,10340213,907
2020-06-26 13:30:31,mainnet,10341132,10340274,858
2020-06-26 13:32:08,mainnet,10341136,10340274,862
2020-06-26 13:33:46,mainnet,10341141,10340304,837
2020-06-26 13:35:16,mainnet,10341148,10340399,749
2020-06-26 13:36:40,mainnet,10341154,10340416,738
2020-06-26 13:38:13,mainnet,10341161,10340603,558
2020-06-26 13:39:38,mainnet,10341168,10340765,403
2020-06-26 13:41:04,mainnet,10341176,10340949,227
2020-06-26 13:43:19,mainnet,10341184,10341172,12
2020-06-26 13:44:55,mainnet,10341193,10341192,1
2020-06-26 13:46:41,mainnet,10341199,10341199,0
2020-06-26 13:48:12,mainnet,10341203,10341203,0
2020-06-26 13:49:40,mainnet,10341207,10341207,0
2020-06-26 13:51:15,mainnet,10341211,10341210,1
2020-06-26 13:52:46,mainnet,10341219,10341219,0
2020-06-26 13:54:18,mainnet,10341225,10341224,1
2020-06-26 13:55:51,mainnet,10341228,10341227,1
2020-06-26 13:57:23,mainnet,10341235,10341235,0
2020-06-26 13:58:59,mainnet,10341243,10341243,0
2020-06-26 14:00:41,mainnet,10341247,10341247,0
2020-06-26 14:02:19,mainnet,10341254,10341254,0
2020-06-26 14:03:51,mainnet,10341263,10341263,0
2020-06-26 14:05:22,mainnet,10341270,10341270,0
2020-06-26 14:07:00,mainnet,10341275,10341275,0
2020-06-26 14:08:37,mainnet,10341280,10341280,0
2020-06-26 14:10:03,mainnet,10341284,10341284,0
2020-06-26 14:11:33,mainnet,10341287,10341287,0
2020-06-26 14:13:00,mainnet,10341291,10341292,-1
2020-06-26 14:14:28,mainnet,10341300,10341300,0
2020-06-26 14:15:58,mainnet,10341309,10341307,2
2020-06-26 14:17:49,mainnet,10341319,10341319,0
2020-06-26 14:19:23,mainnet,10341334,10341331,3
2020-06-26 14:21:12,mainnet,10341341,10341331,10
2020-06-26 14:22:41,mainnet,10341350,10341350,0
2020-06-26 14:24:12,mainnet,10341359,10341359,0
2020-06-26 14:25:43,mainnet,10341365,10341365,0
2020-06-26 14:27:16,mainnet,10341371,10341371,0
2020-06-26 14:28:49,mainnet,10341384,10341384,0
2020-06-26 14:30:21,mainnet,10341390,10341390,0
2020-06-26 14:31:53,mainnet,10341393,10341393,0
2020-06-26 14:33:32,mainnet,10341402,10341402,0
2020-06-26 14:35:03,mainnet,10341409,10341409,0
2020-06-26 14:36:36,mainnet,10341414,10341414,0
2020-06-26 14:38:06,mainnet,10341425,10341423,2
2020-06-26 14:39:33,mainnet,10341427,10341427,0
2020-06-26 14:41:06,mainnet,10341434,10341434,0
2020-06-26 14:42:42,mainnet,10341442,10341441,1
2020-06-26 14:44:13,mainnet,10341450,10341449,1
2020-06-26 14:45:43,mainnet,10341462,10341459,3
2020-06-26 14:47:19,mainnet,10341470,10341459,11
2020-06-26 14:48:47,mainnet,10341483,10341480,3
2020-06-26 14:50:15,mainnet,10341489,10341488,1
2020-06-26 14:51:46,mainnet,10341496,10341496,0
2020-06-26 14:53:14,mainnet,10341504,10341504,0
2020-06-26 14:54:50,mainnet,10341509,10341509,0
2020-06-26 14:56:16,mainnet,10341512,10341512,0
2020-06-26 14:57:48,mainnet,10341519,10341518,1
2020-06-26 14:59:19,mainnet,10341530,10341531,-1
2020-06-26 15:00:54,mainnet,10341540,10341540,0
2020-06-26 15:02:32,mainnet,10341545,10341545,0
2020-06-26 15:03:58,mainnet,10341550,10341550,0
2020-06-26 15:05:31,mainnet,10341557,10341557,0
2020-06-26 15:07:13,mainnet,10341561,10341561,0
2020-06-26 15:08:41,mainnet,10341569,10341569,0
2020-06-26 15:10:15,mainnet,10341578,10341578,0
2020-06-26 15:11:43,mainnet,10341586,10341586,0
2020-06-26 15:13:09,mainnet,10341593,10341593,0
2020-06-26 15:14:43,mainnet,10341602,10341602,0
2020-06-26 15:16:11,mainnet,10341611,10341610,1
2020-06-26 15:18:09,mainnet,10341620,10341612,8
2020-06-26 15:19:45,mainnet,10341630,10341630,0
2020-06-26 15:21:16,mainnet,10341635,10341635,0
2020-06-26 15:22:45,mainnet,10341641,10341640,1
2020-06-26 15:24:13,mainnet,10341649,10341649,0
2020-06-26 15:26:00,mainnet,10341659,10341659,0
2020-06-26 15:27:37,mainnet,10341666,10341666,0
2020-06-26 15:29:16,mainnet,10341675,10341675,0
2020-06-26 15:30:54,mainnet,10341685,10341685,0
2020-06-26 15:32:31,mainnet,10341690,10341688,2
2020-06-26 15:34:08,mainnet,10341695,10341694,1
2020-06-26 15:35:31,mainnet,10341704,10341703,1
2020-06-26 15:37:09,mainnet,10341709,10341709,0
2020-06-26 15:38:59,mainnet,10341714,10341714,0
2020-06-26 15:40:46,mainnet,10341724,10341722,2
2020-06-26 15:43:42,mainnet,10341733,10341722,11
2020-06-26 15:45:16,mainnet,10341743,10341732,11
2020-06-26 15:47:00,mainnet,10341751,10341746,5
2020-06-26 15:48:45,mainnet,10341759,10341746,13
2020-06-26 15:50:28,mainnet,10341768,10341746,22
2020-06-26 15:52:15,mainnet,10341773,10341746,27
2020-06-26 15:54:12,mainnet,10341790,10341746,44
2020-06-26 15:56:09,mainnet,10341799,10341746,53
2020-06-26 15:57:42,mainnet,10341811,10341746,65
2020-06-26 15:59:32,mainnet,10341822,10341746,76
2020-06-26 16:01:26,mainnet,10341832,10341828,4
2020-06-26 16:02:56,mainnet,10341839,10341833,6
2020-06-26 16:05:02,mainnet,10341848,10341833,15
2020-06-26 16:06:58,mainnet,10341853,10341853,0
2020-06-26 16:08:44,mainnet,10341860,10341853,7
2020-06-26 16:10:32,mainnet,10341871,10341853,18
2020-06-26 16:12:24,mainnet,10341881,10341853,28
2020-06-26 16:14:04,mainnet,10341886,10341853,33
2020-06-26 16:15:46,mainnet,10341892,10341853,39
2020-06-26 16:17:22,mainnet,10341902,10341853,49
2020-06-26 16:19:19,mainnet,10341918,10341853,65
2020-06-26 16:21:19,mainnet,10341929,10341853,76
2020-06-26 16:22:55,mainnet,10341940,10341853,87
2020-06-26 16:24:40,mainnet,10341953,10341853,100
2020-06-26 16:27:42,mainnet,10341961,10341853,108
2020-06-26 16:29:47,mainnet,10341970,10341941,29
2020-06-26 16:31:49,mainnet,10341975,10341965,10
2020-06-26 16:33:51,mainnet,10341987,10341965,22
2020-06-26 16:35:46,mainnet,10341997,10341989,8
2020-06-26 16:37:38,mainnet,10342003,10341989,14
2020-06-26 16:39:32,mainnet,10342013,10341989,24
2020-06-26 16:41:20,mainnet,10342019,10341989,30
2020-06-26 16:42:55,mainnet,10342031,10341989,42
2020-06-26 16:45:03,mainnet,10342038,10341989,49
2020-06-26 16:46:40,mainnet,10342045,10341989,56
2020-06-26 16:48:17,mainnet,10342053,10342047,6
2020-06-26 16:50:07,mainnet,10342062,10342047,15
2020-06-26 16:51:55,mainnet,10342070,10342047,23
2020-06-26 16:53:36,mainnet,10342079,10342076,3
2020-06-26 16:55:45,mainnet,10342085,10342076,9
2020-06-26 16:57:37,mainnet,10342094,10342076,18
2020-06-26 16:59:34,mainnet,10342098,10342076,22
2020-06-26 17:01:24,mainnet,10342107,10342076,31
2020-06-26 17:03:24,mainnet,10342119,10342076,43
2020-06-26 17:04:53,mainnet,10342127,10342076,51
2020-06-26 17:06:39,mainnet,10342133,10342076,57
2020-06-26 17:08:13,mainnet,10342140,10342140,0
2020-06-26 17:09:52,mainnet,10342147,10342142,5
2020-06-26 17:11:47,mainnet,10342154,10342142,12
2020-06-26 17:13:35,mainnet,10342167,10342142,25
2020-06-26 17:15:12,mainnet,10342178,10342142,36
2020-06-26 17:18:26,mainnet,10342195,10342142,53
2020-06-26 17:20:48,mainnet,10342212,10342142,70
2020-06-26 17:22:53,mainnet,10342229,10342142,87
2020-06-26 17:24:42,mainnet,10342240,10342142,98
2020-06-26 17:26:27,mainnet,10342250,10342142,108
2020-06-26 17:28:25,mainnet,10342263,10342142,121
2020-06-26 17:30:18,mainnet,10342268,10342142,126
2020-06-26 17:31:57,mainnet,10342276,10342142,134
2020-06-26 17:33:37,mainnet,10342283,10342142,141
2020-06-26 17:35:20,mainnet,10342288,10342142,146
2020-06-26 17:37:04,mainnet,10342295,10342142,153
2020-06-26 17:38:46,mainnet,10342301,10342142,159
2020-06-26 17:40:29,mainnet,10342305,10342142,163
2020-06-26 17:42:47,mainnet,10342310,10342142,168
2020-06-26 17:44:38,mainnet,10342317,10342142,175
2020-06-26 17:46:41,mainnet,10342324,10342142,182
2020-06-26 17:48:23,mainnet,10342336,10342142,194
2020-06-26 17:50:19,mainnet,10342341,10342257,84
2020-06-26 17:52:01,mainnet,10342346,10342268,78
2020-06-26 17:53:57,mainnet,10342351,10342268,83
2020-06-26 17:55:38,mainnet,10342358,10342268,90
2020-06-26 17:57:32,mainnet,10342366,10342268,98
2020-06-26 17:59:13,mainnet,10342374,10342268,106
2020-06-26 18:01:00,mainnet,10342384,10342268,116
2020-06-26 18:02:45,mainnet,10342392,10342268,124
2020-06-26 18:04:43,mainnet,10342405,10342268,137
2020-06-26 18:06:26,mainnet,10342414,10342339,75
2020-06-26 18:08:38,mainnet,10342422,10342417,5
2020-06-26 18:10:30,mainnet,10342426,10342417,9
2020-06-26 18:12:15,mainnet,10342432,10342417,15
2020-06-26 18:13:58,mainnet,10342442,10342417,25
2020-06-26 18:15:56,mainnet,10342449,10342417,32
2020-06-26 18:17:57,mainnet,10342454,10342417,37
2020-06-26 18:19:45,mainnet,10342465,10342417,48
2020-06-26 18:21:39,mainnet,10342474,10342417,57
2020-06-26 18:23:29,mainnet,10342484,10342417,67
2020-06-26 18:25:22,mainnet,10342496,10342417,79
2020-06-26 18:27:04,mainnet,10342502,10342417,85
2020-06-26 18:29:16,mainnet,10342506,10342417,89
2020-06-26 18:31:02,mainnet,10342521,10342417,104
2020-06-26 18:32:59,mainnet,10342531,10342417,114
2020-06-26 18:34:39,mainnet,10342540,10342538,2
2020-06-26 18:36:14,mainnet,10342549,10342549,0
2020-06-26 18:37:52,mainnet,10342560,10342549,11
2020-06-26 18:39:38,mainnet,10342568,10342566,2
2020-06-26 18:41:14,mainnet,10342576,10342573,3
2020-06-26 18:43:01,mainnet,10342587,10342582,5
2020-06-26 18:44:35,mainnet,10342597,10342595,2
2020-06-26 18:46:11,mainnet,10342607,10342603,4
2020-06-26 18:47:44,mainnet,10342610,10342603,7
2020-06-26 18:49:16,mainnet,10342615,10342603,12
2020-06-26 18:50:53,mainnet,10342628,10342603,25
2020-06-26 18:52:36,mainnet,10342630,10342603,27
2020-06-26 18:54:25,mainnet,10342636,10342603,33
2020-06-26 18:56:08,mainnet,10342646,10342603,43
2020-06-26 18:58:12,mainnet,10342655,10342603,52
2020-06-26 19:00:16,mainnet,10342664,10342603,61
2020-06-26 19:01:59,mainnet,10342669,10342670,-1
2020-06-26 19:03:48,mainnet,10342679,10342673,6
2020-06-26 19:05:33,mainnet,10342686,10342673,13
2020-06-26 19:07:18,mainnet,10342694,10342673,21
2020-06-26 19:09:02,mainnet,10342704,10342673,31
2020-06-26 19:11:39,mainnet,10342717,10342673,44
2020-06-26 19:13:55,mainnet,10342725,10342673,52
2020-06-26 19:15:44,mainnet,10342736,10342673,63
2020-06-27 13:57:07,mainnet,10347725,10342711,5014
2020-06-27 13:58:32,mainnet,10347732,10342777,4955
2020-06-27 13:59:54,mainnet,10347734,10342872,4862
2020-06-27 14:01:16,mainnet,10347737,10342948,4789
2020-06-27 14:02:39,mainnet,10347742,10343007,4735
2020-06-27 14:04:02,mainnet,10347746,10343091,4655
2020-06-27 14:05:44,mainnet,10347752,10343168,4584
2020-06-27 14:07:06,mainnet,10347758,10343245,4513
2020-06-27 14:08:28,mainnet,10347761,10343317,4444
2020-06-27 14:09:50,mainnet,10347766,10343401,4365
2020-06-27 14:11:13,mainnet,10347770,10343479,4291
2020-06-27 14:12:36,mainnet,10347779,10343552,4227
2020-06-27 14:13:58,mainnet,10347783,10343625,4158
2020-06-27 14:15:21,mainnet,10347787,10343686,4101
2020-06-27 14:16:43,mainnet,10347793,10343751,4042
2020-06-27 14:18:06,mainnet,10347799,10343814,3985
2020-06-27 14:19:29,mainnet,10347807,10343874,3933
2020-06-27 14:20:51,mainnet,10347817,10343937,3880
2020-06-27 14:22:14,mainnet,10347823,10343995,3828
2020-06-27 14:23:37,mainnet,10347832,10344055,3777
2020-06-27 14:24:59,mainnet,10347840,10344115,3725
2020-06-27 14:26:25,mainnet,10347844,10344176,3668
2020-06-27 14:27:49,mainnet,10347854,10344237,3617
2020-06-27 14:29:13,mainnet,10347866,10344301,3565
2020-06-27 14:30:35,mainnet,10347871,10344366,3505
2020-06-27 14:31:58,mainnet,10347880,10344432,3448
2020-06-27 14:33:20,mainnet,10347882,10344499,3383
2020-06-27 14:34:44,mainnet,10347888,10344571,3317
2020-06-27 14:36:06,mainnet,10347891,10344638,3253
2020-06-27 14:37:33,mainnet,10347897,10344705,3192
2020-06-27 14:38:55,mainnet,10347909,10344763,3146
2020-06-27 14:40:18,mainnet,10347918,10344851,3067
2020-06-27 14:41:42,mainnet,10347923,10344957,2966
2020-06-27 14:43:08,mainnet,10347929,10345045,2884
2020-06-27 14:44:32,mainnet,10347937,10345160,2777
2020-06-27 14:45:55,mainnet,10347942,10345239,2703
2020-06-27 14:47:19,mainnet,10347949,10345358,2591
2020-06-27 14:48:42,mainnet,10347957,10345491,2466
2020-06-27 14:50:07,mainnet,10347963,10345630,2333
2020-06-27 14:51:31,mainnet,10347969,10345756,2213
2020-06-27 14:52:56,mainnet,10347973,10345898,2075
2020-06-27 14:54:19,mainnet,10347979,10346041,1938
2020-06-27 14:55:42,mainnet,10347982,10346175,1807
2020-06-27 14:57:06,mainnet,10347983,10346325,1658
2020-06-27 14:58:30,mainnet,10347986,10346468,1518
2020-06-27 14:59:54,mainnet,10347992,10346614,1378
2020-06-27 15:01:17,mainnet,10347996,10346744,1252
2020-06-27 15:02:42,mainnet,10347998,10346874,1124
2020-06-27 15:04:05,mainnet,10348007,10347003,1004
2020-06-27 15:05:29,mainnet,10348012,10347136,876
2020-06-27 15:06:53,mainnet,10348022,10347239,783
2020-06-27 15:08:23,mainnet,10348027,10347394,633
2020-06-27 15:09:47,mainnet,10348032,10347530,502
2020-06-27 15:11:12,mainnet,10348040,10347674,366
2020-06-27 15:12:36,mainnet,10348046,10347822,224
2020-06-27 15:14:06,mainnet,10348056,10347944,112
2020-06-27 15:15:32,mainnet,10348067,10348067,0
2020-06-27 15:17:00,mainnet,10348070,10348070,0
2020-06-27 15:18:26,mainnet,10348078,10348078,0
2020-06-27 15:19:51,mainnet,10348083,10348083,0
2020-06-27 15:21:18,mainnet,10348092,10348092,0
2020-06-27 15:22:45,mainnet,10348097,10348097,0
2020-06-27 15:24:11,mainnet,10348106,10348106,0
2020-06-27 15:25:35,mainnet,10348109,10348109,0
2020-06-27 15:27:00,mainnet,10348114,10348114,0
2020-06-27 15:28:28,mainnet,10348119,10348119,0
2020-06-27 15:29:56,mainnet,10348123,10348123,0
2020-06-27 15:31:19,mainnet,10348128,10348128,0
2020-06-27 15:32:47,mainnet,10348136,10348136,0
2020-06-27 15:34:14,mainnet,10348145,10348145,0
2020-06-29 20:55:34,mainnet,10362434,10348187,14247
2020-06-29 20:57:05,mainnet,10362437,10348329,14108
2020-06-29 20:58:27,mainnet,10362440,10348466,13974
2020-06-29 20:59:49,mainnet,10362441,10348606,13835
2020-06-29 21:01:12,mainnet,10362449,10348766,13683
2020-06-29 21:02:58,mainnet,10362457,10348936,13521
2020-06-29 21:04:20,mainnet,10362463,10349071,13392
2020-06-29 21:05:42,mainnet,10362469,10349195,13274
2020-06-29 21:07:06,mainnet,10362473,10349331,13142
2020-06-29 21:09:04,mainnet,10362484,10349503,12981
2020-06-29 21:10:26,mainnet,10362498,10349629,12869
2020-06-29 21:11:49,mainnet,10362505,10349774,12731
2020-06-29 21:13:12,mainnet,10362510,10349925,12585
2020-06-29 21:14:36,mainnet,10362514,10350065,12449
2020-06-29 21:16:00,mainnet,10362523,10350177,12346
2020-06-29 21:17:22,mainnet,10362526,10350279,12247
2020-06-29 21:18:45,mainnet,10362535,10350384,12151
2020-06-29 21:20:07,mainnet,10362540,10350465,12075
2020-06-29 21:21:32,mainnet,10362546,10350533,12013
2020-06-29 21:22:55,mainnet,10362552,10350647,11905
2020-06-29 21:24:17,mainnet,10362556,10350769,11787
2020-06-29 21:25:39,mainnet,10362565,10350896,11669
2020-06-29 21:27:02,mainnet,10362569,10351034,11535
2020-06-29 21:28:26,mainnet,10362574,10351174,11400
2020-06-29 21:29:50,mainnet,10362576,10351307,11269
2020-06-29 21:31:18,mainnet,10362587,10351440,11147
2020-06-29 21:32:41,mainnet,10362595,10351577,11018
2020-06-29 21:34:05,mainnet,10362598,10351730,10868
2020-06-29 21:35:29,mainnet,10362603,10351876,10727
2020-06-29 21:36:52,mainnet,10362608,10352026,10582
2020-06-29 21:38:15,mainnet,10362613,10352162,10451
2020-06-29 21:39:39,mainnet,10362620,10352309,10311
2020-06-29 21:41:02,mainnet,10362627,10352448,10179
2020-06-29 21:42:27,mainnet,10362631,10352593,10038
2020-06-29 21:43:50,mainnet,10362641,10352715,9926
2020-06-29 21:45:13,mainnet,10362647,10352874,9773
2020-06-29 21:46:43,mainnet,10362654,10353059,9595
2020-06-29 21:48:07,mainnet,10362663,10353218,9445
2020-06-29 21:49:31,mainnet,10362675,10353368,9307
2020-06-29 21:50:54,mainnet,10362679,10353508,9171
2020-06-29 21:52:18,mainnet,10362683,10353656,9027
2020-06-29 21:53:51,mainnet,10362686,10353764,8922
2020-06-29 21:55:14,mainnet,10362694,10353901,8793
2020-06-29 21:56:37,mainnet,10362700,10354055,8645
2020-06-29 21:58:02,mainnet,10362705,10354208,8497
2020-06-29 21:59:26,mainnet,10362710,10354356,8354
2020-06-29 22:00:49,mainnet,10362720,10354513,8207
2020-06-29 22:02:14,mainnet,10362727,10354667,8060
2020-06-29 22:03:38,mainnet,10362731,10354795,7936
2020-06-29 22:05:01,mainnet,10362737,10354898,7839
2020-06-29 22:06:25,mainnet,10362744,10354995,7749
2020-06-29 22:07:48,mainnet,10362746,10355141,7605
2020-06-29 22:09:11,mainnet,10362751,10355294,7457
2020-06-29 22:10:33,mainnet,10362762,10355442,7320
2020-06-29 22:11:56,mainnet,10362770,10355578,7192
2020-06-29 22:13:18,mainnet,10362777,10355725,7052
2020-06-29 22:14:42,mainnet,10362784,10355894,6890
2020-06-29 22:16:04,mainnet,10362790,10356067,6723
2020-06-29 22:17:26,mainnet,10362794,10356231,6563
2020-06-29 22:18:48,mainnet,10362800,10356374,6426
2020-06-29 22:20:10,mainnet,10362808,10356511,6297
2020-06-29 22:21:34,mainnet,10362813,10356650,6163
2020-06-29 22:22:56,mainnet,10362818,10356775,6043
2020-06-29 22:24:18,mainnet,10362823,10356895,5928
2020-06-29 22:25:45,mainnet,10362829,10357034,5795
2020-06-29 22:27:08,mainnet,10362835,10357143,5692
2020-06-29 22:28:30,mainnet,10362842,10357235,5607
2020-06-29 22:29:53,mainnet,10362846,10357366,5480
2020-06-29 22:31:16,mainnet,10362853,10357494,5359
2020-06-29 22:32:39,mainnet,10362858,10357651,5207
2020-06-29 22:34:03,mainnet,10362865,10357826,5039
2020-06-29 22:35:38,mainnet,10362871,10357981,4890
2020-06-29 22:37:00,mainnet,10362878,10358145,4733
2020-06-29 22:38:22,mainnet,10362883,10358300,4583
2020-06-29 22:39:46,mainnet,10362888,10358453,4435
2020-06-29 22:41:08,mainnet,10362895,10358627,4268
2020-06-29 22:42:31,mainnet,10362902,10358786,4116
2020-06-29 22:43:54,mainnet,10362907,10358946,3961
2020-06-29 22:45:16,mainnet,10362915,10359077,3838
2020-06-29 22:46:42,mainnet,10362920,10359228,3692
2020-06-29 22:48:05,mainnet,10362922,10359369,3553
2020-06-29 22:49:27,mainnet,10362930,10359469,3461
2020-06-30 10:34:37,mainnet,10366045,10359487,6558
2020-06-30 10:36:03,mainnet,10366049,10359609,6440
2020-06-30 10:37:25,mainnet,10366052,10359770,6282
2020-06-30 10:38:50,mainnet,10366060,10359947,6113
2020-06-30 10:40:19,mainnet,10366067,10360114,5953
2020-06-30 10:41:42,mainnet,10366075,10360257,5818
2020-06-30 10:43:04,mainnet,10366080,10360439,5641
2020-06-30 10:44:41,mainnet,10366089,10360565,5524
2020-06-30 10:46:04,mainnet,10366094,10360676,5418
2020-06-30 10:47:27,mainnet,10366099,10360767,5332
2020-06-30 10:48:50,mainnet,10366106,10360873,5233
2020-06-30 10:50:18,mainnet,10366114,10361021,5093
2020-06-30 10:51:40,mainnet,10366120,10361172,4948
2020-06-30 10:53:02,mainnet,10366126,10361326,4800
2020-06-30 10:54:25,mainnet,10366128,10361482,4646
2020-06-30 10:55:47,mainnet,10366134,10361630,4504
2020-06-30 10:57:10,mainnet,10366142,10361753,4389
2020-06-30 10:58:33,mainnet,10366145,10361905,4240
2020-06-30 10:59:55,mainnet,10366149,10362050,4099
2020-06-30 11:01:18,mainnet,10366158,10362191,3967
2020-06-30 11:02:41,mainnet,10366169,10362347,3822
2020-06-30 11:04:05,mainnet,10366174,10362477,3697
2020-06-30 11:05:27,mainnet,10366178,10362615,3563
2020-06-30 11:06:49,mainnet,10366183,10362735,3448
2020-06-30 11:08:16,mainnet,10366192,10362846,3346
2020-06-30 11:09:39,mainnet,10366199,10362992,3207
2020-06-30 11:11:01,mainnet,10366205,10363131,3074
2020-06-30 11:12:27,mainnet,10366210,10363261,2949
2020-06-30 11:13:52,mainnet,10366216,10363374,2842
2020-06-30 11:15:20,mainnet,10366220,10363497,2723
2020-06-30 11:16:42,mainnet,10366226,10363622,2604
2020-06-30 11:18:06,mainnet,10366234,10363748,2486
2020-06-30 11:19:29,mainnet,10366240,10363871,2369
2020-06-30 11:20:53,mainnet,10366244,10364005,2239
2020-06-30 11:22:16,mainnet,10366246,10364144,2102
2020-06-30 11:23:38,mainnet,10366254,10364301,1953
2020-06-30 11:25:09,mainnet,10366260,10364473,1787
2020-06-30 11:26:41,mainnet,10366265,10364640,1625
2020-06-30 11:28:05,mainnet,10366272,10364821,1451
2020-06-30 11:29:37,mainnet,10366278,10364942,1336
2020-06-30 11:31:03,mainnet,10366285,10365049,1236
2020-06-30 11:32:28,mainnet,10366294,10365157,1137
2020-06-30 11:33:50,mainnet,10366297,10365293,1004
2020-06-30 11:35:13,mainnet,10366303,10365446,857
2020-06-30 11:36:35,mainnet,10366312,10365588,724
2020-06-30 11:37:59,mainnet,10366317,10365730,587
2020-06-30 11:39:22,mainnet,10366327,10365887,440
2020-06-30 11:40:53,mainnet,10366332,10366042,290
2020-06-30 11:42:18,mainnet,10366334,10366180,154
2020-06-30 11:43:48,mainnet,10366344,10366322,22
2020-06-30 11:45:25,mainnet,10366351,10366349,2
2020-06-30 11:46:54,mainnet,10366355,10366355,0
2020-06-30 11:48:22,mainnet,10366362,10366361,1
2020-06-30 11:49:53,mainnet,10366370,10366370,0
2020-06-30 11:51:19,mainnet,10366381,10366382,-1
2020-06-30 11:52:47,mainnet,10366385,10366385,0
2020-06-30 11:54:16,mainnet,10366395,10366395,0
2020-06-30 11:55:45,mainnet,10366400,10366400,0
2020-06-30 11:57:12,mainnet,10366411,10366411,0
2020-06-30 11:58:41,mainnet,10366419,10366419,0
2020-06-30 12:00:08,mainnet,10366426,10366427,-1
2020-06-30 12:01:36,mainnet,10366438,10366437,1
2020-06-30 12:03:11,mainnet,10366442,10366442,0
2020-06-30 12:04:43,mainnet,10366447,10366447,0
2020-06-30 12:06:18,mainnet,10366454,10366455,-1
2020-06-30 12:07:47,mainnet,10366464,10366465,-1
2020-06-30 12:09:17,mainnet,10366471,10366472,-1
2020-06-30 12:10:46,mainnet,10366477,10366477,0
2020-06-30 12:12:15,mainnet,10366486,10366486,0
2020-06-30 12:13:43,mainnet,10366491,10366491,0
2020-06-30 12:15:11,mainnet,10366497,10366498,-1
2020-06-30 12:16:43,mainnet,10366504,10366504,0
2020-06-30 12:18:10,mainnet,10366513,10366513,0
2020-06-30 12:19:37,mainnet,10366517,10366517,0
2020-06-30 12:21:06,mainnet,10366522,10366522,0
2020-06-30 12:22:39,mainnet,10366530,10366530,0
2020-06-30 12:24:06,mainnet,10366537,10366537,0
2020-06-30 12:25:53,mainnet,10366543,10366543,0
2020-06-30 12:27:24,mainnet,10366547,10366547,0
2020-06-30 12:28:57,mainnet,10366557,10366557,0
2020-06-30 12:30:31,mainnet,10366567,10366567,0
2020-06-30 12:32:00,mainnet,10366573,10366573,0
2020-06-30 12:33:32,mainnet,10366579,10366579,0
2020-06-30 12:35:03,mainnet,10366585,10366585,0
2020-06-30 12:36:34,mainnet,10366587,10366587,0
2020-06-30 12:38:04,mainnet,10366598,10366598,0
2020-06-30 12:39:32,mainnet,10366607,10366607,0
2020-06-30 12:41:04,mainnet,10366615,10366615,0
2020-06-30 12:42:28,mainnet,10366620,10366620,0
2020-06-30 12:43:56,mainnet,10366629,10366629,0
2020-06-30 12:45:24,mainnet,10366632,10366632,0
2020-06-30 12:46:50,mainnet,10366637,10366638,-1
2020-06-30 12:48:21,mainnet,10366646,10366646,0
2020-07-04 18:23:45,mainnet,10393968,10366647,27321
2020-07-04 18:25:20,mainnet,10393974,10366653,27321
2020-07-04 18:27:03,mainnet,10393980,10366776,27204
2020-07-04 18:28:35,mainnet,10393986,10366899,27087
2020-07-04 18:30:11,mainnet,10393994,10366899,27095
2020-07-04 18:31:49,mainnet,10393998,10366974,27024
2020-07-04 18:33:28,mainnet,10394007,10367152,26855
2020-07-04 18:35:11,mainnet,10394012,10367152,26860
2020-07-04 18:36:51,mainnet,10394017,10367202,26815
2020-07-04 18:38:21,mainnet,10394024,10367333,26691
2020-07-04 18:39:57,mainnet,10394031,10367543,26488
2020-07-04 18:41:39,mainnet,10394038,10367741,26297
2020-07-04 18:43:26,mainnet,10394044,10367939,26105
2020-07-04 18:45:06,mainnet,10394053,10368113,25940
2020-07-04 18:46:46,mainnet,10394057,10368276,25781
2020-07-04 18:48:18,mainnet,10394065,10368442,25623
2020-07-04 18:50:08,mainnet,10394081,10368646,25435
2020-07-04 18:51:41,mainnet,10394088,10368811,25277
2020-07-04 18:53:20,mainnet,10394092,10368918,25174
2020-07-04 18:54:54,mainnet,10394096,10369080,25016
2020-07-04 18:56:37,mainnet,10394105,10369266,24839
2020-07-04 18:58:17,mainnet,10394113,10369449,24664
2020-07-04 19:00:27,mainnet,10394122,10369642,24480
2020-07-04 19:02:06,mainnet,10394132,10369837,24295
2020-07-04 19:03:55,mainnet,10394143,10370005,24138
2020-07-04 19:05:55,mainnet,10394150,10370206,23944
2020-07-04 19:07:32,mainnet,10394159,10370379,23780
2020-07-04 19:09:13,mainnet,10394166,10370570,23596
2020-07-04 19:10:50,mainnet,10394174,10370769,23405
2020-07-04 19:12:31,mainnet,10394180,10370971,23209
2020-07-04 19:14:03,mainnet,10394192,10370971,23221
2020-07-04 19:15:57,mainnet,10394200,10371058,23142
2020-07-04 19:17:33,mainnet,10394207,10371095,23112
2020-07-04 19:19:07,mainnet,10394213,10371129,23084
2020-07-04 19:20:56,mainnet,10394226,10371349,22877
2020-07-04 19:22:35,mainnet,10394233,10371555,22678
2020-07-04 19:24:32,mainnet,10394240,10371743,22497
2020-07-04 19:26:09,mainnet,10394249,10371925,22324
2020-07-04 19:27:44,mainnet,10394254,10372119,22135
2020-07-04 19:29:11,mainnet,10394261,10372140,22121
2020-07-04 19:30:44,mainnet,10394267,10372140,22127
2020-07-04 19:32:26,mainnet,10394273,10372140,22133
2020-07-04 19:34:00,mainnet,10394279,10372185,22094
2020-07-04 19:35:34,mainnet,10394282,10372327,21955
2020-07-04 19:37:05,mainnet,10394291,10372528,21763
2020-07-04 19:38:37,mainnet,10394298,10372734,21564
2020-07-04 19:40:32,mainnet,10394302,10372755,21547
2020-07-04 19:42:07,mainnet,10394309,10372755,21554
2020-07-04 19:43:53,mainnet,10394315,10372905,21410
2020-07-04 19:45:30,mainnet,10394324,10373113,21211
2020-07-04 19:47:05,mainnet,10394331,10373295,21036
2020-07-04 19:48:39,mainnet,10394335,10373476,20859
2020-07-04 19:50:34,mainnet,10394340,10373611,20729
2020-07-04 19:52:06,mainnet,10394348,10373642,20706
2020-07-04 19:53:35,mainnet,10394354,10373703,20651
2020-07-04 19:55:17,mainnet,10394358,10373703,20655
2020-07-04 19:56:54,mainnet,10394363,10373703,20660
2020-07-04 19:58:23,mainnet,10394367,10373770,20597
2020-07-04 19:59:55,mainnet,10394377,10373954,20423
2020-07-04 20:01:20,mainnet,10394382,10374159,20223
2020-07-04 20:02:57,mainnet,10394393,10374422,19971
2020-07-04 20:04:38,mainnet,10394401,10374670,19731
2020-07-04 20:06:03,mainnet,10394411,10374894,19517
2020-07-04 20:07:41,mainnet,10394417,10375080,19337
2020-07-04 20:09:17,mainnet,10394422,10375251,19171
2020-07-04 20:10:50,mainnet,10394432,10375251,19181
2020-07-04 20:12:27,mainnet,10394440,10375251,19189
2020-07-04 20:14:01,mainnet,10394445,10375400,19045
2020-07-04 20:15:42,mainnet,10394454,10375452,19002
2020-07-04 20:17:31,mainnet,10394459,10375635,18824
2020-07-04 20:19:13,mainnet,10394468,10375778,18690
2020-07-04 20:20:57,mainnet,10394473,10375876,18597
2020-07-04 20:22:42,mainnet,10394483,10376016,18467
2020-07-04 20:24:19,mainnet,10394491,10376071,18420
2020-07-04 20:25:50,mainnet,10394499,10376071,18428
2020-07-04 20:27:21,mainnet,10394506,10376200,18306
2020-07-04 20:28:58,mainnet,10394516,10376200,18316
2020-07-04 20:30:44,mainnet,10394523,10376200,18323
2020-07-04 20:32:24,mainnet,10394533,10376200,18333
2020-07-04 20:34:02,mainnet,10394539,10376200,18339
2020-07-04 20:35:40,mainnet,10394545,10376200,18345
2020-07-04 20:37:43,mainnet,10394555,10376200,18355
2020-07-04 20:39:18,mainnet,10394562,10376200,18362
2020-07-04 20:40:53,mainnet,10394568,10376200,18368
2020-07-04 20:42:30,mainnet,10394573,10376200,18373
2020-07-04 20:44:12,mainnet,10394581,10376200,18381
2020-07-04 20:45:54,mainnet,10394589,10376200,18389
2020-07-04 20:47:28,mainnet,10394600,10376200,18400
2020-07-04 20:49:12,mainnet,10394608,10376200,18408
2020-07-04 20:51:04,mainnet,10394622,10376200,18422
2020-07-04 20:52:53,mainnet,10394628,10376200,18428
2020-07-04 20:54:32,mainnet,10394635,10376200,18435
2020-07-04 20:56:04,mainnet,10394644,10376200,18444
2020-07-04 20:57:51,mainnet,10394649,10376200,18449
2020-07-04 20:59:18,mainnet,10394658,10376200,18458
2020-07-04 21:00:46,mainnet,10394664,10376200,18464
2020-07-04 21:02:22,mainnet,10394669,10376260,18409
2020-07-04 21:03:58,mainnet,10394676,10376440,18236
2020-07-04 21:05:42,mainnet,10394686,10376624,18062
2020-07-04 21:07:20,mainnet,10394692,10376660,18032
2020-07-04 21:08:55,mainnet,10394702,10376660,18042
2020-07-04 21:10:40,mainnet,10394713,10376660,18053
2020-07-04 21:12:26,mainnet,10394716,10376660,18056
2020-07-04 21:14:03,mainnet,10394719,10376780,17939
2020-07-04 21:15:44,mainnet,10394726,10376954,17772
2020-07-04 21:17:21,mainnet,10394731,10377153,17578
2020-07-04 21:19:01,mainnet,10394738,10377166,17572
2020-07-04 21:21:00,mainnet,10394745,10377166,17579
2020-07-04 21:22:37,mainnet,10394753,10377166,17587
2020-07-04 21:24:13,mainnet,10394758,10377166,17592
2020-07-04 21:25:48,mainnet,10394767,10377166,17601
2020-07-04 21:27:28,mainnet,10394774,10377166,17608
2020-07-04 21:29:22,mainnet,10394783,10377166,17617
2020-07-04 21:31:03,mainnet,10394794,10377166,17628
2020-07-04 21:32:39,mainnet,10394805,10377166,17639
2020-07-04 21:35:21,mainnet,10394816,10377166,17650
2020-07-04 21:37:07,mainnet,10394822,10377166,17656
2020-07-04 21:38:58,mainnet,10394833,10377166,17667
2020-07-04 21:40:38,mainnet,10394844,10377166,17678
2020-07-04 21:42:12,mainnet,10394848,10377166,17682
2020-07-04 21:43:52,mainnet,10394857,10377166,17691
2020-07-04 21:45:29,mainnet,10394864,10377166,17698
2020-07-04 21:47:03,mainnet,10394870,10377166,17704
2020-07-04 21:48:38,mainnet,10394876,10377166,17710
2020-07-04 21:50:15,mainnet,10394884,10377166,17718
2020-07-04 21:51:49,mainnet,10394892,10377166,17726
2020-07-04 21:53:28,mainnet,10394899,10377166,17733
2020-07-04 21:55:04,mainnet,10394910,10377166,17744
2020-07-04 21:56:44,mainnet,10394918,10377220,17698
2020-07-04 21:58:22,mainnet,10394924,10377431,17493
2020-07-04 22:00:03,mainnet,10394935,10377661,17274
2020-07-04 22:01:43,mainnet,10394940,10377836,17104
2020-07-04 22:03:24,mainnet,10394947,10377983,16964
2020-07-04 22:05:03,mainnet,10394951,10378102,16849
2020-07-04 22:06:35,mainnet,10394959,10378200,16759
2020-07-04 22:08:13,mainnet,10394966,10378377,16589
2020-07-04 22:09:46,mainnet,10394975,10378595,16380
2020-07-04 22:11:29,mainnet,10394984,10378783,16201
2020-07-04 22:13:12,mainnet,10394993,10378969,16024
2020-07-04 22:14:48,mainnet,10395002,10379052,15950
2020-07-04 22:16:24,mainnet,10395004,10379052,15952
2020-07-04 22:18:12,mainnet,10395012,10379052,15960
2020-07-04 22:19:48,mainnet,10395024,10379052,15972
2020-07-04 22:21:46,mainnet,10395028,10379052,15976
2020-07-04 22:23:19,mainnet,10395036,10379052,15984
2020-07-04 22:24:56,mainnet,10395048,10379052,15996
2020-07-04 22:26:25,mainnet,10395057,10379052,16005
2020-07-04 22:28:06,mainnet,10395063,10379052,16011
2020-07-04 22:29:39,mainnet,10395069,10379052,16017
2020-07-04 22:31:14,mainnet,10395075,10379052,16023
2020-07-04 22:32:54,mainnet,10395085,10379052,16033
2020-07-04 22:34:33,mainnet,10395092,10379052,16040
2020-07-04 22:36:05,mainnet,10395099,10379052,16047
2020-07-04 22:37:42,mainnet,10395108,10379052,16056
2020-07-04 22:39:18,mainnet,10395113,10379052,16061
2020-07-04 22:40:52,mainnet,10395123,10379073,16050
2020-07-04 22:42:24,mainnet,10395131,10379246,15885
2020-07-04 22:43:58,mainnet,10395143,10379448,15695
2020-07-04 22:45:37,mainnet,10395152,10379610,15542
2020-07-04 22:47:16,mainnet,10395163,10379610,15553
2020-07-04 22:48:55,mainnet,10395171,10379610,15561
2020-07-04 22:50:38,mainnet,10395180,10379610,15570
2020-07-04 22:52:15,mainnet,10395189,10379610,15579
2020-07-04 22:53:45,mainnet,10395196,10379610,15586
2020-07-04 22:55:44,mainnet,10395198,10379610,15588
2020-07-04 22:57:20,mainnet,10395203,10379739,15464
2020-07-04 22:58:43,mainnet,10395213,10379938,15275
2020-07-04 23:00:25,mainnet,10395224,10380099,15125
2020-07-04 23:02:00,mainnet,10395234,10380219,15015
2020-07-04 23:03:33,mainnet,10395242,10380380,14862
2020-07-04 23:05:22,mainnet,10395252,10380552,14700
2020-07-04 23:06:56,mainnet,10395259,10380648,14611
2020-07-04 23:08:32,mainnet,10395270,10380648,14622
2020-07-04 23:10:22,mainnet,10395274,10380648,14626
2020-07-04 23:11:55,mainnet,10395282,10380648,14634
2020-07-04 23:13:34,mainnet,10395287,10380648,14639
2020-07-04 23:15:14,mainnet,10395296,10380648,14648
2020-07-04 23:16:51,mainnet,10395298,10380648,14650
2020-07-04 23:18:26,mainnet,10395307,10380648,14659
2020-07-04 23:20:06,mainnet,10395316,10380648,14668
2020-07-04 23:21:45,mainnet,10395323,10380648,14675
2020-07-04 23:23:13,mainnet,10395330,10380648,14682
2020-07-04 23:24:48,mainnet,10395341,10380648,14693
2020-07-04 23:26:17,mainnet,10395346,10380697,14649
2020-07-04 23:27:58,mainnet,10395353,10380697,14656
2020-07-04 23:29:32,mainnet,10395359,10380697,14662
2020-07-04 23:31:07,mainnet,10395367,10380697,14670
2020-07-04 23:33:01,mainnet,10395373,10380697,14676
2020-07-04 23:34:46,mainnet,10395379,10380697,14682
2020-07-04 23:36:29,mainnet,10395388,10380697,14691
2020-07-04 23:38:15,mainnet,10395397,10380697,14700
2020-07-04 23:39:57,mainnet,10395406,10380697,14709
2020-07-04 23:41:35,mainnet,10395416,10380697,14719
2020-07-04 23:43:15,mainnet,10395424,10380697,14727
2020-07-04 23:44:40,mainnet,10395433,10380697,14736
2020-07-04 23:46:20,mainnet,10395439,10380697,14742
2020-07-04 23:47:55,mainnet,10395446,10380697,14749
2020-07-04 23:49:29,mainnet,10395452,10380697,14755
2020-07-04 23:51:03,mainnet,10395461,10380697,14764
2020-07-04 23:52:41,mainnet,10395473,10380770,14703
2020-07-04 23:54:23,mainnet,10395479,10380816,14663
2020-07-04 23:56:01,mainnet,10395485,10380816,14669
2020-07-04 23:57:35,mainnet,10395491,10380816,14675
2020-07-04 23:59:17,mainnet,10395497,10380816,14681
2020-07-05 00:01:02,mainnet,10395504,10380816,14688
2020-07-05 00:02:31,mainnet,10395510,10380816,14694
2020-07-05 00:04:09,mainnet,10395519,10380816,14703
2020-07-05 00:05:49,mainnet,10395529,10380816,14713
2020-07-05 00:07:23,mainnet,10395538,10380847,14691
2020-07-05 00:09:20,mainnet,10395541,10381029,14512
2020-07-05 00:10:54,mainnet,10395545,10381066,14479
2020-07-05 00:12:29,mainnet,10395552,10381066,14486
2020-07-05 00:15:22,mainnet,10395570,10381066,14504
2020-07-05 00:16:55,mainnet,10395578,10381104,14474
2020-07-05 00:18:28,mainnet,10395585,10381208,14377
2020-07-05 00:20:01,mainnet,10395596,10381313,14283
2020-07-05 00:21:36,mainnet,10395603,10381475,14128
2020-07-05 00:23:23,mainnet,10395607,10381642,13965
2020-07-05 00:24:59,mainnet,10395613,10381767,13846
2020-07-05 00:26:32,mainnet,10395619,10381926,13693
2020-07-05 00:28:08,mainnet,10395625,10382086,13539
2020-07-05 00:29:39,mainnet,10395630,10382236,13394
2020-07-05 00:31:09,mainnet,10395634,10382409,13225
2020-07-05 00:32:54,mainnet,10395640,10382605,13035
2020-07-05 00:34:28,mainnet,10395646,10382781,12865
2020-07-05 00:36:16,mainnet,10395652,10382781,12871
2020-07-05 00:37:51,mainnet,10395661,10382781,12880
2020-07-05 00:39:27,mainnet,10395666,10382855,12811
2020-07-05 00:41:00,mainnet,10395677,10382855,12822
2020-07-05 00:42:48,mainnet,10395687,10382914,12773
2020-07-05 00:44:19,mainnet,10395695,10383100,12595
2020-07-05 00:45:53,mainnet,10395702,10383261,12441
2020-07-05 00:47:31,mainnet,10395712,10383445,12267
2020-07-05 00:49:04,mainnet,10395717,10383569,12148
2020-07-05 00:50:36,mainnet,10395725,10383605,12120
2020-07-05 00:52:26,mainnet,10395732,10383605,12127
2020-07-05 00:53:59,mainnet,10395741,10383654,12087
2020-07-05 00:55:34,mainnet,10395755,10383779,11976
2020-07-05 00:57:27,mainnet,10395763,10384022,11741
2020-07-05 00:59:05,mainnet,10395768,10384256,11512
2020-07-05 01:00:45,mainnet,10395774,10384464,11310
2020-07-05 01:02:31,mainnet,10395779,10384676,11103
2020-07-05 01:04:03,mainnet,10395785,10384901,10884
2020-07-05 01:05:48,mainnet,10395794,10384923,10871
2020-07-05 01:07:24,mainnet,10395801,10384923,10878
2020-07-05 01:08:59,mainnet,10395806,10384923,10883
2020-07-05 01:10:33,mainnet,10395812,10384923,10889
2020-07-05 01:12:17,mainnet,10395820,10384923,10897
2020-07-05 01:14:06,mainnet,10395828,10385128,10700
2020-07-05 01:15:32,mainnet,10395836,10385346,10490
2020-07-05 01:17:25,mainnet,10395842,10385563,10279
2020-07-05 01:19:04,mainnet,10395850,10385725,10125
2020-07-05 01:20:38,mainnet,10395854,10385849,10005
2020-07-05 01:22:07,mainnet,10395860,10385973,9887
2020-07-05 16:04:58,mainnet,10399826,10386081,13745
2020-07-05 16:06:24,mainnet,10399836,10386272,13564
2020-07-05 16:08:14,mainnet,10399844,10386430,13414
2020-07-05 16:09:42,mainnet,10399848,10386595,13253
2020-07-05 16:11:14,mainnet,10399853,10386748,13105
2020-07-05 16:12:40,mainnet,10399865,10386911,12954
2020-07-05 16:14:10,mainnet,10399873,10387077,12796
2020-07-05 16:15:42,mainnet,10399881,10387208,12673
2020-07-05 16:17:12,mainnet,10399895,10387326,12569
2020-07-05 16:18:47,mainnet,10399904,10387519,12385
2020-07-05 16:20:29,mainnet,10399910,10387702,12208
2020-07-05 16:21:57,mainnet,10399918,10387879,12039
2020-07-05 16:23:36,mainnet,10399928,10388060,11868
2020-07-05 16:25:19,mainnet,10399939,10388242,11697
2020-07-05 16:27:00,mainnet,10399945,10388420,11525
2020-07-05 16:28:38,mainnet,10399951,10388611,11340
2020-07-05 16:30:20,mainnet,10399955,10388843,11112
2020-07-05 16:32:35,mainnet,10399960,10389057,10903
2020-07-05 16:34:14,mainnet,10399966,10389220,10746
2020-07-05 16:35:59,mainnet,10399977,10389220,10757
2020-07-05 16:37:41,mainnet,10399983,10389220,10763
2020-07-05 16:39:20,mainnet,10399994,10389385,10609
2020-07-05 16:40:54,mainnet,10400004,10389538,10466
2020-07-05 16:42:36,mainnet,10400010,10389661,10349
2020-07-05 16:44:14,mainnet,10400017,10389810,10207
2020-07-05 16:46:08,mainnet,10400023,10390012,10011
2020-07-05 16:47:44,mainnet,10400032,10390021,10011
2020-07-05 16:49:27,mainnet,10400036,10390021,10015
2020-07-05 16:51:10,mainnet,10400042,10390021,10021
2020-07-05 16:52:49,mainnet,10400052,10390021,10031
2020-07-05 16:54:28,mainnet,10400062,10390179,9883
2020-07-05 16:56:01,mainnet,10400067,10390359,9708
2020-07-05 16:57:51,mainnet,10400075,10390540,9535
2020-07-05 16:59:33,mainnet,10400085,10390724,9361
2020-07-05 17:01:08,mainnet,10400092,10390897,9195
2020-07-05 17:02:42,mainnet,10400097,10391090,9007
2020-07-05 17:04:22,mainnet,10400102,10391271,8831
2020-07-05 17:06:00,mainnet,10400111,10391419,8692
2020-07-05 17:07:35,mainnet,10400119,10391540,8579
2020-07-05 17:09:18,mainnet,10400130,10391601,8529
2020-07-05 17:10:59,mainnet,10400140,10391729,8411
2020-07-05 17:12:38,mainnet,10400149,10391849,8300
2020-07-05 17:14:18,mainnet,10400155,10391947,8208
2020-07-05 17:15:47,mainnet,10400158,10392104,8054
2020-07-05 17:17:27,mainnet,10400167,10392263,7904
2020-07-05 17:19:06,mainnet,10400178,10392502,7676
2020-07-05 17:21:01,mainnet,10400184,10392606,7578
2020-07-05 17:22:38,mainnet,10400192,10392606,7586
2020-07-05 17:24:04,mainnet,10400199,10392606,7593
2020-07-05 17:25:44,mainnet,10400203,10392606,7597
2020-07-05 17:27:23,mainnet,10400206,10392606,7600
2020-07-05 17:29:05,mainnet,10400210,10392712,7498
2020-07-05 17:30:42,mainnet,10400216,10392915,7301
2020-07-05 17:32:20,mainnet,10400225,10393095,7130
2020-07-05 17:33:54,mainnet,10400236,10393295,6941
2020-07-05 17:35:33,mainnet,10400245,10393489,6756
2020-07-05 17:37:06,mainnet,10400252,10393669,6583
2020-07-05 17:38:41,mainnet,10400256,10393866,6390
2020-07-05 17:40:32,mainnet,10400264,10393988,6276
2020-07-05 17:42:05,mainnet,10400274,10394096,6178
2020-07-05 17:43:32,mainnet,10400279,10394126,6153
2020-07-05 17:45:08,mainnet,10400284,10394251,6033
2020-07-05 17:46:53,mainnet,10400290,10394251,6039
2020-07-05 17:48:32,mainnet,10400301,10394251,6050
2020-07-05 17:50:17,mainnet,10400313,10394400,5913
2020-07-05 17:51:51,mainnet,10400320,10394563,5757
2020-07-05 17:53:32,mainnet,10400326,10394638,5688
2020-07-05 17:55:09,mainnet,10400333,10394638,5695
2020-07-05 17:56:37,mainnet,10400336,10394638,5698
2020-07-05 17:58:11,mainnet,10400343,10394754,5589
2020-07-05 17:59:35,mainnet,10400353,10394918,5435
2020-07-05 18:01:12,mainnet,10400365,10395095,5270
2020-07-05 18:02:48,mainnet,10400373,10395290,5083
2020-07-05 18:04:24,mainnet,10400379,10395523,4856
2020-07-05 18:06:23,mainnet,10400384,10395704,4680
2020-07-05 18:07:56,mainnet,10400392,10395885,4507
2020-07-05 18:09:36,mainnet,10400399,10396033,4366
2020-07-05 18:11:12,mainnet,10400404,10396033,4371
2020-07-05 18:12:48,mainnet,10400410,10396033,4377
2020-07-05 18:14:27,mainnet,10400413,10396033,4380
2020-07-05 18:16:07,mainnet,10400417,10396103,4314
2020-07-05 18:17:47,mainnet,10400428,10396250,4178
2020-07-05 18:19:28,mainnet,10400434,10396403,4031
2020-07-05 18:21:07,mainnet,10400442,10396539,3903
2020-07-05 18:22:50,mainnet,10400448,10396669,3779
2020-07-05 18:24:37,mainnet,10400454,10396895,3559
2020-07-05 18:26:24,mainnet,10400463,10397047,3416
2020-07-05 18:28:03,mainnet,10400474,10397233,3241
2020-07-05 18:29:46,mainnet,10400481,10397297,3184
2020-07-05 18:31:31,mainnet,10400488,10397441,3047
2020-07-05 18:33:00,mainnet,10400493,10397549,2944
2020-07-05 18:34:37,mainnet,10400504,10397549,2955
2020-07-05 18:36:13,mainnet,10400509,10397580,2929
2020-07-05 18:37:47,mainnet,10400519,10397782,2737
2020-07-05 18:39:30,mainnet,10400526,10397986,2540
2020-07-05 18:41:08,mainnet,10400534,10398055,2479
2020-07-05 18:42:42,mainnet,10400544,10398055,2489
2020-07-05 18:44:21,mainnet,10400558,10398128,2430
2020-07-05 18:45:57,mainnet,10400567,10398203,2364
2020-07-05 18:47:39,mainnet,10400570,10398306,2264
2020-07-05 18:49:16,mainnet,10400580,10398444,2136
2020-07-05 18:50:53,mainnet,10400586,10398617,1969
2020-07-05 18:52:22,mainnet,10400591,10398730,1861
2020-07-05 18:53:56,mainnet,10400593,10398839,1754
2020-07-05 18:55:31,mainnet,10400607,10398982,1625
2020-07-05 18:57:06,mainnet,10400611,10399163,1448
2020-07-05 18:58:35,mainnet,10400617,10399314,1303
2020-07-05 19:00:09,mainnet,10400623,10399314,1309
2020-07-05 19:01:45,mainnet,10400633,10399314,1319
2020-07-05 19:03:13,mainnet,10400639,10399314,1325
2020-07-05 19:04:41,mainnet,10400647,10399314,1333
2020-07-05 19:06:16,mainnet,10400652,10399314,1338
2020-07-05 19:07:53,mainnet,10400660,10399314,1346
2020-07-05 19:09:23,mainnet,10400665,10399314,1351
2020-07-05 19:10:55,mainnet,10400670,10399373,1297
2020-07-05 19:12:19,mainnet,10400674,10399527,1147
2020-07-05 19:13:45,mainnet,10400681,10399672,1009
2020-07-05 19:15:30,mainnet,10400689,10399859,830
2020-07-05 19:16:57,mainnet,10400693,10400016,677
2020-07-05 19:18:27,mainnet,10400700,10400212,488
2020-07-05 19:20:21,mainnet,10400708,10400354,354
2020-07-05 19:21:55,mainnet,10400713,10400513,200
2020-07-05 19:23:26,mainnet,10400723,10400567,156
2020-07-05 19:24:53,mainnet,10400735,10400567,168
2020-07-05 19:26:23,mainnet,10400744,10400677,67
2020-07-05 19:27:52,mainnet,10400755,10400753,2
2020-07-05 19:29:25,mainnet,10400762,10400760,2
2020-07-05 19:31:04,mainnet,10400768,10400768,0
2020-07-05 19:32:37,mainnet,10400774,10400774,0
2020-07-05 19:34:11,mainnet,10400779,10400777,2
2020-07-05 19:35:43,mainnet,10400780,10400780,0
2020-07-05 19:37:18,mainnet,10400792,10400785,7
2020-07-05 19:38:47,mainnet,10400796,10400796,0
2020-07-05 19:40:21,mainnet,10400801,10400801,0
2020-07-05 19:41:53,mainnet,10400808,10400802,6
2020-07-05 19:43:18,mainnet,10400811,10400811,0
2020-07-05 19:44:48,mainnet,10400814,10400814,0
2020-07-05 19:46:16,mainnet,10400825,10400824,1
2020-07-05 19:47:55,mainnet,10400830,10400830,0
2020-07-05 19:49:33,mainnet,10400835,10400835,0
2020-07-05 19:51:05,mainnet,10400841,10400841,0
2020-07-05 19:52:35,mainnet,10400848,10400848,0
2020-07-05 19:54:04,mainnet,10400858,10400858,0
2020-07-05 19:55:39,mainnet,10400862,10400862,0
2020-07-05 19:57:15,mainnet,10400866,10400867,-1
2020-07-05 19:58:48,mainnet,10400873,10400873,0
2020-07-05 20:00:20,mainnet,10400881,10400882,-1
2020-07-05 20:01:57,mainnet,10400892,10400891,1
2020-07-05 20:03:31,mainnet,10400897,10400897,0
2020-07-06 12:56:40,mainnet,10405469,10400903,4566
2020-07-06 12:58:08,mainnet,10405475,10401015,4460
2020-07-06 12:59:30,mainnet,10405481,10401148,4333
2020-07-06 13:00:53,mainnet,10405486,10401307,4179
2020-07-06 13:02:16,mainnet,10405494,10401464,4030
2020-07-06 13:03:51,mainnet,10405505,10401627,3878
2020-07-06 13:05:30,mainnet,10405513,10401800,3713
2020-07-06 13:06:54,mainnet,10405518,10401934,3584
2020-07-06 13:08:26,mainnet,10405528,10402091,3437
2020-07-06 13:09:54,mainnet,10405536,10402237,3299
2020-07-06 13:11:20,mainnet,10405546,10402368,3178
2020-07-06 13:13:03,mainnet,10405549,10402487,3062
2020-07-06 13:14:28,mainnet,10405555,10402623,2932
2020-07-06 13:15:53,mainnet,10405560,10402754,2806
2020-07-06 13:17:25,mainnet,10405568,10402866,2702
2020-07-06 13:18:53,mainnet,10405579,10403006,2573
2020-07-06 13:20:27,mainnet,10405590,10403173,2417
2020-07-06 13:22:00,mainnet,10405605,10403323,2282
2020-07-06 13:23:33,mainnet,10405610,10403506,2104
2020-07-06 13:25:11,mainnet,10405616,10403733,1883
2020-07-06 13:27:03,mainnet,10405625,10403967,1658
2020-07-06 13:28:50,mainnet,10405629,10404151,1478
2020-07-06 13:30:18,mainnet,10405635,10404331,1304
2020-07-06 13:31:47,mainnet,10405647,10404507,1140
2020-07-06 13:33:25,mainnet,10405653,10404649,1004
2020-07-06 13:34:53,mainnet,10405661,10404765,896
2020-07-06 13:36:17,mainnet,10405669,10404891,778
2020-07-06 13:37:54,mainnet,10405679,10405061,618
2020-07-06 13:39:21,mainnet,10405687,10405229,458
2020-07-06 13:40:52,mainnet,10405700,10405389,311
2020-07-06 13:42:31,mainnet,10405711,10405561,150
2020-07-06 13:43:58,mainnet,10405723,10405712,11
2020-07-06 13:45:29,mainnet,10405726,10405726,0
2020-07-06 13:46:58,mainnet,10405736,10405736,0
2020-07-06 13:48:33,mainnet,10405743,10405743,0
2020-07-06 13:50:00,mainnet,10405750,10405750,0
2020-07-06 13:51:37,mainnet,10405759,10405756,3
2020-07-06 13:53:11,mainnet,10405768,10405768,0
2020-07-06 13:54:45,mainnet,10405776,10405776,0
2020-07-06 13:56:19,mainnet,10405783,10405783,0
2020-07-06 13:57:55,mainnet,10405789,10405789,0
2020-07-06 13:59:30,mainnet,10405796,10405796,0
2020-07-06 14:00:59,mainnet,10405804,10405804,0
2020-07-06 14:02:47,mainnet,10405817,10405811,6
2020-07-06 14:04:19,mainnet,10405828,10405828,0
2020-07-06 14:05:50,mainnet,10405835,10405835,0
2020-07-06 14:07:34,mainnet,10405843,10405843,0
2020-07-06 14:09:07,mainnet,10405850,10405850,0
2020-07-06 14:10:39,mainnet,10405854,10405854,0
2020-07-06 14:12:12,mainnet,10405859,10405859,0
2020-07-06 14:13:47,mainnet,10405868,10405868,0
2020-07-06 14:15:16,mainnet,10405873,10405873,0
2020-07-06 14:16:47,mainnet,10405882,10405881,1
2020-07-06 14:18:17,mainnet,10405887,10405887,0
2020-07-06 14:19:45,mainnet,10405891,10405891,0
2020-07-06 14:21:23,mainnet,10405896,10405896,0
2020-07-14 10:08:49,mainnet,10456475,10405900,50575
2020-07-14 10:10:11,mainnet,10456478,10405939,50539
2020-07-14 10:11:38,mainnet,10456481,10406010,50471
2020-07-14 10:13:01,mainnet,10456487,10406096,50391
2020-07-14 10:14:23,mainnet,10456492,10406198,50294
2020-07-14 10:15:45,mainnet,10456497,10406344,50153
2020-07-14 10:17:14,mainnet,10456503,10406472,50031
2020-07-14 10:18:36,mainnet,10456513,10406613,49900
2020-07-14 10:19:58,mainnet,10456524,10406757,49767
2020-07-14 10:21:20,mainnet,10456527,10406907,49620
2020-07-14 10:22:43,mainnet,10456531,10407046,49485
2020-07-14 10:24:05,mainnet,10456537,10407203,49334
2020-07-14 10:25:27,mainnet,10456545,10407349,49196
2020-07-14 10:26:49,mainnet,10456552,10407487,49065
2020-07-14 10:28:11,mainnet,10456558,10407627,48931
2020-07-14 10:29:33,mainnet,10456567,10407732,48835
2020-07-14 10:30:55,mainnet,10456574,10407863,48711
2020-07-14 10:32:17,mainnet,10456581,10408004,48577
2020-07-14 10:33:40,mainnet,10456586,10408118,48468
2020-07-14 10:35:02,mainnet,10456595,10408197,48398
2020-07-14 10:36:24,mainnet,10456603,10408293,48310
2020-07-14 10:37:46,mainnet,10456607,10408437,48170
2020-07-14 10:39:08,mainnet,10456613,10408572,48041
2020-07-14 10:40:30,mainnet,10456618,10408701,47917
2020-07-14 10:41:53,mainnet,10456621,10408824,47797
2020-07-14 10:43:15,mainnet,10456631,10408931,47700
2020-07-14 10:44:37,mainnet,10456633,10409081,47552
2020-07-14 10:45:59,mainnet,10456639,10409221,47418
2020-07-14 10:47:21,mainnet,10456644,10409355,47289
2020-07-14 10:48:43,mainnet,10456651,10409502,47149
2020-07-14 10:50:06,mainnet,10456656,10409649,47007
2020-07-14 10:51:28,mainnet,10456665,10409789,46876
2020-07-14 10:52:50,mainnet,10456673,10409933,46740
2020-07-14 10:54:12,mainnet,10456682,10410080,46602
2020-07-14 10:55:34,mainnet,10456691,10410224,46467
2020-07-14 10:56:57,mainnet,10456704,10410377,46327
2020-07-14 10:58:20,mainnet,10456705,10410481,46224
2020-07-14 10:59:43,mainnet,10456713,10410595,46118
2020-07-14 11:01:17,mainnet,10456716,10410672,46044
2020-07-14 11:02:39,mainnet,10456723,10410778,45945
2020-07-14 11:04:01,mainnet,10456726,10410918,45808
2020-07-14 11:05:23,mainnet,10456734,10411080,45654
2020-07-14 11:06:45,mainnet,10456738,10411245,45493
2020-07-14 11:08:07,mainnet,10456739,10411389,45350
2020-07-14 11:09:29,mainnet,10456744,10411525,45219
2020-07-14 11:10:52,mainnet,10456750,10411684,45066
2020-07-14 11:12:14,mainnet,10456755,10411827,44928
2020-07-14 11:13:36,mainnet,10456761,10411976,44785
2020-07-14 11:14:58,mainnet,10456770,10412115,44655
2020-07-14 11:16:20,mainnet,10456773,10412251,44522
2020-07-14 11:17:42,mainnet,10456779,10412396,44383
2020-07-14 11:19:05,mainnet,10456786,10412519,44267
2020-07-14 11:20:27,mainnet,10456789,10412629,44160
2020-07-14 11:21:50,mainnet,10456796,10412714,44082
2020-07-14 11:23:12,mainnet,10456808,10412805,44003
2020-07-14 11:24:34,mainnet,10456815,10412951,43864
2020-07-14 11:25:57,mainnet,10456818,10413088,43730
2020-07-14 11:27:21,mainnet,10456820,10413231,43589
2020-07-14 11:28:43,mainnet,10456821,10413387,43434
2020-07-14 11:30:05,mainnet,10456827,10413506,43321
2020-07-14 11:31:28,mainnet,10456834,10413627,43207
2020-07-14 11:32:50,mainnet,10456840,10413763,43077
2020-07-14 11:34:12,mainnet,10456848,10413913,42935
2020-07-14 11:35:35,mainnet,10456860,10414047,42813
2020-07-14 11:36:57,mainnet,10456864,10414173,42691
2020-07-14 11:38:19,mainnet,10456867,10414298,42569
2020-07-14 11:39:41,mainnet,10456877,10414462,42415
2020-07-14 11:41:12,mainnet,10456886,10414607,42279
2020-07-14 11:42:50,mainnet,10456890,10414715,42175
2020-07-14 11:44:13,mainnet,10456893,10414802,42091
2020-07-14 11:45:35,mainnet,10456899,10414873,42026
2020-07-14 11:46:57,mainnet,10456903,10414949,41954
2020-07-14 11:48:20,mainnet,10456905,10415035,41870
2020-07-14 11:49:42,mainnet,10456911,10415148,41763
2020-07-14 11:51:04,mainnet,10456922,10415280,41642
2020-07-14 11:52:27,mainnet,10456930,10415410,41520
2020-07-14 11:53:49,mainnet,10456932,10415553,41379
2020-07-14 11:55:11,mainnet,10456933,10415693,41240
2020-07-14 11:56:33,mainnet,10456941,10415840,41101
2020-07-14 11:57:55,mainnet,10456953,10415985,40968
2020-07-14 11:59:17,mainnet,10456958,10416138,40820
2020-07-14 12:00:39,mainnet,10456965,10416285,40680
2020-07-14 12:02:02,mainnet,10456976,10416461,40515
2020-07-14 12:03:33,mainnet,10456979,10416612,40367
2020-07-14 12:04:55,mainnet,10456985,10416743,40242
2020-07-14 12:06:17,mainnet,10456991,10416895,40096
2020-07-14 12:07:39,mainnet,10456995,10417031,39964
2020-07-14 12:09:02,mainnet,10456999,10417140,39859
2020-07-14 12:10:25,mainnet,10457003,10417230,39773
2020-07-14 12:11:47,mainnet,10457008,10417324,39684
2020-07-14 12:13:10,mainnet,10457015,10417454,39561
2020-07-14 12:14:32,mainnet,10457022,10417621,39401
2020-07-14 12:15:54,mainnet,10457028,10417789,39239
2020-07-14 12:17:17,mainnet,10457032,10417953,39079
2020-07-14 12:18:39,mainnet,10457035,10418105,38930
2020-07-14 12:20:01,mainnet,10457045,10418267,38778
2020-07-14 12:21:23,mainnet,10457050,10418440,38610
2020-07-14 12:22:46,mainnet,10457060,10418581,38479
2020-07-14 12:24:08,mainnet,10457067,10418695,38372
2020-07-14 12:25:30,mainnet,10457078,10418841,38237
2020-07-14 12:26:53,mainnet,10457082,10418992,38090
2020-07-14 12:28:15,mainnet,10457088,10419165,37923
2020-07-14 12:29:37,mainnet,10457093,10419286,37807
2020-07-14 12:31:00,mainnet,10457098,10419396,37702
2020-07-14 12:32:22,mainnet,10457100,10419485,37615
2020-07-14 12:33:44,mainnet,10457105,10419573,37532
2020-07-14 12:35:06,mainnet,10457109,10419717,37392
2020-07-14 12:36:28,mainnet,10457116,10419854,37262
2020-07-14 12:37:50,mainnet,10457122,10419994,37128
2020-07-14 12:39:13,mainnet,10457132,10420151,36981
2020-07-14 12:40:35,mainnet,10457140,10420290,36850
2020-07-14 12:41:57,mainnet,10457145,10420438,36707
2020-07-14 12:43:19,mainnet,10457153,10420587,36566
2020-07-14 12:44:41,mainnet,10457160,10420745,36415
2020-07-14 12:46:03,mainnet,10457166,10420901,36265
2020-07-14 12:47:25,mainnet,10457170,10421026,36144
2020-07-14 12:48:47,mainnet,10457173,10421155,36018
2020-07-14 12:50:09,mainnet,10457179,10421294,35885
2020-07-14 12:51:32,mainnet,10457188,10421425,35763
2020-07-14 12:52:54,mainnet,10457191,10421500,35691
2020-07-14 12:54:16,mainnet,10457193,10421567,35626
2020-07-14 12:55:38,mainnet,10457197,10421628,35569
2020-07-14 12:57:00,mainnet,10457202,10421709,35493
2020-07-14 12:58:22,mainnet,10457205,10421833,35372
2020-07-14 12:59:44,mainnet,10457210,10421962,35248
2020-07-14 13:01:06,mainnet,10457216,10422116,35100
2020-07-14 13:02:28,mainnet,10457222,10422240,34982
2020-07-14 13:03:51,mainnet,10457233,10422383,34850
2020-07-14 13:05:13,mainnet,10457242,10422531,34711
2020-07-14 13:06:35,mainnet,10457246,10422673,34573
2020-07-14 13:07:57,mainnet,10457252,10422849,34403
2020-07-14 13:09:19,mainnet,10457261,10423002,34259
2020-07-14 13:10:42,mainnet,10457267,10423115,34152
2020-07-14 13:12:04,mainnet,10457272,10423243,34029
2020-07-14 13:13:27,mainnet,10457278,10423389,33889
2020-07-14 13:14:49,mainnet,10457283,10423536,33747
2020-07-14 13:16:12,mainnet,10457285,10423652,33633
2020-07-14 13:17:35,mainnet,10457292,10423758,33534
2020-07-14 13:18:57,mainnet,10457299,10423843,33456
2020-07-14 13:20:20,mainnet,10457303,10423923,33380
2020-07-14 13:21:42,mainnet,10457310,10424010,33300
2020-07-14 13:23:04,mainnet,10457316,10424137,33179
2020-07-14 13:24:26,mainnet,10457320,10424275,33045
2020-07-14 13:25:49,mainnet,10457325,10424417,32908
2020-07-14 13:27:11,mainnet,10457330,10424565,32765
2020-07-14 13:28:33,mainnet,10457336,10424699,32637
2020-07-14 13:29:55,mainnet,10457345,10424841,32504
2020-07-14 13:31:17,mainnet,10457352,10424941,32411
2020-07-14 13:32:39,mainnet,10457358,10425086,32272
2020-07-14 13:34:01,mainnet,10457370,10425250,32120
2020-07-14 13:35:23,mainnet,10457379,10425402,31977
2020-07-14 13:36:46,mainnet,10457384,10425546,31838
2020-07-14 13:38:08,mainnet,10457390,10425700,31690
2020-07-14 13:39:30,mainnet,10457397,10425811,31586
2020-07-14 13:40:52,mainnet,10457400,10425908,31492
2020-07-14 13:42:15,mainnet,10457406,10425985,31421
2020-07-14 13:43:37,mainnet,10457410,10426070,31340
2020-07-14 13:44:59,mainnet,10457416,10426178,31238
2020-07-14 13:46:21,mainnet,10457421,10426315,31106
2020-07-14 13:47:43,mainnet,10457430,10426409,31021
2020-07-14 13:49:05,mainnet,10457433,10426556,30877
2020-07-14 13:50:27,mainnet,10457438,10426706,30732
2020-07-14 13:51:50,mainnet,10457445,10426851,30594
2020-07-14 13:53:12,mainnet,10457452,10426974,30478
2020-07-14 13:54:34,mainnet,10457458,10427113,30345
2020-07-14 13:55:56,mainnet,10457465,10427255,30210
2020-07-14 13:57:18,mainnet,10457469,10427399,30070
2020-07-14 13:58:41,mainnet,10457473,10427531,29942
2020-07-14 14:00:03,mainnet,10457477,10427657,29820
2020-07-14 14:01:25,mainnet,10457487,10427773,29714
2020-07-14 14:02:47,mainnet,10457493,10427889,29604
2020-07-14 14:04:09,mainnet,10457498,10427988,29510
2020-07-14 14:05:32,mainnet,10457508,10428067,29441
2020-07-14 14:06:54,mainnet,10457517,10428142,29375
2020-07-14 14:08:17,mainnet,10457523,10428212,29311
2020-07-14 14:09:39,mainnet,10457532,10428327,29205
2020-07-14 14:11:01,mainnet,10457539,10428449,29090
2020-07-14 14:12:23,mainnet,10457545,10428555,28990
2020-07-14 14:13:45,mainnet,10457553,10428682,28871
2020-07-14 14:15:08,mainnet,10457562,10428820,28742
2020-07-14 14:16:30,mainnet,10457565,10428970,28595
2020-07-14 14:17:52,mainnet,10457569,10429118,28451
2020-07-14 14:19:14,mainnet,10457577,10429245,28332
2020-07-14 14:20:36,mainnet,10457583,10429375,28208
2020-07-14 14:21:59,mainnet,10457592,10429524,28068
2020-07-14 14:23:21,mainnet,10457597,10429671,27926
2020-07-14 14:24:43,mainnet,10457607,10429815,27792
2020-07-14 14:26:05,mainnet,10457616,10429963,27653
2020-07-14 14:27:28,mainnet,10457620,10430101,27519
2020-07-14 14:28:50,mainnet,10457628,10430239,27389
2020-07-14 14:30:12,mainnet,10457634,10430329,27305
2020-07-14 14:31:35,mainnet,10457643,10430418,27225
2020-07-14 14:32:58,mainnet,10457649,10430501,27148
2020-07-14 14:34:20,mainnet,10457655,10430586,27069
2020-07-14 14:35:42,mainnet,10457661,10430681,26980
2020-07-14 14:37:04,mainnet,10457665,10430823,26842
2020-07-14 14:38:26,mainnet,10457672,10430965,26707
2020-07-14 14:39:48,mainnet,10457676,10431100,26576
2020-07-14 14:41:11,mainnet,10457679,10431231,26448
2020-07-14 14:42:33,mainnet,10457683,10431308,26375
2020-07-14 14:43:55,mainnet,10457693,10431429,26264
2020-07-14 14:45:17,mainnet,10457704,10431549,26155
2020-07-14 14:46:39,mainnet,10457715,10431679,26036
2020-07-14 14:48:02,mainnet,10457723,10431819,25904
2020-07-14 14:49:24,mainnet,10457730,10431959,25771
2020-07-14 14:50:46,mainnet,10457737,10432102,25635
2020-07-14 14:52:08,mainnet,10457743,10432241,25502
2020-07-14 14:53:30,mainnet,10457748,10432350,25398
2020-07-14 14:54:53,mainnet,10457755,10432431,25324
2020-07-14 14:56:15,mainnet,10457763,10432496,25267
2020-07-14 14:57:38,mainnet,10457768,10432564,25204
2020-07-14 14:59:00,mainnet,10457777,10432640,25137
2020-07-14 15:00:22,mainnet,10457784,10432768,25016
2020-07-14 15:01:45,mainnet,10457789,10432904,24885
2020-07-14 15:03:17,mainnet,10457796,10433038,24758
2020-07-14 15:04:40,mainnet,10457800,10433166,24634
2020-07-14 15:06:02,mainnet,10457809,10433300,24509
2020-07-14 15:07:29,mainnet,10457816,10433417,24399
2020-07-14 15:08:51,mainnet,10457822,10433528,24294
2020-07-14 15:10:13,mainnet,10457822,10433676,24146
2020-07-14 15:11:36,mainnet,10457826,10433811,24015
2020-07-14 15:12:58,mainnet,10457829,10433952,23877
2020-07-14 15:14:20,mainnet,10457840,10434089,23751
2020-07-14 15:15:42,mainnet,10457845,10434232,23613
2020-07-14 15:17:04,mainnet,10457850,10434359,23491
2020-07-14 15:18:26,mainnet,10457856,10434476,23380
2020-07-14 15:19:50,mainnet,10457862,10434596,23266
2020-07-14 15:21:12,mainnet,10457869,10434664,23205
2020-07-14 15:22:35,mainnet,10457873,10434729,23144
2020-07-14 15:23:57,mainnet,10457882,10434787,23095
2020-07-14 15:25:19,mainnet,10457890,10434856,23034
2020-07-14 15:26:42,mainnet,10457894,10434936,22958
2020-07-14 15:28:04,mainnet,10457901,10435034,22867
2020-07-14 15:29:26,mainnet,10457905,10435157,22748
2020-07-14 15:30:48,mainnet,10457915,10435275,22640
2020-07-14 15:32:11,mainnet,10457922,10435390,22532
2020-07-14 15:33:33,mainnet,10457929,10435504,22425
2020-07-14 15:34:55,mainnet,10457931,10435631,22300
2020-07-14 15:36:18,mainnet,10457936,10435754,22182
2020-07-14 15:37:40,mainnet,10457946,10435884,22062
2020-07-14 15:39:02,mainnet,10457955,10436045,21910
2020-07-14 15:40:25,mainnet,10457958,10436178,21780
2020-07-14 15:41:48,mainnet,10457963,10436299,21664
2020-07-14 15:43:10,mainnet,10457969,10436443,21526
2020-07-14 15:44:32,mainnet,10457975,10436579,21396
2020-07-14 15:45:54,mainnet,10457980,10436711,21269
2020-07-14 15:47:17,mainnet,10457988,10436838,21150
2020-07-14 15:48:39,mainnet,10457995,10436923,21072
2020-07-14 15:50:02,mainnet,10458002,10437015,20987
2020-07-14 15:51:24,mainnet,10458004,10437070,20934
2020-07-14 15:52:46,mainnet,10458011,10437139,20872
2020-07-14 15:54:08,mainnet,10458022,10437240,20782
2020-07-14 15:55:31,mainnet,10458027,10437356,20671
2020-07-14 15:56:53,mainnet,10458036,10437477,20559
2020-07-14 15:58:15,mainnet,10458043,10437621,20422
2020-07-14 15:59:47,mainnet,10458051,10437756,20295
2020-07-14 16:01:16,mainnet,10458063,10437840,20223
2020-07-14 16:02:39,mainnet,10458074,10437940,20134
2020-07-14 16:04:01,mainnet,10458078,10438075,20003
2020-07-14 16:05:23,mainnet,10458084,10438221,19863
2020-07-14 16:06:45,mainnet,10458089,10438360,19729
2020-07-14 16:08:07,mainnet,10458096,10438491,19605
2020-07-14 16:09:30,mainnet,10458102,10438615,19487
2020-07-14 16:10:52,mainnet,10458113,10438744,19369
2020-07-14 16:12:14,mainnet,10458118,10438872,19246
2020-07-14 16:13:37,mainnet,10458121,10438980,19141
2020-07-14 16:14:59,mainnet,10458127,10439055,19072
2020-07-14 16:16:22,mainnet,10458134,10439119,19015
2020-07-14 16:17:44,mainnet,10458139,10439188,18951
2020-07-14 16:19:06,mainnet,10458145,10439274,18871
2020-07-14 16:20:29,mainnet,10458151,10439393,18758
2020-07-14 16:21:51,mainnet,10458159,10439509,18650
2020-07-14 16:23:14,mainnet,10458169,10439623,18546
2020-07-14 16:24:36,mainnet,10458177,10439755,18422
2020-07-14 16:25:58,mainnet,10458183,10439876,18307
2020-07-14 16:27:24,mainnet,10458194,10439975,18219
2020-07-14 16:28:47,mainnet,10458206,10440097,18109
2020-07-14 16:30:09,mainnet,10458209,10440197,18012
2020-07-14 16:31:31,mainnet,10458211,10440324,17887
2020-07-14 16:32:53,mainnet,10458217,10440452,17765
2020-07-14 16:34:15,mainnet,10458227,10440587,17640
2020-07-14 16:35:38,mainnet,10458232,10440710,17522
2020-07-14 16:37:00,mainnet,10458241,10440838,17403
2020-07-14 16:38:22,mainnet,10458250,10440984,17266
2020-07-14 16:39:44,mainnet,10458257,10441120,17137
2020-07-14 16:41:07,mainnet,10458261,10441203,17058
2020-07-14 16:42:30,mainnet,10458272,10441265,17007
2020-07-14 16:43:53,mainnet,10458280,10441331,16949
2020-07-14 16:45:26,mainnet,10458288,10441384,16904
2020-07-14 16:46:48,mainnet,10458297,10441456,16841
2020-07-14 16:48:11,mainnet,10458302,10441564,16738
2020-07-14 16:49:33,mainnet,10458307,10441687,16620
2020-07-14 16:50:55,mainnet,10458313,10441825,16488
2020-07-14 16:52:18,mainnet,10458320,10441952,16368
2020-07-14 16:53:40,mainnet,10458328,10442083,16245
2020-07-14 16:55:02,mainnet,10458337,10442216,16121
2020-07-14 16:56:25,mainnet,10458342,10442345,15997
2020-07-14 16:57:47,mainnet,10458346,10442467,15879
2020-07-14 16:59:10,mainnet,10458351,10442601,15750
2020-07-14 17:00:32,mainnet,10458359,10442742,15617
2020-07-14 17:01:54,mainnet,10458362,10442875,15487
2020-07-14 17:03:17,mainnet,10458368,10443002,15366
2020-07-14 17:04:39,mainnet,10458373,10443125,15248
2020-07-14 17:06:01,mainnet,10458380,10443273,15107
2020-07-14 17:07:23,mainnet,10458382,10443395,14987
2020-07-14 17:08:46,mainnet,10458389,10443480,14909
2020-07-14 17:10:08,mainnet,10458395,10443565,14830
2020-07-14 17:11:30,mainnet,10458397,10443642,14755
2020-07-14 17:12:52,mainnet,10458401,10443704,14697
2020-07-14 17:14:15,mainnet,10458407,10443763,14644
2020-07-14 17:15:37,mainnet,10458414,10443845,14569
2020-07-14 17:16:59,mainnet,10458422,10443967,14455
2020-07-14 17:18:22,mainnet,10458428,10444087,14341
2020-07-14 17:19:44,mainnet,10458432,10444186,14246
2020-07-14 17:21:08,mainnet,10458433,10444285,14148
2020-07-14 17:22:30,mainnet,10458437,10444418,14019
2020-07-14 17:23:52,mainnet,10458443,10444535,13908
2020-07-14 17:25:14,mainnet,10458449,10444661,13788
2020-07-14 17:26:37,mainnet,10458456,10444791,13665
2020-07-14 17:27:59,mainnet,10458460,10444931,13529
2020-07-14 17:29:21,mainnet,10458466,10445072,13394
2020-07-14 17:30:44,mainnet,10458470,10445219,13251
2020-07-14 17:32:06,mainnet,10458475,10445351,13124
2020-07-14 17:33:28,mainnet,10458480,10445482,12998
2020-07-14 17:34:51,mainnet,10458485,10445571,12914
2020-07-14 17:36:14,mainnet,10458489,10445660,12829
2020-07-14 17:37:36,mainnet,10458494,10445723,12771
2020-07-14 17:38:59,mainnet,10458498,10445791,12707
2020-07-14 17:40:21,mainnet,10458506,10445903,12603
2020-07-14 17:41:43,mainnet,10458517,10446036,12481
2020-07-14 17:43:06,mainnet,10458522,10446170,12352
2020-07-14 17:44:28,mainnet,10458528,10446266,12262
2020-07-14 17:45:50,mainnet,10458532,10446397,12135
2020-07-14 17:47:13,mainnet,10458540,10446512,12028
2020-07-14 17:48:35,mainnet,10458546,10446616,11930
2020-07-14 17:49:57,mainnet,10458558,10446748,11810
2020-07-14 17:51:20,mainnet,10458564,10446884,11680
2020-07-14 17:52:42,mainnet,10458574,10447024,11550
2020-07-14 17:54:04,mainnet,10458577,10447161,11416
2020-07-14 17:55:27,mainnet,10458589,10447293,11296
2020-07-14 17:56:49,mainnet,10458599,10447412,11187
2020-07-14 17:58:12,mainnet,10458607,10447555,11052
2020-07-14 17:59:34,mainnet,10458613,10447697,10916
2020-07-14 18:00:57,mainnet,10458620,10447802,10818
2020-07-14 18:02:19,mainnet,10458624,10447873,10751
2020-07-14 18:03:41,mainnet,10458631,10447949,10682
2020-07-14 18:05:04,mainnet,10458639,10448017,10622
2020-07-14 18:06:26,mainnet,10458644,10448091,10553
2020-07-14 18:07:48,mainnet,10458649,10448204,10445
2020-07-14 18:09:10,mainnet,10458655,10448329,10326
2020-07-14 18:10:34,mainnet,10458664,10448479,10185
2020-07-14 18:11:56,mainnet,10458672,10448631,10041
2020-07-14 18:13:18,mainnet,10458676,10448776,9900
2020-07-14 18:14:40,mainnet,10458682,10448905,9777
2020-07-14 18:16:03,mainnet,10458687,10449026,9661
2020-07-14 18:17:25,mainnet,10458691,10449153,9538
2020-07-14 18:18:48,mainnet,10458696,10449289,9407
2020-07-14 18:20:11,mainnet,10458701,10449426,9275
2020-07-14 18:21:35,mainnet,10458707,10449554,9153
2020-07-14 18:22:57,mainnet,10458710,10449705,9005
2020-07-14 18:24:19,mainnet,10458716,10449811,8905
2020-07-14 18:25:42,mainnet,10458720,10449900,8820
2020-07-14 18:27:04,mainnet,10458724,10450013,8711
2020-07-14 18:28:27,mainnet,10458733,10450092,8641
2020-07-14 18:29:49,mainnet,10458740,10450187,8553
2020-07-14 18:31:12,mainnet,10458742,10450258,8484
2020-07-14 18:32:34,mainnet,10458745,10450330,8415
2020-07-14 18:34:04,mainnet,10458753,10450390,8363
2020-07-14 18:35:27,mainnet,10458758,10450506,8252
2020-07-14 18:36:49,mainnet,10458760,10450646,8114
2020-07-14 18:38:11,mainnet,10458763,10450775,7988
2020-07-14 18:39:34,mainnet,10458769,10450906,7863
2020-07-14 18:40:57,mainnet,10458776,10451020,7756
2020-07-14 18:42:19,mainnet,10458780,10451128,7652
2020-07-14 18:43:41,mainnet,10458783,10451246,7537
2020-07-14 18:45:03,mainnet,10458786,10451393,7393
2020-07-14 18:46:26,mainnet,10458791,10451550,7241
2020-07-14 18:47:48,mainnet,10458796,10451716,7080
2020-07-14 18:49:10,mainnet,10458800,10451898,6902
2020-07-14 18:50:33,mainnet,10458810,10452067,6743
2020-07-14 18:51:55,mainnet,10458814,10452201,6613
2020-07-14 18:53:18,mainnet,10458817,10452298,6519
2020-07-14 18:54:41,mainnet,10458822,10452386,6436
2020-07-14 18:56:03,mainnet,10458830,10452455,6375
2020-07-14 18:57:25,mainnet,10458834,10452527,6307
2020-07-14 18:58:48,mainnet,10458840,10452639,6201
2020-07-14 19:00:10,mainnet,10458844,10452769,6075
2020-07-14 19:01:32,mainnet,10458846,10452894,5952
2020-07-14 19:02:54,mainnet,10458850,10453026,5824
2020-07-14 19:04:18,mainnet,10458853,10453124,5729
2020-07-14 19:05:41,mainnet,10458858,10453182,5676
2020-07-14 19:07:03,mainnet,10458863,10453294,5569
2020-07-14 19:08:25,mainnet,10458864,10453416,5448
2020-07-14 19:09:47,mainnet,10458870,10453524,5346
2020-07-14 19:11:10,mainnet,10458876,10453640,5236
2020-07-14 19:12:32,mainnet,10458884,10453755,5129
2020-07-14 19:13:54,mainnet,10458891,10453847,5044
2020-07-14 19:15:17,mainnet,10458901,10453959,4942
2020-07-14 19:16:40,mainnet,10458906,10454073,4833
2020-07-14 19:18:02,mainnet,10458913,10454185,4728
2020-07-14 19:19:24,mainnet,10458921,10454304,4617
2020-07-14 19:20:46,mainnet,10458925,10454382,4543
2020-07-14 19:22:09,mainnet,10458934,10454459,4475
2020-07-14 19:23:31,mainnet,10458941,10454524,4417
2020-07-14 19:24:54,mainnet,10458948,10454588,4360
2020-07-14 19:26:16,mainnet,10458955,10454659,4296
2020-07-14 19:27:38,mainnet,10458962,10454795,4167
2020-07-14 19:29:01,mainnet,10458965,10454941,4024
2020-07-14 19:30:23,mainnet,10458974,10455072,3902
2020-07-14 19:31:46,mainnet,10458983,10455206,3777
2020-07-14 19:33:08,mainnet,10458991,10455331,3660
2020-07-14 19:34:30,mainnet,10458994,10455448,3546
2020-07-14 19:35:53,mainnet,10459004,10455583,3421
2020-07-14 19:37:15,mainnet,10459013,10455716,3297
2020-07-14 19:38:37,mainnet,10459018,10455852,3166
2020-07-14 19:40:00,mainnet,10459019,10455981,3038
2020-07-14 19:41:22,mainnet,10459025,10456091,2934
2020-07-14 19:42:44,mainnet,10459030,10456230,2800
2020-07-14 19:44:06,mainnet,10459033,10456369,2664
2020-07-14 19:45:29,mainnet,10459039,10456497,2542
2020-07-14 19:46:52,mainnet,10459047,10456581,2466
2020-07-14 19:48:15,mainnet,10459054,10456668,2386
2020-07-14 19:49:37,mainnet,10459056,10456742,2314
2020-07-14 19:51:00,mainnet,10459061,10456813,2248
2020-07-14 19:52:22,mainnet,10459071,10456895,2176
2020-07-14 19:53:44,mainnet,10459075,10456989,2086
2020-07-14 19:55:06,mainnet,10459085,10457113,1972
2020-07-14 19:56:29,mainnet,10459093,10457242,1851
2020-07-14 19:57:51,mainnet,10459102,10457368,1734
2020-07-14 19:59:14,mainnet,10459110,10457502,1608
2020-07-14 20:00:36,mainnet,10459116,10457602,1514
2020-07-14 20:01:59,mainnet,10459120,10457729,1391
2020-07-14 20:03:21,mainnet,10459124,10457867,1257
2020-07-14 20:04:43,mainnet,10459133,10458019,1114
2020-07-14 20:06:07,mainnet,10459141,10458158,983
2020-07-14 20:07:29,mainnet,10459154,10458284,870
2020-07-14 20:08:52,mainnet,10459165,10458415,750
2020-07-14 20:10:14,mainnet,10459169,10458546,623
2020-07-14 20:11:36,mainnet,10459174,10458626,548
2020-07-14 20:12:59,mainnet,10459179,10458701,478
2020-07-14 20:14:22,mainnet,10459184,10458772,412
2020-07-14 20:15:45,mainnet,10459189,10458839,350
2020-07-14 20:17:07,mainnet,10459194,10458903,291
2020-07-14 20:18:30,mainnet,10459200,10458958,242
2020-07-14 20:20:00,mainnet,10459206,10459058,148
2020-07-14 20:21:26,mainnet,10459212,10459139,73
2020-07-14 20:22:52,mainnet,10459217,10459213,4
2020-07-14 20:24:23,mainnet,10459222,10459223,-1
2020-07-14 20:25:51,mainnet,10459231,10459231,0
2020-07-14 20:27:19,mainnet,10459239,10459239,0
2020-07-14 20:28:43,mainnet,10459245,10459245,0
2020-07-14 20:30:19,mainnet,10459251,10459251,0
2020-07-14 20:31:44,mainnet,10459257,10459257,0
2020-07-14 20:33:07,mainnet,10459261,10459261,0
2020-07-14 20:34:31,mainnet,10459268,10459268,0
2020-07-14 20:35:55,mainnet,10459273,10459273,0
2020-07-14 20:37:17,mainnet,10459276,10459275,1
2020-07-14 20:38:46,mainnet,10459283,10459283,0
2020-07-14 20:40:11,mainnet,10459289,10459289,0
2020-07-14 20:41:36,mainnet,10459296,10459296,0
2020-07-14 20:43:01,mainnet,10459303,10459303,0
2020-07-14 20:44:27,mainnet,10459308,10459308,0
2020-07-14 20:45:57,mainnet,10459314,10459315,-1
2020-07-14 20:47:23,mainnet,10459319,10459319,0
2020-07-14 20:48:50,mainnet,10459326,10459326,0
2020-07-14 20:50:16,mainnet,10459333,10459333,0
2020-07-14 20:51:40,mainnet,10459343,10459343,0
2020-07-14 20:53:09,mainnet,10459352,10459352,0
2020-07-14 20:54:42,mainnet,10459358,10459358,0
2020-07-14 20:56:09,mainnet,10459367,10459368,-1
2020-07-14 20:57:35,mainnet,10459372,10459372,0
2020-07-14 20:59:00,mainnet,10459378,10459378,0
2020-07-14 21:00:28,mainnet,10459387,10459387,0
2020-07-14 21:01:57,mainnet,10459393,10459393,0
2020-07-14 21:03:29,mainnet,10459401,10459401,0
2020-07-14 21:04:56,mainnet,10459406,10459406,0
2020-07-14 21:06:24,mainnet,10459410,10459410,0
2020-07-14 21:07:56,mainnet,10459414,10459414,0
2020-07-14 21:09:24,mainnet,10459417,10459417,0
2020-07-14 21:10:53,mainnet,10459424,10459424,0
2020-07-14 21:12:21,mainnet,10459431,10459431,0
2020-07-14 21:13:51,mainnet,10459438,10459438,0
2020-07-14 21:15:18,mainnet,10459448,10459448,0
2020-07-14 21:16:46,mainnet,10459455,10459455,0
2020-07-14 21:18:15,mainnet,10459459,10459459,0
2020-07-14 21:19:47,mainnet,10459469,10459469,0
2020-07-14 21:21:16,mainnet,10459474,10459475,-1
2020-07-14 21:22:43,mainnet,10459483,10459483,0
2020-07-14 21:24:13,mainnet,10459489,10459489,0
2020-07-14 21:25:48,mainnet,10459494,10459494,0
2020-07-14 21:27:17,mainnet,10459499,10459498,1
2020-07-14 21:28:41,mainnet,10459504,10459504,0
2020-07-14 21:30:07,mainnet,10459510,10459510,0
2020-07-14 21:31:31,mainnet,10459519,10459518,1
2020-07-14 21:33:03,mainnet,10459527,10459527,0
2020-07-14 21:34:32,mainnet,10459534,10459534,0
2020-07-14 21:36:07,mainnet,10459538,10459538,0
